-4.982499999999999707e-01 0.000000000000000000e+00
-4.947500000000000231e-01 0.000000000000000000e+00
-4.912499999999999645e-01 0.000000000000000000e+00
-4.877500000000000169e-01 0.000000000000000000e+00
-4.842499999999999583e-01 0.000000000000000000e+00
-4.807500000000000107e-01 0.000000000000000000e+00
-4.772499999999999520e-01 0.000000000000000000e+00
-4.737500000000000044e-01 0.000000000000000000e+00
-4.702500000000000013e-01 0.000000000000000000e+00
-4.667499999999999982e-01 0.000000000000000000e+00
-4.632499999999999951e-01 0.000000000000000000e+00
-4.597499999999999920e-01 0.000000000000000000e+00
-4.562500000000000444e-01 0.000000000000000000e+00
-4.527499999999999858e-01 0.000000000000000000e+00
-4.492500000000000382e-01 0.000000000000000000e+00
-4.457499999999999796e-01 0.000000000000000000e+00
-4.422500000000000320e-01 0.000000000000000000e+00
-4.387499999999999734e-01 0.000000000000000000e+00
-4.352500000000000258e-01 0.000000000000000000e+00
-4.317499999999999671e-01 0.000000000000000000e+00
-4.282500000000000195e-01 0.000000000000000000e+00
-4.247499999999999609e-01 0.000000000000000000e+00
-4.212500000000000133e-01 0.000000000000000000e+00
-4.177499999999999547e-01 0.000000000000000000e+00
-4.142500000000000071e-01 0.000000000000000000e+00
-4.107500000000000040e-01 0.000000000000000000e+00
-4.072500000000000009e-01 0.000000000000000000e+00
-4.037499999999999978e-01 0.000000000000000000e+00
-4.002499999999999947e-01 0.000000000000000000e+00
-3.967499999999999916e-01 0.000000000000000000e+00
-3.932499999999999885e-01 0.000000000000000000e+00
-3.897500000000000409e-01 0.000000000000000000e+00
-3.862499999999999822e-01 0.000000000000000000e+00
-3.827500000000000346e-01 0.000000000000000000e+00
-3.792499999999999760e-01 0.000000000000000000e+00
-3.757500000000000284e-01 0.000000000000000000e+00
-3.722499999999999698e-01 0.000000000000000000e+00
-3.687500000000000222e-01 0.000000000000000000e+00
-3.652499999999999636e-01 0.000000000000000000e+00
-3.617500000000000160e-01 0.000000000000000000e+00
-3.582499999999999574e-01 0.000000000000000000e+00
-3.547500000000000098e-01 0.000000000000000000e+00
-3.512500000000000067e-01 0.000000000000000000e+00
-3.477500000000000036e-01 0.000000000000000000e+00
-3.442500000000000004e-01 0.000000000000000000e+00
-3.407499999999999973e-01 0.000000000000000000e+00
-3.372499999999999942e-01 0.000000000000000000e+00
-3.337499999999999911e-01 0.000000000000000000e+00
-3.302499999999999880e-01 0.000000000000000000e+00
-3.267499999999999849e-01 0.000000000000000000e+00
-3.232499999999999818e-01 0.000000000000000000e+00
-3.197499999999999787e-01 0.000000000000000000e+00
-3.162500000000000311e-01 0.000000000000000000e+00
-3.127499999999999725e-01 0.000000000000000000e+00
-3.092500000000000249e-01 0.000000000000000000e+00
-3.057499999999999662e-01 0.000000000000000000e+00
-3.022500000000000187e-01 0.000000000000000000e+00
-2.987499999999999600e-01 0.000000000000000000e+00
-2.952500000000000124e-01 0.000000000000000000e+00
-2.917500000000000093e-01 0.000000000000000000e+00
-2.882500000000000062e-01 0.000000000000000000e+00
-2.847500000000000031e-01 0.000000000000000000e+00
-2.812500000000000000e-01 0.000000000000000000e+00
-2.777499999999999969e-01 0.000000000000000000e+00
-2.742499999999999938e-01 0.000000000000000000e+00
-2.707499999999999907e-01 0.000000000000000000e+00
-2.672499999999999876e-01 0.000000000000000000e+00
-2.637499999999999845e-01 0.000000000000000000e+00
-2.602499999999999813e-01 0.000000000000000000e+00
-2.567500000000000338e-01 0.000000000000000000e+00
-2.532499999999999751e-01 0.000000000000000000e+00
-2.497499999999999998e-01 0.000000000000000000e+00
-2.462499999999999967e-01 0.000000000000000000e+00
-2.427499999999999936e-01 0.000000000000000000e+00
-2.392499999999999905e-01 0.000000000000000000e+00
-2.357499999999999873e-01 0.000000000000000000e+00
-2.322499999999999842e-01 0.000000000000000000e+00
-2.287499999999999811e-01 0.000000000000000000e+00
-2.252499999999999780e-01 0.000000000000000000e+00
-2.217499999999999749e-01 0.000000000000000000e+00
-2.182499999999999718e-01 0.000000000000000000e+00
-2.147499999999999687e-01 0.000000000000000000e+00
-2.112499999999999933e-01 0.000000000000000000e+00
-2.077500000000000180e-01 0.000000000000000000e+00
-2.042500000000000149e-01 0.000000000000000000e+00
-2.007500000000000118e-01 0.000000000000000000e+00
-1.972500000000000087e-01 0.000000000000000000e+00
-1.937500000000000056e-01 0.000000000000000000e+00
-1.902500000000000024e-01 0.000000000000000000e+00
-1.867499999999999993e-01 0.000000000000000000e+00
-1.832499999999999962e-01 0.000000000000000000e+00
-1.797499999999999931e-01 0.000000000000000000e+00
-1.762499999999999900e-01 0.000000000000000000e+00
-1.727499999999999869e-01 0.000000000000000000e+00
-1.692499999999999838e-01 0.000000000000000000e+00
-1.657499999999999807e-01 0.000000000000000000e+00
-1.622499999999999776e-01 0.000000000000000000e+00
-1.587499999999999745e-01 0.000000000000000000e+00
-1.552499999999999714e-01 4.523032202996546403e-06
-1.517499999999999682e-01 3.139164982712827623e-05
-1.482499999999999929e-01 2.676703661563806236e-05
-1.447500000000000175e-01 5.318503826856613159e-05
-1.412500000000000144e-01 1.059424248524010181e-04
-1.377500000000000113e-01 1.975732011487707496e-04
-1.342500000000000082e-01 4.147680301684886217e-04
-1.307500000000000051e-01 1.168312621302902699e-03
-1.272500000000000020e-01 2.598232124000787735e-03
-1.237499999999999989e-01 5.751924589276313782e-03
-1.202499999999999958e-01 1.226076669991016388e-02
-1.167499999999999927e-01 2.408187091350555420e-02
-1.132499999999999896e-01 4.561750963330268860e-02
-1.097499999999999865e-01 8.235447108745574951e-02
-1.062499999999999833e-01 1.424065828323364258e-01
-1.027499999999999802e-01 2.343213111162185669e-01
-9.924999999999997713e-02 3.712369203567504883e-01
-9.574999999999997402e-02 5.636433362960815430e-01
-9.224999999999997091e-02 8.199034333229064941e-01
-8.874999999999996780e-02 1.149423837661743164e+00
-8.524999999999999245e-02 1.572690010070800781e+00
-8.175000000000001710e-02 2.065476179122924805e+00
-7.825000000000001399e-02 2.641602516174316406e+00
-7.475000000000001088e-02 3.280257225036621094e+00
-7.125000000000000777e-02 3.982208013534545898e+00
-6.775000000000000466e-02 4.699874877929687500e+00
-6.425000000000000155e-02 5.447806835174560547e+00
-6.074999999999999845e-02 6.178072452545166016e+00
-5.724999999999999534e-02 6.879353523254394531e+00
-5.374999999999999223e-02 7.529925823211669922e+00
-5.024999999999998912e-02 8.109635353088378906e+00
-4.674999999999998601e-02 8.611526489257812500e+00
-4.324999999999998290e-02 9.032980918884277344e+00
-3.974999999999997979e-02 9.343676567077636719e+00
-3.624999999999997669e-02 9.545969963073730469e+00
-3.274999999999997358e-02 9.682890892028808594e+00
-2.924999999999997047e-02 9.704455375671386719e+00
-2.574999999999996736e-02 9.652682304382324219e+00
-2.224999999999996425e-02 9.516440391540527344e+00
-1.874999999999998890e-02 9.329456329345703125e+00
-1.525000000000001354e-02 9.085161209106445312e+00
-1.175000000000001044e-02 8.790682792663574219e+00
-8.250000000000007327e-03 8.453454971313476562e+00
-4.750000000000004219e-03 8.078506469726562500e+00
-1.249999999999973355e-03 7.699691295623779297e+00
2.250000000000029754e-03 7.299477577209472656e+00
5.750000000000032863e-03 6.909998893737792969e+00
9.250000000000035971e-03 6.491212844848632812e+00
1.274999999999998357e-02 6.099667549133300781e+00
1.624999999999998668e-02 5.705176830291748047e+00
1.974999999999998979e-02 5.334676265716552734e+00
2.324999999999999289e-02 4.968054771423339844e+00
2.674999999999999600e-02 4.611118793487548828e+00
3.024999999999999911e-02 4.283587455749511719e+00
3.375000000000000222e-02 3.968742609024047852e+00
3.725000000000000533e-02 3.681200742721557617e+00
4.075000000000000844e-02 3.400236606597900391e+00
4.425000000000001155e-02 3.137837409973144531e+00
4.775000000000001465e-02 2.905249834060668945e+00
5.125000000000001776e-02 2.672645330429077148e+00
5.475000000000002087e-02 2.466815471649169922e+00
5.825000000000002398e-02 2.271508216857910156e+00
6.175000000000002709e-02 2.089983940124511719e+00
6.525000000000003020e-02 1.924891710281372070e+00
6.875000000000003331e-02 1.771893382072448730e+00
7.225000000000003642e-02 1.626711845397949219e+00
7.575000000000003952e-02 1.499803066253662109e+00
7.924999999999998712e-02 1.383167386054992676e+00
8.274999999999999023e-02 1.270979523658752441e+00
8.624999999999999334e-02 1.168502569198608398e+00
8.974999999999999645e-02 1.077917933464050293e+00
9.324999999999999956e-02 9.922272562980651855e-01
9.675000000000000266e-02 9.118681550025939941e-01
1.002500000000000058e-01 8.403540849685668945e-01
1.037500000000000089e-01 7.715432047843933105e-01
1.072500000000000120e-01 7.134227156639099121e-01
1.107500000000000151e-01 6.559362411499023438e-01
1.142500000000000182e-01 6.051535606384277344e-01
1.177500000000000213e-01 5.589155554771423340e-01
1.212500000000000244e-01 5.123182535171508789e-01
1.247500000000000275e-01 4.753259718418121338e-01
1.282500000000000306e-01 4.376747608184814453e-01
1.317500000000000338e-01 4.036231338977813721e-01
1.352500000000000369e-01 3.730883896350860596e-01
1.387499999999999845e-01 3.447653055191040039e-01
1.422499999999999876e-01 3.206306099891662598e-01
1.457499999999999907e-01 2.956859767436981201e-01
1.492499999999999938e-01 2.741642296314239502e-01
1.527499999999999969e-01 2.514138221740722656e-01
1.562500000000000000e-01 2.346448004245758057e-01
1.597500000000000031e-01 2.188651561737060547e-01
1.632500000000000062e-01 2.028167992830276489e-01
1.667500000000000093e-01 1.871198862791061401e-01
1.702500000000000124e-01 1.727931499481201172e-01
1.737500000000000155e-01 1.620111912488937378e-01
1.772500000000000187e-01 1.512274891138076782e-01
1.807500000000000218e-01 1.403556317090988159e-01
1.842500000000000249e-01 1.302707344293594360e-01
1.877500000000000280e-01 1.218827590346336365e-01
1.912500000000000311e-01 1.132900342345237732e-01
1.947500000000000342e-01 1.065131500363349915e-01
1.982500000000000373e-01 9.717880934476852417e-02
2.017500000000000404e-01 9.261756390333175659e-02
2.052499999999999880e-01 8.625702559947967529e-02
2.087499999999999911e-01 8.007400482892990112e-02
2.122499999999999942e-01 7.504560798406600952e-02
2.157499999999999973e-01 7.000696659088134766e-02
2.192500000000000004e-01 6.568855047225952148e-02
2.227500000000000036e-01 6.130370497703552246e-02
2.262500000000000067e-01 5.822061747312545776e-02
2.297500000000000098e-01 5.308651924133300781e-02
2.332500000000000129e-01 5.017038062214851379e-02
2.367500000000000160e-01 4.708644375205039978e-02
2.402500000000000191e-01 4.450985044240951538e-02
2.437500000000000222e-01 4.159237816929817200e-02
2.472500000000000253e-01 3.924024850130081177e-02
2.507500000000000284e-01 3.679984435439109802e-02
2.542500000000000315e-01 3.443222120404243469e-02
2.577500000000000346e-01 3.261693567037582397e-02
2.612500000000000377e-01 3.037620335817337036e-02
2.647500000000000409e-01 2.933898381888866425e-02
2.682500000000000440e-01 2.685648202896118164e-02
2.717499999999999916e-01 2.564052492380142212e-02
2.752499999999999947e-01 2.431668154895305634e-02
2.787499999999999978e-01 2.285395562648773193e-02
2.822500000000000009e-01 2.098716050386428833e-02
2.857500000000000040e-01 2.039994299411773682e-02
2.892500000000000071e-01 1.897448115050792694e-02
2.927500000000000102e-01 1.774518750607967377e-02
2.962500000000000133e-01 1.674747467041015625e-02
2.997500000000000164e-01 1.614110916852951050e-02
3.032500000000000195e-01 1.514942292124032974e-02
3.067500000000000226e-01 1.426933333277702332e-02
3.102500000000000258e-01 1.339803915470838547e-02
3.137500000000000289e-01 1.284368708729743958e-02
3.172500000000000320e-01 1.226354669779539108e-02
3.207500000000000351e-01 1.151543203741312027e-02
3.242500000000000382e-01 1.088215596973896027e-02
3.277500000000000413e-01 1.024724915623664856e-02
3.312499999999999889e-01 9.890372864902019501e-03
3.347499999999999920e-01 9.118867106735706329e-03
3.382499999999999951e-01 8.995839394629001617e-03
3.417499999999999982e-01 8.420169353485107422e-03
3.452500000000000013e-01 7.687794510275125504e-03
3.487500000000000044e-01 7.230652496218681335e-03
3.522500000000000075e-01 7.118205539882183075e-03
3.557500000000000107e-01 6.802340969443321228e-03
3.592500000000000138e-01 6.279535591602325439e-03
3.627500000000000169e-01 6.055605597794055939e-03
3.662500000000000200e-01 5.863008555024862289e-03
3.697500000000000231e-01 5.548650864511728287e-03
3.732500000000000262e-01 5.305361002683639526e-03
3.767500000000000293e-01 4.761335439980030060e-03
3.802500000000000324e-01 4.722602199763059616e-03
3.837500000000000355e-01 4.547487478703260422e-03
3.872500000000000386e-01 4.262165632098913193e-03
3.907500000000000417e-01 4.108459223061800003e-03
3.942500000000000449e-01 3.821481950581073761e-03
3.977499999999999925e-01 3.699103835970163345e-03
4.012499999999999956e-01 3.460865234956145287e-03
4.047499999999999987e-01 3.424393245950341225e-03
4.082500000000000018e-01 3.234235569834709167e-03
4.117500000000000049e-01 3.056943416595458984e-03
4.152500000000000080e-01 2.890681149438023567e-03
4.187500000000000111e-01 2.681670710444450378e-03
4.222500000000000142e-01 2.604588866233825684e-03
4.257500000000000173e-01 2.448236336931586266e-03
4.292500000000000204e-01 2.339640632271766663e-03
4.327500000000000235e-01 2.260562963783740997e-03
4.362500000000000266e-01 2.251562429592013359e-03
4.397500000000000298e-01 2.036318182945251465e-03
4.432500000000000329e-01 1.927024568431079388e-03
4.467500000000000360e-01 1.832243520766496658e-03
4.502500000000000391e-01 1.716470113024115562e-03
4.537500000000000422e-01 1.739605213515460491e-03
4.572500000000000453e-01 1.563199679367244244e-03
4.607500000000000484e-01 1.501221559010446072e-03
4.642499999999999960e-01 1.469071139581501484e-03
4.677499999999999991e-01 1.381592475809156895e-03
4.712500000000000022e-01 1.304722740314900875e-03
4.747500000000000053e-01 1.249029533937573433e-03
4.782500000000000084e-01 1.232530339621007442e-03
4.817500000000000115e-01 1.125673181377351284e-03
4.852500000000000147e-01 1.115032238885760307e-03
4.887500000000000178e-01 1.010831445455551147e-03
4.922500000000000209e-01 9.757857769727706909e-04
4.957500000000000240e-01 9.983949130401015282e-04
4.992500000000000826e-01 8.871394093148410320e-04
5.027500000000000302e-01 8.473325869999825954e-04
5.062499999999999778e-01 8.245907956734299660e-04
5.097500000000000364e-01 7.779363077133893967e-04
5.132500000000000950e-01 7.693567313253879547e-04
5.167500000000000426e-01 6.853698869235813618e-04
5.202499999999999902e-01 7.080347859300673008e-04
5.237500000000000488e-01 6.674082833342254162e-04
5.272499999999999964e-01 6.100297905504703522e-04
5.307499999999999440e-01 6.041254964657127857e-04
5.342500000000000027e-01 5.577920819632709026e-04
5.377500000000000613e-01 5.667113582603633404e-04
5.412500000000000089e-01 5.175579572096467018e-04
5.447499999999999565e-01 5.000726669095456600e-04
5.482500000000000151e-01 4.892903380095958710e-04
5.517500000000000737e-01 4.599282692652195692e-04
5.552500000000000213e-01 4.278960695955902338e-04
5.587499999999999689e-01 4.372503317426890135e-04
5.622500000000000275e-01 4.012516874354332685e-04
5.657500000000000862e-01 3.612761502154171467e-04
5.692500000000000338e-01 3.651516162790358067e-04
5.727499999999999813e-01 3.478124563116580248e-04
5.762500000000000400e-01 3.399461857043206692e-04
5.797500000000000986e-01 3.237311902921646833e-04
5.832500000000000462e-01 2.933115174528211355e-04
5.867499999999999938e-01 3.016924893017858267e-04
5.902500000000000524e-01 2.821130910888314247e-04
5.937500000000000000e-01 2.735329908318817616e-04
5.972499999999999476e-01 2.621918974909931421e-04
6.007500000000000062e-01 2.338967169634997845e-04
6.042500000000000648e-01 2.286818053107708693e-04
6.077500000000000124e-01 2.271971316076815128e-04
6.112499999999999600e-01 2.352684823563322425e-04
6.147500000000000187e-01 1.999480737140402198e-04
6.182500000000000773e-01 2.061414270428940654e-04
6.217500000000000249e-01 2.076806558761745691e-04
6.252499999999999725e-01 1.801374019123613834e-04
6.287500000000000311e-01 1.889035629574209452e-04
6.322500000000000897e-01 1.643314171815291047e-04
6.357500000000000373e-01 1.698548294370993972e-04
6.392499999999999849e-01 1.639148831600323319e-04
6.427500000000000435e-01 1.571183674968779087e-04
6.462500000000001021e-01 1.691875077085569501e-04
6.497500000000000497e-01 1.388242817483842373e-04
6.532499999999999973e-01 1.416180748492479324e-04
6.567500000000000560e-01 1.360151363769546151e-04
6.602500000000000036e-01 1.292261149501428008e-04
6.637499999999999512e-01 1.160637475550174713e-04
6.672500000000000098e-01 1.087174096028320491e-04
6.707500000000000684e-01 1.175507859443314373e-04
6.742500000000000160e-01 1.208564135595224798e-04
6.777499999999999636e-01 1.105316914618015289e-04
6.812500000000000222e-01 1.095894185709767044e-04
6.847500000000000808e-01 1.002455683192238212e-04
6.882500000000000284e-01 1.000481061055324972e-04
6.917499999999999760e-01 9.169759869109839201e-05
6.952500000000000346e-01 8.565452299080789089e-05
6.987500000000000933e-01 7.762922177789732814e-05
7.022500000000000409e-01 8.252284897025674582e-05
7.057499999999999885e-01 8.714783325558528304e-05
7.092500000000000471e-01 8.103148138616234064e-05
7.127500000000001057e-01 7.718965935055166483e-05
7.162500000000000533e-01 7.488267874578014016e-05
7.197500000000000009e-01 8.420373342232778668e-05
7.232500000000000595e-01 6.636777834501117468e-05
7.267500000000000071e-01 6.292362377280369401e-05
7.302499999999999547e-01 6.951770046725869179e-05
7.337500000000000133e-01 6.362444401020184159e-05
7.372500000000000719e-01 7.599015225423499942e-05
7.407500000000000195e-01 6.333834608085453510e-05
7.442499999999999671e-01 6.497617869172245264e-05
7.477500000000000258e-01 5.014846465201117098e-05
7.512500000000000844e-01 5.473904093378223479e-05
7.547500000000000320e-01 6.329434836516156793e-05
7.582499999999999796e-01 6.507534271804615855e-05
7.617500000000000382e-01 7.112350431270897388e-05
7.652500000000000968e-01 5.847962165717035532e-05
7.687500000000000444e-01 4.743733734358102083e-05
7.722499999999999920e-01 6.846938777016475797e-05
7.757500000000000506e-01 5.322623837855644524e-05
7.792499999999999982e-01 5.913263521506451070e-05
7.827499999999999458e-01 4.710514986072666943e-05
7.862500000000000044e-01 5.020615935791283846e-05
7.897500000000000631e-01 4.944132888340391219e-05
7.932500000000000107e-01 3.835159441223368049e-05
7.967499999999999583e-01 5.406361015047878027e-05
8.002500000000000169e-01 3.263249527662992477e-05
8.037500000000000755e-01 4.194081338937394321e-05
8.072500000000000231e-01 4.347938374849036336e-05
8.107499999999999707e-01 3.228064815630204976e-05
8.142500000000000293e-01 4.801852992386557162e-05
8.177500000000000879e-01 4.717342744697816670e-05
8.212500000000000355e-01 3.250060035497881472e-05
8.247499999999999831e-01 5.561873695114627481e-05
8.282500000000000417e-01 5.925971709075383842e-05
8.317500000000001004e-01 3.604150333558209240e-05
8.352500000000000480e-01 3.913608088623732328e-05
8.387499999999999956e-01 4.281759538571350276e-05
8.422500000000000542e-01 4.081387669430114329e-05
8.457500000000000018e-01 5.184738984098657966e-05
8.492499999999999494e-01 4.519410504144616425e-05
8.527500000000000080e-01 3.457411003182642162e-05
8.562500000000000666e-01 1.760486156854312867e-05
8.597500000000000142e-01 2.951511851279065013e-05
8.632499999999999618e-01 2.495572334737516940e-05
8.667500000000000204e-01 4.889293632004410028e-05
8.702500000000000790e-01 3.450799704296514392e-05
8.737500000000000266e-01 3.239673969801515341e-05
8.772499999999999742e-01 2.745258098002523184e-05
8.807500000000000329e-01 5.191377567825838923e-05
8.842500000000000915e-01 2.659358324308414012e-05
8.877500000000000391e-01 3.000517790496814996e-05
8.912499999999999867e-01 3.782290150411427021e-05
8.947500000000000453e-01 4.580596578307449818e-05
8.982500000000001039e-01 3.412859587115235627e-05
9.017500000000000515e-01 2.170624247810337692e-05
9.052499999999999991e-01 3.419430140638723969e-05
9.087500000000000577e-01 3.114187347819097340e-05
9.122500000000000053e-01 3.344870492583140731e-05
9.157499999999999529e-01 3.652423765743151307e-05
9.192500000000000115e-01 3.042330899916123599e-05
9.227500000000000702e-01 3.236955308238975704e-05
9.262500000000000178e-01 3.631169238360598683e-05
9.297499999999999654e-01 2.277097701153252274e-05
9.332500000000000240e-01 2.980367753480095416e-05
9.367500000000000826e-01 2.508992656657937914e-05
9.402500000000000302e-01 3.000010292453225702e-05
9.437499999999999778e-01 2.023403430939652026e-05
9.472500000000000364e-01 2.922599560406524688e-05
9.507500000000000950e-01 3.982334965257905424e-05
9.542500000000000426e-01 2.463834971422329545e-05
9.577499999999999902e-01 3.639958595158532262e-05
9.612500000000000488e-01 4.331034506321884692e-05
9.647500000000001075e-01 1.791733484424185008e-05
9.682500000000000551e-01 3.182423824910074472e-05
9.717500000000000027e-01 2.187670179409906268e-05
9.752500000000000613e-01 1.559420161356683820e-05
9.787500000000000089e-01 1.985069502552505583e-05
9.822499999999999565e-01 2.384144318057224154e-05
9.857500000000000151e-01 1.704636997601483017e-05
9.892500000000000737e-01 2.042049345618579537e-05
9.927500000000000213e-01 1.468810478399973363e-05
9.962499999999999689e-01 1.188546320918248966e-05
9.997500000000000275e-01 1.280730793951079249e-05
1.003249999999999975e+00 1.409603009960846975e-05
1.006750000000000034e+00 1.359413090540328994e-05
1.010250000000000092e+00 2.244017559860367328e-05
1.013749999999999929e+00 1.629139478609431535e-05
1.017250000000000210e+00 2.003280314966104925e-05
1.020750000000000046e+00 1.593777778907679021e-05
1.024249999999999883e+00 1.623645221116021276e-05
1.027750000000000163e+00 2.028481503657530993e-05
1.031250000000000000e+00 2.449542989779729396e-05
1.034750000000000059e+00 2.493760075594764203e-05
1.038250000000000117e+00 1.775332748366054147e-05
1.041749999999999954e+00 1.226486438099527732e-05
1.045250000000000012e+00 1.348766363662434742e-05
1.048750000000000071e+00 2.423268961138091981e-05
1.052249999999999908e+00 2.645403583301231265e-05
1.055750000000000188e+00 1.470885399612598121e-05
1.059250000000000025e+00 2.585023139545228332e-05
1.062749999999999861e+00 4.160779280937276781e-05
1.066250000000000142e+00 1.250415607501054183e-05
1.069749999999999979e+00 1.716200131340883672e-05
1.073250000000000037e+00 2.402640529908239841e-05
1.076750000000000096e+00 1.904660712170880288e-05
1.080249999999999932e+00 1.321557829214725643e-05
1.083750000000000213e+00 2.403138933004811406e-05
1.087250000000000050e+00 3.610416752053424716e-05
1.090749999999999886e+00 3.404225572012364864e-05
1.094250000000000167e+00 1.841267840063665062e-05
1.097750000000000004e+00 1.860170959844253957e-05
1.101250000000000062e+00 9.676490662968717515e-06
1.104750000000000121e+00 2.173829489038325846e-05
1.108249999999999957e+00 1.796095239114947617e-05
1.111750000000000016e+00 1.534745388198643923e-05
1.115250000000000075e+00 1.995186539716087282e-05
1.118749999999999911e+00 2.432843029964715242e-05
1.122250000000000192e+00 1.545033956062979996e-05
1.125750000000000028e+00 7.070653737173415720e-06
1.129249999999999865e+00 1.519530997029505670e-05
1.132750000000000146e+00 6.526254310301737860e-06
1.136249999999999982e+00 2.165949263144284487e-05
1.139750000000000041e+00 1.489033547841245309e-05
1.143250000000000099e+00 1.032858381222467870e-05
1.146749999999999936e+00 1.607032390893436968e-05
1.150250000000000217e+00 8.485774742439389229e-06
1.153750000000000053e+00 1.446931491955183446e-05
1.157249999999999890e+00 1.603619421075563878e-05
1.160750000000000171e+00 8.841859198582824320e-06
1.164250000000000007e+00 2.549472810642328113e-05
1.167749999999999844e+00 7.526099579990841448e-06
1.171250000000000124e+00 6.006403054925613105e-06
1.174749999999999961e+00 1.231370424648048356e-05
1.178250000000000020e+00 7.708943485340569168e-06
1.181750000000000078e+00 2.077288263535592705e-05
1.185249999999999915e+00 1.840575350797735155e-05
1.188750000000000195e+00 8.393324606004171073e-06
1.192250000000000032e+00 1.412074016116093844e-05
1.195749999999999869e+00 1.117713964049471542e-05
1.199250000000000149e+00 9.945964848157018423e-06
1.202749999999999986e+00 9.918881005432922393e-06
1.206250000000000044e+00 4.280277607904281467e-06
1.209750000000000103e+00 3.743903789654723369e-06
1.213249999999999940e+00 1.495608375989831984e-05
1.216750000000000220e+00 7.646449375897645950e-06
1.220250000000000057e+00 1.687480471446178854e-05
1.223749999999999893e+00 1.321120089414762333e-05
1.227250000000000174e+00 7.082152933435281739e-06
1.230750000000000011e+00 1.036505000229226425e-05
1.234249999999999847e+00 1.272326699108816683e-05
1.237750000000000128e+00 1.109889217332238331e-05
1.241249999999999964e+00 1.138894003815948963e-05
1.244750000000000023e+00 5.886173767066793516e-06
1.248250000000000082e+00 8.300442459585610777e-06
1.251749999999999918e+00 1.907879232021514326e-05
1.255250000000000199e+00 1.040065762936137617e-05
1.258750000000000036e+00 9.041396879183594137e-06
1.262249999999999872e+00 5.296811195876216516e-06
1.265750000000000153e+00 1.639253605389967561e-05
1.269249999999999989e+00 2.668195975275011733e-06
1.272750000000000048e+00 6.152302830741973594e-06
1.276250000000000107e+00 7.467299838026519865e-06
1.279749999999999943e+00 1.061838702298700809e-05
1.283250000000000224e+00 4.277160314813954756e-06
1.286750000000000060e+00 1.237919877894455567e-05
1.290249999999999897e+00 1.427397728548385203e-05
1.293750000000000178e+00 8.088678441708907485e-06
1.297250000000000014e+00 6.767727882106555626e-06
1.300749999999999851e+00 7.281599209818523377e-06
1.304250000000000131e+00 1.967041680472902954e-05
1.307749999999999968e+00 8.277103916043415666e-06
1.311250000000000027e+00 6.082495019654743373e-06
1.314750000000000085e+00 1.286222686758264899e-05
1.318249999999999922e+00 9.522301297693047673e-06
1.321750000000000203e+00 1.087207328964723274e-05
1.325250000000000039e+00 8.390414222958497703e-06
1.328749999999999876e+00 7.490594271075678989e-06
1.332250000000000156e+00 8.128244189720135182e-06
1.335749999999999993e+00 6.290632427408127114e-06
1.339250000000000052e+00 8.855517080519348383e-06
1.342750000000000110e+00 1.003807210508966818e-05
1.346249999999999947e+00 7.300821380340494215e-06
1.349750000000000227e+00 3.439568217800115235e-06
1.353250000000000064e+00 3.281408226030180231e-06
1.356749999999999901e+00 5.751673143095104024e-06
1.360250000000000181e+00 1.625137701921630651e-05
1.363750000000000018e+00 2.313909135409630835e-06
1.367249999999999854e+00 8.362731023225933313e-06
1.370750000000000135e+00 1.091340345737989992e-05
1.374249999999999972e+00 1.890446219476871192e-05
1.377750000000000030e+00 8.032558071136008948e-06
1.381250000000000089e+00 1.867417086032219231e-05
1.384749999999999925e+00 3.605896154112997465e-06
1.388250000000000206e+00 2.630278004289721139e-06
1.391750000000000043e+00 6.937957550690043718e-06
1.395249999999999879e+00 5.184415840631118044e-06
1.398750000000000160e+00 1.222054106619907543e-05
1.402249999999999996e+00 3.566815394151490182e-06
1.405750000000000055e+00 8.213684850488789380e-06
1.409250000000000114e+00 1.151083870354341343e-05
1.412749999999999950e+00 8.253112355305347592e-06
1.416250000000000231e+00 1.243224414793075994e-05
1.419750000000000068e+00 3.693928874781704508e-06
1.423249999999999904e+00 1.249976230610627681e-05
1.426750000000000185e+00 5.523606887436471879e-06
1.430250000000000021e+00 6.748687610524939373e-06
1.433749999999999858e+00 5.107520792080322281e-06
1.437250000000000139e+00 1.546937346574850380e-05
1.440749999999999975e+00 2.720004886214155704e-06
1.444250000000000034e+00 6.470930657087592408e-06
1.447750000000000092e+00 5.578873697231756523e-06
1.451249999999999929e+00 6.574447979801334441e-06
1.454750000000000210e+00 6.481630862253950909e-06
1.458250000000000046e+00 5.716386567655717954e-06
1.461749999999999883e+00 8.029696800804231316e-06
1.465250000000000163e+00 1.275101203646045178e-05
1.468750000000000000e+00 4.969890142092481256e-06
1.472250000000000059e+00 4.734613412438193336e-06
1.475750000000000117e+00 1.045349381456617266e-05
1.479249999999999954e+00 1.142659402830759063e-05
1.482750000000000012e+00 4.185450507065979764e-06
1.486250000000000071e+00 7.937073860375676304e-06
1.489749999999999908e+00 4.938191068504238501e-06
1.493250000000000188e+00 1.163037177320802584e-05
1.496750000000000025e+00 7.441489742632256821e-06
1.500250000000000083e+00 4.107248969376087189e-06
1.503750000000000142e+00 5.671859071298968047e-06
1.507249999999999979e+00 5.657288056681863964e-06
1.510750000000000037e+00 4.757406259159324691e-06
1.514250000000000096e+00 9.060777301783673465e-06
1.517749999999999932e+00 2.735612497417605482e-06
1.521249999999999991e+00 3.468585646260180511e-06
1.524750000000000050e+00 5.694266747013898566e-06
1.528250000000000108e+00 3.847750122076831758e-06
1.531750000000000167e+00 6.189195573824690655e-06
1.535250000000000004e+00 2.611041054478846490e-06
1.538750000000000062e+00 4.586405339068733156e-06
1.542250000000000121e+00 4.893064215139020234e-06
1.545749999999999957e+00 6.011544428474735469e-06
1.549250000000000016e+00 1.221883030666504055e-05
1.552750000000000075e+00 8.660334060550667346e-06
1.556249999999999911e+00 3.654521378848585300e-06
1.559749999999999970e+00 2.607165697554592043e-06
1.563250000000000028e+00 9.112945917877368629e-06
1.566750000000000087e+00 8.700039870745968074e-06
1.570250000000000146e+00 1.137045910581946373e-05
1.573749999999999982e+00 7.457867468474432826e-06
1.577250000000000041e+00 3.617283709900220856e-06
1.580750000000000099e+00 8.626260751043446362e-06
1.584249999999999936e+00 6.220563591341488063e-06
1.587749999999999995e+00 4.324544988776324317e-06
1.591250000000000053e+00 1.245712519448716193e-05
1.594750000000000112e+00 5.592517936747753993e-06
1.598250000000000171e+00 4.458916919247712940e-06
1.601750000000000007e+00 4.806328433915041387e-06
1.605250000000000066e+00 1.795751018107694108e-06
1.608750000000000124e+00 6.914910500199766830e-06
1.612249999999999961e+00 2.633456233525066637e-06
1.615750000000000020e+00 0.000000000000000000e+00
1.619250000000000078e+00 1.103434169635875151e-05
1.622749999999999915e+00 5.990889803797472268e-06
1.626249999999999973e+00 7.107745204848470166e-06
1.629750000000000032e+00 6.476948783529223874e-06
1.633250000000000091e+00 4.967741915606893599e-06
1.636750000000000149e+00 2.807707005558768287e-06
1.640249999999999986e+00 8.100772902253083885e-06
1.643750000000000044e+00 6.151787147246068344e-06
1.647250000000000103e+00 1.069066092895809561e-05
1.650749999999999940e+00 8.058145795075688511e-06
1.654249999999999998e+00 6.328517429210478440e-06
1.657750000000000057e+00 5.325410256773466244e-06
1.661250000000000115e+00 9.480771041125990450e-06
1.664750000000000174e+00 1.268566848011687398e-06
1.668250000000000011e+00 1.462076284042268526e-06
1.671750000000000069e+00 2.397711978119332343e-05
1.675250000000000128e+00 7.365741112153045833e-06
1.678749999999999964e+00 5.946159035374876112e-06
1.682250000000000023e+00 4.589778654917608947e-06
1.685750000000000082e+00 1.206555452881730162e-06
1.689249999999999918e+00 5.444676844490459189e-06
1.692749999999999977e+00 8.537323083146475255e-06
1.696250000000000036e+00 5.900459200347540900e-06
1.699750000000000094e+00 4.530932073976146057e-06
1.703250000000000153e+00 2.800306901917792857e-06
1.706749999999999989e+00 3.131177663817652501e-06
1.710250000000000048e+00 2.486478024366078898e-06
1.713750000000000107e+00 4.768789949594065547e-06
1.717249999999999943e+00 6.607657724089222029e-06
1.720750000000000002e+00 9.540627615933772177e-06
1.724250000000000060e+00 6.513672815344762057e-06
1.727750000000000119e+00 4.990372417523758486e-06
1.731250000000000178e+00 4.552630798571044579e-06
1.734750000000000014e+00 5.576502644544234499e-06
1.738250000000000073e+00 9.142492672253865749e-06
1.741750000000000131e+00 2.060280479554421618e-07
1.745249999999999968e+00 1.069122845365200192e-05
1.748750000000000027e+00 8.068518582149408758e-06
1.752250000000000085e+00 5.792407137050759047e-06
1.755749999999999922e+00 5.607585535472026095e-06
1.759249999999999980e+00 3.860796368826413527e-06
1.762750000000000039e+00 0.000000000000000000e+00
1.766250000000000098e+00 7.055045443848939613e-06
1.769750000000000156e+00 3.276039933552965522e-06
1.773249999999999993e+00 1.412885285390075296e-05
1.776750000000000052e+00 1.153044377133483067e-05
1.780250000000000110e+00 5.019403033656999469e-06
1.783749999999999947e+00 4.932893261866411194e-06
1.787250000000000005e+00 4.986224212188972160e-06
1.790750000000000064e+00 7.379121598205529153e-06
1.794250000000000123e+00 1.267651100533839781e-06
1.797750000000000181e+00 1.200058522954350337e-05
1.801250000000000018e+00 4.144798822380835190e-06
1.804750000000000076e+00 5.378360128815984353e-06
1.808250000000000135e+00 2.672326900210464373e-06
1.811749999999999972e+00 1.067573793989140540e-05
1.815250000000000030e+00 4.110569079784909263e-06
1.818750000000000089e+00 6.441515779442852363e-06
1.822249999999999925e+00 4.431533852766733617e-06
1.825749999999999984e+00 2.137417595804436132e-06
1.829250000000000043e+00 2.497898549336241558e-06
1.832750000000000101e+00 3.841356374323368073e-06
1.836250000000000160e+00 2.537560249038506299e-06
1.839749999999999996e+00 6.552196282427757978e-06
1.843250000000000055e+00 5.696299922419711947e-06
1.846750000000000114e+00 3.780834276767564006e-06
1.850249999999999950e+00 7.169884156610351056e-06
1.853750000000000009e+00 1.286640326725319028e-06
1.857250000000000068e+00 3.823963652394013479e-06
1.860750000000000126e+00 1.876158876257250085e-06
1.864250000000000185e+00 0.000000000000000000e+00
1.867750000000000021e+00 9.618237527320161462e-06
1.871250000000000080e+00 6.238627520360751078e-06
1.874750000000000139e+00 1.636848992347950116e-06
1.878249999999999975e+00 4.974909188604215160e-06
1.881750000000000034e+00 7.807417205185629427e-06
1.885250000000000092e+00 2.705419092308147810e-06
1.888749999999999929e+00 5.040401902078883722e-06
1.892249999999999988e+00 0.000000000000000000e+00
1.895750000000000046e+00 2.744947551036602817e-06
1.899250000000000105e+00 1.259337750525446609e-05
1.902750000000000163e+00 1.047428486344870180e-05
1.906250000000000000e+00 4.957871169608552009e-06
1.909750000000000059e+00 1.008861363516189158e-05
1.913250000000000117e+00 5.326277459971606731e-06
1.916749999999999954e+00 2.839850367308827117e-06
1.920250000000000012e+00 0.000000000000000000e+00
1.923750000000000071e+00 1.716832457532291301e-06
1.927250000000000130e+00 6.458220468630315736e-06
1.930750000000000188e+00 4.941230599797563627e-06
1.934250000000000025e+00 6.649996066698804498e-06
1.937750000000000083e+00 2.767826572380727157e-06
1.941250000000000142e+00 7.159256256272783503e-06
1.944749999999999979e+00 2.748715132838697173e-06
1.948250000000000037e+00 9.403999683854635805e-06
1.951750000000000096e+00 6.952719559194520116e-06
1.955249999999999932e+00 2.549166765675181523e-06
1.958749999999999991e+00 8.361967616110632662e-07
1.962250000000000050e+00 2.318967517567216419e-06
1.965750000000000108e+00 1.197226629301439971e-05
1.969250000000000167e+00 7.138199180189985782e-06
1.972750000000000004e+00 8.171193258021958172e-06
1.976250000000000062e+00 2.663063924046582542e-06
1.979750000000000121e+00 4.830101715924683958e-06
1.983249999999999957e+00 0.000000000000000000e+00
1.986750000000000016e+00 5.783027972938725725e-06
1.990250000000000075e+00 1.706646344246109948e-06
1.993750000000000133e+00 3.335498149681370705e-06
1.997250000000000192e+00 0.000000000000000000e+00
2.000750000000000028e+00 2.706513669181731530e-06
2.004249999999999865e+00 9.060523552761878818e-06
2.007750000000000146e+00 0.000000000000000000e+00
2.011249999999999982e+00 9.177942047244869173e-06
2.014750000000000263e+00 0.000000000000000000e+00
2.018250000000000099e+00 5.272372163744876161e-06
2.021749999999999936e+00 8.517286914866417646e-06
2.025249999999999773e+00 3.513560614010202698e-06
2.028750000000000053e+00 9.175874765787739307e-06
2.032250000000000334e+00 1.525242055322451051e-06
2.035750000000000171e+00 3.365605380167835392e-06
2.039250000000000007e+00 1.215283873534644954e-06
2.042749999999999844e+00 9.605522791389375925e-06
2.046250000000000124e+00 6.086844678065972403e-06
2.049749999999999961e+00 2.968182116092066281e-06
2.053250000000000242e+00 4.004500624432694167e-06
2.056750000000000078e+00 0.000000000000000000e+00
2.060249999999999915e+00 1.511540813226019964e-05
2.063749999999999751e+00 3.259373443142976612e-06
2.067250000000000032e+00 5.116946340422146022e-06
2.070750000000000313e+00 0.000000000000000000e+00
2.074250000000000149e+00 9.496438906353432685e-06
2.077749999999999986e+00 7.400954928016290069e-06
2.081249999999999822e+00 3.634485665315878578e-06
2.084750000000000103e+00 5.606330432783579454e-06
2.088249999999999940e+00 1.410753611708059907e-05
2.091750000000000220e+00 3.938255304092308506e-06
2.095250000000000057e+00 1.663007060415111482e-05
2.098749999999999893e+00 0.000000000000000000e+00
2.102250000000000174e+00 0.000000000000000000e+00
2.105750000000000011e+00 7.883008947828784585e-06
2.109250000000000291e+00 4.154166163061745465e-06
2.112750000000000128e+00 7.608729447383666411e-06
2.116249999999999964e+00 4.911241262561816256e-07
2.119749999999999801e+00 3.953065515815978870e-06
2.123250000000000082e+00 0.000000000000000000e+00
2.126749999999999918e+00 6.038845185685204342e-06
2.130250000000000199e+00 5.284266990202013403e-06
2.133750000000000036e+00 0.000000000000000000e+00
2.137249999999999872e+00 3.993724931206088513e-06
2.140750000000000153e+00 5.144723218108993024e-06
2.144249999999999989e+00 1.055635766533669084e-05
2.147750000000000270e+00 0.000000000000000000e+00
2.151250000000000107e+00 2.834954329955508001e-06
2.154749999999999943e+00 5.080402388557558879e-06
2.158249999999999780e+00 1.222480477736098692e-05
2.161750000000000060e+00 3.405003326406585984e-06
2.165250000000000341e+00 0.000000000000000000e+00
2.168750000000000178e+00 7.258984169311588630e-06
2.172250000000000014e+00 4.632881882571382448e-06
2.175749999999999851e+00 7.957131856528576463e-06
2.179250000000000131e+00 2.944670541182858869e-06
2.182749999999999968e+00 3.593927203837665729e-06
2.186250000000000249e+00 0.000000000000000000e+00
2.189750000000000085e+00 2.011967080761678517e-05
2.193249999999999922e+00 8.763197001826483756e-06
2.196749999999999758e+00 7.198307685030158609e-06
2.200250000000000039e+00 8.415756383328698575e-06
2.203750000000000320e+00 4.300502951082307845e-06
2.207250000000000156e+00 0.000000000000000000e+00
2.210749999999999993e+00 1.237197557202307507e-05
2.214249999999999829e+00 0.000000000000000000e+00
2.217750000000000110e+00 0.000000000000000000e+00
2.221249999999999947e+00 9.659209354140330106e-06
2.224750000000000227e+00 0.000000000000000000e+00
2.228250000000000064e+00 0.000000000000000000e+00
2.231749999999999901e+00 1.585061363584827632e-05
2.235250000000000181e+00 5.116052307130303234e-06
2.238750000000000018e+00 1.003622583084506914e-05
2.242250000000000298e+00 5.041374606662429869e-06
2.245750000000000135e+00 5.096740551380207762e-06
2.249249999999999972e+00 4.547063781501492485e-06
2.252749999999999808e+00 0.000000000000000000e+00
2.256250000000000089e+00 0.000000000000000000e+00
2.259749999999999925e+00 0.000000000000000000e+00
2.263250000000000206e+00 4.019300831714645028e-06
2.266750000000000043e+00 6.266089258133433759e-06
2.270249999999999879e+00 2.393039358139503747e-05
2.273750000000000160e+00 8.112343493849039078e-06
2.277249999999999996e+00 4.902145974483573809e-06
2.280750000000000277e+00 1.352792787656653672e-05
2.284250000000000114e+00 0.000000000000000000e+00
2.287749999999999950e+00 0.000000000000000000e+00
2.291249999999999787e+00 5.569243967329384759e-06
2.294750000000000068e+00 1.991818317037541419e-05
2.298250000000000348e+00 2.104793020407669246e-05
2.301750000000000185e+00 9.802704880712553859e-06
2.305250000000000021e+00 1.320241335633909330e-05
2.308749999999999858e+00 0.000000000000000000e+00
2.312250000000000139e+00 1.540741868666373193e-05
2.315749999999999975e+00 8.625116606708616018e-06
2.319250000000000256e+00 0.000000000000000000e+00
2.322750000000000092e+00 1.089004581444896758e-05
2.326249999999999929e+00 0.000000000000000000e+00
2.329749999999999766e+00 0.000000000000000000e+00
2.333250000000000046e+00 1.007230457616969943e-05
2.336750000000000327e+00 1.164339937531622127e-05
2.340250000000000163e+00 5.836161562911001965e-06
2.343750000000000000e+00 9.468838470638729632e-06
2.347249999999999837e+00 1.891345391413778998e-06
2.350750000000000117e+00 3.973491857323097065e-06
2.354249999999999954e+00 5.752620836574351415e-06
2.357750000000000234e+00 0.000000000000000000e+00
2.361250000000000071e+00 5.223320385994156823e-06
2.364749999999999908e+00 4.297846771805780008e-06
2.368250000000000188e+00 1.834599788708146662e-05
2.371750000000000025e+00 0.000000000000000000e+00
2.375250000000000306e+00 1.058274392562452704e-06
2.378750000000000142e+00 9.196914106723852456e-06
2.382249999999999979e+00 0.000000000000000000e+00
2.385749999999999815e+00 4.683664883486926556e-06
2.389250000000000096e+00 6.038430456101195887e-06
2.392749999999999932e+00 1.785556378308683634e-05
2.396250000000000213e+00 6.620213298447197303e-06
2.399750000000000050e+00 1.054694348567863926e-05
2.403249999999999886e+00 6.660938197455834597e-06
2.406750000000000167e+00 1.197829351440304890e-05
2.410250000000000004e+00 1.111375149775994942e-05
2.413750000000000284e+00 6.583885806321632117e-06
2.417250000000000121e+00 5.421244622993981466e-06
2.420749999999999957e+00 0.000000000000000000e+00
2.424249999999999794e+00 0.000000000000000000e+00
2.427750000000000075e+00 1.305088426306610927e-05
2.431250000000000355e+00 1.935632280947174877e-05
2.434750000000000192e+00 0.000000000000000000e+00
2.438250000000000028e+00 2.594697980384808034e-05
2.441749999999999865e+00 6.795132776460377499e-06
2.445250000000000146e+00 1.992339639400597662e-05
2.448749999999999982e+00 5.742058419855311513e-06
2.452250000000000263e+00 0.000000000000000000e+00
2.455750000000000099e+00 6.441453024308430031e-06
2.459249999999999936e+00 0.000000000000000000e+00
2.462749999999999773e+00 0.000000000000000000e+00
2.466250000000000053e+00 5.658423560817027465e-06
2.469750000000000334e+00 0.000000000000000000e+00
2.473250000000000171e+00 1.377356784360017627e-05
2.476750000000000007e+00 6.436801868403563276e-06
2.480249999999999844e+00 5.998918823024723679e-06
2.483750000000000124e+00 0.000000000000000000e+00
2.487249999999999961e+00 0.000000000000000000e+00
2.490750000000000242e+00 0.000000000000000000e+00
2.494250000000000078e+00 9.961435353034175932e-06
2.497749999999999915e+00 0.000000000000000000e+00
2.501250000000000195e+00 1.482601237512426451e-05
2.504750000000000032e+00 7.435658517351839691e-06
2.508250000000000313e+00 0.000000000000000000e+00
2.511750000000000149e+00 0.000000000000000000e+00
2.515249999999999986e+00 0.000000000000000000e+00
2.518749999999999822e+00 6.824467163824010640e-06
2.522250000000000103e+00 1.433129364158958197e-05
2.525749999999999940e+00 6.899537766003049910e-06
2.529250000000000220e+00 0.000000000000000000e+00
2.532750000000000057e+00 7.758932042634114623e-06
2.536249999999999893e+00 0.000000000000000000e+00
2.539750000000000174e+00 8.760864147916436195e-06
2.543250000000000011e+00 7.593973805342102423e-06
2.546750000000000291e+00 7.329022992053069174e-06
2.550250000000000128e+00 8.129217349051032215e-06
2.553749999999999964e+00 7.828418347344268113e-06
2.557249999999999801e+00 1.599051756784319878e-05
2.560750000000000082e+00 3.594586814870126545e-06
2.564250000000000362e+00 0.000000000000000000e+00
2.567750000000000199e+00 8.368238923139870167e-06
2.571250000000000036e+00 0.000000000000000000e+00
2.574749999999999872e+00 7.775138328725006431e-06
2.578250000000000153e+00 7.549596830358495936e-06
2.581749999999999989e+00 0.000000000000000000e+00
2.585250000000000270e+00 0.000000000000000000e+00
2.588750000000000107e+00 7.371213541773613542e-06
2.592249999999999943e+00 1.653925392020028085e-05
2.595749999999999780e+00 8.660708772367797792e-06
2.599250000000000060e+00 1.617269845155533403e-05
2.602750000000000341e+00 0.000000000000000000e+00
2.606250000000000178e+00 7.448861651937477291e-06
2.609750000000000014e+00 0.000000000000000000e+00
2.613249999999999851e+00 1.610764957149513066e-05
2.616750000000000131e+00 8.641633939987514168e-06
2.620249999999999968e+00 8.844656804285477847e-06
2.623750000000000249e+00 0.000000000000000000e+00
2.627250000000000085e+00 8.858281944412738085e-06
2.630749999999999922e+00 0.000000000000000000e+00
2.634250000000000203e+00 0.000000000000000000e+00
2.637750000000000039e+00 0.000000000000000000e+00
2.641250000000000320e+00 1.675342537055257708e-05
2.644750000000000156e+00 9.117978152062278241e-06
2.648249999999999993e+00 1.320441151619888842e-05
2.651749999999999829e+00 9.020248398883268237e-06
2.655250000000000110e+00 1.498064921179320663e-05
2.658749999999999947e+00 2.789077370835002512e-05
2.662250000000000227e+00 0.000000000000000000e+00
2.665750000000000064e+00 8.049835741985589266e-06
2.669249999999999901e+00 8.858556611812673509e-06
2.672750000000000181e+00 0.000000000000000000e+00
2.676250000000000018e+00 0.000000000000000000e+00
2.679750000000000298e+00 1.690743556537199765e-05
2.683250000000000135e+00 0.000000000000000000e+00
2.686749999999999972e+00 1.833048372645862401e-05
2.690249999999999808e+00 6.053827746654860675e-06
2.693750000000000089e+00 9.400618182553444058e-06
2.697250000000000369e+00 1.760990926413796842e-05
2.700750000000000206e+00 9.125591532210819423e-06
2.704250000000000043e+00 0.000000000000000000e+00
2.707749999999999879e+00 1.834705653891433030e-05
2.711250000000000160e+00 0.000000000000000000e+00
2.714749999999999996e+00 2.693016313060070388e-06
2.718250000000000277e+00 9.849539310380350798e-06
2.721750000000000114e+00 0.000000000000000000e+00
2.725249999999999950e+00 4.178827111900318414e-06
2.728749999999999787e+00 0.000000000000000000e+00
2.732250000000000068e+00 9.595082701707724482e-06
2.735750000000000348e+00 1.473169959353981540e-05
2.739250000000000185e+00 0.000000000000000000e+00
2.742750000000000021e+00 0.000000000000000000e+00
2.746249999999999858e+00 0.000000000000000000e+00
2.749750000000000139e+00 0.000000000000000000e+00
2.753249999999999975e+00 1.022612195811234415e-05
2.756750000000000256e+00 1.042841358867008239e-05
2.760250000000000092e+00 0.000000000000000000e+00
2.763749999999999929e+00 2.094757655868306756e-05
2.767249999999999766e+00 9.657384907768573612e-06
2.770750000000000046e+00 0.000000000000000000e+00
2.774250000000000327e+00 1.046050874720094725e-05
2.777750000000000163e+00 0.000000000000000000e+00
2.781250000000000000e+00 0.000000000000000000e+00
2.784749999999999837e+00 2.067129207716789097e-05
2.788250000000000117e+00 0.000000000000000000e+00
2.791749999999999954e+00 1.092047568818088621e-05
2.795250000000000234e+00 8.279885150841437280e-06
2.798750000000000071e+00 0.000000000000000000e+00
2.802249999999999908e+00 9.341591066913679242e-06
2.805750000000000188e+00 0.000000000000000000e+00
2.809250000000000025e+00 1.083226743503473699e-05
2.812750000000000306e+00 0.000000000000000000e+00
2.816250000000000142e+00 0.000000000000000000e+00
2.819749999999999979e+00 2.139181196980644017e-05
2.823249999999999815e+00 1.088141107175033540e-05
2.826750000000000096e+00 1.109766435547498986e-05
2.830249999999999932e+00 0.000000000000000000e+00
2.833750000000000213e+00 7.646802259841933846e-06
2.837250000000000050e+00 1.091111516871023923e-05
2.840749999999999886e+00 1.119694388762582093e-05
2.844250000000000167e+00 0.000000000000000000e+00
2.847750000000000004e+00 1.007738683256320655e-05
2.851250000000000284e+00 1.068639994628028944e-05
2.854750000000000121e+00 1.157626866188365966e-05
2.858249999999999957e+00 0.000000000000000000e+00
2.861749999999999794e+00 1.160963256552349776e-05
2.865250000000000075e+00 0.000000000000000000e+00
2.868750000000000355e+00 1.113941743824398145e-05
2.872250000000000192e+00 2.315973870281595737e-05
2.875750000000000028e+00 0.000000000000000000e+00
2.879249999999999865e+00 0.000000000000000000e+00
2.882750000000000146e+00 1.146533031715080142e-05
2.886249999999999982e+00 0.000000000000000000e+00
2.889750000000000263e+00 0.000000000000000000e+00
2.893250000000000099e+00 0.000000000000000000e+00
2.896749999999999936e+00 0.000000000000000000e+00
2.900249999999999773e+00 1.179653099825372919e-05
2.903750000000000053e+00 2.233143277408089489e-05
2.907250000000000334e+00 2.324895467609167099e-05
2.910750000000000171e+00 0.000000000000000000e+00
2.914250000000000007e+00 0.000000000000000000e+00
2.917749999999999844e+00 1.237455489899730310e-05
2.921250000000000124e+00 0.000000000000000000e+00
2.924749999999999961e+00 0.000000000000000000e+00
2.928250000000000242e+00 1.191146748169558123e-05
2.931750000000000078e+00 1.238211916643194854e-05
2.935249999999999915e+00 0.000000000000000000e+00
2.938750000000000195e+00 0.000000000000000000e+00
2.942250000000000032e+00 0.000000000000000000e+00
2.945750000000000313e+00 0.000000000000000000e+00
2.949250000000000149e+00 2.372856579313520342e-05
2.952749999999999986e+00 0.000000000000000000e+00
2.956249999999999822e+00 0.000000000000000000e+00
2.959750000000000103e+00 0.000000000000000000e+00
2.963249999999999940e+00 1.303847420786041766e-05
2.966750000000000220e+00 0.000000000000000000e+00
2.970250000000000057e+00 0.000000000000000000e+00
2.973749999999999893e+00 0.000000000000000000e+00
2.977250000000000174e+00 3.912995089194737375e-05
2.980750000000000011e+00 0.000000000000000000e+00
2.984250000000000291e+00 0.000000000000000000e+00
2.987750000000000128e+00 1.324415643466636539e-05
2.991249999999999964e+00 0.000000000000000000e+00
2.994749999999999801e+00 0.000000000000000000e+00
2.998250000000000082e+00 0.000000000000000000e+00
