-4.982499999999999707e-01 0.000000000000000000e+00
-4.947500000000000231e-01 0.000000000000000000e+00
-4.912499999999999645e-01 0.000000000000000000e+00
-4.877500000000000169e-01 0.000000000000000000e+00
-4.842499999999999583e-01 0.000000000000000000e+00
-4.807500000000000107e-01 0.000000000000000000e+00
-4.772499999999999520e-01 0.000000000000000000e+00
-4.737500000000000044e-01 0.000000000000000000e+00
-4.702500000000000013e-01 0.000000000000000000e+00
-4.667499999999999982e-01 0.000000000000000000e+00
-4.632499999999999951e-01 0.000000000000000000e+00
-4.597499999999999920e-01 0.000000000000000000e+00
-4.562500000000000444e-01 0.000000000000000000e+00
-4.527499999999999858e-01 0.000000000000000000e+00
-4.492500000000000382e-01 0.000000000000000000e+00
-4.457499999999999796e-01 0.000000000000000000e+00
-4.422500000000000320e-01 0.000000000000000000e+00
-4.387499999999999734e-01 0.000000000000000000e+00
-4.352500000000000258e-01 0.000000000000000000e+00
-4.317499999999999671e-01 0.000000000000000000e+00
-4.282500000000000195e-01 0.000000000000000000e+00
-4.247499999999999609e-01 0.000000000000000000e+00
-4.212500000000000133e-01 0.000000000000000000e+00
-4.177499999999999547e-01 0.000000000000000000e+00
-4.142500000000000071e-01 0.000000000000000000e+00
-4.107500000000000040e-01 0.000000000000000000e+00
-4.072500000000000009e-01 0.000000000000000000e+00
-4.037499999999999978e-01 0.000000000000000000e+00
-4.002499999999999947e-01 0.000000000000000000e+00
-3.967499999999999916e-01 0.000000000000000000e+00
-3.932499999999999885e-01 0.000000000000000000e+00
-3.897500000000000409e-01 0.000000000000000000e+00
-3.862499999999999822e-01 0.000000000000000000e+00
-3.827500000000000346e-01 0.000000000000000000e+00
-3.792499999999999760e-01 0.000000000000000000e+00
-3.757500000000000284e-01 0.000000000000000000e+00
-3.722499999999999698e-01 0.000000000000000000e+00
-3.687500000000000222e-01 0.000000000000000000e+00
-3.652499999999999636e-01 0.000000000000000000e+00
-3.617500000000000160e-01 0.000000000000000000e+00
-3.582499999999999574e-01 0.000000000000000000e+00
-3.547500000000000098e-01 0.000000000000000000e+00
-3.512500000000000067e-01 0.000000000000000000e+00
-3.477500000000000036e-01 0.000000000000000000e+00
-3.442500000000000004e-01 0.000000000000000000e+00
-3.407499999999999973e-01 0.000000000000000000e+00
-3.372499999999999942e-01 0.000000000000000000e+00
-3.337499999999999911e-01 0.000000000000000000e+00
-3.302499999999999880e-01 0.000000000000000000e+00
-3.267499999999999849e-01 0.000000000000000000e+00
-3.232499999999999818e-01 0.000000000000000000e+00
-3.197499999999999787e-01 0.000000000000000000e+00
-3.162500000000000311e-01 0.000000000000000000e+00
-3.127499999999999725e-01 0.000000000000000000e+00
-3.092500000000000249e-01 0.000000000000000000e+00
-3.057499999999999662e-01 0.000000000000000000e+00
-3.022500000000000187e-01 0.000000000000000000e+00
-2.987499999999999600e-01 0.000000000000000000e+00
-2.952500000000000124e-01 0.000000000000000000e+00
-2.917500000000000093e-01 0.000000000000000000e+00
-2.882500000000000062e-01 0.000000000000000000e+00
-2.847500000000000031e-01 0.000000000000000000e+00
-2.812500000000000000e-01 0.000000000000000000e+00
-2.777499999999999969e-01 0.000000000000000000e+00
-2.742499999999999938e-01 0.000000000000000000e+00
-2.707499999999999907e-01 5.492870968737406656e-06
-2.672499999999999876e-01 1.630544102226849645e-05
-2.637499999999999845e-01 1.624455035198479891e-05
-2.602499999999999813e-01 5.896870789001695812e-05
-2.567500000000000338e-01 1.334566622972488403e-04
-2.532499999999999751e-01 2.289042749907821417e-04
-2.497499999999999998e-01 4.548616998363286257e-04
-2.462499999999999967e-01 7.999264635145664215e-04
-2.427499999999999936e-01 1.345759024843573570e-03
-2.392499999999999905e-01 2.185654127970337868e-03
-2.357499999999999873e-01 3.709382377564907074e-03
-2.322499999999999842e-01 5.464189220219850540e-03
-2.287499999999999811e-01 8.428921923041343689e-03
-2.252499999999999780e-01 1.253449730575084686e-02
-2.217499999999999749e-01 1.890615746378898621e-02
-2.182499999999999718e-01 2.595873735845088959e-02
-2.147499999999999687e-01 3.681161627173423767e-02
-2.112499999999999933e-01 4.909935966134071350e-02
-2.077500000000000180e-01 6.623898446559906006e-02
-2.042500000000000149e-01 8.763852715492248535e-02
-2.007500000000000118e-01 1.133208870887756348e-01
-1.972500000000000087e-01 1.460669636726379395e-01
-1.937500000000000056e-01 1.820504218339920044e-01
-1.902500000000000024e-01 2.292697578668594360e-01
-1.867499999999999993e-01 2.819124460220336914e-01
-1.832499999999999962e-01 3.454395532608032227e-01
-1.797499999999999931e-01 4.146490693092346191e-01
-1.762499999999999900e-01 4.957087337970733643e-01
-1.727499999999999869e-01 5.840620994567871094e-01
-1.692499999999999838e-01 6.846439242362976074e-01
-1.657499999999999807e-01 7.949419617652893066e-01
-1.622499999999999776e-01 9.112572073936462402e-01
-1.587499999999999745e-01 1.044572234153747559e+00
-1.552499999999999714e-01 1.185156226158142090e+00
-1.517499999999999682e-01 1.330581068992614746e+00
-1.482499999999999929e-01 1.495800137519836426e+00
-1.447500000000000175e-01 1.658476948738098145e+00
-1.412500000000000144e-01 1.831176877021789551e+00
-1.377500000000000113e-01 2.010222434997558594e+00
-1.342500000000000082e-01 2.187535524368286133e+00
-1.307500000000000051e-01 2.384845018386840820e+00
-1.272500000000000020e-01 2.564903974533081055e+00
-1.237499999999999989e-01 2.756340742111206055e+00
-1.202499999999999958e-01 2.956930875778198242e+00
-1.167499999999999927e-01 3.139446496963500977e+00
-1.132499999999999896e-01 3.331850290298461914e+00
-1.097499999999999865e-01 3.507850885391235352e+00
-1.062499999999999833e-01 3.684522390365600586e+00
-1.027499999999999802e-01 3.862592697143554688e+00
-9.924999999999997713e-02 4.021195411682128906e+00
-9.574999999999997402e-02 4.176826477050781250e+00
-9.224999999999997091e-02 4.324786663055419922e+00
-8.874999999999996780e-02 4.467844009399414062e+00
-8.524999999999999245e-02 4.587263107299804688e+00
-8.175000000000001710e-02 4.698554515838623047e+00
-7.825000000000001399e-02 4.803869724273681641e+00
-7.475000000000001088e-02 4.890410423278808594e+00
-7.125000000000000777e-02 4.969712734222412109e+00
-6.775000000000000466e-02 5.025524139404296875e+00
-6.425000000000000155e-02 5.087125301361083984e+00
-6.074999999999999845e-02 5.114747047424316406e+00
-5.724999999999999534e-02 5.152694702148437500e+00
-5.374999999999999223e-02 5.163658142089843750e+00
-5.024999999999998912e-02 5.173784255981445312e+00
-4.674999999999998601e-02 5.175867557525634766e+00
-4.324999999999998290e-02 5.147940635681152344e+00
-3.974999999999997979e-02 5.111080169677734375e+00
-3.624999999999997669e-02 5.076985359191894531e+00
-3.274999999999997358e-02 5.029822826385498047e+00
-2.924999999999997047e-02 4.965221405029296875e+00
-2.574999999999996736e-02 4.904713153839111328e+00
-2.224999999999996425e-02 4.827641487121582031e+00
-1.874999999999998890e-02 4.755518436431884766e+00
-1.525000000000001354e-02 4.656825542449951172e+00
-1.175000000000001044e-02 4.566946506500244141e+00
-8.250000000000007327e-03 4.462330818176269531e+00
-4.750000000000004219e-03 4.360226154327392578e+00
-1.249999999999973355e-03 4.247959613800048828e+00
2.250000000000029754e-03 4.145322799682617188e+00
5.750000000000032863e-03 4.032399654388427734e+00
9.250000000000035971e-03 3.917345523834228516e+00
1.274999999999998357e-02 3.804010391235351562e+00
1.624999999999998668e-02 3.686698198318481445e+00
1.974999999999998979e-02 3.573396205902099609e+00
2.324999999999999289e-02 3.455166816711425781e+00
2.674999999999999600e-02 3.335714578628540039e+00
3.024999999999999911e-02 3.224718570709228516e+00
3.375000000000000222e-02 3.099445819854736328e+00
3.725000000000000533e-02 2.993537902832031250e+00
4.075000000000000844e-02 2.881392478942871094e+00
4.425000000000001155e-02 2.764833450317382812e+00
4.775000000000001465e-02 2.653507947921752930e+00
5.125000000000001776e-02 2.547070741653442383e+00
5.475000000000002087e-02 2.441411733627319336e+00
5.825000000000002398e-02 2.338826417922973633e+00
6.175000000000002709e-02 2.236963033676147461e+00
6.525000000000003020e-02 2.141435861587524414e+00
6.875000000000003331e-02 2.047803878784179688e+00
7.225000000000003642e-02 1.955774307250976562e+00
7.575000000000003952e-02 1.870524883270263672e+00
7.924999999999998712e-02 1.782937169075012207e+00
8.274999999999999023e-02 1.702962160110473633e+00
8.624999999999999334e-02 1.621019005775451660e+00
8.974999999999999645e-02 1.540093660354614258e+00
9.324999999999999956e-02 1.472586512565612793e+00
9.675000000000000266e-02 1.396531105041503906e+00
1.002500000000000058e-01 1.330420970916748047e+00
1.037500000000000089e-01 1.265075683593750000e+00
1.072500000000000120e-01 1.200067877769470215e+00
1.107500000000000151e-01 1.141093254089355469e+00
1.142500000000000182e-01 1.084357500076293945e+00
1.177500000000000213e-01 1.028251290321350098e+00
1.212500000000000244e-01 9.756333827972412109e-01
1.247500000000000275e-01 9.267271161079406738e-01
1.282500000000000306e-01 8.777109980583190918e-01
1.317500000000000338e-01 8.334973454475402832e-01
1.352500000000000369e-01 7.895296812057495117e-01
1.387499999999999845e-01 7.472087740898132324e-01
1.422499999999999876e-01 7.075189352035522461e-01
1.457499999999999907e-01 6.701194643974304199e-01
1.492499999999999938e-01 6.354278326034545898e-01
1.527499999999999969e-01 6.028051376342773438e-01
1.562500000000000000e-01 5.694563388824462891e-01
1.597500000000000031e-01 5.406100749969482422e-01
1.632500000000000062e-01 5.087619423866271973e-01
1.667500000000000093e-01 4.816378951072692871e-01
1.702500000000000124e-01 4.582750797271728516e-01
1.737500000000000155e-01 4.330164492130279541e-01
1.772500000000000187e-01 4.094091653823852539e-01
1.807500000000000218e-01 3.872575461864471436e-01
1.842500000000000249e-01 3.643801808357238770e-01
1.877500000000000280e-01 3.480679988861083984e-01
1.912500000000000311e-01 3.286359906196594238e-01
1.947500000000000342e-01 3.105964362621307373e-01
1.982500000000000373e-01 2.949197888374328613e-01
2.017500000000000404e-01 2.769258618354797363e-01
2.052499999999999880e-01 2.628385424613952637e-01
2.087499999999999911e-01 2.481977641582489014e-01
2.122499999999999942e-01 2.352847009897232056e-01
2.157499999999999973e-01 2.231986224651336670e-01
2.192500000000000004e-01 2.104278951883316040e-01
2.227500000000000036e-01 1.978946477174758911e-01
2.262500000000000067e-01 1.875820159912109375e-01
2.297500000000000098e-01 1.794316023588180542e-01
2.332500000000000129e-01 1.689100861549377441e-01
2.367500000000000160e-01 1.592269092798233032e-01
2.402500000000000191e-01 1.511717289686203003e-01
2.437500000000000222e-01 1.429182589054107666e-01
2.472500000000000253e-01 1.355678737163543701e-01
2.507500000000000284e-01 1.285347342491149902e-01
2.542500000000000315e-01 1.207866221666336060e-01
2.577500000000000346e-01 1.143250912427902222e-01
2.612500000000000377e-01 1.090058833360671997e-01
2.647500000000000409e-01 1.033665016293525696e-01
2.682500000000000440e-01 9.799571335315704346e-02
2.717499999999999916e-01 9.206321835517883301e-02
2.752499999999999947e-01 8.795192092657089233e-02
2.787499999999999978e-01 8.336444944143295288e-02
2.822500000000000009e-01 7.879164069890975952e-02
2.857500000000000040e-01 7.485835254192352295e-02
2.892500000000000071e-01 7.123517990112304688e-02
2.927500000000000102e-01 6.783545017242431641e-02
2.962500000000000133e-01 6.364314258098602295e-02
2.997500000000000164e-01 6.036515533924102783e-02
3.032500000000000195e-01 5.778338015079498291e-02
3.067500000000000226e-01 5.497441068291664124e-02
3.102500000000000258e-01 5.186862498521804810e-02
3.137500000000000289e-01 4.965778812766075134e-02
3.172500000000000320e-01 4.677049070596694946e-02
3.207500000000000351e-01 4.435512796044349670e-02
3.242500000000000382e-01 4.212499037384986877e-02
3.277500000000000413e-01 4.002070799469947815e-02
3.312499999999999889e-01 3.812436014413833618e-02
3.347499999999999920e-01 3.593468293547630310e-02
3.382499999999999951e-01 3.437162563204765320e-02
3.417499999999999982e-01 3.250373154878616333e-02
3.452500000000000013e-01 3.143178299069404602e-02
3.487500000000000044e-01 2.927180379629135132e-02
3.522500000000000075e-01 2.820763364434242249e-02
3.557500000000000107e-01 2.689538896083831787e-02
3.592500000000000138e-01 2.538037300109863281e-02
3.627500000000000169e-01 2.418898046016693115e-02
3.662500000000000200e-01 2.263813279569149017e-02
3.697500000000000231e-01 2.206752076745033264e-02
3.732500000000000262e-01 2.112547867000102997e-02
3.767500000000000293e-01 1.965204067528247833e-02
3.802500000000000324e-01 1.877286285161972046e-02
3.837500000000000355e-01 1.768394559621810913e-02
3.872500000000000386e-01 1.711101271212100983e-02
3.907500000000000417e-01 1.623529382050037384e-02
3.942500000000000449e-01 1.537592988461256027e-02
3.977499999999999925e-01 1.480316184461116791e-02
4.012499999999999956e-01 1.410540658980607986e-02
4.047499999999999987e-01 1.357116270810365677e-02
4.082500000000000018e-01 1.277276780456304550e-02
4.117500000000000049e-01 1.214522682130336761e-02
4.152500000000000080e-01 1.171559840440750122e-02
4.187500000000000111e-01 1.112872455269098282e-02
4.222500000000000142e-01 1.060994621366262436e-02
4.257500000000000173e-01 9.829801507294178009e-03
4.292500000000000204e-01 9.522659704089164734e-03
4.327500000000000235e-01 9.083813056349754333e-03
4.362500000000000266e-01 8.523573167622089386e-03
4.397500000000000298e-01 8.148665539920330048e-03
4.432500000000000329e-01 7.951088249683380127e-03
4.467500000000000360e-01 7.526671048253774643e-03
4.502500000000000391e-01 7.295538671314716339e-03
4.537500000000000422e-01 6.950930692255496979e-03
4.572500000000000453e-01 6.789475679397583008e-03
4.607500000000000484e-01 6.372930016368627548e-03
4.642499999999999960e-01 6.054523866623640060e-03
4.677499999999999991e-01 5.643306765705347061e-03
4.712500000000000022e-01 5.538137629628181458e-03
4.747500000000000053e-01 5.246114917099475861e-03
4.782500000000000084e-01 4.850705154240131378e-03
4.817500000000000115e-01 4.915779922157526016e-03
4.852500000000000147e-01 4.561636596918106079e-03
4.887500000000000178e-01 4.377999342978000641e-03
4.922500000000000209e-01 4.242162220180034637e-03
4.957500000000000240e-01 4.163518548011779785e-03
4.992500000000000826e-01 3.814947558566927910e-03
5.027500000000000302e-01 3.665068186819553375e-03
5.062499999999999778e-01 3.508612280711531639e-03
5.097500000000000364e-01 3.543140133842825890e-03
5.132500000000000950e-01 3.147599985823035240e-03
5.167500000000000426e-01 3.135004546493291855e-03
5.202499999999999902e-01 3.113333135843276978e-03
5.237500000000000488e-01 2.951549366116523743e-03
5.272499999999999964e-01 2.698964672163128853e-03
5.307499999999999440e-01 2.692898269742727280e-03
5.342500000000000027e-01 2.539184875786304474e-03
5.377500000000000613e-01 2.434906782582402229e-03
5.412500000000000089e-01 2.386214211583137512e-03
5.447499999999999565e-01 2.329714829102158546e-03
5.482500000000000151e-01 2.184357028454542160e-03
5.517500000000000737e-01 2.141991863027215004e-03
5.552500000000000213e-01 2.011633710935711861e-03
5.587499999999999689e-01 1.944747869856655598e-03
5.622500000000000275e-01 1.829513465054333210e-03
5.657500000000000862e-01 1.867790939286351204e-03
5.692500000000000338e-01 1.739296014420688152e-03
5.727499999999999813e-01 1.761554041877388954e-03
5.762500000000000400e-01 1.624373137019574642e-03
5.797500000000000986e-01 1.654852065257728100e-03
5.832500000000000462e-01 1.505864784121513367e-03
5.867499999999999938e-01 1.404684386216104031e-03
5.902500000000000524e-01 1.425544382072985172e-03
5.937500000000000000e-01 1.377373584546148777e-03
5.972499999999999476e-01 1.345198834314942360e-03
6.007500000000000062e-01 1.162066240794956684e-03
6.042500000000000648e-01 1.216215547174215317e-03
6.077500000000000124e-01 1.143521280027925968e-03
6.112499999999999600e-01 1.109375152736902237e-03
6.147500000000000187e-01 1.134320744313299656e-03
6.182500000000000773e-01 1.059550326317548752e-03
6.217500000000000249e-01 1.252200803719460964e-03
6.252499999999999725e-01 1.024871482513844967e-03
6.287500000000000311e-01 9.414185769855976105e-04
6.322500000000000897e-01 9.424873860552906990e-04
6.357500000000000373e-01 8.792746812105178833e-04
6.392499999999999849e-01 8.850164595060050488e-04
6.427500000000000435e-01 8.785980753600597382e-04
6.462500000000001021e-01 9.073433466255664825e-04
6.497500000000000497e-01 7.946732803247869015e-04
6.532499999999999973e-01 8.535974775440990925e-04
6.567500000000000560e-01 7.259064586833119392e-04
6.602500000000000036e-01 7.218719110824167728e-04
6.637499999999999512e-01 7.364021148532629013e-04
6.672500000000000098e-01 6.520597962662577629e-04
6.707500000000000684e-01 6.912319804541766644e-04
6.742500000000000160e-01 5.791134317405521870e-04
6.777499999999999636e-01 6.062784232199192047e-04
6.812500000000000222e-01 6.450737128034234047e-04
6.847500000000000808e-01 5.795310134999454021e-04
6.882500000000000284e-01 6.997737800702452660e-04
6.917499999999999760e-01 6.619094638153910637e-04
6.952500000000000346e-01 5.291716079227626324e-04
6.987500000000000933e-01 5.997726693749427795e-04
7.022500000000000409e-01 5.185113986954092979e-04
7.057499999999999885e-01 5.705562070943415165e-04
7.092500000000000471e-01 4.523001553025096655e-04
7.127500000000001057e-01 5.189890507608652115e-04
7.162500000000000533e-01 4.041943175252526999e-04
7.197500000000000009e-01 4.136909847147762775e-04
7.232500000000000595e-01 4.764625628013163805e-04
7.267500000000000071e-01 4.710207285825163126e-04
7.302499999999999547e-01 3.741163818631321192e-04
7.337500000000000133e-01 4.652209754567593336e-04
7.372500000000000719e-01 4.260507994331419468e-04
7.407500000000000195e-01 4.155606729909777641e-04
7.442499999999999671e-01 4.160880343988537788e-04
7.477500000000000258e-01 4.454929148778319359e-04
7.512500000000000844e-01 3.319873940199613571e-04
7.547500000000000320e-01 3.891240630764514208e-04
7.582499999999999796e-01 3.924688789993524551e-04
7.617500000000000382e-01 3.668253484647721052e-04
7.652500000000000968e-01 3.675991320051252842e-04
7.687500000000000444e-01 3.217133344151079655e-04
7.722499999999999920e-01 3.470575320534408092e-04
7.757500000000000506e-01 3.133096324745565653e-04
7.792499999999999982e-01 3.017396375071257353e-04
7.827499999999999458e-01 3.029224171768873930e-04
7.862500000000000044e-01 2.592346572782844305e-04
7.897500000000000631e-01 4.520123766269534826e-04
7.932500000000000107e-01 3.106497169937938452e-04
7.967499999999999583e-01 2.468794700689613819e-04
8.002500000000000169e-01 2.445773570798337460e-04
8.037500000000000755e-01 2.572505036368966103e-04
8.072500000000000231e-01 2.968373883049935102e-04
8.107499999999999707e-01 3.464485344011336565e-04
8.142500000000000293e-01 3.482758475001901388e-04
8.177500000000000879e-01 2.778074122034013271e-04
8.212500000000000355e-01 7.285880274139344692e-04
8.247499999999999831e-01 3.477352729532867670e-04
8.282500000000000417e-01 2.397943317191675305e-04
8.317500000000001004e-01 2.141304285032674670e-04
8.352500000000000480e-01 2.603751490823924541e-04
8.387499999999999956e-01 7.612139452248811722e-04
8.422500000000000542e-01 3.978433378506451845e-04
8.457500000000000018e-01 1.979847438633441925e-04
8.492499999999999494e-01 2.501929411664605141e-04
8.527500000000000080e-01 3.221293154638260603e-04
8.562500000000000666e-01 2.912276831921190023e-04
8.597500000000000142e-01 2.176460548071190715e-04
8.632499999999999618e-01 1.979686639970168471e-04
8.667500000000000204e-01 1.860463526099920273e-04
8.702500000000000790e-01 3.090029640588909388e-04
8.737500000000000266e-01 1.547299179947003722e-04
8.772499999999999742e-01 1.485562534071505070e-04
8.807500000000000329e-01 1.673033693805336952e-04
8.842500000000000915e-01 2.553836675360798836e-04
8.877500000000000391e-01 1.700439315754920244e-04
8.912499999999999867e-01 2.051213232334703207e-04
8.947500000000000453e-01 1.489536662120372057e-04
8.982500000000001039e-01 1.748403738019987941e-04
9.017500000000000515e-01 3.636950568761676550e-04
9.052499999999999991e-01 3.099332388956099749e-04
9.087500000000000577e-01 1.341337192570790648e-04
9.122500000000000053e-01 1.646834280109032989e-04
9.157499999999999529e-01 3.518215671647340059e-04
9.192500000000000115e-01 2.546653267927467823e-04
9.227500000000000702e-01 1.765527995303273201e-04
9.262500000000000178e-01 1.991183526115491986e-04
9.297499999999999654e-01 1.684565795585513115e-04
9.332500000000000240e-01 1.270093052880838513e-04
9.367500000000000826e-01 3.245994157623499632e-04
9.402500000000000302e-01 2.439155650790780783e-04
9.437499999999999778e-01 1.950191945070400834e-04
9.472500000000000364e-01 2.750030835159122944e-04
9.507500000000000950e-01 1.752941898303106427e-04
9.542500000000000426e-01 1.600855757715180516e-04
9.577499999999999902e-01 1.832448324421420693e-04
9.612500000000000488e-01 3.206224355380982161e-04
9.647500000000001075e-01 2.463223354425281286e-04
9.682500000000000551e-01 1.767535432009026408e-04
9.717500000000000027e-01 1.068132332875393331e-04
9.752500000000000613e-01 1.853504945756867528e-04
9.787500000000000089e-01 1.731031807139515877e-04
9.822499999999999565e-01 2.670411486178636551e-04
9.857500000000000151e-01 1.057730914908461273e-04
9.892500000000000737e-01 1.674069208092987537e-04
9.927500000000000213e-01 1.587941660545766354e-04
9.962499999999999689e-01 1.656318345339968801e-04
9.997500000000000275e-01 1.355761341983452439e-04
1.003249999999999975e+00 4.375815915409475565e-04
1.006750000000000034e+00 1.775260752765461802e-04
1.010250000000000092e+00 1.654114166740328074e-04
1.013749999999999929e+00 2.471099724061787128e-04
1.017250000000000210e+00 1.860236661741510034e-04
1.020750000000000046e+00 4.204510769341140985e-04
1.024249999999999883e+00 9.323526319349184632e-05
1.027750000000000163e+00 1.385732903145253658e-04
1.031250000000000000e+00 8.885787246981635690e-05
1.034750000000000059e+00 1.044462114805355668e-04
1.038250000000000117e+00 1.775847485987469554e-04
1.041749999999999954e+00 2.802149974741041660e-04
1.045250000000000012e+00 1.065340766217559576e-04
1.048750000000000071e+00 4.196357040200382471e-04
1.052249999999999908e+00 3.101169131696224213e-04
1.055750000000000188e+00 1.359828602289780974e-04
1.059250000000000025e+00 1.636983943171799183e-04
1.062749999999999861e+00 1.963765826076269150e-04
1.066250000000000142e+00 7.650526822544634342e-05
1.069749999999999979e+00 1.782505860319361091e-04
1.073250000000000037e+00 2.082952123600989580e-04
1.076750000000000096e+00 1.219125406350940466e-04
1.080249999999999932e+00 1.409094547852873802e-04
1.083750000000000213e+00 2.214595006080344319e-04
1.087250000000000050e+00 1.285607722820714116e-04
1.090749999999999886e+00 4.170115571469068527e-04
1.094250000000000167e+00 9.150560799753293395e-05
1.097750000000000004e+00 1.833837304729968309e-04
1.101250000000000062e+00 7.268290937645360827e-05
1.104750000000000121e+00 1.337154244538396597e-04
1.108249999999999957e+00 6.331195472739636898e-04
1.111750000000000016e+00 6.723226397298276424e-05
1.115250000000000075e+00 9.594183211447671056e-05
1.118749999999999911e+00 2.167293278034776449e-04
1.122250000000000192e+00 7.888297113822773099e-05
1.125750000000000028e+00 8.648011862533167005e-05
1.129249999999999865e+00 1.271099317818880081e-04
1.132750000000000146e+00 1.781816099537536502e-04
1.136249999999999982e+00 1.132824691012501717e-04
1.139750000000000041e+00 9.238046914106234908e-05
1.143250000000000099e+00 6.364520959323272109e-05
1.146749999999999936e+00 2.099674748023971915e-04
1.150250000000000217e+00 6.419108831323683262e-05
1.153750000000000053e+00 1.137284707510843873e-04
1.157249999999999890e+00 1.988186704693362117e-04
1.160750000000000171e+00 2.556257823016494513e-04
1.164250000000000007e+00 7.881820056354627013e-05
1.167749999999999844e+00 8.838973008096218109e-05
1.171250000000000124e+00 3.361225826665759087e-04
1.174749999999999961e+00 9.218559716828167439e-05
1.178250000000000020e+00 1.301652664551511407e-04
1.181750000000000078e+00 7.175446080509573221e-05
1.185249999999999915e+00 4.556177300401031971e-04
1.188750000000000195e+00 9.940341260517016053e-05
1.192250000000000032e+00 3.215155156794935465e-04
1.195749999999999869e+00 3.074596461374312639e-04
1.199250000000000149e+00 1.323605101788416505e-04
1.202749999999999986e+00 5.471720942296087742e-05
1.206250000000000044e+00 9.614544105716049671e-04
1.209750000000000103e+00 1.297706476179882884e-04
1.213249999999999940e+00 8.299727051053196192e-05
1.216750000000000220e+00 1.949388242792338133e-04
1.220250000000000057e+00 1.030775674735195935e-04
1.223749999999999893e+00 3.793335781665518880e-05
1.227250000000000174e+00 4.084821921424008906e-05
1.230750000000000011e+00 1.322144817095249891e-04
1.234249999999999847e+00 6.766832666471600533e-05
1.237750000000000128e+00 6.282774120336398482e-05
1.241249999999999964e+00 4.176050133537501097e-04
1.244750000000000023e+00 5.995819083182141185e-05
1.248250000000000082e+00 6.555853906320407987e-05
1.251749999999999918e+00 2.009370655287057161e-04
1.255250000000000199e+00 5.933903230470605195e-05
1.258750000000000036e+00 9.348449384560808539e-05
1.262249999999999872e+00 1.095048719434998930e-04
1.265750000000000153e+00 1.284735044464468956e-04
1.269249999999999989e+00 6.213701271917670965e-05
1.272750000000000048e+00 1.321846357313916087e-04
1.276250000000000107e+00 3.271101377322338521e-05
1.279749999999999943e+00 6.415077950805425644e-05
1.283250000000000224e+00 1.128085277741774917e-04
1.286750000000000060e+00 1.392536651110276580e-04
1.290249999999999897e+00 4.342425017966888845e-05
1.293750000000000178e+00 5.844043698743917048e-05
1.297250000000000014e+00 8.557851833757013083e-05
1.300749999999999851e+00 9.199778287438675761e-05
1.304250000000000131e+00 9.516920545138418674e-05
1.307749999999999968e+00 5.256850854493677616e-04
1.311250000000000027e+00 9.336457151221111417e-05
1.314750000000000085e+00 1.968850119737908244e-04
1.318249999999999922e+00 9.331095498055219650e-05
1.321750000000000203e+00 8.186124614439904690e-05
1.325250000000000039e+00 3.616907997638918459e-05
1.328749999999999876e+00 8.191110828192904592e-05
1.332250000000000156e+00 1.035322493407875299e-04
1.335749999999999993e+00 1.242580328835174441e-04
1.339250000000000052e+00 2.875603095162659883e-04
1.342750000000000110e+00 9.143160423263907433e-05
1.346249999999999947e+00 4.934221942676231265e-05
1.349750000000000227e+00 9.429839701624587178e-05
1.353250000000000064e+00 4.962888488080352545e-05
1.356749999999999901e+00 3.597813483793288469e-04
1.360250000000000181e+00 5.016840877942740917e-04
1.363750000000000018e+00 6.138036405900493264e-05
1.367249999999999854e+00 4.105706830159761012e-05
1.370750000000000135e+00 5.677703666151501238e-05
1.374249999999999972e+00 5.007801883039064705e-05
1.377750000000000030e+00 3.857241608784534037e-05
1.381250000000000089e+00 1.088934732251800597e-04
1.384749999999999925e+00 6.407203909475356340e-05
1.388250000000000206e+00 1.118371365009807050e-04
1.391750000000000043e+00 4.240093694534152746e-04
1.395249999999999879e+00 1.669847697485238314e-04
1.398750000000000160e+00 1.379356544930487871e-04
1.402249999999999996e+00 5.191340096644125879e-05
1.405750000000000055e+00 8.236732537625357509e-05
1.409250000000000114e+00 5.065399091108702123e-05
1.412749999999999950e+00 1.408671378158032894e-04
1.416250000000000231e+00 2.105058083543553948e-04
1.419750000000000068e+00 4.931512521579861641e-04
1.423249999999999904e+00 1.141855609603226185e-04
1.426750000000000185e+00 1.552002795506268740e-04
1.430250000000000021e+00 6.196877075126394629e-05
1.433749999999999858e+00 3.152009740006178617e-04
1.437250000000000139e+00 4.091070877620950341e-05
1.440749999999999975e+00 7.616617222083732486e-05
1.444250000000000034e+00 8.022734255064278841e-05
1.447750000000000092e+00 6.439763092203065753e-05
1.451249999999999929e+00 5.621435047942213714e-05
1.454750000000000210e+00 2.743248478509485722e-04
1.458250000000000046e+00 5.210754534346051514e-05
1.461749999999999883e+00 3.772281343117356300e-05
1.465250000000000163e+00 1.116404164349660277e-04
1.468750000000000000e+00 8.899608656065538526e-05
1.472250000000000059e+00 6.427930929930880666e-05
1.475750000000000117e+00 1.646826567593961954e-04
1.479249999999999954e+00 4.556318526738323271e-05
1.482750000000000012e+00 1.213152208947576582e-04
1.486250000000000071e+00 8.532162610208615661e-05
1.489749999999999908e+00 1.251127687282860279e-04
1.493250000000000188e+00 6.391813803929835558e-05
1.496750000000000025e+00 8.387547859456390142e-05
1.500250000000000083e+00 1.680396671872586012e-04
1.503750000000000142e+00 1.886040263343602419e-04
1.507249999999999979e+00 6.152936111902818084e-05
1.510750000000000037e+00 6.209839193616062403e-05
1.514250000000000096e+00 2.038017264567315578e-04
1.517749999999999932e+00 1.107758434955030680e-04
1.521249999999999991e+00 9.958799637388437986e-05
1.524750000000000050e+00 2.244967035949230194e-04
1.528250000000000108e+00 5.314090958563610911e-05
1.531750000000000167e+00 3.932749386876821518e-04
1.535250000000000004e+00 5.858743679709732533e-05
1.538750000000000062e+00 4.344563785707578063e-05
1.542250000000000121e+00 7.042686775093898177e-05
1.545749999999999957e+00 4.241587885189801455e-05
1.549250000000000016e+00 8.331114804605022073e-05
1.552750000000000075e+00 3.506240900605916977e-04
1.556249999999999911e+00 4.965228072251193225e-05
1.559749999999999970e+00 4.096883931197226048e-04
1.563250000000000028e+00 7.202580309240147471e-05
1.566750000000000087e+00 8.799614151939749718e-04
1.570250000000000146e+00 6.626574759138748050e-05
1.573749999999999982e+00 1.767141802702099085e-04
1.577250000000000041e+00 2.735267044045031071e-04
1.580750000000000099e+00 1.648170436965301633e-04
1.584249999999999936e+00 3.111127880401909351e-04
1.587749999999999995e+00 5.612333188764750957e-05
1.591250000000000053e+00 5.395717380451969802e-05
1.594750000000000112e+00 1.917434128699824214e-04
1.598250000000000171e+00 4.222560091875493526e-04
1.601750000000000007e+00 6.285711424425244331e-05
1.605250000000000066e+00 3.473572141956537962e-04
1.608750000000000124e+00 7.155551429605111480e-05
1.612249999999999961e+00 1.229268673341721296e-04
1.615750000000000020e+00 2.086551103275269270e-04
1.619250000000000078e+00 7.284774619620293379e-05
1.622749999999999915e+00 5.459858584799803793e-05
1.626249999999999973e+00 4.656109013012610376e-05
1.629750000000000032e+00 4.878729232586920261e-04
1.633250000000000091e+00 9.530987153993919492e-05
1.636750000000000149e+00 1.360936148557811975e-04
1.640249999999999986e+00 3.233419265598058701e-04
1.643750000000000044e+00 6.127896631369367242e-05
1.647250000000000103e+00 8.474790956825017929e-05
1.650749999999999940e+00 6.472814129665493965e-05
1.654249999999999998e+00 9.833162039285525680e-05
1.657750000000000057e+00 1.218237302964553237e-04
1.661250000000000115e+00 5.220651291892863810e-05
1.664750000000000174e+00 6.403913721442222595e-05
1.668250000000000011e+00 5.901844269828870893e-05
1.671750000000000069e+00 6.149308173917233944e-04
1.675250000000000128e+00 6.338160892482846975e-05
1.678749999999999964e+00 1.466024696128442883e-04
1.682250000000000023e+00 1.145415735663846135e-04
1.685750000000000082e+00 5.952476931270211935e-05
1.689249999999999918e+00 6.531209510285407305e-05
1.692749999999999977e+00 3.776755693252198398e-05
1.696250000000000036e+00 1.324759650742635131e-04
1.699750000000000094e+00 5.988981865812093019e-05
1.703250000000000153e+00 5.190815136302262545e-05
1.706749999999999989e+00 5.979138586553744972e-05
1.710250000000000048e+00 1.786488282959908247e-04
1.713750000000000107e+00 7.574768096674233675e-05
1.717249999999999943e+00 5.793765885755419731e-04
1.720750000000000002e+00 1.087222917703911662e-04
1.724250000000000060e+00 8.387046545976772904e-05
1.727750000000000119e+00 9.660270734457299113e-05
1.731250000000000178e+00 1.707450282992795110e-04
1.734750000000000014e+00 2.142506418749690056e-04
1.738250000000000073e+00 5.495931691257283092e-05
1.741750000000000131e+00 8.441141108050942421e-05
1.745249999999999968e+00 1.214660442201420665e-04
1.748750000000000027e+00 6.794439104851335287e-05
1.752250000000000085e+00 9.990397666115313768e-05
1.755749999999999922e+00 1.035584791679866612e-04
1.759249999999999980e+00 1.063358577084727585e-04
1.762750000000000039e+00 8.056596561800688505e-05
1.766250000000000098e+00 1.195748263853602111e-04
1.769750000000000156e+00 1.112031459342688322e-04
1.773249999999999993e+00 7.361540338024497032e-05
1.776750000000000052e+00 5.222509935265406966e-05
1.780250000000000110e+00 8.287841046694666147e-05
1.783749999999999947e+00 5.553765367949381471e-05
1.787250000000000005e+00 5.869402230018749833e-05
1.790750000000000064e+00 6.819830014137551188e-05
1.794250000000000123e+00 7.432524580508470535e-05
1.797750000000000181e+00 7.732586527708917856e-05
1.801250000000000018e+00 1.244381273863837123e-04
1.804750000000000076e+00 6.442374433390796185e-05
1.808250000000000135e+00 6.980892067076638341e-05
1.811749999999999972e+00 8.440003148280084133e-05
1.815250000000000030e+00 7.622866542078554630e-05
1.818750000000000089e+00 4.956079646944999695e-05
1.822249999999999925e+00 7.235027442220598459e-05
1.825749999999999984e+00 1.204154687002301216e-04
1.829250000000000043e+00 1.069324134732596576e-04
1.832750000000000101e+00 1.888483820948749781e-04
1.836250000000000160e+00 7.723351154709234834e-05
1.839749999999999996e+00 3.848715568892657757e-04
1.843250000000000055e+00 5.497729944181628525e-05
1.846750000000000114e+00 9.878862329060211778e-05
1.850249999999999950e+00 9.229250281350687146e-05
1.853750000000000009e+00 1.048225894919596612e-04
1.857250000000000068e+00 6.813316576881334186e-05
1.860750000000000126e+00 1.428760733688250184e-04
1.864250000000000185e+00 8.022330439416691661e-05
1.867750000000000021e+00 5.039753887103870511e-05
1.871250000000000080e+00 8.532303036190569401e-05
1.874750000000000139e+00 8.435027848463505507e-05
1.878249999999999975e+00 5.571461952058598399e-05
1.881750000000000034e+00 3.820009442279115319e-05
1.885250000000000092e+00 7.568710861960425973e-05
1.888749999999999929e+00 8.685834472998976707e-05
1.892249999999999988e+00 8.155671093845739961e-05
1.895750000000000046e+00 6.902558379806578159e-05
1.899250000000000105e+00 5.751504431827925146e-05
1.902750000000000163e+00 8.631034870631992817e-05
1.906250000000000000e+00 5.707990203518420458e-05
1.909750000000000059e+00 5.203944601817056537e-05
1.913250000000000117e+00 9.152656275546178222e-05
1.916749999999999954e+00 6.472683162428438663e-04
1.920250000000000012e+00 5.907084050704725087e-05
1.923750000000000071e+00 6.426544132409617305e-05
1.927250000000000130e+00 1.421794731868430972e-04
1.930750000000000188e+00 6.706466956529766321e-05
1.934250000000000025e+00 1.381808688165619969e-04
1.937750000000000083e+00 8.393899770453572273e-05
1.941250000000000142e+00 5.996045729261822999e-05
1.944749999999999979e+00 5.431568934000097215e-05
1.948250000000000037e+00 8.562239236198365688e-05
1.951750000000000096e+00 6.511079118354246020e-05
1.955249999999999932e+00 3.638422640506178141e-04
1.958749999999999991e+00 5.969483754597604275e-05
1.962250000000000050e+00 6.142059282865375280e-05
1.965750000000000108e+00 5.335442983778193593e-05
1.969250000000000167e+00 9.786706505110487342e-05
1.972750000000000004e+00 1.332325045950710773e-04
1.976250000000000062e+00 6.653700256720185280e-05
1.979750000000000121e+00 9.136984590440988541e-05
1.983249999999999957e+00 8.484426507493481040e-05
1.986750000000000016e+00 1.641997660044580698e-04
1.990250000000000075e+00 1.481554936617612839e-04
1.993750000000000133e+00 6.167693936731666327e-05
1.997250000000000192e+00 4.008502946817316115e-05
2.000750000000000028e+00 1.261431461898609996e-04
2.004249999999999865e+00 7.813645061105489731e-05
2.007750000000000146e+00 7.595005445182323456e-05
2.011249999999999982e+00 5.553666778723709285e-05
2.014750000000000263e+00 5.525072992895729840e-05
2.018250000000000099e+00 1.013119108392857015e-04
2.021749999999999936e+00 7.557810022262856364e-05
2.025249999999999773e+00 3.757354352273978293e-05
2.028750000000000053e+00 8.819504728307947516e-05
2.032250000000000334e+00 7.372285472229123116e-05
2.035750000000000171e+00 4.397283919388428330e-05
2.039250000000000007e+00 5.321065691532567143e-05
2.042749999999999844e+00 8.970990165835246444e-05
2.046250000000000124e+00 5.090156628284603357e-05
2.049749999999999961e+00 6.141934136394411325e-05
2.053250000000000242e+00 4.961730883223935962e-05
2.056750000000000078e+00 2.970202513097319752e-05
2.060249999999999915e+00 1.456807949580252171e-04
2.063749999999999751e+00 5.245920037850737572e-04
2.067250000000000032e+00 6.000807843520306051e-05
2.070750000000000313e+00 6.752212357241660357e-05
2.074250000000000149e+00 5.231925752013921738e-05
2.077749999999999986e+00 1.062397277564741671e-04
2.081249999999999822e+00 5.848926593898795545e-05
2.084750000000000103e+00 7.627256854902952909e-05
2.088249999999999940e+00 5.722350397263653576e-05
2.091750000000000220e+00 8.527849422534927726e-05
2.095250000000000057e+00 5.946214878349564970e-05
2.098749999999999893e+00 7.103397365426644683e-05
2.102250000000000174e+00 1.824305072659626603e-04
2.105750000000000011e+00 8.877531217876821756e-05
2.109250000000000291e+00 6.566072988789528608e-05
2.112750000000000128e+00 1.122833564295433462e-04
2.116249999999999964e+00 1.161041654995642602e-04
2.119749999999999801e+00 6.285984272835776210e-05
2.123250000000000082e+00 7.130579615477472544e-05
2.126749999999999918e+00 9.088574734050780535e-05
2.130250000000000199e+00 2.608547511044889688e-04
2.133750000000000036e+00 6.112217670306563377e-04
2.137249999999999872e+00 4.998700023861601949e-05
2.140750000000000153e+00 5.254294592305086553e-05
2.144249999999999989e+00 4.659746991819702089e-05
2.147750000000000270e+00 5.936211164225824177e-05
2.151250000000000107e+00 5.224359847488813102e-05
2.154749999999999943e+00 1.029491832014173269e-04
2.158249999999999780e+00 6.622504588449373841e-05
2.161750000000000060e+00 8.449255255982279778e-05
2.165250000000000341e+00 5.182840977795422077e-04
2.168750000000000178e+00 9.290169691666960716e-05
2.172250000000000014e+00 6.236685294425114989e-05
2.175749999999999851e+00 9.093578410102054477e-05
2.179250000000000131e+00 7.758409628877416253e-05
2.182749999999999968e+00 5.747685281676240265e-05
2.186250000000000249e+00 9.513659460935741663e-05
2.189750000000000085e+00 4.893140794592909515e-05
2.193249999999999922e+00 6.959598977118730545e-05
2.196749999999999758e+00 8.401028026128187776e-05
2.200250000000000039e+00 8.985821477835997939e-05
2.203750000000000320e+00 6.212364678503945470e-05
2.207250000000000156e+00 9.212873555952683091e-05
2.210749999999999993e+00 1.580586249474436045e-04
2.214249999999999829e+00 8.322526264237239957e-05
2.217750000000000110e+00 3.937875226256437600e-05
2.221249999999999947e+00 9.068914368981495500e-05
2.224750000000000227e+00 5.176734412088990211e-04
2.228250000000000064e+00 7.435808947775512934e-05
2.231749999999999901e+00 4.886503666057251394e-05
2.235250000000000181e+00 3.043278229597490281e-05
2.238750000000000018e+00 6.102969564381055534e-05
2.242250000000000298e+00 5.871039684279821813e-05
2.245750000000000135e+00 9.707376739243045449e-05
2.249249999999999972e+00 5.008905645809136331e-05
2.252749999999999808e+00 6.604199006687849760e-05
2.256250000000000089e+00 4.093707539141178131e-04
2.259749999999999925e+00 6.611072603845968843e-05
2.263250000000000206e+00 4.187519880360923707e-05
2.266750000000000043e+00 8.370384603040292859e-05
2.270249999999999879e+00 7.918865594547241926e-05
2.273750000000000160e+00 6.680918158963322639e-05
2.277249999999999996e+00 6.267342541832476854e-05
2.280750000000000277e+00 1.670409110374748707e-04
2.284250000000000114e+00 3.173449367750436068e-04
2.287749999999999950e+00 6.672582821920514107e-05
2.291249999999999787e+00 4.873707439401187003e-05
2.294750000000000068e+00 6.920904706930741668e-05
2.298250000000000348e+00 1.129290976678021252e-04
2.301750000000000185e+00 3.840651697828434408e-05
2.305250000000000021e+00 3.156972816213965416e-04
2.308749999999999858e+00 1.232040958711877465e-04
2.312250000000000139e+00 7.950137660373002291e-05
2.315749999999999975e+00 1.342675823252648115e-04
2.319250000000000256e+00 6.817523535573855042e-05
2.322750000000000092e+00 8.105173765216022730e-05
2.326249999999999929e+00 1.286076003452762961e-04
2.329749999999999766e+00 7.367415673797950149e-05
2.333250000000000046e+00 6.419304554583504796e-05
2.336750000000000327e+00 5.787407280877232552e-05
2.340250000000000163e+00 4.142774923820979893e-05
2.343750000000000000e+00 6.035111073288135231e-05
2.347249999999999837e+00 5.704132126993499696e-05
2.350750000000000117e+00 5.456190774566493928e-05
2.354249999999999954e+00 1.179026585305109620e-04
2.357750000000000234e+00 1.835122093325480819e-04
2.361250000000000071e+00 2.240527828689664602e-04
2.364749999999999908e+00 9.257569035980850458e-05
2.368250000000000188e+00 6.240354559849947691e-05
2.371750000000000025e+00 4.378892117529176176e-05
2.375250000000000306e+00 5.641304596792906523e-05
2.378750000000000142e+00 1.179864848381839693e-04
2.382249999999999979e+00 1.955948937393259257e-05
2.385749999999999815e+00 5.091248385724611580e-05
2.389250000000000096e+00 6.848159682704135776e-05
2.392749999999999932e+00 5.869330925634130836e-05
2.396250000000000213e+00 3.912169631803408265e-05
2.399750000000000050e+00 1.027500838972628117e-04
2.403249999999999886e+00 3.579390177037566900e-04
2.406750000000000167e+00 7.200045365607365966e-05
2.410250000000000004e+00 1.096700289053842425e-04
2.413750000000000284e+00 7.613580237375572324e-05
2.417250000000000121e+00 5.987479016766883433e-05
2.420749999999999957e+00 9.400797716807574034e-05
2.424249999999999794e+00 7.088144047884270549e-05
2.427750000000000075e+00 4.022294524475000799e-05
2.431250000000000355e+00 1.335153938271105289e-04
2.434750000000000192e+00 4.194640496280044317e-05
2.438250000000000028e+00 6.983848379604751244e-06
2.441749999999999865e+00 4.680405982071533799e-05
2.445250000000000146e+00 3.793069627135992050e-04
2.448749999999999982e+00 6.982560444157570601e-05
2.452250000000000263e+00 4.909472045255824924e-05
2.455750000000000099e+00 4.234734660713002086e-05
2.459249999999999936e+00 5.305889499140903354e-05
2.462749999999999773e+00 7.061423093546181917e-05
2.466250000000000053e+00 5.003630576538853347e-05
2.469750000000000334e+00 2.360610524192452431e-04
2.473250000000000171e+00 3.624870805651880801e-05
2.476750000000000007e+00 5.822898674523457885e-05
2.480249999999999844e+00 6.440478318836539984e-05
2.483750000000000124e+00 5.766777394455857575e-05
2.487249999999999961e+00 6.439646676881238818e-05
2.490750000000000242e+00 5.895447611692361534e-05
2.494250000000000078e+00 6.009756907587870955e-05
2.497749999999999915e+00 2.639219019329175353e-05
2.501250000000000195e+00 8.482924749841913581e-05
2.504750000000000032e+00 3.817156539298593998e-05
2.508250000000000313e+00 6.061520616640336812e-05
2.511750000000000149e+00 6.276922795223072171e-05
2.515249999999999986e+00 1.547319407109171152e-04
2.518749999999999822e+00 4.552528116619214416e-05
2.522250000000000103e+00 4.957693818141706288e-05
2.525749999999999940e+00 9.208463598042726517e-05
2.529250000000000220e+00 6.923215551069006324e-05
2.532750000000000057e+00 4.606383299687877297e-05
2.536249999999999893e+00 1.522047114121960476e-05
2.539750000000000174e+00 6.878927524667233229e-05
2.543250000000000011e+00 1.438104372937232256e-04
2.546750000000000291e+00 1.623370553716085851e-05
2.550250000000000128e+00 9.133794810622930527e-05
2.553749999999999964e+00 1.187643865705467761e-04
2.557249999999999801e+00 5.622625030810013413e-05
2.560750000000000082e+00 8.959911792771890759e-05
2.564250000000000362e+00 8.928951137932017446e-05
2.567750000000000199e+00 5.704182694898918271e-05
2.571250000000000036e+00 4.909230847260914743e-05
2.574749999999999872e+00 5.734481601393781602e-05
2.578250000000000153e+00 4.944938700646162033e-05
2.581749999999999989e+00 9.166062955046072602e-05
2.585250000000000270e+00 8.451810572296380997e-05
2.588750000000000107e+00 5.987171243759803474e-05
2.592249999999999943e+00 2.566313378338236362e-05
2.595749999999999780e+00 3.388959157746285200e-05
2.599250000000000060e+00 2.483984098944347352e-05
2.602750000000000341e+00 8.708178029337432235e-06
2.606250000000000178e+00 9.561007755110040307e-05
2.609750000000000014e+00 7.002218626439571381e-05
2.613249999999999851e+00 7.705931056989356875e-05
2.616750000000000131e+00 3.538332384778186679e-05
2.620249999999999968e+00 2.860181120922788978e-05
2.623750000000000249e+00 4.426847590366378427e-05
2.627250000000000085e+00 7.124277180992066860e-05
2.630749999999999922e+00 3.422766531002707779e-05
2.634250000000000203e+00 1.784995765774510801e-05
2.637750000000000039e+00 2.713881076488178223e-05
2.641250000000000320e+00 6.269685400184243917e-05
2.644750000000000156e+00 8.770807471591979265e-05
2.648249999999999993e+00 3.422740337555296719e-05
2.651749999999999829e+00 7.165194256231188774e-05
2.655250000000000110e+00 8.624417387181892991e-05
2.658749999999999947e+00 6.392335490090772510e-05
2.662250000000000227e+00 5.957137545919977129e-05
2.665750000000000064e+00 6.386036693584173918e-05
2.669249999999999901e+00 1.151150281657464802e-04
2.672750000000000181e+00 2.502400602679699659e-04
2.676250000000000018e+00 4.670570706366561353e-05
2.679750000000000298e+00 5.672507904819212854e-05
2.683250000000000135e+00 2.846795723598916084e-05
2.686749999999999972e+00 3.216167679056525230e-04
2.690249999999999808e+00 5.109502308187074959e-05
2.693750000000000089e+00 2.878744089684914798e-05
2.697250000000000369e+00 6.810889317421242595e-05
2.700750000000000206e+00 4.845506919082254171e-05
2.704250000000000043e+00 4.525008262135088444e-05
2.707749999999999879e+00 3.927368743461556733e-05
2.711250000000000160e+00 7.820567407179623842e-05
2.714749999999999996e+00 4.927684130962006748e-05
2.718250000000000277e+00 8.699131285538896918e-05
2.721750000000000114e+00 9.930649684974923730e-05
2.725249999999999950e+00 2.974842755065765232e-05
2.728749999999999787e+00 2.012671575357671827e-05
2.732250000000000068e+00 7.003961218288168311e-05
2.735750000000000348e+00 3.072023537242785096e-05
2.739250000000000185e+00 9.397974645253270864e-05
2.742750000000000021e+00 5.068949758424423635e-05
2.746249999999999858e+00 1.180554390884935856e-04
2.749750000000000139e+00 5.973650331725366414e-05
2.753249999999999975e+00 5.164830872672609985e-05
2.756750000000000256e+00 3.100205140071921051e-05
2.760250000000000092e+00 2.064708678517490625e-05
2.763749999999999929e+00 4.818841625819914043e-05
2.767249999999999766e+00 4.188704042462632060e-05
2.770750000000000046e+00 3.158047547913156450e-05
2.774250000000000327e+00 3.825546809821389616e-05
2.777750000000000163e+00 7.850228939787484705e-06
2.781250000000000000e+00 6.354186916723847389e-05
2.784749999999999837e+00 1.073482053470797837e-04
2.788250000000000117e+00 2.145004873455036432e-05
2.791749999999999954e+00 4.859667751588858664e-05
2.795250000000000234e+00 8.110147609841078520e-05
2.798750000000000071e+00 1.359898305963724852e-04
2.802249999999999908e+00 4.355090277385897934e-05
2.805750000000000188e+00 3.281406316091306508e-05
2.809250000000000025e+00 7.614777859998866916e-05
2.812750000000000306e+00 2.235295869468245655e-05
2.816250000000000142e+00 3.076285065617412329e-05
2.819749999999999979e+00 6.508091610157862306e-05
2.823249999999999815e+00 6.649840361205860972e-05
2.826750000000000096e+00 3.391732025193050504e-05
2.830249999999999932e+00 1.002705175778828561e-04
2.833750000000000213e+00 5.656730354530736804e-05
2.837250000000000050e+00 4.473216176847927272e-05
2.840749999999999886e+00 5.733983562095090747e-05
2.844250000000000167e+00 2.313057484570890665e-05
2.847750000000000004e+00 3.389442281331866980e-05
2.851250000000000284e+00 1.157994302047882229e-05
2.854750000000000121e+00 2.260845940327271819e-05
2.858249999999999957e+00 3.506802750052884221e-05
2.861749999999999794e+00 1.169651568488916382e-05
2.865250000000000075e+00 1.044331511366181076e-04
2.868750000000000355e+00 5.824405525345355272e-05
2.872250000000000192e+00 4.723954407381825149e-05
2.875750000000000028e+00 1.009622064884752035e-04
2.879249999999999865e+00 7.897253090050071478e-05
2.882750000000000146e+00 4.764438926940783858e-05
2.886249999999999982e+00 3.582541830837726593e-05
2.889750000000000263e+00 4.804539275937713683e-05
2.893250000000000099e+00 4.678092227550223470e-05
2.896749999999999936e+00 1.223998788191238418e-05
2.900249999999999773e+00 3.645599645096808672e-05
2.903750000000000053e+00 7.321940211113542318e-05
2.907250000000000334e+00 1.199768848891835660e-05
2.910750000000000171e+00 3.709844168042764068e-05
2.914250000000000007e+00 1.034000597428530455e-04
2.917749999999999844e+00 6.008843047311529517e-05
2.921250000000000124e+00 3.828640910796821117e-05
2.924749999999999961e+00 5.943473297520540655e-05
2.928250000000000242e+00 3.641489456640556455e-05
2.931750000000000078e+00 3.779101098189130425e-05
2.935249999999999915e+00 5.315212911227717996e-05
2.938750000000000195e+00 3.817526885541155934e-05
2.942250000000000032e+00 5.803459498565644026e-05
2.945750000000000313e+00 5.055757355876266956e-05
2.949250000000000149e+00 2.437770854157861322e-05
2.952749999999999986e+00 0.000000000000000000e+00
2.956249999999999822e+00 3.805644519161432981e-05
2.959750000000000103e+00 7.774550613248720765e-05
2.963249999999999940e+00 2.564205533417407423e-05
2.966750000000000220e+00 5.209937808103859425e-05
2.970250000000000057e+00 3.510666720103472471e-04
2.973749999999999893e+00 2.641984247020445764e-05
2.977250000000000174e+00 3.942365219700150192e-05
2.980750000000000011e+00 5.273580609355121851e-05
2.984250000000000291e+00 4.620123218046501279e-05
2.987750000000000128e+00 3.986035153502598405e-05
2.991249999999999964e+00 1.046071629389189184e-04
2.994749999999999801e+00 1.352503386442549527e-05
2.998250000000000082e+00 5.382061499403789639e-05
