-4.982499999999999707e-01 0.000000000000000000e+00
-4.947500000000000231e-01 0.000000000000000000e+00
-4.912499999999999645e-01 0.000000000000000000e+00
-4.877500000000000169e-01 0.000000000000000000e+00
-4.842499999999999583e-01 0.000000000000000000e+00
-4.807500000000000107e-01 0.000000000000000000e+00
-4.772499999999999520e-01 0.000000000000000000e+00
-4.737500000000000044e-01 0.000000000000000000e+00
-4.702500000000000013e-01 0.000000000000000000e+00
-4.667499999999999982e-01 0.000000000000000000e+00
-4.632499999999999951e-01 0.000000000000000000e+00
-4.597499999999999920e-01 0.000000000000000000e+00
-4.562500000000000444e-01 0.000000000000000000e+00
-4.527499999999999858e-01 0.000000000000000000e+00
-4.492500000000000382e-01 0.000000000000000000e+00
-4.457499999999999796e-01 0.000000000000000000e+00
-4.422500000000000320e-01 0.000000000000000000e+00
-4.387499999999999734e-01 0.000000000000000000e+00
-4.352500000000000258e-01 0.000000000000000000e+00
-4.317499999999999671e-01 0.000000000000000000e+00
-4.282500000000000195e-01 0.000000000000000000e+00
-4.247499999999999609e-01 0.000000000000000000e+00
-4.212500000000000133e-01 0.000000000000000000e+00
-4.177499999999999547e-01 0.000000000000000000e+00
-4.142500000000000071e-01 0.000000000000000000e+00
-4.107500000000000040e-01 0.000000000000000000e+00
-4.072500000000000009e-01 0.000000000000000000e+00
-4.037499999999999978e-01 0.000000000000000000e+00
-4.002499999999999947e-01 0.000000000000000000e+00
-3.967499999999999916e-01 0.000000000000000000e+00
-3.932499999999999885e-01 0.000000000000000000e+00
-3.897500000000000409e-01 0.000000000000000000e+00
-3.862499999999999822e-01 0.000000000000000000e+00
-3.827500000000000346e-01 0.000000000000000000e+00
-3.792499999999999760e-01 0.000000000000000000e+00
-3.757500000000000284e-01 0.000000000000000000e+00
-3.722499999999999698e-01 0.000000000000000000e+00
-3.687500000000000222e-01 0.000000000000000000e+00
-3.652499999999999636e-01 0.000000000000000000e+00
-3.617500000000000160e-01 0.000000000000000000e+00
-3.582499999999999574e-01 0.000000000000000000e+00
-3.547500000000000098e-01 0.000000000000000000e+00
-3.512500000000000067e-01 0.000000000000000000e+00
-3.477500000000000036e-01 0.000000000000000000e+00
-3.442500000000000004e-01 0.000000000000000000e+00
-3.407499999999999973e-01 0.000000000000000000e+00
-3.372499999999999942e-01 0.000000000000000000e+00
-3.337499999999999911e-01 0.000000000000000000e+00
-3.302499999999999880e-01 0.000000000000000000e+00
-3.267499999999999849e-01 0.000000000000000000e+00
-3.232499999999999818e-01 0.000000000000000000e+00
-3.197499999999999787e-01 0.000000000000000000e+00
-3.162500000000000311e-01 0.000000000000000000e+00
-3.127499999999999725e-01 0.000000000000000000e+00
-3.092500000000000249e-01 0.000000000000000000e+00
-3.057499999999999662e-01 0.000000000000000000e+00
-3.022500000000000187e-01 0.000000000000000000e+00
-2.987499999999999600e-01 0.000000000000000000e+00
-2.952500000000000124e-01 0.000000000000000000e+00
-2.917500000000000093e-01 0.000000000000000000e+00
-2.882500000000000062e-01 0.000000000000000000e+00
-2.847500000000000031e-01 0.000000000000000000e+00
-2.812500000000000000e-01 0.000000000000000000e+00
-2.777499999999999969e-01 0.000000000000000000e+00
-2.742499999999999938e-01 0.000000000000000000e+00
-2.707499999999999907e-01 0.000000000000000000e+00
-2.672499999999999876e-01 0.000000000000000000e+00
-2.637499999999999845e-01 0.000000000000000000e+00
-2.602499999999999813e-01 0.000000000000000000e+00
-2.567500000000000338e-01 0.000000000000000000e+00
-2.532499999999999751e-01 0.000000000000000000e+00
-2.497499999999999998e-01 0.000000000000000000e+00
-2.462499999999999967e-01 0.000000000000000000e+00
-2.427499999999999936e-01 0.000000000000000000e+00
-2.392499999999999905e-01 0.000000000000000000e+00
-2.357499999999999873e-01 0.000000000000000000e+00
-2.322499999999999842e-01 0.000000000000000000e+00
-2.287499999999999811e-01 0.000000000000000000e+00
-2.252499999999999780e-01 0.000000000000000000e+00
-2.217499999999999749e-01 0.000000000000000000e+00
-2.182499999999999718e-01 0.000000000000000000e+00
-2.147499999999999687e-01 0.000000000000000000e+00
-2.112499999999999933e-01 0.000000000000000000e+00
-2.077500000000000180e-01 0.000000000000000000e+00
-2.042500000000000149e-01 0.000000000000000000e+00
-2.007500000000000118e-01 0.000000000000000000e+00
-1.972500000000000087e-01 0.000000000000000000e+00
-1.937500000000000056e-01 0.000000000000000000e+00
-1.902500000000000024e-01 0.000000000000000000e+00
-1.867499999999999993e-01 0.000000000000000000e+00
-1.832499999999999962e-01 0.000000000000000000e+00
-1.797499999999999931e-01 0.000000000000000000e+00
-1.762499999999999900e-01 0.000000000000000000e+00
-1.727499999999999869e-01 0.000000000000000000e+00
-1.692499999999999838e-01 0.000000000000000000e+00
-1.657499999999999807e-01 0.000000000000000000e+00
-1.622499999999999776e-01 0.000000000000000000e+00
-1.587499999999999745e-01 0.000000000000000000e+00
-1.552499999999999714e-01 0.000000000000000000e+00
-1.517499999999999682e-01 0.000000000000000000e+00
-1.482499999999999929e-01 0.000000000000000000e+00
-1.447500000000000175e-01 0.000000000000000000e+00
-1.412500000000000144e-01 0.000000000000000000e+00
-1.377500000000000113e-01 0.000000000000000000e+00
-1.342500000000000082e-01 0.000000000000000000e+00
-1.307500000000000051e-01 0.000000000000000000e+00
-1.272500000000000020e-01 0.000000000000000000e+00
-1.237499999999999989e-01 0.000000000000000000e+00
-1.202499999999999958e-01 0.000000000000000000e+00
-1.167499999999999927e-01 0.000000000000000000e+00
-1.132499999999999896e-01 0.000000000000000000e+00
-1.097499999999999865e-01 0.000000000000000000e+00
-1.062499999999999833e-01 0.000000000000000000e+00
-1.027499999999999802e-01 0.000000000000000000e+00
-9.924999999999997713e-02 0.000000000000000000e+00
-9.574999999999997402e-02 0.000000000000000000e+00
-9.224999999999997091e-02 0.000000000000000000e+00
-8.874999999999996780e-02 0.000000000000000000e+00
-8.524999999999999245e-02 0.000000000000000000e+00
-8.175000000000001710e-02 0.000000000000000000e+00
-7.825000000000001399e-02 0.000000000000000000e+00
-7.475000000000001088e-02 0.000000000000000000e+00
-7.125000000000000777e-02 0.000000000000000000e+00
-6.775000000000000466e-02 0.000000000000000000e+00
-6.425000000000000155e-02 0.000000000000000000e+00
-6.074999999999999845e-02 0.000000000000000000e+00
-5.724999999999999534e-02 0.000000000000000000e+00
-5.374999999999999223e-02 0.000000000000000000e+00
-5.024999999999998912e-02 0.000000000000000000e+00
-4.674999999999998601e-02 0.000000000000000000e+00
-4.324999999999998290e-02 0.000000000000000000e+00
-3.974999999999997979e-02 0.000000000000000000e+00
-3.624999999999997669e-02 7.926265825517475605e-04
-3.274999999999997358e-02 3.346391022205352783e-02
-2.924999999999997047e-02 5.641312003135681152e-01
-2.574999999999996736e-02 3.716787576675415039e+00
-2.224999999999996425e-02 1.168049144744873047e+01
-1.874999999999998890e-02 2.176447868347167969e+01
-1.525000000000001354e-02 2.982506370544433594e+01
-1.175000000000001044e-02 3.304781341552734375e+01
-8.250000000000007327e-03 3.202083206176757812e+01
-4.750000000000004219e-03 2.851258850097656250e+01
-1.249999999999973355e-03 2.421622276306152344e+01
2.250000000000029754e-03 1.991906356811523438e+01
5.750000000000032863e-03 1.596185588836669922e+01
9.250000000000035971e-03 1.263154315948486328e+01
1.274999999999998357e-02 9.983103752136230469e+00
1.624999999999998668e-02 7.909102916717529297e+00
1.974999999999998979e-02 6.248117446899414062e+00
2.324999999999999289e-02 4.936704158782958984e+00
2.674999999999999600e-02 3.924748659133911133e+00
3.024999999999999911e-02 3.159909725189208984e+00
3.375000000000000222e-02 2.558273315429687500e+00
3.725000000000000533e-02 2.077555418014526367e+00
4.075000000000000844e-02 1.692519187927246094e+00
4.425000000000001155e-02 1.381405234336853027e+00
4.775000000000001465e-02 1.145111322402954102e+00
5.125000000000001776e-02 9.503859281539916992e-01
5.475000000000002087e-02 7.896565198898315430e-01
5.825000000000002398e-02 6.659004092216491699e-01
6.175000000000002709e-02 5.610913634300231934e-01
6.525000000000003020e-02 4.831400215625762939e-01
6.875000000000003331e-02 4.154311120510101318e-01
7.225000000000003642e-02 3.515620529651641846e-01
7.575000000000003952e-02 3.008840382099151611e-01
7.924999999999998712e-02 2.615520358085632324e-01
8.274999999999999023e-02 2.251790761947631836e-01
8.624999999999999334e-02 1.978509575128555298e-01
8.974999999999999645e-02 1.711050420999526978e-01
9.324999999999999956e-02 1.490803211927413940e-01
9.675000000000000266e-02 1.313771158456802368e-01
1.002500000000000058e-01 1.152945235371589661e-01
1.037500000000000089e-01 1.019719317555427551e-01
1.072500000000000120e-01 9.061325341463088989e-02
1.107500000000000151e-01 7.981260120868682861e-02
1.142500000000000182e-01 7.123695313930511475e-02
1.177500000000000213e-01 6.339206546545028687e-02
1.212500000000000244e-01 5.714928358793258667e-02
1.247500000000000275e-01 5.110069736838340759e-02
1.282500000000000306e-01 4.613892734050750732e-02
1.317500000000000338e-01 4.179710149765014648e-02
1.352500000000000369e-01 3.784940019249916077e-02
1.387499999999999845e-01 3.445242345333099365e-02
1.422499999999999876e-01 3.139350935816764832e-02
1.457499999999999907e-01 2.818406745791435242e-02
1.492499999999999938e-01 2.606569044291973114e-02
1.527499999999999969e-01 2.298618480563163757e-02
1.562500000000000000e-01 2.105162851512432098e-02
1.597500000000000031e-01 1.924704015254974365e-02
1.632500000000000062e-01 1.761287450790405273e-02
1.667500000000000093e-01 1.576083339750766754e-02
1.702500000000000124e-01 1.443145796656608582e-02
1.737500000000000155e-01 1.310734730213880539e-02
1.772500000000000187e-01 1.195341441780328751e-02
1.807500000000000218e-01 1.076536998152732849e-02
1.842500000000000249e-01 9.878132492303848267e-03
1.877500000000000280e-01 9.136911481618881226e-03
1.912500000000000311e-01 8.411325514316558838e-03
1.947500000000000342e-01 7.468223106116056442e-03
1.982500000000000373e-01 6.833754479885101318e-03
2.017500000000000404e-01 6.167810875922441483e-03
2.052499999999999880e-01 5.620534066110849380e-03
2.087499999999999911e-01 5.225864704698324203e-03
2.122499999999999942e-01 4.721960984170436859e-03
2.157499999999999973e-01 4.315602593123912811e-03
2.192500000000000004e-01 3.990462515503168106e-03
2.227500000000000036e-01 3.651261562481522560e-03
2.262500000000000067e-01 3.460951615124940872e-03
2.297500000000000098e-01 3.097302047535777092e-03
2.332500000000000129e-01 3.054158296436071396e-03
2.367500000000000160e-01 2.786519937217235565e-03
2.402500000000000191e-01 2.576179336756467819e-03
2.437500000000000222e-01 2.444808371365070343e-03
2.472500000000000253e-01 2.365002874284982681e-03
2.507500000000000284e-01 2.077111508697271347e-03
2.542500000000000315e-01 1.935547916218638420e-03
2.577500000000000346e-01 1.813849667087197304e-03
2.612500000000000377e-01 1.673438120633363724e-03
2.647500000000000409e-01 1.534565701149404049e-03
2.682500000000000440e-01 1.444591092877089977e-03
2.717499999999999916e-01 1.281230710446834564e-03
2.752499999999999947e-01 1.236545154824852943e-03
2.787499999999999978e-01 1.065920223481953144e-03
2.822500000000000009e-01 9.951704414561390877e-04
2.857500000000000040e-01 8.995451498776674271e-04
2.892500000000000071e-01 8.988620829768478870e-04
2.927500000000000102e-01 7.315885741263628006e-04
2.962500000000000133e-01 7.503418601118028164e-04
2.997500000000000164e-01 7.066843099892139435e-04
3.032500000000000195e-01 7.112752646207809448e-04
3.067500000000000226e-01 6.310102180577814579e-04
3.102500000000000258e-01 5.844072438776493073e-04
3.137500000000000289e-01 5.483781569637358189e-04
3.172500000000000320e-01 5.596838309429585934e-04
3.207500000000000351e-01 4.765827616211026907e-04
3.242500000000000382e-01 4.368778900243341923e-04
3.277500000000000413e-01 4.311170487198978662e-04
3.312499999999999889e-01 3.715592902153730392e-04
3.347499999999999920e-01 3.645473334472626448e-04
3.382499999999999951e-01 3.801413404289633036e-04
3.417499999999999982e-01 2.904903667513281107e-04
3.452500000000000013e-01 3.258495125919580460e-04
3.487500000000000044e-01 2.976395189762115479e-04
3.522500000000000075e-01 2.858378575183451176e-04
3.557500000000000107e-01 2.293727156938984990e-04
3.592500000000000138e-01 2.012611221289262176e-04
3.627500000000000169e-01 2.226252108812332153e-04
3.662500000000000200e-01 1.996830687858164310e-04
3.697500000000000231e-01 2.163946046493947506e-04
3.732500000000000262e-01 1.780367310857400298e-04
3.767500000000000293e-01 1.489667338319122791e-04
3.802500000000000324e-01 1.405828661518171430e-04
3.837500000000000355e-01 1.439859770471230149e-04
3.872500000000000386e-01 1.389477547490969300e-04
3.907500000000000417e-01 1.357577275484800339e-04
3.942500000000000449e-01 1.136952632805332541e-04
3.977499999999999925e-01 1.024939410854130983e-04
4.012499999999999956e-01 1.181768893729895353e-04
4.047499999999999987e-01 1.001267664832994342e-04
4.082500000000000018e-01 1.071303777280263603e-04
4.117500000000000049e-01 8.861997048370540142e-05
4.152500000000000080e-01 9.903540922095999122e-05
4.187500000000000111e-01 8.661029278300702572e-05
4.222500000000000142e-01 9.287857392337173223e-05
4.257500000000000173e-01 6.928372749825939536e-05
4.292500000000000204e-01 6.926942296558991075e-05
4.327500000000000235e-01 7.016793097136542201e-05
4.362500000000000266e-01 8.100395643850788474e-05
4.397500000000000298e-01 7.907789404271170497e-05
4.432500000000000329e-01 6.890606164233759046e-05
4.467500000000000360e-01 5.970371057628653944e-05
4.502500000000000391e-01 5.126049290993250906e-05
4.537500000000000422e-01 2.967948603327386081e-05
4.572500000000000453e-01 4.387506487546488643e-05
4.607500000000000484e-01 3.168582406942732632e-05
4.642499999999999960e-01 5.137576954439282417e-05
4.677499999999999991e-01 2.991480869241058826e-05
4.712500000000000022e-01 3.052856118301860988e-05
4.747500000000000053e-01 2.740056515904143453e-05
4.782500000000000084e-01 3.683272007037885487e-05
4.817500000000000115e-01 3.008552630490157753e-05
4.852500000000000147e-01 1.928110032167751342e-05
4.887500000000000178e-01 2.240339199488516897e-05
4.922500000000000209e-01 2.889216193580068648e-05
4.957500000000000240e-01 2.505315569578669965e-05
4.992500000000000826e-01 1.823691673052962869e-05
5.027500000000000302e-01 2.934077383542899042e-05
5.062499999999999778e-01 2.702130223042331636e-05
5.097500000000000364e-01 2.529841185605619103e-05
5.132500000000000950e-01 1.168579456134466454e-05
5.167500000000000426e-01 1.599565985088702291e-05
5.202499999999999902e-01 2.114440394507255405e-05
5.237500000000000488e-01 1.338931633654283360e-05
5.272499999999999964e-01 1.331891871814150363e-05
5.307499999999999440e-01 1.311149026150815189e-05
5.342500000000000027e-01 8.609028554928954691e-06
5.377500000000000613e-01 9.202527508023194969e-06
5.412500000000000089e-01 9.050847438629716635e-06
5.447499999999999565e-01 8.918191269913222641e-06
5.482500000000000151e-01 5.405317097029183060e-06
5.517500000000000737e-01 6.626708909607259557e-06
5.552500000000000213e-01 3.293597956144367345e-06
5.587499999999999689e-01 3.860664037347305566e-06
5.622500000000000275e-01 6.353870389830262866e-07
5.657500000000000862e-01 4.326551788835786283e-06
5.692500000000000338e-01 3.693113512781565078e-06
5.727499999999999813e-01 4.205608547636074945e-06
5.762500000000000400e-01 5.884352276552817784e-07
5.797500000000000986e-01 2.341168283237493597e-06
5.832500000000000462e-01 5.771452151748235337e-07
5.867499999999999938e-01 1.689704959062510170e-06
5.902500000000000524e-01 1.656933591220877133e-06
5.937500000000000000e-01 5.430615601653698832e-07
5.972499999999999476e-01 1.067341713678615633e-06
6.007500000000000062e-01 1.570631980030157138e-06
6.042500000000000648e-01 5.134336333867395297e-07
6.077500000000000124e-01 0.000000000000000000e+00
6.112499999999999600e-01 0.000000000000000000e+00
6.147500000000000187e-01 0.000000000000000000e+00
6.182500000000000773e-01 0.000000000000000000e+00
6.217500000000000249e-01 0.000000000000000000e+00
6.252499999999999725e-01 0.000000000000000000e+00
6.287500000000000311e-01 0.000000000000000000e+00
6.322500000000000897e-01 0.000000000000000000e+00
6.357500000000000373e-01 0.000000000000000000e+00
6.392499999999999849e-01 0.000000000000000000e+00
6.427500000000000435e-01 0.000000000000000000e+00
6.462500000000001021e-01 0.000000000000000000e+00
6.497500000000000497e-01 0.000000000000000000e+00
6.532499999999999973e-01 0.000000000000000000e+00
6.567500000000000560e-01 0.000000000000000000e+00
6.602500000000000036e-01 0.000000000000000000e+00
6.637499999999999512e-01 0.000000000000000000e+00
6.672500000000000098e-01 0.000000000000000000e+00
6.707500000000000684e-01 0.000000000000000000e+00
6.742500000000000160e-01 0.000000000000000000e+00
6.777499999999999636e-01 0.000000000000000000e+00
6.812500000000000222e-01 0.000000000000000000e+00
6.847500000000000808e-01 0.000000000000000000e+00
6.882500000000000284e-01 0.000000000000000000e+00
6.917499999999999760e-01 0.000000000000000000e+00
6.952500000000000346e-01 0.000000000000000000e+00
6.987500000000000933e-01 0.000000000000000000e+00
7.022500000000000409e-01 0.000000000000000000e+00
7.057499999999999885e-01 0.000000000000000000e+00
7.092500000000000471e-01 0.000000000000000000e+00
7.127500000000001057e-01 0.000000000000000000e+00
7.162500000000000533e-01 0.000000000000000000e+00
7.197500000000000009e-01 0.000000000000000000e+00
7.232500000000000595e-01 0.000000000000000000e+00
7.267500000000000071e-01 0.000000000000000000e+00
7.302499999999999547e-01 0.000000000000000000e+00
7.337500000000000133e-01 0.000000000000000000e+00
7.372500000000000719e-01 0.000000000000000000e+00
7.407500000000000195e-01 0.000000000000000000e+00
7.442499999999999671e-01 0.000000000000000000e+00
7.477500000000000258e-01 0.000000000000000000e+00
7.512500000000000844e-01 0.000000000000000000e+00
7.547500000000000320e-01 0.000000000000000000e+00
7.582499999999999796e-01 0.000000000000000000e+00
7.617500000000000382e-01 0.000000000000000000e+00
7.652500000000000968e-01 0.000000000000000000e+00
7.687500000000000444e-01 0.000000000000000000e+00
7.722499999999999920e-01 0.000000000000000000e+00
7.757500000000000506e-01 0.000000000000000000e+00
7.792499999999999982e-01 0.000000000000000000e+00
7.827499999999999458e-01 0.000000000000000000e+00
7.862500000000000044e-01 0.000000000000000000e+00
7.897500000000000631e-01 0.000000000000000000e+00
7.932500000000000107e-01 0.000000000000000000e+00
7.967499999999999583e-01 0.000000000000000000e+00
8.002500000000000169e-01 0.000000000000000000e+00
8.037500000000000755e-01 0.000000000000000000e+00
8.072500000000000231e-01 0.000000000000000000e+00
8.107499999999999707e-01 0.000000000000000000e+00
8.142500000000000293e-01 0.000000000000000000e+00
8.177500000000000879e-01 0.000000000000000000e+00
8.212500000000000355e-01 0.000000000000000000e+00
8.247499999999999831e-01 0.000000000000000000e+00
8.282500000000000417e-01 0.000000000000000000e+00
8.317500000000001004e-01 0.000000000000000000e+00
8.352500000000000480e-01 0.000000000000000000e+00
8.387499999999999956e-01 0.000000000000000000e+00
8.422500000000000542e-01 0.000000000000000000e+00
8.457500000000000018e-01 0.000000000000000000e+00
8.492499999999999494e-01 0.000000000000000000e+00
8.527500000000000080e-01 0.000000000000000000e+00
8.562500000000000666e-01 0.000000000000000000e+00
8.597500000000000142e-01 0.000000000000000000e+00
8.632499999999999618e-01 0.000000000000000000e+00
8.667500000000000204e-01 0.000000000000000000e+00
8.702500000000000790e-01 0.000000000000000000e+00
8.737500000000000266e-01 0.000000000000000000e+00
8.772499999999999742e-01 0.000000000000000000e+00
8.807500000000000329e-01 0.000000000000000000e+00
8.842500000000000915e-01 0.000000000000000000e+00
8.877500000000000391e-01 0.000000000000000000e+00
8.912499999999999867e-01 0.000000000000000000e+00
8.947500000000000453e-01 0.000000000000000000e+00
8.982500000000001039e-01 0.000000000000000000e+00
9.017500000000000515e-01 0.000000000000000000e+00
9.052499999999999991e-01 0.000000000000000000e+00
9.087500000000000577e-01 0.000000000000000000e+00
9.122500000000000053e-01 0.000000000000000000e+00
9.157499999999999529e-01 0.000000000000000000e+00
9.192500000000000115e-01 0.000000000000000000e+00
9.227500000000000702e-01 0.000000000000000000e+00
9.262500000000000178e-01 0.000000000000000000e+00
9.297499999999999654e-01 0.000000000000000000e+00
9.332500000000000240e-01 0.000000000000000000e+00
9.367500000000000826e-01 0.000000000000000000e+00
9.402500000000000302e-01 0.000000000000000000e+00
9.437499999999999778e-01 0.000000000000000000e+00
9.472500000000000364e-01 0.000000000000000000e+00
9.507500000000000950e-01 0.000000000000000000e+00
9.542500000000000426e-01 0.000000000000000000e+00
9.577499999999999902e-01 0.000000000000000000e+00
9.612500000000000488e-01 0.000000000000000000e+00
9.647500000000001075e-01 0.000000000000000000e+00
9.682500000000000551e-01 0.000000000000000000e+00
9.717500000000000027e-01 0.000000000000000000e+00
9.752500000000000613e-01 0.000000000000000000e+00
9.787500000000000089e-01 0.000000000000000000e+00
9.822499999999999565e-01 0.000000000000000000e+00
9.857500000000000151e-01 0.000000000000000000e+00
9.892500000000000737e-01 0.000000000000000000e+00
9.927500000000000213e-01 0.000000000000000000e+00
9.962499999999999689e-01 0.000000000000000000e+00
9.997500000000000275e-01 0.000000000000000000e+00
1.003249999999999975e+00 0.000000000000000000e+00
1.006750000000000034e+00 0.000000000000000000e+00
1.010250000000000092e+00 0.000000000000000000e+00
1.013749999999999929e+00 0.000000000000000000e+00
1.017250000000000210e+00 0.000000000000000000e+00
1.020750000000000046e+00 0.000000000000000000e+00
1.024249999999999883e+00 0.000000000000000000e+00
1.027750000000000163e+00 0.000000000000000000e+00
1.031250000000000000e+00 0.000000000000000000e+00
1.034750000000000059e+00 0.000000000000000000e+00
1.038250000000000117e+00 0.000000000000000000e+00
1.041749999999999954e+00 0.000000000000000000e+00
1.045250000000000012e+00 0.000000000000000000e+00
1.048750000000000071e+00 0.000000000000000000e+00
1.052249999999999908e+00 0.000000000000000000e+00
1.055750000000000188e+00 0.000000000000000000e+00
1.059250000000000025e+00 0.000000000000000000e+00
1.062749999999999861e+00 0.000000000000000000e+00
1.066250000000000142e+00 0.000000000000000000e+00
1.069749999999999979e+00 0.000000000000000000e+00
1.073250000000000037e+00 0.000000000000000000e+00
1.076750000000000096e+00 0.000000000000000000e+00
1.080249999999999932e+00 0.000000000000000000e+00
1.083750000000000213e+00 0.000000000000000000e+00
1.087250000000000050e+00 0.000000000000000000e+00
1.090749999999999886e+00 0.000000000000000000e+00
1.094250000000000167e+00 0.000000000000000000e+00
1.097750000000000004e+00 0.000000000000000000e+00
1.101250000000000062e+00 0.000000000000000000e+00
1.104750000000000121e+00 0.000000000000000000e+00
1.108249999999999957e+00 0.000000000000000000e+00
1.111750000000000016e+00 0.000000000000000000e+00
1.115250000000000075e+00 0.000000000000000000e+00
1.118749999999999911e+00 0.000000000000000000e+00
1.122250000000000192e+00 0.000000000000000000e+00
1.125750000000000028e+00 0.000000000000000000e+00
1.129249999999999865e+00 0.000000000000000000e+00
1.132750000000000146e+00 0.000000000000000000e+00
1.136249999999999982e+00 0.000000000000000000e+00
1.139750000000000041e+00 0.000000000000000000e+00
1.143250000000000099e+00 0.000000000000000000e+00
1.146749999999999936e+00 0.000000000000000000e+00
1.150250000000000217e+00 0.000000000000000000e+00
1.153750000000000053e+00 0.000000000000000000e+00
1.157249999999999890e+00 0.000000000000000000e+00
1.160750000000000171e+00 0.000000000000000000e+00
1.164250000000000007e+00 0.000000000000000000e+00
1.167749999999999844e+00 0.000000000000000000e+00
1.171250000000000124e+00 0.000000000000000000e+00
1.174749999999999961e+00 0.000000000000000000e+00
1.178250000000000020e+00 0.000000000000000000e+00
1.181750000000000078e+00 0.000000000000000000e+00
1.185249999999999915e+00 0.000000000000000000e+00
1.188750000000000195e+00 0.000000000000000000e+00
1.192250000000000032e+00 0.000000000000000000e+00
1.195749999999999869e+00 0.000000000000000000e+00
1.199250000000000149e+00 0.000000000000000000e+00
1.202749999999999986e+00 0.000000000000000000e+00
1.206250000000000044e+00 0.000000000000000000e+00
1.209750000000000103e+00 0.000000000000000000e+00
1.213249999999999940e+00 0.000000000000000000e+00
1.216750000000000220e+00 0.000000000000000000e+00
1.220250000000000057e+00 0.000000000000000000e+00
1.223749999999999893e+00 0.000000000000000000e+00
1.227250000000000174e+00 0.000000000000000000e+00
1.230750000000000011e+00 0.000000000000000000e+00
1.234249999999999847e+00 0.000000000000000000e+00
1.237750000000000128e+00 0.000000000000000000e+00
1.241249999999999964e+00 0.000000000000000000e+00
1.244750000000000023e+00 0.000000000000000000e+00
1.248250000000000082e+00 0.000000000000000000e+00
1.251749999999999918e+00 0.000000000000000000e+00
1.255250000000000199e+00 0.000000000000000000e+00
1.258750000000000036e+00 0.000000000000000000e+00
1.262249999999999872e+00 0.000000000000000000e+00
1.265750000000000153e+00 0.000000000000000000e+00
1.269249999999999989e+00 0.000000000000000000e+00
1.272750000000000048e+00 0.000000000000000000e+00
1.276250000000000107e+00 0.000000000000000000e+00
1.279749999999999943e+00 0.000000000000000000e+00
1.283250000000000224e+00 0.000000000000000000e+00
1.286750000000000060e+00 0.000000000000000000e+00
1.290249999999999897e+00 0.000000000000000000e+00
1.293750000000000178e+00 0.000000000000000000e+00
1.297250000000000014e+00 0.000000000000000000e+00
1.300749999999999851e+00 0.000000000000000000e+00
1.304250000000000131e+00 0.000000000000000000e+00
1.307749999999999968e+00 0.000000000000000000e+00
1.311250000000000027e+00 0.000000000000000000e+00
1.314750000000000085e+00 0.000000000000000000e+00
1.318249999999999922e+00 0.000000000000000000e+00
1.321750000000000203e+00 0.000000000000000000e+00
1.325250000000000039e+00 0.000000000000000000e+00
1.328749999999999876e+00 0.000000000000000000e+00
1.332250000000000156e+00 0.000000000000000000e+00
1.335749999999999993e+00 0.000000000000000000e+00
1.339250000000000052e+00 0.000000000000000000e+00
1.342750000000000110e+00 0.000000000000000000e+00
1.346249999999999947e+00 0.000000000000000000e+00
1.349750000000000227e+00 0.000000000000000000e+00
1.353250000000000064e+00 0.000000000000000000e+00
1.356749999999999901e+00 0.000000000000000000e+00
1.360250000000000181e+00 0.000000000000000000e+00
1.363750000000000018e+00 0.000000000000000000e+00
1.367249999999999854e+00 0.000000000000000000e+00
1.370750000000000135e+00 0.000000000000000000e+00
1.374249999999999972e+00 0.000000000000000000e+00
1.377750000000000030e+00 0.000000000000000000e+00
1.381250000000000089e+00 0.000000000000000000e+00
1.384749999999999925e+00 0.000000000000000000e+00
1.388250000000000206e+00 0.000000000000000000e+00
1.391750000000000043e+00 0.000000000000000000e+00
1.395249999999999879e+00 0.000000000000000000e+00
1.398750000000000160e+00 0.000000000000000000e+00
1.402249999999999996e+00 0.000000000000000000e+00
1.405750000000000055e+00 0.000000000000000000e+00
1.409250000000000114e+00 0.000000000000000000e+00
1.412749999999999950e+00 0.000000000000000000e+00
1.416250000000000231e+00 0.000000000000000000e+00
1.419750000000000068e+00 0.000000000000000000e+00
1.423249999999999904e+00 0.000000000000000000e+00
1.426750000000000185e+00 0.000000000000000000e+00
1.430250000000000021e+00 0.000000000000000000e+00
1.433749999999999858e+00 0.000000000000000000e+00
1.437250000000000139e+00 0.000000000000000000e+00
1.440749999999999975e+00 0.000000000000000000e+00
1.444250000000000034e+00 0.000000000000000000e+00
1.447750000000000092e+00 0.000000000000000000e+00
1.451249999999999929e+00 0.000000000000000000e+00
1.454750000000000210e+00 0.000000000000000000e+00
1.458250000000000046e+00 0.000000000000000000e+00
1.461749999999999883e+00 0.000000000000000000e+00
1.465250000000000163e+00 0.000000000000000000e+00
1.468750000000000000e+00 0.000000000000000000e+00
1.472250000000000059e+00 0.000000000000000000e+00
1.475750000000000117e+00 0.000000000000000000e+00
1.479249999999999954e+00 0.000000000000000000e+00
1.482750000000000012e+00 0.000000000000000000e+00
1.486250000000000071e+00 0.000000000000000000e+00
1.489749999999999908e+00 0.000000000000000000e+00
1.493250000000000188e+00 0.000000000000000000e+00
1.496750000000000025e+00 0.000000000000000000e+00
1.500250000000000083e+00 0.000000000000000000e+00
1.503750000000000142e+00 0.000000000000000000e+00
1.507249999999999979e+00 0.000000000000000000e+00
1.510750000000000037e+00 0.000000000000000000e+00
1.514250000000000096e+00 0.000000000000000000e+00
1.517749999999999932e+00 0.000000000000000000e+00
1.521249999999999991e+00 0.000000000000000000e+00
1.524750000000000050e+00 0.000000000000000000e+00
1.528250000000000108e+00 0.000000000000000000e+00
1.531750000000000167e+00 0.000000000000000000e+00
1.535250000000000004e+00 0.000000000000000000e+00
1.538750000000000062e+00 0.000000000000000000e+00
1.542250000000000121e+00 0.000000000000000000e+00
1.545749999999999957e+00 0.000000000000000000e+00
1.549250000000000016e+00 0.000000000000000000e+00
1.552750000000000075e+00 0.000000000000000000e+00
1.556249999999999911e+00 0.000000000000000000e+00
1.559749999999999970e+00 0.000000000000000000e+00
1.563250000000000028e+00 0.000000000000000000e+00
1.566750000000000087e+00 0.000000000000000000e+00
1.570250000000000146e+00 0.000000000000000000e+00
1.573749999999999982e+00 0.000000000000000000e+00
1.577250000000000041e+00 0.000000000000000000e+00
1.580750000000000099e+00 0.000000000000000000e+00
1.584249999999999936e+00 0.000000000000000000e+00
1.587749999999999995e+00 0.000000000000000000e+00
1.591250000000000053e+00 0.000000000000000000e+00
1.594750000000000112e+00 0.000000000000000000e+00
1.598250000000000171e+00 0.000000000000000000e+00
1.601750000000000007e+00 0.000000000000000000e+00
1.605250000000000066e+00 0.000000000000000000e+00
1.608750000000000124e+00 0.000000000000000000e+00
1.612249999999999961e+00 0.000000000000000000e+00
1.615750000000000020e+00 0.000000000000000000e+00
1.619250000000000078e+00 0.000000000000000000e+00
1.622749999999999915e+00 0.000000000000000000e+00
1.626249999999999973e+00 0.000000000000000000e+00
1.629750000000000032e+00 0.000000000000000000e+00
1.633250000000000091e+00 0.000000000000000000e+00
1.636750000000000149e+00 0.000000000000000000e+00
1.640249999999999986e+00 0.000000000000000000e+00
1.643750000000000044e+00 0.000000000000000000e+00
1.647250000000000103e+00 0.000000000000000000e+00
1.650749999999999940e+00 0.000000000000000000e+00
1.654249999999999998e+00 0.000000000000000000e+00
1.657750000000000057e+00 0.000000000000000000e+00
1.661250000000000115e+00 0.000000000000000000e+00
1.664750000000000174e+00 0.000000000000000000e+00
1.668250000000000011e+00 0.000000000000000000e+00
1.671750000000000069e+00 0.000000000000000000e+00
1.675250000000000128e+00 0.000000000000000000e+00
1.678749999999999964e+00 0.000000000000000000e+00
1.682250000000000023e+00 0.000000000000000000e+00
1.685750000000000082e+00 0.000000000000000000e+00
1.689249999999999918e+00 0.000000000000000000e+00
1.692749999999999977e+00 0.000000000000000000e+00
1.696250000000000036e+00 0.000000000000000000e+00
1.699750000000000094e+00 0.000000000000000000e+00
1.703250000000000153e+00 0.000000000000000000e+00
1.706749999999999989e+00 0.000000000000000000e+00
1.710250000000000048e+00 0.000000000000000000e+00
1.713750000000000107e+00 0.000000000000000000e+00
1.717249999999999943e+00 0.000000000000000000e+00
1.720750000000000002e+00 0.000000000000000000e+00
1.724250000000000060e+00 0.000000000000000000e+00
1.727750000000000119e+00 0.000000000000000000e+00
1.731250000000000178e+00 0.000000000000000000e+00
1.734750000000000014e+00 0.000000000000000000e+00
1.738250000000000073e+00 0.000000000000000000e+00
1.741750000000000131e+00 0.000000000000000000e+00
1.745249999999999968e+00 0.000000000000000000e+00
1.748750000000000027e+00 0.000000000000000000e+00
1.752250000000000085e+00 0.000000000000000000e+00
1.755749999999999922e+00 0.000000000000000000e+00
1.759249999999999980e+00 0.000000000000000000e+00
1.762750000000000039e+00 0.000000000000000000e+00
1.766250000000000098e+00 0.000000000000000000e+00
1.769750000000000156e+00 0.000000000000000000e+00
1.773249999999999993e+00 0.000000000000000000e+00
1.776750000000000052e+00 0.000000000000000000e+00
1.780250000000000110e+00 0.000000000000000000e+00
1.783749999999999947e+00 0.000000000000000000e+00
1.787250000000000005e+00 0.000000000000000000e+00
1.790750000000000064e+00 0.000000000000000000e+00
1.794250000000000123e+00 0.000000000000000000e+00
1.797750000000000181e+00 0.000000000000000000e+00
1.801250000000000018e+00 0.000000000000000000e+00
1.804750000000000076e+00 0.000000000000000000e+00
1.808250000000000135e+00 0.000000000000000000e+00
1.811749999999999972e+00 0.000000000000000000e+00
1.815250000000000030e+00 0.000000000000000000e+00
1.818750000000000089e+00 0.000000000000000000e+00
1.822249999999999925e+00 0.000000000000000000e+00
1.825749999999999984e+00 0.000000000000000000e+00
1.829250000000000043e+00 0.000000000000000000e+00
1.832750000000000101e+00 0.000000000000000000e+00
1.836250000000000160e+00 0.000000000000000000e+00
1.839749999999999996e+00 0.000000000000000000e+00
1.843250000000000055e+00 0.000000000000000000e+00
1.846750000000000114e+00 0.000000000000000000e+00
1.850249999999999950e+00 0.000000000000000000e+00
1.853750000000000009e+00 0.000000000000000000e+00
1.857250000000000068e+00 0.000000000000000000e+00
1.860750000000000126e+00 0.000000000000000000e+00
1.864250000000000185e+00 0.000000000000000000e+00
1.867750000000000021e+00 0.000000000000000000e+00
1.871250000000000080e+00 0.000000000000000000e+00
1.874750000000000139e+00 0.000000000000000000e+00
1.878249999999999975e+00 0.000000000000000000e+00
1.881750000000000034e+00 0.000000000000000000e+00
1.885250000000000092e+00 0.000000000000000000e+00
1.888749999999999929e+00 0.000000000000000000e+00
1.892249999999999988e+00 0.000000000000000000e+00
1.895750000000000046e+00 0.000000000000000000e+00
1.899250000000000105e+00 0.000000000000000000e+00
1.902750000000000163e+00 0.000000000000000000e+00
1.906250000000000000e+00 0.000000000000000000e+00
1.909750000000000059e+00 0.000000000000000000e+00
1.913250000000000117e+00 0.000000000000000000e+00
1.916749999999999954e+00 0.000000000000000000e+00
1.920250000000000012e+00 0.000000000000000000e+00
1.923750000000000071e+00 0.000000000000000000e+00
1.927250000000000130e+00 0.000000000000000000e+00
1.930750000000000188e+00 0.000000000000000000e+00
1.934250000000000025e+00 0.000000000000000000e+00
1.937750000000000083e+00 0.000000000000000000e+00
1.941250000000000142e+00 0.000000000000000000e+00
1.944749999999999979e+00 0.000000000000000000e+00
1.948250000000000037e+00 0.000000000000000000e+00
1.951750000000000096e+00 0.000000000000000000e+00
1.955249999999999932e+00 0.000000000000000000e+00
1.958749999999999991e+00 0.000000000000000000e+00
1.962250000000000050e+00 0.000000000000000000e+00
1.965750000000000108e+00 0.000000000000000000e+00
1.969250000000000167e+00 0.000000000000000000e+00
1.972750000000000004e+00 0.000000000000000000e+00
1.976250000000000062e+00 0.000000000000000000e+00
1.979750000000000121e+00 0.000000000000000000e+00
1.983249999999999957e+00 0.000000000000000000e+00
1.986750000000000016e+00 0.000000000000000000e+00
1.990250000000000075e+00 0.000000000000000000e+00
1.993750000000000133e+00 0.000000000000000000e+00
1.997250000000000192e+00 0.000000000000000000e+00
2.000750000000000028e+00 0.000000000000000000e+00
2.004249999999999865e+00 0.000000000000000000e+00
2.007750000000000146e+00 0.000000000000000000e+00
2.011249999999999982e+00 0.000000000000000000e+00
2.014750000000000263e+00 0.000000000000000000e+00
2.018250000000000099e+00 0.000000000000000000e+00
2.021749999999999936e+00 0.000000000000000000e+00
2.025249999999999773e+00 0.000000000000000000e+00
2.028750000000000053e+00 0.000000000000000000e+00
2.032250000000000334e+00 0.000000000000000000e+00
2.035750000000000171e+00 0.000000000000000000e+00
2.039250000000000007e+00 0.000000000000000000e+00
2.042749999999999844e+00 0.000000000000000000e+00
2.046250000000000124e+00 0.000000000000000000e+00
2.049749999999999961e+00 0.000000000000000000e+00
2.053250000000000242e+00 0.000000000000000000e+00
2.056750000000000078e+00 0.000000000000000000e+00
2.060249999999999915e+00 0.000000000000000000e+00
2.063749999999999751e+00 0.000000000000000000e+00
2.067250000000000032e+00 0.000000000000000000e+00
2.070750000000000313e+00 0.000000000000000000e+00
2.074250000000000149e+00 0.000000000000000000e+00
2.077749999999999986e+00 0.000000000000000000e+00
2.081249999999999822e+00 0.000000000000000000e+00
2.084750000000000103e+00 0.000000000000000000e+00
2.088249999999999940e+00 0.000000000000000000e+00
2.091750000000000220e+00 0.000000000000000000e+00
2.095250000000000057e+00 0.000000000000000000e+00
2.098749999999999893e+00 0.000000000000000000e+00
2.102250000000000174e+00 0.000000000000000000e+00
2.105750000000000011e+00 0.000000000000000000e+00
2.109250000000000291e+00 0.000000000000000000e+00
2.112750000000000128e+00 0.000000000000000000e+00
2.116249999999999964e+00 0.000000000000000000e+00
2.119749999999999801e+00 0.000000000000000000e+00
2.123250000000000082e+00 0.000000000000000000e+00
2.126749999999999918e+00 0.000000000000000000e+00
2.130250000000000199e+00 0.000000000000000000e+00
2.133750000000000036e+00 0.000000000000000000e+00
2.137249999999999872e+00 0.000000000000000000e+00
2.140750000000000153e+00 0.000000000000000000e+00
2.144249999999999989e+00 0.000000000000000000e+00
2.147750000000000270e+00 0.000000000000000000e+00
2.151250000000000107e+00 0.000000000000000000e+00
2.154749999999999943e+00 0.000000000000000000e+00
2.158249999999999780e+00 0.000000000000000000e+00
2.161750000000000060e+00 0.000000000000000000e+00
2.165250000000000341e+00 0.000000000000000000e+00
2.168750000000000178e+00 0.000000000000000000e+00
2.172250000000000014e+00 0.000000000000000000e+00
2.175749999999999851e+00 0.000000000000000000e+00
2.179250000000000131e+00 0.000000000000000000e+00
2.182749999999999968e+00 0.000000000000000000e+00
2.186250000000000249e+00 0.000000000000000000e+00
2.189750000000000085e+00 0.000000000000000000e+00
2.193249999999999922e+00 0.000000000000000000e+00
2.196749999999999758e+00 0.000000000000000000e+00
2.200250000000000039e+00 0.000000000000000000e+00
2.203750000000000320e+00 0.000000000000000000e+00
2.207250000000000156e+00 0.000000000000000000e+00
2.210749999999999993e+00 0.000000000000000000e+00
2.214249999999999829e+00 0.000000000000000000e+00
2.217750000000000110e+00 0.000000000000000000e+00
2.221249999999999947e+00 0.000000000000000000e+00
2.224750000000000227e+00 0.000000000000000000e+00
2.228250000000000064e+00 0.000000000000000000e+00
2.231749999999999901e+00 0.000000000000000000e+00
2.235250000000000181e+00 0.000000000000000000e+00
2.238750000000000018e+00 0.000000000000000000e+00
2.242250000000000298e+00 0.000000000000000000e+00
2.245750000000000135e+00 0.000000000000000000e+00
2.249249999999999972e+00 0.000000000000000000e+00
2.252749999999999808e+00 0.000000000000000000e+00
2.256250000000000089e+00 0.000000000000000000e+00
2.259749999999999925e+00 0.000000000000000000e+00
2.263250000000000206e+00 0.000000000000000000e+00
2.266750000000000043e+00 0.000000000000000000e+00
2.270249999999999879e+00 0.000000000000000000e+00
2.273750000000000160e+00 0.000000000000000000e+00
2.277249999999999996e+00 0.000000000000000000e+00
2.280750000000000277e+00 0.000000000000000000e+00
2.284250000000000114e+00 0.000000000000000000e+00
2.287749999999999950e+00 0.000000000000000000e+00
2.291249999999999787e+00 0.000000000000000000e+00
2.294750000000000068e+00 0.000000000000000000e+00
2.298250000000000348e+00 0.000000000000000000e+00
2.301750000000000185e+00 0.000000000000000000e+00
2.305250000000000021e+00 0.000000000000000000e+00
2.308749999999999858e+00 0.000000000000000000e+00
2.312250000000000139e+00 0.000000000000000000e+00
2.315749999999999975e+00 0.000000000000000000e+00
2.319250000000000256e+00 0.000000000000000000e+00
2.322750000000000092e+00 0.000000000000000000e+00
2.326249999999999929e+00 0.000000000000000000e+00
2.329749999999999766e+00 0.000000000000000000e+00
2.333250000000000046e+00 0.000000000000000000e+00
2.336750000000000327e+00 0.000000000000000000e+00
2.340250000000000163e+00 0.000000000000000000e+00
2.343750000000000000e+00 0.000000000000000000e+00
2.347249999999999837e+00 0.000000000000000000e+00
2.350750000000000117e+00 0.000000000000000000e+00
2.354249999999999954e+00 0.000000000000000000e+00
2.357750000000000234e+00 0.000000000000000000e+00
2.361250000000000071e+00 0.000000000000000000e+00
2.364749999999999908e+00 0.000000000000000000e+00
2.368250000000000188e+00 0.000000000000000000e+00
2.371750000000000025e+00 0.000000000000000000e+00
2.375250000000000306e+00 0.000000000000000000e+00
2.378750000000000142e+00 0.000000000000000000e+00
2.382249999999999979e+00 0.000000000000000000e+00
2.385749999999999815e+00 0.000000000000000000e+00
2.389250000000000096e+00 0.000000000000000000e+00
2.392749999999999932e+00 0.000000000000000000e+00
2.396250000000000213e+00 0.000000000000000000e+00
2.399750000000000050e+00 0.000000000000000000e+00
2.403249999999999886e+00 0.000000000000000000e+00
2.406750000000000167e+00 0.000000000000000000e+00
2.410250000000000004e+00 0.000000000000000000e+00
2.413750000000000284e+00 0.000000000000000000e+00
2.417250000000000121e+00 0.000000000000000000e+00
2.420749999999999957e+00 0.000000000000000000e+00
2.424249999999999794e+00 0.000000000000000000e+00
2.427750000000000075e+00 0.000000000000000000e+00
2.431250000000000355e+00 0.000000000000000000e+00
2.434750000000000192e+00 0.000000000000000000e+00
2.438250000000000028e+00 0.000000000000000000e+00
2.441749999999999865e+00 0.000000000000000000e+00
2.445250000000000146e+00 0.000000000000000000e+00
2.448749999999999982e+00 0.000000000000000000e+00
2.452250000000000263e+00 0.000000000000000000e+00
2.455750000000000099e+00 0.000000000000000000e+00
2.459249999999999936e+00 0.000000000000000000e+00
2.462749999999999773e+00 0.000000000000000000e+00
2.466250000000000053e+00 0.000000000000000000e+00
2.469750000000000334e+00 0.000000000000000000e+00
2.473250000000000171e+00 0.000000000000000000e+00
2.476750000000000007e+00 0.000000000000000000e+00
2.480249999999999844e+00 0.000000000000000000e+00
2.483750000000000124e+00 0.000000000000000000e+00
2.487249999999999961e+00 0.000000000000000000e+00
2.490750000000000242e+00 0.000000000000000000e+00
2.494250000000000078e+00 0.000000000000000000e+00
2.497749999999999915e+00 0.000000000000000000e+00
2.501250000000000195e+00 0.000000000000000000e+00
2.504750000000000032e+00 0.000000000000000000e+00
2.508250000000000313e+00 0.000000000000000000e+00
2.511750000000000149e+00 0.000000000000000000e+00
2.515249999999999986e+00 0.000000000000000000e+00
2.518749999999999822e+00 0.000000000000000000e+00
2.522250000000000103e+00 0.000000000000000000e+00
2.525749999999999940e+00 0.000000000000000000e+00
2.529250000000000220e+00 0.000000000000000000e+00
2.532750000000000057e+00 0.000000000000000000e+00
2.536249999999999893e+00 0.000000000000000000e+00
2.539750000000000174e+00 0.000000000000000000e+00
2.543250000000000011e+00 0.000000000000000000e+00
2.546750000000000291e+00 0.000000000000000000e+00
2.550250000000000128e+00 0.000000000000000000e+00
2.553749999999999964e+00 0.000000000000000000e+00
2.557249999999999801e+00 0.000000000000000000e+00
2.560750000000000082e+00 0.000000000000000000e+00
2.564250000000000362e+00 0.000000000000000000e+00
2.567750000000000199e+00 0.000000000000000000e+00
2.571250000000000036e+00 0.000000000000000000e+00
2.574749999999999872e+00 0.000000000000000000e+00
2.578250000000000153e+00 0.000000000000000000e+00
2.581749999999999989e+00 0.000000000000000000e+00
2.585250000000000270e+00 0.000000000000000000e+00
2.588750000000000107e+00 0.000000000000000000e+00
2.592249999999999943e+00 0.000000000000000000e+00
2.595749999999999780e+00 0.000000000000000000e+00
2.599250000000000060e+00 0.000000000000000000e+00
2.602750000000000341e+00 0.000000000000000000e+00
2.606250000000000178e+00 0.000000000000000000e+00
2.609750000000000014e+00 0.000000000000000000e+00
2.613249999999999851e+00 0.000000000000000000e+00
2.616750000000000131e+00 0.000000000000000000e+00
2.620249999999999968e+00 0.000000000000000000e+00
2.623750000000000249e+00 0.000000000000000000e+00
2.627250000000000085e+00 0.000000000000000000e+00
2.630749999999999922e+00 0.000000000000000000e+00
2.634250000000000203e+00 0.000000000000000000e+00
2.637750000000000039e+00 0.000000000000000000e+00
2.641250000000000320e+00 0.000000000000000000e+00
2.644750000000000156e+00 0.000000000000000000e+00
2.648249999999999993e+00 0.000000000000000000e+00
2.651749999999999829e+00 0.000000000000000000e+00
2.655250000000000110e+00 0.000000000000000000e+00
2.658749999999999947e+00 0.000000000000000000e+00
2.662250000000000227e+00 0.000000000000000000e+00
2.665750000000000064e+00 0.000000000000000000e+00
2.669249999999999901e+00 0.000000000000000000e+00
2.672750000000000181e+00 0.000000000000000000e+00
2.676250000000000018e+00 0.000000000000000000e+00
2.679750000000000298e+00 0.000000000000000000e+00
2.683250000000000135e+00 0.000000000000000000e+00
2.686749999999999972e+00 0.000000000000000000e+00
2.690249999999999808e+00 0.000000000000000000e+00
2.693750000000000089e+00 0.000000000000000000e+00
2.697250000000000369e+00 0.000000000000000000e+00
2.700750000000000206e+00 0.000000000000000000e+00
2.704250000000000043e+00 0.000000000000000000e+00
2.707749999999999879e+00 0.000000000000000000e+00
2.711250000000000160e+00 0.000000000000000000e+00
2.714749999999999996e+00 0.000000000000000000e+00
2.718250000000000277e+00 0.000000000000000000e+00
2.721750000000000114e+00 0.000000000000000000e+00
2.725249999999999950e+00 0.000000000000000000e+00
2.728749999999999787e+00 0.000000000000000000e+00
2.732250000000000068e+00 0.000000000000000000e+00
2.735750000000000348e+00 0.000000000000000000e+00
2.739250000000000185e+00 0.000000000000000000e+00
2.742750000000000021e+00 0.000000000000000000e+00
2.746249999999999858e+00 0.000000000000000000e+00
2.749750000000000139e+00 0.000000000000000000e+00
2.753249999999999975e+00 0.000000000000000000e+00
2.756750000000000256e+00 0.000000000000000000e+00
2.760250000000000092e+00 0.000000000000000000e+00
2.763749999999999929e+00 0.000000000000000000e+00
2.767249999999999766e+00 0.000000000000000000e+00
2.770750000000000046e+00 0.000000000000000000e+00
2.774250000000000327e+00 0.000000000000000000e+00
2.777750000000000163e+00 0.000000000000000000e+00
2.781250000000000000e+00 0.000000000000000000e+00
2.784749999999999837e+00 0.000000000000000000e+00
2.788250000000000117e+00 0.000000000000000000e+00
2.791749999999999954e+00 0.000000000000000000e+00
2.795250000000000234e+00 0.000000000000000000e+00
2.798750000000000071e+00 0.000000000000000000e+00
2.802249999999999908e+00 0.000000000000000000e+00
2.805750000000000188e+00 0.000000000000000000e+00
2.809250000000000025e+00 0.000000000000000000e+00
2.812750000000000306e+00 0.000000000000000000e+00
2.816250000000000142e+00 0.000000000000000000e+00
2.819749999999999979e+00 0.000000000000000000e+00
2.823249999999999815e+00 0.000000000000000000e+00
2.826750000000000096e+00 0.000000000000000000e+00
2.830249999999999932e+00 0.000000000000000000e+00
2.833750000000000213e+00 0.000000000000000000e+00
2.837250000000000050e+00 0.000000000000000000e+00
2.840749999999999886e+00 0.000000000000000000e+00
2.844250000000000167e+00 0.000000000000000000e+00
2.847750000000000004e+00 0.000000000000000000e+00
2.851250000000000284e+00 0.000000000000000000e+00
2.854750000000000121e+00 0.000000000000000000e+00
2.858249999999999957e+00 0.000000000000000000e+00
2.861749999999999794e+00 0.000000000000000000e+00
2.865250000000000075e+00 0.000000000000000000e+00
2.868750000000000355e+00 0.000000000000000000e+00
2.872250000000000192e+00 0.000000000000000000e+00
2.875750000000000028e+00 0.000000000000000000e+00
2.879249999999999865e+00 0.000000000000000000e+00
2.882750000000000146e+00 0.000000000000000000e+00
2.886249999999999982e+00 0.000000000000000000e+00
2.889750000000000263e+00 0.000000000000000000e+00
2.893250000000000099e+00 0.000000000000000000e+00
2.896749999999999936e+00 0.000000000000000000e+00
2.900249999999999773e+00 0.000000000000000000e+00
2.903750000000000053e+00 0.000000000000000000e+00
2.907250000000000334e+00 0.000000000000000000e+00
2.910750000000000171e+00 0.000000000000000000e+00
2.914250000000000007e+00 0.000000000000000000e+00
2.917749999999999844e+00 0.000000000000000000e+00
2.921250000000000124e+00 0.000000000000000000e+00
2.924749999999999961e+00 0.000000000000000000e+00
2.928250000000000242e+00 0.000000000000000000e+00
2.931750000000000078e+00 0.000000000000000000e+00
2.935249999999999915e+00 0.000000000000000000e+00
2.938750000000000195e+00 0.000000000000000000e+00
2.942250000000000032e+00 0.000000000000000000e+00
2.945750000000000313e+00 0.000000000000000000e+00
2.949250000000000149e+00 0.000000000000000000e+00
2.952749999999999986e+00 0.000000000000000000e+00
2.956249999999999822e+00 0.000000000000000000e+00
2.959750000000000103e+00 0.000000000000000000e+00
2.963249999999999940e+00 0.000000000000000000e+00
2.966750000000000220e+00 0.000000000000000000e+00
2.970250000000000057e+00 0.000000000000000000e+00
2.973749999999999893e+00 0.000000000000000000e+00
2.977250000000000174e+00 0.000000000000000000e+00
2.980750000000000011e+00 0.000000000000000000e+00
2.984250000000000291e+00 0.000000000000000000e+00
2.987750000000000128e+00 0.000000000000000000e+00
2.991249999999999964e+00 0.000000000000000000e+00
2.994749999999999801e+00 0.000000000000000000e+00
2.998250000000000082e+00 0.000000000000000000e+00
