-4.982499999999999707e-01 0.000000000000000000e+00
-4.947500000000000231e-01 0.000000000000000000e+00
-4.912499999999999645e-01 0.000000000000000000e+00
-4.877500000000000169e-01 0.000000000000000000e+00
-4.842499999999999583e-01 0.000000000000000000e+00
-4.807500000000000107e-01 0.000000000000000000e+00
-4.772499999999999520e-01 0.000000000000000000e+00
-4.737500000000000044e-01 0.000000000000000000e+00
-4.702500000000000013e-01 0.000000000000000000e+00
-4.667499999999999982e-01 0.000000000000000000e+00
-4.632499999999999951e-01 0.000000000000000000e+00
-4.597499999999999920e-01 0.000000000000000000e+00
-4.562500000000000444e-01 0.000000000000000000e+00
-4.527499999999999858e-01 0.000000000000000000e+00
-4.492500000000000382e-01 0.000000000000000000e+00
-4.457499999999999796e-01 0.000000000000000000e+00
-4.422500000000000320e-01 0.000000000000000000e+00
-4.387499999999999734e-01 0.000000000000000000e+00
-4.352500000000000258e-01 0.000000000000000000e+00
-4.317499999999999671e-01 0.000000000000000000e+00
-4.282500000000000195e-01 0.000000000000000000e+00
-4.247499999999999609e-01 0.000000000000000000e+00
-4.212500000000000133e-01 0.000000000000000000e+00
-4.177499999999999547e-01 0.000000000000000000e+00
-4.142500000000000071e-01 0.000000000000000000e+00
-4.107500000000000040e-01 0.000000000000000000e+00
-4.072500000000000009e-01 0.000000000000000000e+00
-4.037499999999999978e-01 0.000000000000000000e+00
-4.002499999999999947e-01 0.000000000000000000e+00
-3.967499999999999916e-01 0.000000000000000000e+00
-3.932499999999999885e-01 0.000000000000000000e+00
-3.897500000000000409e-01 0.000000000000000000e+00
-3.862499999999999822e-01 0.000000000000000000e+00
-3.827500000000000346e-01 0.000000000000000000e+00
-3.792499999999999760e-01 0.000000000000000000e+00
-3.757500000000000284e-01 0.000000000000000000e+00
-3.722499999999999698e-01 0.000000000000000000e+00
-3.687500000000000222e-01 0.000000000000000000e+00
-3.652499999999999636e-01 0.000000000000000000e+00
-3.617500000000000160e-01 0.000000000000000000e+00
-3.582499999999999574e-01 0.000000000000000000e+00
-3.547500000000000098e-01 0.000000000000000000e+00
-3.512500000000000067e-01 0.000000000000000000e+00
-3.477500000000000036e-01 0.000000000000000000e+00
-3.442500000000000004e-01 0.000000000000000000e+00
-3.407499999999999973e-01 0.000000000000000000e+00
-3.372499999999999942e-01 0.000000000000000000e+00
-3.337499999999999911e-01 0.000000000000000000e+00
-3.302499999999999880e-01 0.000000000000000000e+00
-3.267499999999999849e-01 0.000000000000000000e+00
-3.232499999999999818e-01 0.000000000000000000e+00
-3.197499999999999787e-01 0.000000000000000000e+00
-3.162500000000000311e-01 0.000000000000000000e+00
-3.127499999999999725e-01 0.000000000000000000e+00
-3.092500000000000249e-01 0.000000000000000000e+00
-3.057499999999999662e-01 0.000000000000000000e+00
-3.022500000000000187e-01 0.000000000000000000e+00
-2.987499999999999600e-01 0.000000000000000000e+00
-2.952500000000000124e-01 0.000000000000000000e+00
-2.917500000000000093e-01 0.000000000000000000e+00
-2.882500000000000062e-01 0.000000000000000000e+00
-2.847500000000000031e-01 0.000000000000000000e+00
-2.812500000000000000e-01 0.000000000000000000e+00
-2.777499999999999969e-01 0.000000000000000000e+00
-2.742499999999999938e-01 0.000000000000000000e+00
-2.707499999999999907e-01 0.000000000000000000e+00
-2.672499999999999876e-01 0.000000000000000000e+00
-2.637499999999999845e-01 0.000000000000000000e+00
-2.602499999999999813e-01 0.000000000000000000e+00
-2.567500000000000338e-01 0.000000000000000000e+00
-2.532499999999999751e-01 0.000000000000000000e+00
-2.497499999999999998e-01 0.000000000000000000e+00
-2.462499999999999967e-01 0.000000000000000000e+00
-2.427499999999999936e-01 0.000000000000000000e+00
-2.392499999999999905e-01 0.000000000000000000e+00
-2.357499999999999873e-01 0.000000000000000000e+00
-2.322499999999999842e-01 0.000000000000000000e+00
-2.287499999999999811e-01 0.000000000000000000e+00
-2.252499999999999780e-01 0.000000000000000000e+00
-2.217499999999999749e-01 0.000000000000000000e+00
-2.182499999999999718e-01 0.000000000000000000e+00
-2.147499999999999687e-01 0.000000000000000000e+00
-2.112499999999999933e-01 0.000000000000000000e+00
-2.077500000000000180e-01 0.000000000000000000e+00
-2.042500000000000149e-01 0.000000000000000000e+00
-2.007500000000000118e-01 0.000000000000000000e+00
-1.972500000000000087e-01 0.000000000000000000e+00
-1.937500000000000056e-01 0.000000000000000000e+00
-1.902500000000000024e-01 0.000000000000000000e+00
-1.867499999999999993e-01 0.000000000000000000e+00
-1.832499999999999962e-01 0.000000000000000000e+00
-1.797499999999999931e-01 0.000000000000000000e+00
-1.762499999999999900e-01 0.000000000000000000e+00
-1.727499999999999869e-01 0.000000000000000000e+00
-1.692499999999999838e-01 0.000000000000000000e+00
-1.657499999999999807e-01 0.000000000000000000e+00
-1.622499999999999776e-01 0.000000000000000000e+00
-1.587499999999999745e-01 0.000000000000000000e+00
-1.552499999999999714e-01 0.000000000000000000e+00
-1.517499999999999682e-01 0.000000000000000000e+00
-1.482499999999999929e-01 0.000000000000000000e+00
-1.447500000000000175e-01 8.851098755258135498e-06
-1.412500000000000144e-01 2.204008887929376215e-05
-1.377500000000000113e-01 8.750837878324091434e-06
-1.342500000000000082e-01 7.834159623598679900e-05
-1.307500000000000051e-01 1.167939772130921483e-04
-1.272500000000000020e-01 3.228661371394991875e-04
-1.237499999999999989e-01 7.623192504979670048e-04
-1.202499999999999958e-01 1.640892005525529385e-03
-1.167499999999999927e-01 4.530735779553651810e-03
-1.132499999999999896e-01 1.025508157908916473e-02
-1.097499999999999865e-01 2.193677239120006561e-02
-1.062499999999999833e-01 4.359591379761695862e-02
-1.027499999999999802e-01 8.124632388353347778e-02
-9.924999999999997713e-02 1.421082466840744019e-01
-9.574999999999997402e-02 2.385825365781784058e-01
-9.224999999999997091e-02 3.865998983383178711e-01
-8.874999999999996780e-02 5.956711769104003906e-01
-8.524999999999999245e-02 8.797183036804199219e-01
-8.175000000000001710e-02 1.251180052757263184e+00
-7.825000000000001399e-02 1.723293066024780273e+00
-7.475000000000001088e-02 2.285791158676147461e+00
-7.125000000000000777e-02 2.941777229309082031e+00
-6.775000000000000466e-02 3.670326232910156250e+00
-6.425000000000000155e-02 4.445992946624755859e+00
-6.074999999999999845e-02 5.253345012664794922e+00
-5.724999999999999534e-02 6.073170185089111328e+00
-5.374999999999999223e-02 6.872327327728271484e+00
-5.024999999999998912e-02 7.631368637084960938e+00
-4.674999999999998601e-02 8.308083534240722656e+00
-4.324999999999998290e-02 8.924124717712402344e+00
-3.974999999999997979e-02 9.434008598327636719e+00
-3.624999999999997669e-02 9.830338478088378906e+00
-3.274999999999997358e-02 1.011187076568603516e+01
-2.924999999999997047e-02 1.028767490386962891e+01
-2.574999999999996736e-02 1.035373878479003906e+01
-2.224999999999996425e-02 1.029994583129882812e+01
-1.874999999999998890e-02 1.018362998962402344e+01
-1.525000000000001354e-02 9.958346366882324219e+00
-1.175000000000001044e-02 9.672730445861816406e+00
-8.250000000000007327e-03 9.338735580444335938e+00
-4.750000000000004219e-03 8.972123146057128906e+00
-1.249999999999973355e-03 8.546599388122558594e+00
2.250000000000029754e-03 8.103770256042480469e+00
5.750000000000032863e-03 7.656081676483154297e+00
9.250000000000035971e-03 7.191117286682128906e+00
1.274999999999998357e-02 6.726516246795654297e+00
1.624999999999998668e-02 6.274682521820068359e+00
1.974999999999998979e-02 5.833005905151367188e+00
2.324999999999999289e-02 5.400748252868652344e+00
2.674999999999999600e-02 4.985225677490234375e+00
3.024999999999999911e-02 4.603161334991455078e+00
3.375000000000000222e-02 4.241209983825683594e+00
3.725000000000000533e-02 3.900542974472045898e+00
4.075000000000000844e-02 3.580603122711181641e+00
4.425000000000001155e-02 3.279219627380371094e+00
4.775000000000001465e-02 3.001026153564453125e+00
5.125000000000001776e-02 2.742150068283081055e+00
5.475000000000002087e-02 2.508354902267456055e+00
5.825000000000002398e-02 2.289097785949707031e+00
6.175000000000002709e-02 2.088535547256469727e+00
6.525000000000003020e-02 1.906144857406616211e+00
6.875000000000003331e-02 1.738070487976074219e+00
7.225000000000003642e-02 1.584352254867553711e+00
7.575000000000003952e-02 1.445775985717773438e+00
7.924999999999998712e-02 1.318036913871765137e+00
8.274999999999999023e-02 1.205154895782470703e+00
8.624999999999999334e-02 1.098751783370971680e+00
8.974999999999999645e-02 1.000256299972534180e+00
9.324999999999999956e-02 9.146867394447326660e-01
9.675000000000000266e-02 8.337262868881225586e-01
1.002500000000000058e-01 7.605410218238830566e-01
1.037500000000000089e-01 6.938934922218322754e-01
1.072500000000000120e-01 6.345530152320861816e-01
1.107500000000000151e-01 5.789851546287536621e-01
1.142500000000000182e-01 5.312612056732177734e-01
1.177500000000000213e-01 4.867037236690521240e-01
1.212500000000000244e-01 4.441316127777099609e-01
1.247500000000000275e-01 4.084416329860687256e-01
1.282500000000000306e-01 3.724530339241027832e-01
1.317500000000000338e-01 3.435917198657989502e-01
1.352500000000000369e-01 3.139603734016418457e-01
1.387499999999999845e-01 2.901090979576110840e-01
1.422499999999999876e-01 2.659580707550048828e-01
1.457499999999999907e-01 2.445386797189712524e-01
1.492499999999999938e-01 2.250630110502243042e-01
1.527499999999999969e-01 2.068348228931427002e-01
1.562500000000000000e-01 1.898266375064849854e-01
1.597500000000000031e-01 1.752429902553558350e-01
1.632500000000000062e-01 1.612245589494705200e-01
1.667500000000000093e-01 1.483491510152816772e-01
1.702500000000000124e-01 1.372299343347549438e-01
1.737500000000000155e-01 1.279404759407043457e-01
1.772500000000000187e-01 1.175035983324050903e-01
1.807500000000000218e-01 1.096117123961448669e-01
1.842500000000000249e-01 1.010452583432197571e-01
1.877500000000000280e-01 9.279451519250869751e-02
1.912500000000000311e-01 8.733710646629333496e-02
1.947500000000000342e-01 8.119073510169982910e-02
1.982500000000000373e-01 7.543578743934631348e-02
2.017500000000000404e-01 6.980741769075393677e-02
2.052499999999999880e-01 6.412880122661590576e-02
2.087499999999999911e-01 6.011794134974479675e-02
2.122499999999999942e-01 5.605278909206390381e-02
2.157499999999999973e-01 5.222470313310623169e-02
2.192500000000000004e-01 4.872364550828933716e-02
2.227500000000000036e-01 4.413951933383941650e-02
2.262500000000000067e-01 4.196328669786453247e-02
2.297500000000000098e-01 3.976462408900260925e-02
2.332500000000000129e-01 3.687874972820281982e-02
2.367500000000000160e-01 3.419298306107521057e-02
2.402500000000000191e-01 3.213112801313400269e-02
2.437500000000000222e-01 2.939210273325443268e-02
2.472500000000000253e-01 2.775330841541290283e-02
2.507500000000000284e-01 2.637065015733242035e-02
2.542500000000000315e-01 2.412133850157260895e-02
2.577500000000000346e-01 2.290459908545017242e-02
2.612500000000000377e-01 2.132576517760753632e-02
2.647500000000000409e-01 2.031462453305721283e-02
2.682500000000000440e-01 1.888751611113548279e-02
2.717499999999999916e-01 1.760572567582130432e-02
2.752499999999999947e-01 1.638228446245193481e-02
2.787499999999999978e-01 1.533347927033901215e-02
2.822500000000000009e-01 1.458327937871217728e-02
2.857500000000000040e-01 1.356588490307331085e-02
2.892500000000000071e-01 1.316005364060401917e-02
2.927500000000000102e-01 1.206718292087316513e-02
2.962500000000000133e-01 1.160984206944704056e-02
2.997500000000000164e-01 1.057984586805105209e-02
3.032500000000000195e-01 1.042126026004552841e-02
3.067500000000000226e-01 9.661478921771049500e-03
3.102500000000000258e-01 9.207384660840034485e-03
3.137500000000000289e-01 8.268265053629875183e-03
3.172500000000000320e-01 7.990349084138870239e-03
3.207500000000000351e-01 7.454269565641880035e-03
3.242500000000000382e-01 7.115928921848535538e-03
3.277500000000000413e-01 6.674892269074916840e-03
3.312499999999999889e-01 6.141939666122198105e-03
3.347499999999999920e-01 6.172676105052232742e-03
3.382499999999999951e-01 5.699066445231437683e-03
3.417499999999999982e-01 5.279893986880779266e-03
3.452500000000000013e-01 5.064660683274269104e-03
3.487500000000000044e-01 4.875096492469310760e-03
3.522500000000000075e-01 4.664218984544277191e-03
3.557500000000000107e-01 4.347355104982852936e-03
3.592500000000000138e-01 3.982647322118282318e-03
3.627500000000000169e-01 3.797999583184719086e-03
3.662500000000000200e-01 3.531879512593150139e-03
3.697500000000000231e-01 3.320534015074372292e-03
3.732500000000000262e-01 3.195451572537422180e-03
3.767500000000000293e-01 3.064831253141164780e-03
3.802500000000000324e-01 2.790972590446472168e-03
3.837500000000000355e-01 2.793385414406657219e-03
3.872500000000000386e-01 2.631604438647627831e-03
3.907500000000000417e-01 2.382924314588308334e-03
3.942500000000000449e-01 2.398352138698101044e-03
3.977499999999999925e-01 2.156585454940795898e-03
4.012499999999999956e-01 2.054012846201658249e-03
4.047499999999999987e-01 1.909788348712027073e-03
4.082500000000000018e-01 1.909641432575881481e-03
4.117500000000000049e-01 1.739133615046739578e-03
4.152500000000000080e-01 1.763206557370722294e-03
4.187500000000000111e-01 1.624231575988233089e-03
4.222500000000000142e-01 1.476251985877752304e-03
4.257500000000000173e-01 1.451654476113617420e-03
4.292500000000000204e-01 1.362681388854980469e-03
4.327500000000000235e-01 1.263808691874146461e-03
4.362500000000000266e-01 1.196921104565262794e-03
4.397500000000000298e-01 1.116836559958755970e-03
4.432500000000000329e-01 1.084795920178294182e-03
4.467500000000000360e-01 1.046489807777106762e-03
4.502500000000000391e-01 1.052670530043542385e-03
4.537500000000000422e-01 8.973450749181210995e-04
4.572500000000000453e-01 9.100566967390477657e-04
4.607500000000000484e-01 8.279759786091744900e-04
4.642499999999999960e-01 8.216000278480350971e-04
4.677499999999999991e-01 7.633501081727445126e-04
4.712500000000000022e-01 6.946685607545077801e-04
4.747500000000000053e-01 6.954768905416131020e-04
4.782500000000000084e-01 6.099829333834350109e-04
4.817500000000000115e-01 6.131778354756534100e-04
4.852500000000000147e-01 5.793325835838913918e-04
4.887500000000000178e-01 5.240500904619693756e-04
4.922500000000000209e-01 5.271608242765069008e-04
4.957500000000000240e-01 4.934823955409228802e-04
4.992500000000000826e-01 4.449865082278847694e-04
5.027500000000000302e-01 4.036611353512853384e-04
5.062499999999999778e-01 4.289835633244365454e-04
5.097500000000000364e-01 3.674196195788681507e-04
5.132500000000000950e-01 3.812573268078267574e-04
5.167500000000000426e-01 3.524276835378259420e-04
5.202499999999999902e-01 3.254150506108999252e-04
5.237500000000000488e-01 3.285399288870394230e-04
5.272499999999999964e-01 2.985346654895693064e-04
5.307499999999999440e-01 2.912603667937219143e-04
5.342500000000000027e-01 2.662992337718605995e-04
5.377500000000000613e-01 2.543560403864830732e-04
5.412500000000000089e-01 2.389258297625929117e-04
5.447499999999999565e-01 2.153124805772677064e-04
5.482500000000000151e-01 2.141498553100973368e-04
5.517500000000000737e-01 1.971563760889694095e-04
5.552500000000000213e-01 2.054592478089034557e-04
5.587499999999999689e-01 1.810067769838497043e-04
5.622500000000000275e-01 1.831270492402836680e-04
5.657500000000000862e-01 1.605635479791089892e-04
5.692500000000000338e-01 1.488077105022966862e-04
5.727499999999999813e-01 1.523767568869516253e-04
5.762500000000000400e-01 1.216962773469276726e-04
5.797500000000000986e-01 1.552180910948663950e-04
5.832500000000000462e-01 1.192968193208798766e-04
5.867499999999999938e-01 1.266225444851443172e-04
5.902500000000000524e-01 1.102891037589870393e-04
5.937500000000000000e-01 1.165246940217912197e-04
5.972499999999999476e-01 8.901190449250862002e-05
6.007500000000000062e-01 1.063121817423962057e-04
6.042500000000000648e-01 8.107710891636088490e-05
6.077500000000000124e-01 7.632239430677145720e-05
6.112499999999999600e-01 7.947377162054181099e-05
6.147500000000000187e-01 8.153534872690215707e-05
6.182500000000000773e-01 6.925123307155445218e-05
6.217500000000000249e-01 6.219747592695057392e-05
6.252499999999999725e-01 6.619271152885630727e-05
6.287500000000000311e-01 5.455971404444426298e-05
6.322500000000000897e-01 6.166991079226136208e-05
6.357500000000000373e-01 5.387030250858515501e-05
6.392499999999999849e-01 4.780450763064436615e-05
6.427500000000000435e-01 5.522611536434851587e-05
6.462500000000001021e-01 4.585103670251555741e-05
6.497500000000000497e-01 3.926737190340645611e-05
6.532499999999999973e-01 4.324637848185375333e-05
6.567500000000000560e-01 4.175762660452164710e-05
6.602500000000000036e-01 3.775202640099450946e-05
6.637499999999999512e-01 3.107601514784619212e-05
6.672500000000000098e-01 3.107432348770089447e-05
6.707500000000000684e-01 3.426748662604950368e-05
6.742500000000000160e-01 2.485250115569215268e-05
6.777499999999999636e-01 3.353941792738623917e-05
6.812500000000000222e-01 2.636975295899901539e-05
6.847500000000000808e-01 1.883180448203347623e-05
6.882500000000000284e-01 2.131981818820349872e-05
6.917499999999999760e-01 2.244873030576854944e-05
6.952500000000000346e-01 2.118546581186819822e-05
6.987500000000000933e-01 2.063813917629886419e-05
7.022500000000000409e-01 1.571569009684026241e-05
7.057499999999999885e-01 1.809989771572872996e-05
7.092500000000000471e-01 1.588456871104426682e-05
7.127500000000001057e-01 1.535075898573268205e-05
7.162500000000000533e-01 8.554634405300021172e-06
7.197500000000000009e-01 1.307939146499847993e-05
7.232500000000000595e-01 8.864815754350274801e-06
7.267500000000000071e-01 1.235639865626581013e-05
7.302499999999999547e-01 1.361768318020040169e-05
7.337500000000000133e-01 8.377237463719211519e-06
7.372500000000000719e-01 8.768204679654445499e-06
7.407500000000000195e-01 6.069600203773006797e-06
7.442499999999999671e-01 8.054433237703051418e-06
7.477500000000000258e-01 5.514668373507447541e-06
7.512500000000000844e-01 8.728774446353781968e-06
7.547500000000000320e-01 7.909816304163541645e-06
7.582499999999999796e-01 5.147497176949400455e-06
7.617500000000000382e-01 6.315052360150730237e-06
7.652500000000000968e-01 4.524382802628679201e-06
7.687500000000000444e-01 6.495118213933892548e-06
7.722499999999999920e-01 4.823479230253724381e-06
7.757500000000000506e-01 3.414968205106561072e-06
7.792499999999999982e-01 2.587735025372239761e-06
7.827499999999999458e-01 4.124968199903378263e-06
7.862500000000000044e-01 4.035000529256649315e-06
7.897500000000000631e-01 3.636740530055249110e-06
7.932500000000000107e-01 3.940670467272866517e-06
7.967499999999999583e-01 2.601874939500703476e-06
8.002500000000000169e-01 3.391839072719449177e-06
8.037500000000000755e-01 2.525068794057006016e-06
8.072500000000000231e-01 2.991956534970086068e-06
8.107499999999999707e-01 2.984033699249266647e-06
8.142500000000000293e-01 3.028723767783958465e-06
8.177500000000000879e-01 1.766927084645431023e-06
8.212500000000000355e-01 2.716285962378606200e-06
8.247499999999999831e-01 2.323522039660019800e-06
8.282500000000000417e-01 2.665027977855061181e-06
8.317500000000001004e-01 2.548106749600265175e-06
8.352500000000000480e-01 1.820690840759198181e-06
8.387499999999999956e-01 2.164099669244023971e-06
8.422500000000000542e-01 1.727171252241532784e-06
8.457500000000000018e-01 2.342073457839433104e-06
8.492499999999999494e-01 1.590029000908543821e-06
8.527500000000000080e-01 1.096599476113624405e-06
8.562500000000000666e-01 1.438067442904866766e-06
8.597500000000000142e-01 2.245367568320943974e-06
8.632499999999999618e-01 1.675974544923519716e-06
8.667500000000000204e-01 8.224127441280870698e-07
8.702500000000000790e-01 1.640667846913856920e-06
8.737500000000000266e-01 2.876236976590007544e-06
8.772499999999999742e-01 1.638923777136369608e-06
8.807500000000000329e-01 8.286174306704197079e-07
8.842500000000000915e-01 2.078201077893027104e-06
8.877500000000000391e-01 1.262255636902409606e-06
8.912499999999999867e-01 2.383168293818016537e-06
8.947500000000000453e-01 1.474038867854687851e-06
8.982500000000001039e-01 9.524804909233353101e-07
9.017500000000000515e-01 1.850022727012401447e-06
9.052499999999999991e-01 9.382405323776765727e-07
9.087500000000000577e-01 1.104064381252101157e-06
9.122500000000000053e-01 1.144691282206622418e-06
9.157499999999999529e-01 1.221579282173479442e-06
9.192500000000000115e-01 1.513782763140625320e-06
9.227500000000000702e-01 1.612321852917375509e-06
9.262500000000000178e-01 1.130290343098749872e-06
9.297499999999999654e-01 8.489275842293864116e-07
9.332500000000000240e-01 1.707007299955876078e-06
9.367500000000000826e-01 1.510415813754661940e-06
9.402500000000000302e-01 2.118406882800627500e-06
9.437499999999999778e-01 7.198103162409097422e-07
9.472500000000000364e-01 1.174461431219242513e-06
9.507500000000000950e-01 1.949025090652867220e-06
9.542500000000000426e-01 1.584239271323895082e-06
9.577499999999999902e-01 5.366414370655547827e-07
9.612500000000000488e-01 1.204348905048391316e-06
9.647500000000001075e-01 8.163794973370386288e-07
9.682500000000000551e-01 4.868252290179952979e-07
9.717500000000000027e-01 1.600291966497024987e-06
9.752500000000000613e-01 8.349619520231499337e-07
9.787500000000000089e-01 1.300130065828852821e-06
9.822499999999999565e-01 1.549847524984215852e-06
9.857500000000000151e-01 9.102099056690349244e-07
9.892500000000000737e-01 4.979714844921545591e-07
9.927500000000000213e-01 6.547649604726757389e-07
9.962499999999999689e-01 1.726209148955604178e-07
9.997500000000000275e-01 9.252835297957062721e-07
1.003249999999999975e+00 1.397723622176272329e-06
1.006750000000000034e+00 3.926628835415613139e-07
1.010250000000000092e+00 8.476785069433390163e-07
1.013749999999999929e+00 2.189447485534401494e-07
1.017250000000000210e+00 1.140813424171938095e-06
1.020750000000000046e+00 6.299272286014456768e-07
1.024249999999999883e+00 1.607137278369918931e-06
1.027750000000000163e+00 4.418086234636575682e-07
1.031250000000000000e+00 9.567195320414612070e-07
1.034750000000000059e+00 1.172226006929122377e-06
1.038250000000000117e+00 4.913809448225947563e-07
1.041749999999999954e+00 5.329662258191092405e-07
1.045250000000000012e+00 4.539679423487541499e-07
1.048750000000000071e+00 5.171519319446815643e-07
1.052249999999999908e+00 5.018606543671921827e-07
1.055750000000000188e+00 4.268460145340213785e-07
1.059250000000000025e+00 3.595388875510252547e-07
1.062749999999999861e+00 2.429995618058455875e-07
1.066250000000000142e+00 3.877939036556199426e-07
1.069749999999999979e+00 2.236837133295921376e-07
1.073250000000000037e+00 2.985240143971168436e-08
1.076750000000000096e+00 5.089798946755763609e-07
1.080249999999999932e+00 4.494545180477871327e-07
1.083750000000000213e+00 1.375117619772936450e-07
1.087250000000000050e+00 2.203112927645634045e-07
1.090749999999999886e+00 5.409722803051408846e-08
1.094250000000000167e+00 2.548857480633159867e-07
1.097750000000000004e+00 1.659067123682689271e-07
1.101250000000000062e+00 5.186047360439260956e-07
1.104750000000000121e+00 1.802515328108711401e-07
1.108249999999999957e+00 4.442449892394506605e-07
1.111750000000000016e+00 8.602081180697496166e-08
1.115250000000000075e+00 4.576785670451499755e-07
1.118749999999999911e+00 4.478723170109333296e-08
1.122250000000000192e+00 0.000000000000000000e+00
1.125750000000000028e+00 1.076014513046175125e-07
1.129249999999999865e+00 1.665951288032374578e-07
1.132750000000000146e+00 1.559178919308124023e-08
1.136249999999999982e+00 1.019331890006469621e-07
1.139750000000000041e+00 0.000000000000000000e+00
1.143250000000000099e+00 3.483991051211887680e-08
1.146749999999999936e+00 0.000000000000000000e+00
1.150250000000000217e+00 1.191021326008012693e-07
1.153750000000000053e+00 1.755310279349941993e-07
1.157249999999999890e+00 7.017494851879746420e-08
1.160750000000000171e+00 1.679916579178097891e-07
1.164250000000000007e+00 8.011407004460124881e-08
1.167749999999999844e+00 9.738032247241790174e-08
1.171250000000000124e+00 8.739508672306328663e-08
1.174749999999999961e+00 1.538781901899710647e-07
1.178250000000000020e+00 1.024250764203316066e-07
1.181750000000000078e+00 9.664361044769975706e-08
1.185249999999999915e+00 1.740266153404945726e-09
1.188750000000000195e+00 1.787221322047116701e-07
1.192250000000000032e+00 0.000000000000000000e+00
1.195749999999999869e+00 8.735311141094825871e-09
1.199250000000000149e+00 1.187773008837211819e-07
1.202749999999999986e+00 7.642437793720091577e-08
1.206250000000000044e+00 0.000000000000000000e+00
1.209750000000000103e+00 0.000000000000000000e+00
1.213249999999999940e+00 2.012502733350629569e-07
1.216750000000000220e+00 0.000000000000000000e+00
1.220250000000000057e+00 1.373378353264342877e-07
1.223749999999999893e+00 7.295946602425829042e-08
1.227250000000000174e+00 1.915736724811267777e-08
1.230750000000000011e+00 5.251003898365524947e-08
1.234249999999999847e+00 5.863645213821655489e-08
1.237750000000000128e+00 0.000000000000000000e+00
1.241249999999999964e+00 1.030094054499386402e-07
1.244750000000000023e+00 0.000000000000000000e+00
1.248250000000000082e+00 7.601495610742858844e-08
1.251749999999999918e+00 3.572500872905948199e-07
1.255250000000000199e+00 0.000000000000000000e+00
1.258750000000000036e+00 0.000000000000000000e+00
1.262249999999999872e+00 1.893245809014842962e-07
1.265750000000000153e+00 0.000000000000000000e+00
1.269249999999999989e+00 0.000000000000000000e+00
1.272750000000000048e+00 0.000000000000000000e+00
1.276250000000000107e+00 0.000000000000000000e+00
1.279749999999999943e+00 2.370039169363735709e-07
1.283250000000000224e+00 4.451397614957386395e-07
1.286750000000000060e+00 0.000000000000000000e+00
1.290249999999999897e+00 0.000000000000000000e+00
1.293750000000000178e+00 0.000000000000000000e+00
1.297250000000000014e+00 0.000000000000000000e+00
1.300749999999999851e+00 0.000000000000000000e+00
1.304250000000000131e+00 2.694982299544790294e-07
1.307749999999999968e+00 0.000000000000000000e+00
1.311250000000000027e+00 0.000000000000000000e+00
1.314750000000000085e+00 0.000000000000000000e+00
1.318249999999999922e+00 0.000000000000000000e+00
1.321750000000000203e+00 0.000000000000000000e+00
1.325250000000000039e+00 0.000000000000000000e+00
1.328749999999999876e+00 0.000000000000000000e+00
1.332250000000000156e+00 0.000000000000000000e+00
1.335749999999999993e+00 0.000000000000000000e+00
1.339250000000000052e+00 0.000000000000000000e+00
1.342750000000000110e+00 0.000000000000000000e+00
1.346249999999999947e+00 0.000000000000000000e+00
1.349750000000000227e+00 0.000000000000000000e+00
1.353250000000000064e+00 0.000000000000000000e+00
1.356749999999999901e+00 0.000000000000000000e+00
1.360250000000000181e+00 0.000000000000000000e+00
1.363750000000000018e+00 0.000000000000000000e+00
1.367249999999999854e+00 0.000000000000000000e+00
1.370750000000000135e+00 0.000000000000000000e+00
1.374249999999999972e+00 0.000000000000000000e+00
1.377750000000000030e+00 0.000000000000000000e+00
1.381250000000000089e+00 0.000000000000000000e+00
1.384749999999999925e+00 0.000000000000000000e+00
1.388250000000000206e+00 0.000000000000000000e+00
1.391750000000000043e+00 0.000000000000000000e+00
1.395249999999999879e+00 0.000000000000000000e+00
1.398750000000000160e+00 0.000000000000000000e+00
1.402249999999999996e+00 0.000000000000000000e+00
1.405750000000000055e+00 0.000000000000000000e+00
1.409250000000000114e+00 0.000000000000000000e+00
1.412749999999999950e+00 0.000000000000000000e+00
1.416250000000000231e+00 0.000000000000000000e+00
1.419750000000000068e+00 0.000000000000000000e+00
1.423249999999999904e+00 0.000000000000000000e+00
1.426750000000000185e+00 0.000000000000000000e+00
1.430250000000000021e+00 0.000000000000000000e+00
1.433749999999999858e+00 0.000000000000000000e+00
1.437250000000000139e+00 0.000000000000000000e+00
1.440749999999999975e+00 0.000000000000000000e+00
1.444250000000000034e+00 0.000000000000000000e+00
1.447750000000000092e+00 0.000000000000000000e+00
1.451249999999999929e+00 0.000000000000000000e+00
1.454750000000000210e+00 0.000000000000000000e+00
1.458250000000000046e+00 0.000000000000000000e+00
1.461749999999999883e+00 0.000000000000000000e+00
1.465250000000000163e+00 0.000000000000000000e+00
1.468750000000000000e+00 0.000000000000000000e+00
1.472250000000000059e+00 0.000000000000000000e+00
1.475750000000000117e+00 0.000000000000000000e+00
1.479249999999999954e+00 0.000000000000000000e+00
1.482750000000000012e+00 0.000000000000000000e+00
1.486250000000000071e+00 0.000000000000000000e+00
1.489749999999999908e+00 0.000000000000000000e+00
1.493250000000000188e+00 0.000000000000000000e+00
1.496750000000000025e+00 0.000000000000000000e+00
1.500250000000000083e+00 0.000000000000000000e+00
1.503750000000000142e+00 0.000000000000000000e+00
1.507249999999999979e+00 0.000000000000000000e+00
1.510750000000000037e+00 0.000000000000000000e+00
1.514250000000000096e+00 0.000000000000000000e+00
1.517749999999999932e+00 0.000000000000000000e+00
1.521249999999999991e+00 0.000000000000000000e+00
1.524750000000000050e+00 0.000000000000000000e+00
1.528250000000000108e+00 0.000000000000000000e+00
1.531750000000000167e+00 0.000000000000000000e+00
1.535250000000000004e+00 0.000000000000000000e+00
1.538750000000000062e+00 0.000000000000000000e+00
1.542250000000000121e+00 0.000000000000000000e+00
1.545749999999999957e+00 0.000000000000000000e+00
1.549250000000000016e+00 0.000000000000000000e+00
1.552750000000000075e+00 0.000000000000000000e+00
1.556249999999999911e+00 0.000000000000000000e+00
1.559749999999999970e+00 0.000000000000000000e+00
1.563250000000000028e+00 0.000000000000000000e+00
1.566750000000000087e+00 0.000000000000000000e+00
1.570250000000000146e+00 0.000000000000000000e+00
1.573749999999999982e+00 0.000000000000000000e+00
1.577250000000000041e+00 0.000000000000000000e+00
1.580750000000000099e+00 0.000000000000000000e+00
1.584249999999999936e+00 0.000000000000000000e+00
1.587749999999999995e+00 0.000000000000000000e+00
1.591250000000000053e+00 0.000000000000000000e+00
1.594750000000000112e+00 0.000000000000000000e+00
1.598250000000000171e+00 0.000000000000000000e+00
1.601750000000000007e+00 0.000000000000000000e+00
1.605250000000000066e+00 0.000000000000000000e+00
1.608750000000000124e+00 0.000000000000000000e+00
1.612249999999999961e+00 0.000000000000000000e+00
1.615750000000000020e+00 0.000000000000000000e+00
1.619250000000000078e+00 0.000000000000000000e+00
1.622749999999999915e+00 0.000000000000000000e+00
1.626249999999999973e+00 0.000000000000000000e+00
1.629750000000000032e+00 0.000000000000000000e+00
1.633250000000000091e+00 0.000000000000000000e+00
1.636750000000000149e+00 0.000000000000000000e+00
1.640249999999999986e+00 0.000000000000000000e+00
1.643750000000000044e+00 0.000000000000000000e+00
1.647250000000000103e+00 0.000000000000000000e+00
1.650749999999999940e+00 0.000000000000000000e+00
1.654249999999999998e+00 0.000000000000000000e+00
1.657750000000000057e+00 0.000000000000000000e+00
1.661250000000000115e+00 0.000000000000000000e+00
1.664750000000000174e+00 0.000000000000000000e+00
1.668250000000000011e+00 0.000000000000000000e+00
1.671750000000000069e+00 0.000000000000000000e+00
1.675250000000000128e+00 0.000000000000000000e+00
1.678749999999999964e+00 0.000000000000000000e+00
1.682250000000000023e+00 0.000000000000000000e+00
1.685750000000000082e+00 0.000000000000000000e+00
1.689249999999999918e+00 0.000000000000000000e+00
1.692749999999999977e+00 0.000000000000000000e+00
1.696250000000000036e+00 0.000000000000000000e+00
1.699750000000000094e+00 0.000000000000000000e+00
1.703250000000000153e+00 0.000000000000000000e+00
1.706749999999999989e+00 0.000000000000000000e+00
1.710250000000000048e+00 0.000000000000000000e+00
1.713750000000000107e+00 0.000000000000000000e+00
1.717249999999999943e+00 0.000000000000000000e+00
1.720750000000000002e+00 0.000000000000000000e+00
1.724250000000000060e+00 0.000000000000000000e+00
1.727750000000000119e+00 0.000000000000000000e+00
1.731250000000000178e+00 0.000000000000000000e+00
1.734750000000000014e+00 0.000000000000000000e+00
1.738250000000000073e+00 0.000000000000000000e+00
1.741750000000000131e+00 0.000000000000000000e+00
1.745249999999999968e+00 0.000000000000000000e+00
1.748750000000000027e+00 0.000000000000000000e+00
1.752250000000000085e+00 0.000000000000000000e+00
1.755749999999999922e+00 0.000000000000000000e+00
1.759249999999999980e+00 0.000000000000000000e+00
1.762750000000000039e+00 0.000000000000000000e+00
1.766250000000000098e+00 0.000000000000000000e+00
1.769750000000000156e+00 0.000000000000000000e+00
1.773249999999999993e+00 0.000000000000000000e+00
1.776750000000000052e+00 0.000000000000000000e+00
1.780250000000000110e+00 0.000000000000000000e+00
1.783749999999999947e+00 0.000000000000000000e+00
1.787250000000000005e+00 0.000000000000000000e+00
1.790750000000000064e+00 0.000000000000000000e+00
1.794250000000000123e+00 0.000000000000000000e+00
1.797750000000000181e+00 0.000000000000000000e+00
1.801250000000000018e+00 0.000000000000000000e+00
1.804750000000000076e+00 0.000000000000000000e+00
1.808250000000000135e+00 0.000000000000000000e+00
1.811749999999999972e+00 0.000000000000000000e+00
1.815250000000000030e+00 0.000000000000000000e+00
1.818750000000000089e+00 0.000000000000000000e+00
1.822249999999999925e+00 0.000000000000000000e+00
1.825749999999999984e+00 0.000000000000000000e+00
1.829250000000000043e+00 0.000000000000000000e+00
1.832750000000000101e+00 0.000000000000000000e+00
1.836250000000000160e+00 0.000000000000000000e+00
1.839749999999999996e+00 0.000000000000000000e+00
1.843250000000000055e+00 0.000000000000000000e+00
1.846750000000000114e+00 0.000000000000000000e+00
1.850249999999999950e+00 0.000000000000000000e+00
1.853750000000000009e+00 0.000000000000000000e+00
1.857250000000000068e+00 0.000000000000000000e+00
1.860750000000000126e+00 0.000000000000000000e+00
1.864250000000000185e+00 0.000000000000000000e+00
1.867750000000000021e+00 0.000000000000000000e+00
1.871250000000000080e+00 0.000000000000000000e+00
1.874750000000000139e+00 0.000000000000000000e+00
1.878249999999999975e+00 0.000000000000000000e+00
1.881750000000000034e+00 0.000000000000000000e+00
1.885250000000000092e+00 0.000000000000000000e+00
1.888749999999999929e+00 0.000000000000000000e+00
1.892249999999999988e+00 0.000000000000000000e+00
1.895750000000000046e+00 0.000000000000000000e+00
1.899250000000000105e+00 0.000000000000000000e+00
1.902750000000000163e+00 0.000000000000000000e+00
1.906250000000000000e+00 0.000000000000000000e+00
1.909750000000000059e+00 0.000000000000000000e+00
1.913250000000000117e+00 0.000000000000000000e+00
1.916749999999999954e+00 0.000000000000000000e+00
1.920250000000000012e+00 0.000000000000000000e+00
1.923750000000000071e+00 0.000000000000000000e+00
1.927250000000000130e+00 0.000000000000000000e+00
1.930750000000000188e+00 0.000000000000000000e+00
1.934250000000000025e+00 0.000000000000000000e+00
1.937750000000000083e+00 0.000000000000000000e+00
1.941250000000000142e+00 0.000000000000000000e+00
1.944749999999999979e+00 0.000000000000000000e+00
1.948250000000000037e+00 0.000000000000000000e+00
1.951750000000000096e+00 0.000000000000000000e+00
1.955249999999999932e+00 0.000000000000000000e+00
1.958749999999999991e+00 0.000000000000000000e+00
1.962250000000000050e+00 0.000000000000000000e+00
1.965750000000000108e+00 0.000000000000000000e+00
1.969250000000000167e+00 0.000000000000000000e+00
1.972750000000000004e+00 0.000000000000000000e+00
1.976250000000000062e+00 0.000000000000000000e+00
1.979750000000000121e+00 0.000000000000000000e+00
1.983249999999999957e+00 0.000000000000000000e+00
1.986750000000000016e+00 0.000000000000000000e+00
1.990250000000000075e+00 0.000000000000000000e+00
1.993750000000000133e+00 0.000000000000000000e+00
1.997250000000000192e+00 0.000000000000000000e+00
2.000750000000000028e+00 0.000000000000000000e+00
2.004249999999999865e+00 0.000000000000000000e+00
2.007750000000000146e+00 0.000000000000000000e+00
2.011249999999999982e+00 0.000000000000000000e+00
2.014750000000000263e+00 0.000000000000000000e+00
2.018250000000000099e+00 0.000000000000000000e+00
2.021749999999999936e+00 0.000000000000000000e+00
2.025249999999999773e+00 0.000000000000000000e+00
2.028750000000000053e+00 0.000000000000000000e+00
2.032250000000000334e+00 0.000000000000000000e+00
2.035750000000000171e+00 0.000000000000000000e+00
2.039250000000000007e+00 0.000000000000000000e+00
2.042749999999999844e+00 0.000000000000000000e+00
2.046250000000000124e+00 0.000000000000000000e+00
2.049749999999999961e+00 0.000000000000000000e+00
2.053250000000000242e+00 0.000000000000000000e+00
2.056750000000000078e+00 0.000000000000000000e+00
2.060249999999999915e+00 0.000000000000000000e+00
2.063749999999999751e+00 0.000000000000000000e+00
2.067250000000000032e+00 0.000000000000000000e+00
2.070750000000000313e+00 0.000000000000000000e+00
2.074250000000000149e+00 0.000000000000000000e+00
2.077749999999999986e+00 0.000000000000000000e+00
2.081249999999999822e+00 0.000000000000000000e+00
2.084750000000000103e+00 0.000000000000000000e+00
2.088249999999999940e+00 0.000000000000000000e+00
2.091750000000000220e+00 0.000000000000000000e+00
2.095250000000000057e+00 0.000000000000000000e+00
2.098749999999999893e+00 0.000000000000000000e+00
2.102250000000000174e+00 0.000000000000000000e+00
2.105750000000000011e+00 0.000000000000000000e+00
2.109250000000000291e+00 0.000000000000000000e+00
2.112750000000000128e+00 0.000000000000000000e+00
2.116249999999999964e+00 0.000000000000000000e+00
2.119749999999999801e+00 0.000000000000000000e+00
2.123250000000000082e+00 0.000000000000000000e+00
2.126749999999999918e+00 0.000000000000000000e+00
2.130250000000000199e+00 0.000000000000000000e+00
2.133750000000000036e+00 0.000000000000000000e+00
2.137249999999999872e+00 0.000000000000000000e+00
2.140750000000000153e+00 0.000000000000000000e+00
2.144249999999999989e+00 0.000000000000000000e+00
2.147750000000000270e+00 0.000000000000000000e+00
2.151250000000000107e+00 0.000000000000000000e+00
2.154749999999999943e+00 0.000000000000000000e+00
2.158249999999999780e+00 0.000000000000000000e+00
2.161750000000000060e+00 0.000000000000000000e+00
2.165250000000000341e+00 0.000000000000000000e+00
2.168750000000000178e+00 0.000000000000000000e+00
2.172250000000000014e+00 0.000000000000000000e+00
2.175749999999999851e+00 0.000000000000000000e+00
2.179250000000000131e+00 0.000000000000000000e+00
2.182749999999999968e+00 0.000000000000000000e+00
2.186250000000000249e+00 0.000000000000000000e+00
2.189750000000000085e+00 0.000000000000000000e+00
2.193249999999999922e+00 0.000000000000000000e+00
2.196749999999999758e+00 0.000000000000000000e+00
2.200250000000000039e+00 0.000000000000000000e+00
2.203750000000000320e+00 0.000000000000000000e+00
2.207250000000000156e+00 0.000000000000000000e+00
2.210749999999999993e+00 0.000000000000000000e+00
2.214249999999999829e+00 0.000000000000000000e+00
2.217750000000000110e+00 0.000000000000000000e+00
2.221249999999999947e+00 0.000000000000000000e+00
2.224750000000000227e+00 0.000000000000000000e+00
2.228250000000000064e+00 0.000000000000000000e+00
2.231749999999999901e+00 0.000000000000000000e+00
2.235250000000000181e+00 0.000000000000000000e+00
2.238750000000000018e+00 0.000000000000000000e+00
2.242250000000000298e+00 0.000000000000000000e+00
2.245750000000000135e+00 0.000000000000000000e+00
2.249249999999999972e+00 0.000000000000000000e+00
2.252749999999999808e+00 0.000000000000000000e+00
2.256250000000000089e+00 0.000000000000000000e+00
2.259749999999999925e+00 0.000000000000000000e+00
2.263250000000000206e+00 0.000000000000000000e+00
2.266750000000000043e+00 0.000000000000000000e+00
2.270249999999999879e+00 0.000000000000000000e+00
2.273750000000000160e+00 0.000000000000000000e+00
2.277249999999999996e+00 0.000000000000000000e+00
2.280750000000000277e+00 0.000000000000000000e+00
2.284250000000000114e+00 0.000000000000000000e+00
2.287749999999999950e+00 0.000000000000000000e+00
2.291249999999999787e+00 0.000000000000000000e+00
2.294750000000000068e+00 0.000000000000000000e+00
2.298250000000000348e+00 0.000000000000000000e+00
2.301750000000000185e+00 0.000000000000000000e+00
2.305250000000000021e+00 0.000000000000000000e+00
2.308749999999999858e+00 0.000000000000000000e+00
2.312250000000000139e+00 0.000000000000000000e+00
2.315749999999999975e+00 0.000000000000000000e+00
2.319250000000000256e+00 0.000000000000000000e+00
2.322750000000000092e+00 0.000000000000000000e+00
2.326249999999999929e+00 0.000000000000000000e+00
2.329749999999999766e+00 0.000000000000000000e+00
2.333250000000000046e+00 0.000000000000000000e+00
2.336750000000000327e+00 0.000000000000000000e+00
2.340250000000000163e+00 0.000000000000000000e+00
2.343750000000000000e+00 0.000000000000000000e+00
2.347249999999999837e+00 0.000000000000000000e+00
2.350750000000000117e+00 0.000000000000000000e+00
2.354249999999999954e+00 0.000000000000000000e+00
2.357750000000000234e+00 0.000000000000000000e+00
2.361250000000000071e+00 0.000000000000000000e+00
2.364749999999999908e+00 0.000000000000000000e+00
2.368250000000000188e+00 0.000000000000000000e+00
2.371750000000000025e+00 0.000000000000000000e+00
2.375250000000000306e+00 0.000000000000000000e+00
2.378750000000000142e+00 0.000000000000000000e+00
2.382249999999999979e+00 0.000000000000000000e+00
2.385749999999999815e+00 0.000000000000000000e+00
2.389250000000000096e+00 0.000000000000000000e+00
2.392749999999999932e+00 0.000000000000000000e+00
2.396250000000000213e+00 0.000000000000000000e+00
2.399750000000000050e+00 0.000000000000000000e+00
2.403249999999999886e+00 0.000000000000000000e+00
2.406750000000000167e+00 0.000000000000000000e+00
2.410250000000000004e+00 0.000000000000000000e+00
2.413750000000000284e+00 0.000000000000000000e+00
2.417250000000000121e+00 0.000000000000000000e+00
2.420749999999999957e+00 0.000000000000000000e+00
2.424249999999999794e+00 0.000000000000000000e+00
2.427750000000000075e+00 0.000000000000000000e+00
2.431250000000000355e+00 0.000000000000000000e+00
2.434750000000000192e+00 0.000000000000000000e+00
2.438250000000000028e+00 0.000000000000000000e+00
2.441749999999999865e+00 0.000000000000000000e+00
2.445250000000000146e+00 0.000000000000000000e+00
2.448749999999999982e+00 0.000000000000000000e+00
2.452250000000000263e+00 0.000000000000000000e+00
2.455750000000000099e+00 0.000000000000000000e+00
2.459249999999999936e+00 0.000000000000000000e+00
2.462749999999999773e+00 0.000000000000000000e+00
2.466250000000000053e+00 0.000000000000000000e+00
2.469750000000000334e+00 0.000000000000000000e+00
2.473250000000000171e+00 0.000000000000000000e+00
2.476750000000000007e+00 0.000000000000000000e+00
2.480249999999999844e+00 0.000000000000000000e+00
2.483750000000000124e+00 0.000000000000000000e+00
2.487249999999999961e+00 0.000000000000000000e+00
2.490750000000000242e+00 0.000000000000000000e+00
2.494250000000000078e+00 0.000000000000000000e+00
2.497749999999999915e+00 0.000000000000000000e+00
2.501250000000000195e+00 0.000000000000000000e+00
2.504750000000000032e+00 0.000000000000000000e+00
2.508250000000000313e+00 0.000000000000000000e+00
2.511750000000000149e+00 0.000000000000000000e+00
2.515249999999999986e+00 0.000000000000000000e+00
2.518749999999999822e+00 0.000000000000000000e+00
2.522250000000000103e+00 0.000000000000000000e+00
2.525749999999999940e+00 0.000000000000000000e+00
2.529250000000000220e+00 0.000000000000000000e+00
2.532750000000000057e+00 0.000000000000000000e+00
2.536249999999999893e+00 0.000000000000000000e+00
2.539750000000000174e+00 0.000000000000000000e+00
2.543250000000000011e+00 0.000000000000000000e+00
2.546750000000000291e+00 0.000000000000000000e+00
2.550250000000000128e+00 0.000000000000000000e+00
2.553749999999999964e+00 0.000000000000000000e+00
2.557249999999999801e+00 0.000000000000000000e+00
2.560750000000000082e+00 0.000000000000000000e+00
2.564250000000000362e+00 0.000000000000000000e+00
2.567750000000000199e+00 0.000000000000000000e+00
2.571250000000000036e+00 0.000000000000000000e+00
2.574749999999999872e+00 0.000000000000000000e+00
2.578250000000000153e+00 0.000000000000000000e+00
2.581749999999999989e+00 0.000000000000000000e+00
2.585250000000000270e+00 0.000000000000000000e+00
2.588750000000000107e+00 0.000000000000000000e+00
2.592249999999999943e+00 0.000000000000000000e+00
2.595749999999999780e+00 0.000000000000000000e+00
2.599250000000000060e+00 0.000000000000000000e+00
2.602750000000000341e+00 0.000000000000000000e+00
2.606250000000000178e+00 0.000000000000000000e+00
2.609750000000000014e+00 0.000000000000000000e+00
2.613249999999999851e+00 0.000000000000000000e+00
2.616750000000000131e+00 0.000000000000000000e+00
2.620249999999999968e+00 0.000000000000000000e+00
2.623750000000000249e+00 0.000000000000000000e+00
2.627250000000000085e+00 0.000000000000000000e+00
2.630749999999999922e+00 0.000000000000000000e+00
2.634250000000000203e+00 0.000000000000000000e+00
2.637750000000000039e+00 0.000000000000000000e+00
2.641250000000000320e+00 0.000000000000000000e+00
2.644750000000000156e+00 0.000000000000000000e+00
2.648249999999999993e+00 0.000000000000000000e+00
2.651749999999999829e+00 0.000000000000000000e+00
2.655250000000000110e+00 0.000000000000000000e+00
2.658749999999999947e+00 0.000000000000000000e+00
2.662250000000000227e+00 0.000000000000000000e+00
2.665750000000000064e+00 0.000000000000000000e+00
2.669249999999999901e+00 0.000000000000000000e+00
2.672750000000000181e+00 0.000000000000000000e+00
2.676250000000000018e+00 0.000000000000000000e+00
2.679750000000000298e+00 0.000000000000000000e+00
2.683250000000000135e+00 0.000000000000000000e+00
2.686749999999999972e+00 0.000000000000000000e+00
2.690249999999999808e+00 0.000000000000000000e+00
2.693750000000000089e+00 0.000000000000000000e+00
2.697250000000000369e+00 0.000000000000000000e+00
2.700750000000000206e+00 0.000000000000000000e+00
2.704250000000000043e+00 0.000000000000000000e+00
2.707749999999999879e+00 0.000000000000000000e+00
2.711250000000000160e+00 0.000000000000000000e+00
2.714749999999999996e+00 0.000000000000000000e+00
2.718250000000000277e+00 0.000000000000000000e+00
2.721750000000000114e+00 0.000000000000000000e+00
2.725249999999999950e+00 0.000000000000000000e+00
2.728749999999999787e+00 0.000000000000000000e+00
2.732250000000000068e+00 0.000000000000000000e+00
2.735750000000000348e+00 0.000000000000000000e+00
2.739250000000000185e+00 0.000000000000000000e+00
2.742750000000000021e+00 0.000000000000000000e+00
2.746249999999999858e+00 0.000000000000000000e+00
2.749750000000000139e+00 0.000000000000000000e+00
2.753249999999999975e+00 0.000000000000000000e+00
2.756750000000000256e+00 0.000000000000000000e+00
2.760250000000000092e+00 0.000000000000000000e+00
2.763749999999999929e+00 0.000000000000000000e+00
2.767249999999999766e+00 0.000000000000000000e+00
2.770750000000000046e+00 0.000000000000000000e+00
2.774250000000000327e+00 0.000000000000000000e+00
2.777750000000000163e+00 0.000000000000000000e+00
2.781250000000000000e+00 0.000000000000000000e+00
2.784749999999999837e+00 0.000000000000000000e+00
2.788250000000000117e+00 0.000000000000000000e+00
2.791749999999999954e+00 0.000000000000000000e+00
2.795250000000000234e+00 0.000000000000000000e+00
2.798750000000000071e+00 0.000000000000000000e+00
2.802249999999999908e+00 0.000000000000000000e+00
2.805750000000000188e+00 0.000000000000000000e+00
2.809250000000000025e+00 0.000000000000000000e+00
2.812750000000000306e+00 0.000000000000000000e+00
2.816250000000000142e+00 0.000000000000000000e+00
2.819749999999999979e+00 0.000000000000000000e+00
2.823249999999999815e+00 0.000000000000000000e+00
2.826750000000000096e+00 0.000000000000000000e+00
2.830249999999999932e+00 0.000000000000000000e+00
2.833750000000000213e+00 0.000000000000000000e+00
2.837250000000000050e+00 0.000000000000000000e+00
2.840749999999999886e+00 0.000000000000000000e+00
2.844250000000000167e+00 0.000000000000000000e+00
2.847750000000000004e+00 0.000000000000000000e+00
2.851250000000000284e+00 0.000000000000000000e+00
2.854750000000000121e+00 0.000000000000000000e+00
2.858249999999999957e+00 0.000000000000000000e+00
2.861749999999999794e+00 0.000000000000000000e+00
2.865250000000000075e+00 0.000000000000000000e+00
2.868750000000000355e+00 0.000000000000000000e+00
2.872250000000000192e+00 0.000000000000000000e+00
2.875750000000000028e+00 0.000000000000000000e+00
2.879249999999999865e+00 0.000000000000000000e+00
2.882750000000000146e+00 0.000000000000000000e+00
2.886249999999999982e+00 0.000000000000000000e+00
2.889750000000000263e+00 0.000000000000000000e+00
2.893250000000000099e+00 0.000000000000000000e+00
2.896749999999999936e+00 0.000000000000000000e+00
2.900249999999999773e+00 0.000000000000000000e+00
2.903750000000000053e+00 0.000000000000000000e+00
2.907250000000000334e+00 0.000000000000000000e+00
2.910750000000000171e+00 0.000000000000000000e+00
2.914250000000000007e+00 0.000000000000000000e+00
2.917749999999999844e+00 0.000000000000000000e+00
2.921250000000000124e+00 0.000000000000000000e+00
2.924749999999999961e+00 0.000000000000000000e+00
2.928250000000000242e+00 0.000000000000000000e+00
2.931750000000000078e+00 0.000000000000000000e+00
2.935249999999999915e+00 0.000000000000000000e+00
2.938750000000000195e+00 0.000000000000000000e+00
2.942250000000000032e+00 0.000000000000000000e+00
2.945750000000000313e+00 0.000000000000000000e+00
2.949250000000000149e+00 0.000000000000000000e+00
2.952749999999999986e+00 0.000000000000000000e+00
2.956249999999999822e+00 0.000000000000000000e+00
2.959750000000000103e+00 0.000000000000000000e+00
2.963249999999999940e+00 0.000000000000000000e+00
2.966750000000000220e+00 0.000000000000000000e+00
2.970250000000000057e+00 0.000000000000000000e+00
2.973749999999999893e+00 0.000000000000000000e+00
2.977250000000000174e+00 0.000000000000000000e+00
2.980750000000000011e+00 0.000000000000000000e+00
2.984250000000000291e+00 0.000000000000000000e+00
2.987750000000000128e+00 0.000000000000000000e+00
2.991249999999999964e+00 0.000000000000000000e+00
2.994749999999999801e+00 0.000000000000000000e+00
2.998250000000000082e+00 0.000000000000000000e+00
