-4.982499999999999707e-01 0.000000000000000000e+00
-4.947500000000000231e-01 0.000000000000000000e+00
-4.912499999999999645e-01 0.000000000000000000e+00
-4.877500000000000169e-01 0.000000000000000000e+00
-4.842499999999999583e-01 0.000000000000000000e+00
-4.807500000000000107e-01 0.000000000000000000e+00
-4.772499999999999520e-01 0.000000000000000000e+00
-4.737500000000000044e-01 0.000000000000000000e+00
-4.702500000000000013e-01 0.000000000000000000e+00
-4.667499999999999982e-01 0.000000000000000000e+00
-4.632499999999999951e-01 0.000000000000000000e+00
-4.597499999999999920e-01 0.000000000000000000e+00
-4.562500000000000444e-01 0.000000000000000000e+00
-4.527499999999999858e-01 0.000000000000000000e+00
-4.492500000000000382e-01 0.000000000000000000e+00
-4.457499999999999796e-01 0.000000000000000000e+00
-4.422500000000000320e-01 0.000000000000000000e+00
-4.387499999999999734e-01 0.000000000000000000e+00
-4.352500000000000258e-01 0.000000000000000000e+00
-4.317499999999999671e-01 0.000000000000000000e+00
-4.282500000000000195e-01 0.000000000000000000e+00
-4.247499999999999609e-01 0.000000000000000000e+00
-4.212500000000000133e-01 0.000000000000000000e+00
-4.177499999999999547e-01 0.000000000000000000e+00
-4.142500000000000071e-01 0.000000000000000000e+00
-4.107500000000000040e-01 0.000000000000000000e+00
-4.072500000000000009e-01 0.000000000000000000e+00
-4.037499999999999978e-01 0.000000000000000000e+00
-4.002499999999999947e-01 0.000000000000000000e+00
-3.967499999999999916e-01 0.000000000000000000e+00
-3.932499999999999885e-01 0.000000000000000000e+00
-3.897500000000000409e-01 0.000000000000000000e+00
-3.862499999999999822e-01 0.000000000000000000e+00
-3.827500000000000346e-01 0.000000000000000000e+00
-3.792499999999999760e-01 0.000000000000000000e+00
-3.757500000000000284e-01 0.000000000000000000e+00
-3.722499999999999698e-01 0.000000000000000000e+00
-3.687500000000000222e-01 0.000000000000000000e+00
-3.652499999999999636e-01 0.000000000000000000e+00
-3.617500000000000160e-01 0.000000000000000000e+00
-3.582499999999999574e-01 0.000000000000000000e+00
-3.547500000000000098e-01 0.000000000000000000e+00
-3.512500000000000067e-01 0.000000000000000000e+00
-3.477500000000000036e-01 0.000000000000000000e+00
-3.442500000000000004e-01 0.000000000000000000e+00
-3.407499999999999973e-01 0.000000000000000000e+00
-3.372499999999999942e-01 0.000000000000000000e+00
-3.337499999999999911e-01 0.000000000000000000e+00
-3.302499999999999880e-01 0.000000000000000000e+00
-3.267499999999999849e-01 0.000000000000000000e+00
-3.232499999999999818e-01 0.000000000000000000e+00
-3.197499999999999787e-01 0.000000000000000000e+00
-3.162500000000000311e-01 0.000000000000000000e+00
-3.127499999999999725e-01 1.158719624072546139e-05
-3.092500000000000249e-01 0.000000000000000000e+00
-3.057499999999999662e-01 0.000000000000000000e+00
-3.022500000000000187e-01 0.000000000000000000e+00
-2.987499999999999600e-01 5.697823780792532489e-06
-2.952500000000000124e-01 2.843057154677808285e-05
-2.917500000000000093e-01 5.646810313919559121e-05
-2.882500000000000062e-01 3.926290446543134749e-05
-2.847500000000000031e-01 5.555456300498917699e-05
-2.812500000000000000e-01 1.661556452745571733e-04
-2.777499999999999969e-01 1.270951761398464441e-04
-2.742499999999999938e-01 2.690041437745094299e-04
-2.707499999999999907e-01 3.882310993503779173e-04
-2.672499999999999876e-01 5.110767669975757599e-04
-2.637499999999999845e-01 7.141195819713175297e-04
-2.602499999999999813e-01 1.103236456401646137e-03
-2.567500000000000338e-01 1.407511415891349316e-03
-2.532499999999999751e-01 2.022546716034412384e-03
-2.497499999999999998e-01 2.758194226771593094e-03
-2.462499999999999967e-01 3.791088704019784927e-03
-2.427499999999999936e-01 5.356749054044485092e-03
-2.392499999999999905e-01 6.997295189648866653e-03
-2.357499999999999873e-01 9.892695583403110504e-03
-2.322499999999999842e-01 1.251242402940988541e-02
-2.287499999999999811e-01 1.633102260529994965e-02
-2.252499999999999780e-01 2.215345762670040131e-02
-2.217499999999999749e-01 2.886657044291496277e-02
-2.182499999999999718e-01 3.696184605360031128e-02
-2.147499999999999687e-01 4.663763940334320068e-02
-2.112499999999999933e-01 5.820622667670249939e-02
-2.077500000000000180e-01 7.353593409061431885e-02
-2.042500000000000149e-01 9.143904596567153931e-02
-2.007500000000000118e-01 1.157736331224441528e-01
-1.972500000000000087e-01 1.411312669515609741e-01
-1.937500000000000056e-01 1.717627048492431641e-01
-1.902500000000000024e-01 2.076733559370040894e-01
-1.867499999999999993e-01 2.479916065931320190e-01
-1.832499999999999962e-01 2.978923022747039795e-01
-1.797499999999999931e-01 3.556679189205169678e-01
-1.762499999999999900e-01 4.190454483032226562e-01
-1.727499999999999869e-01 4.905481040477752686e-01
-1.692499999999999838e-01 5.714230537414550781e-01
-1.657499999999999807e-01 6.613999605178833008e-01
-1.622499999999999776e-01 7.602635622024536133e-01
-1.587499999999999745e-01 8.695294260978698730e-01
-1.552499999999999714e-01 9.866923689842224121e-01
-1.517499999999999682e-01 1.118061661720275879e+00
-1.482499999999999929e-01 1.255401372909545898e+00
-1.447500000000000175e-01 1.396040201187133789e+00
-1.412500000000000144e-01 1.558426141738891602e+00
-1.377500000000000113e-01 1.720352888107299805e+00
-1.342500000000000082e-01 1.896074414253234863e+00
-1.307500000000000051e-01 2.079432249069213867e+00
-1.272500000000000020e-01 2.258143424987792969e+00
-1.237499999999999989e-01 2.456742048263549805e+00
-1.202499999999999958e-01 2.654628276824951172e+00
-1.167499999999999927e-01 2.841085910797119141e+00
-1.132499999999999896e-01 3.050032138824462891e+00
-1.097499999999999865e-01 3.253206253051757812e+00
-1.062499999999999833e-01 3.448410749435424805e+00
-1.027499999999999802e-01 3.636409759521484375e+00
-9.924999999999997713e-02 3.839418411254882812e+00
-9.574999999999997402e-02 4.027211666107177734e+00
-9.224999999999997091e-02 4.199980258941650391e+00
-8.874999999999996780e-02 4.370035648345947266e+00
-8.524999999999999245e-02 4.539380550384521484e+00
-8.175000000000001710e-02 4.682167053222656250e+00
-7.825000000000001399e-02 4.830171108245849609e+00
-7.475000000000001088e-02 4.955088138580322266e+00
-7.125000000000000777e-02 5.064930915832519531e+00
-6.775000000000000466e-02 5.170890808105468750e+00
-6.425000000000000155e-02 5.248017311096191406e+00
-6.074999999999999845e-02 5.336067199707031250e+00
-5.724999999999999534e-02 5.384113311767578125e+00
-5.374999999999999223e-02 5.418135166168212891e+00
-5.024999999999998912e-02 5.451430320739746094e+00
-4.674999999999998601e-02 5.464172840118408203e+00
-4.324999999999998290e-02 5.464030265808105469e+00
-3.974999999999997979e-02 5.447317123413085938e+00
-3.624999999999997669e-02 5.415653228759765625e+00
-3.274999999999997358e-02 5.373437404632568359e+00
-2.924999999999997047e-02 5.319489002227783203e+00
-2.574999999999996736e-02 5.257752895355224609e+00
-2.224999999999996425e-02 5.182905197143554688e+00
-1.874999999999998890e-02 5.093510627746582031e+00
-1.525000000000001354e-02 5.005766868591308594e+00
-1.175000000000001044e-02 4.898424625396728516e+00
-8.250000000000007327e-03 4.791862487792968750e+00
-4.750000000000004219e-03 4.678431034088134766e+00
-1.249999999999973355e-03 4.560753822326660156e+00
2.250000000000029754e-03 4.424567222595214844e+00
5.750000000000032863e-03 4.298114776611328125e+00
9.250000000000035971e-03 4.169442653656005859e+00
1.274999999999998357e-02 4.029732704162597656e+00
1.624999999999998668e-02 3.901907682418823242e+00
1.974999999999998979e-02 3.760283470153808594e+00
2.324999999999999289e-02 3.623244762420654297e+00
2.674999999999999600e-02 3.487397909164428711e+00
3.024999999999999911e-02 3.347574472427368164e+00
3.375000000000000222e-02 3.222220897674560547e+00
3.725000000000000533e-02 3.090754032135009766e+00
4.075000000000000844e-02 2.954759836196899414e+00
4.425000000000001155e-02 2.825041770935058594e+00
4.775000000000001465e-02 2.705809354782104492e+00
5.125000000000001776e-02 2.579911947250366211e+00
5.475000000000002087e-02 2.464592456817626953e+00
5.825000000000002398e-02 2.347162961959838867e+00
6.175000000000002709e-02 2.236845016479492188e+00
6.525000000000003020e-02 2.130823850631713867e+00
6.875000000000003331e-02 2.029817342758178711e+00
7.225000000000003642e-02 1.924780607223510742e+00
7.575000000000003952e-02 1.830027937889099121e+00
7.924999999999998712e-02 1.739773631095886230e+00
8.274999999999999023e-02 1.648236632347106934e+00
8.624999999999999334e-02 1.561530590057373047e+00
8.974999999999999645e-02 1.475856781005859375e+00
9.324999999999999956e-02 1.399776816368103027e+00
9.675000000000000266e-02 1.330885052680969238e+00
1.002500000000000058e-01 1.256570100784301758e+00
1.037500000000000089e-01 1.185312986373901367e+00
1.072500000000000120e-01 1.123923182487487793e+00
1.107500000000000151e-01 1.062925815582275391e+00
1.142500000000000182e-01 1.006897568702697754e+00
1.177500000000000213e-01 9.494553804397583008e-01
1.212500000000000244e-01 8.967072367668151855e-01
1.247500000000000275e-01 8.485670685768127441e-01
1.282500000000000306e-01 7.998306155204772949e-01
1.317500000000000338e-01 7.584551572799682617e-01
1.352500000000000369e-01 7.161039113998413086e-01
1.387499999999999845e-01 6.749985814094543457e-01
1.422499999999999876e-01 6.385417580604553223e-01
1.457499999999999907e-01 6.035678982734680176e-01
1.492499999999999938e-01 5.674443840980529785e-01
1.527499999999999969e-01 5.367639064788818359e-01
1.562500000000000000e-01 5.073720812797546387e-01
1.597500000000000031e-01 4.791394472122192383e-01
1.632500000000000062e-01 4.515802860260009766e-01
1.667500000000000093e-01 4.272959232330322266e-01
1.702500000000000124e-01 4.023884236812591553e-01
1.737500000000000155e-01 3.801227509975433350e-01
1.772500000000000187e-01 3.594952523708343506e-01
1.807500000000000218e-01 3.412261605262756348e-01
1.842500000000000249e-01 3.219045400619506836e-01
1.877500000000000280e-01 3.046584725379943848e-01
1.912500000000000311e-01 2.870780825614929199e-01
1.947500000000000342e-01 2.713124454021453857e-01
1.982500000000000373e-01 2.577289640903472900e-01
2.017500000000000404e-01 2.437113076448440552e-01
2.052499999999999880e-01 2.296175062656402588e-01
2.087499999999999911e-01 2.171234786510467529e-01
2.122499999999999942e-01 2.056875526905059814e-01
2.157499999999999973e-01 1.950539201498031616e-01
2.192500000000000004e-01 1.840085387229919434e-01
2.227500000000000036e-01 1.754468977451324463e-01
2.262500000000000067e-01 1.656893193721771240e-01
2.297500000000000098e-01 1.561345607042312622e-01
2.332500000000000129e-01 1.490022689104080200e-01
2.367500000000000160e-01 1.406065374612808228e-01
2.402500000000000191e-01 1.328929960727691650e-01
2.437500000000000222e-01 1.263196915388107300e-01
2.472500000000000253e-01 1.206203922629356384e-01
2.507500000000000284e-01 1.135874614119529724e-01
2.542500000000000315e-01 1.071927100419998169e-01
2.577500000000000346e-01 1.028426587581634521e-01
2.612500000000000377e-01 9.689158201217651367e-02
2.647500000000000409e-01 9.155543148517608643e-02
2.682500000000000440e-01 8.802862465381622314e-02
2.717499999999999916e-01 8.350995928049087524e-02
2.752499999999999947e-01 7.827872037887573242e-02
2.787499999999999978e-01 7.524174451828002930e-02
2.822500000000000009e-01 7.160610705614089966e-02
2.857500000000000040e-01 6.825898587703704834e-02
2.892500000000000071e-01 6.448903679847717285e-02
2.927500000000000102e-01 6.185932084918022156e-02
2.962500000000000133e-01 5.835479870438575745e-02
2.997500000000000164e-01 5.587803572416305542e-02
3.032500000000000195e-01 5.326911434531211853e-02
3.067500000000000226e-01 5.068958178162574768e-02
3.102500000000000258e-01 4.788237810134887695e-02
3.137500000000000289e-01 4.615450650453567505e-02
3.172500000000000320e-01 4.320157691836357117e-02
3.207500000000000351e-01 4.095260426402091980e-02
3.242500000000000382e-01 3.976352885365486145e-02
3.277500000000000413e-01 3.697280958294868469e-02
3.312499999999999889e-01 3.616770356893539429e-02
3.347499999999999920e-01 3.421314805746078491e-02
3.382499999999999951e-01 3.252075240015983582e-02
3.417499999999999982e-01 3.076183609664440155e-02
3.452500000000000013e-01 2.979999035596847534e-02
3.487500000000000044e-01 2.840611711144447327e-02
3.522500000000000075e-01 2.722498029470443726e-02
3.557500000000000107e-01 2.582024224102497101e-02
3.592500000000000138e-01 2.475088834762573242e-02
3.627500000000000169e-01 2.340449392795562744e-02
3.662500000000000200e-01 2.260231040418148041e-02
3.697500000000000231e-01 2.191519178450107574e-02
3.732500000000000262e-01 2.071186527609825134e-02
3.767500000000000293e-01 1.956569775938987732e-02
3.802500000000000324e-01 1.883118413388729095e-02
3.837500000000000355e-01 1.783900149166584015e-02
3.872500000000000386e-01 1.714752241969108582e-02
3.907500000000000417e-01 1.645136065781116486e-02
3.942500000000000449e-01 1.569021120667457581e-02
3.977499999999999925e-01 1.489953231066465378e-02
4.012499999999999956e-01 1.442833803594112396e-02
4.047499999999999987e-01 1.359282992780208588e-02
4.082500000000000018e-01 1.342780701816082001e-02
4.117500000000000049e-01 1.255314238369464874e-02
4.152500000000000080e-01 1.206004433333873749e-02
4.187500000000000111e-01 1.170459855347871780e-02
4.222500000000000142e-01 1.107129175215959549e-02
4.257500000000000173e-01 1.061072014272212982e-02
4.292500000000000204e-01 1.013987883925437927e-02
4.327500000000000235e-01 9.509283117949962616e-03
4.362500000000000266e-01 9.417628869414329529e-03
4.397500000000000298e-01 8.878462016582489014e-03
4.432500000000000329e-01 8.599790744483470917e-03
4.467500000000000360e-01 8.182170800864696503e-03
4.502500000000000391e-01 7.959873415529727936e-03
4.537500000000000422e-01 7.554004900157451630e-03
4.572500000000000453e-01 7.230317685753107071e-03
4.607500000000000484e-01 6.831468082964420319e-03
4.642499999999999960e-01 6.657206453382968903e-03
4.677499999999999991e-01 6.359528750181198120e-03
4.712500000000000022e-01 6.093336269259452820e-03
4.747500000000000053e-01 5.880934186279773712e-03
4.782500000000000084e-01 5.798059049993753433e-03
4.817500000000000115e-01 5.355819594115018845e-03
4.852500000000000147e-01 5.212747491896152496e-03
4.887500000000000178e-01 5.113001912832260132e-03
4.922500000000000209e-01 4.870139528065919876e-03
4.957500000000000240e-01 4.660323727875947952e-03
4.992500000000000826e-01 4.453953821212053299e-03
5.027500000000000302e-01 4.409522749483585358e-03
5.062499999999999778e-01 4.088608082383871078e-03
5.097500000000000364e-01 3.929924685508012772e-03
5.132500000000000950e-01 3.823561128228902817e-03
5.167500000000000426e-01 3.575783688575029373e-03
5.202499999999999902e-01 3.510181326419115067e-03
5.237500000000000488e-01 3.363446099683642387e-03
5.272499999999999964e-01 3.217988647520542145e-03
5.307499999999999440e-01 3.143734298646450043e-03
5.342500000000000027e-01 3.055001841858029366e-03
5.377500000000000613e-01 2.899791346862912178e-03
5.412500000000000089e-01 2.760641044005751610e-03
5.447499999999999565e-01 2.646656474098563194e-03
5.482500000000000151e-01 2.621901920065283775e-03
5.517500000000000737e-01 2.522235969081521034e-03
5.552500000000000213e-01 2.447927603498101234e-03
5.587499999999999689e-01 2.370499074459075928e-03
5.622500000000000275e-01 2.285230671986937523e-03
5.657500000000000862e-01 2.191959880292415619e-03
5.692500000000000338e-01 2.044856315478682518e-03
5.727499999999999813e-01 2.027467824518680573e-03
5.762500000000000400e-01 1.943376846611499786e-03
5.797500000000000986e-01 1.874839537777006626e-03
5.832500000000000462e-01 1.772523624822497368e-03
5.867499999999999938e-01 1.785688218660652637e-03
5.902500000000000524e-01 1.710173324681818485e-03
5.937500000000000000e-01 1.592182088643312454e-03
5.972499999999999476e-01 1.609658706001937389e-03
6.007500000000000062e-01 1.504447893239557743e-03
6.042500000000000648e-01 1.456599798984825611e-03
6.077500000000000124e-01 1.380037516355514526e-03
6.112499999999999600e-01 1.486155786551535130e-03
6.147500000000000187e-01 1.314407098107039928e-03
6.182500000000000773e-01 1.247014733962714672e-03
6.217500000000000249e-01 1.236333628185093403e-03
6.252499999999999725e-01 1.212331699207425117e-03
6.287500000000000311e-01 1.128845848143100739e-03
6.322500000000000897e-01 1.239512814208865166e-03
6.357500000000000373e-01 1.141011132858693600e-03
6.392499999999999849e-01 1.080248737707734108e-03
6.427500000000000435e-01 1.011175569146871567e-03
6.462500000000001021e-01 9.666833211667835712e-04
6.497500000000000497e-01 9.596322779543697834e-04
6.532499999999999973e-01 8.897559600882232189e-04
6.567500000000000560e-01 9.459878201596438885e-04
6.602500000000000036e-01 8.688598754815757275e-04
6.637499999999999512e-01 8.260969771072268486e-04
6.672500000000000098e-01 8.299635373987257481e-04
6.707500000000000684e-01 8.722879574634134769e-04
6.742500000000000160e-01 7.895072340033948421e-04
6.777499999999999636e-01 7.609338499605655670e-04
6.812500000000000222e-01 7.452500285580754280e-04
6.847500000000000808e-01 7.411026745103299618e-04
6.882500000000000284e-01 8.189015206880867481e-04
6.917499999999999760e-01 7.238180842250585556e-04
6.952500000000000346e-01 6.863889284431934357e-04
6.987500000000000933e-01 6.717131473124027252e-04
7.022500000000000409e-01 6.307851872406899929e-04
7.057499999999999885e-01 5.683620111085474491e-04
7.092500000000000471e-01 6.260907393880188465e-04
7.127500000000001057e-01 6.426154868677258492e-04
7.162500000000000533e-01 6.127466913312673569e-04
7.197500000000000009e-01 5.203206092119216919e-04
7.232500000000000595e-01 5.767474067397415638e-04
7.267500000000000071e-01 5.011787288822233677e-04
7.302499999999999547e-01 5.306010134518146515e-04
7.337500000000000133e-01 5.148107302375137806e-04
7.372500000000000719e-01 5.054045468568801880e-04
7.407500000000000195e-01 4.716719558928161860e-04
7.442499999999999671e-01 4.546554991975426674e-04
7.477500000000000258e-01 4.727958876173943281e-04
7.512500000000000844e-01 6.443708552978932858e-04
7.547500000000000320e-01 4.898835322819650173e-04
7.582499999999999796e-01 6.002770387567579746e-04
7.617500000000000382e-01 4.152173351030796766e-04
7.652500000000000968e-01 5.385259864851832390e-04
7.687500000000000444e-01 4.351892275735735893e-04
7.722499999999999920e-01 4.204466240480542183e-04
7.757500000000000506e-01 4.056261095684021711e-04
7.792499999999999982e-01 4.151958855800330639e-04
7.827499999999999458e-01 4.649893380701541901e-04
7.862500000000000044e-01 4.660452541429549456e-04
7.897500000000000631e-01 3.505396889522671700e-04
7.932500000000000107e-01 3.671078302431851625e-04
7.967499999999999583e-01 3.793241339735686779e-04
8.002500000000000169e-01 4.031432326883077621e-04
8.037500000000000755e-01 4.270271456334739923e-04
8.072500000000000231e-01 4.269365454092621803e-04
8.107499999999999707e-01 4.323913017287850380e-04
8.142500000000000293e-01 3.273550246376544237e-04
8.177500000000000879e-01 3.049732767976820469e-04
8.212500000000000355e-01 2.828430151566863060e-04
8.247499999999999831e-01 3.933925472665578127e-04
8.282500000000000417e-01 3.160586347803473473e-04
8.317500000000001004e-01 2.932733914349228144e-04
8.352500000000000480e-01 3.260156081523746252e-04
8.387499999999999956e-01 3.135677543468773365e-04
8.422500000000000542e-01 4.703970334958285093e-04
8.457500000000000018e-01 2.729357220232486725e-04
8.492499999999999494e-01 3.031608066521584988e-04
8.527500000000000080e-01 2.300658088643103838e-04
8.562500000000000666e-01 3.766578156501054764e-04
8.597500000000000142e-01 2.777916670311242342e-04
8.632499999999999618e-01 3.597692993935197592e-04
8.667500000000000204e-01 4.342182073742151260e-04
8.702500000000000790e-01 2.620987070258706808e-04
8.737500000000000266e-01 2.638981095515191555e-04
8.772499999999999742e-01 2.966432948596775532e-04
8.807500000000000329e-01 3.226951230317354202e-04
8.842500000000000915e-01 2.714894653763622046e-04
8.877500000000000391e-01 3.194579330738633871e-04
8.912499999999999867e-01 2.788906276691704988e-04
8.947500000000000453e-01 2.936809905804693699e-04
8.982500000000001039e-01 2.891642216127365828e-04
9.017500000000000515e-01 2.364209067309275270e-04
9.052499999999999991e-01 3.163396322634071112e-04
9.087500000000000577e-01 2.564971509855240583e-04
9.122500000000000053e-01 2.735019661486148834e-04
9.157499999999999529e-01 2.117541007464751601e-04
9.192500000000000115e-01 3.024091129191219807e-04
9.227500000000000702e-01 2.302968496223911643e-04
9.262500000000000178e-01 2.482315467204898596e-04
9.297499999999999654e-01 3.389590710867196321e-04
9.332500000000000240e-01 2.707712701521813869e-04
9.367500000000000826e-01 2.077007520711049438e-04
9.402500000000000302e-01 2.793750318232923746e-04
9.437499999999999778e-01 2.790888538584113121e-04
9.472500000000000364e-01 2.869564632419496775e-04
9.507500000000000950e-01 3.044948680326342583e-04
9.542500000000000426e-01 2.310180425411090255e-04
9.577499999999999902e-01 3.638959315139800310e-04
9.612500000000000488e-01 2.143614110536873341e-04
9.647500000000001075e-01 2.603825705591589212e-04
9.682500000000000551e-01 2.065824082819744945e-04
9.717500000000000027e-01 2.210730744991451502e-04
9.752500000000000613e-01 3.653433523140847683e-04
9.787500000000000089e-01 1.727914495859295130e-04
9.822499999999999565e-01 3.405825700610876083e-04
9.857500000000000151e-01 2.545397728681564331e-04
9.892500000000000737e-01 2.338592166779562831e-04
9.927500000000000213e-01 2.176541020162403584e-04
9.962499999999999689e-01 2.299607003806158900e-04
9.997500000000000275e-01 2.550799399614334106e-04
1.003249999999999975e+00 3.569757391232997179e-04
1.006750000000000034e+00 2.173469256376847625e-04
1.010250000000000092e+00 1.787102519301697612e-04
1.013749999999999929e+00 3.510561364237219095e-04
1.017250000000000210e+00 2.197834837716072798e-04
1.020750000000000046e+00 1.919870410347357392e-04
1.024249999999999883e+00 1.508673012722283602e-04
1.027750000000000163e+00 3.838302800431847572e-04
1.031250000000000000e+00 1.403486676281318069e-04
1.034750000000000059e+00 2.210671809734776616e-04
1.038250000000000117e+00 1.662601862335577607e-04
1.041749999999999954e+00 1.575001806486397982e-04
1.045250000000000012e+00 2.125307364622130990e-04
1.048750000000000071e+00 2.989556815009564161e-04
1.052249999999999908e+00 2.344056265428662300e-04
1.055750000000000188e+00 2.025759895332157612e-04
1.059250000000000025e+00 1.824866631068289280e-04
1.062749999999999861e+00 1.683101436356082559e-04
1.066250000000000142e+00 1.678340486250817776e-04
1.069749999999999979e+00 1.453239965485408902e-04
1.073250000000000037e+00 1.872517168521881104e-04
1.076750000000000096e+00 2.443052362650632858e-04
1.080249999999999932e+00 1.610974723007529974e-04
1.083750000000000213e+00 1.847134262789040804e-04
1.087250000000000050e+00 1.425994705641642213e-04
1.090749999999999886e+00 2.946887980215251446e-04
1.094250000000000167e+00 1.490303984610363841e-04
1.097750000000000004e+00 1.275964023079723120e-04
1.101250000000000062e+00 3.527543449308723211e-04
1.104750000000000121e+00 2.082584105664864182e-04
1.108249999999999957e+00 1.379260356770828366e-04
1.111750000000000016e+00 1.083290917449630797e-04
1.115250000000000075e+00 1.217679455294273794e-04
1.118749999999999911e+00 2.057109086308628321e-04
1.122250000000000192e+00 1.074788160622119904e-04
1.125750000000000028e+00 1.418219326296821237e-04
1.129249999999999865e+00 1.934243919095024467e-04
1.132750000000000146e+00 1.761355670168995857e-04
1.136249999999999982e+00 3.157685277983546257e-04
1.139750000000000041e+00 1.849615946412086487e-04
1.143250000000000099e+00 1.375064020976424217e-04
1.146749999999999936e+00 1.004616206046193838e-04
1.150250000000000217e+00 1.384150673402473330e-04
1.153750000000000053e+00 1.049204074661247432e-04
1.157249999999999890e+00 1.316080160904675722e-04
1.160750000000000171e+00 1.226846943609416485e-04
1.164250000000000007e+00 1.033714361255988479e-04
1.167749999999999844e+00 1.609692844795063138e-04
1.171250000000000124e+00 1.463859662180766463e-04
1.174749999999999961e+00 2.244332572445273399e-04
1.178250000000000020e+00 1.867618411779403687e-04
1.181750000000000078e+00 1.222945720655843616e-04
1.185249999999999915e+00 2.437706425553187728e-04
1.188750000000000195e+00 1.323718170169740915e-04
1.192250000000000032e+00 9.546732326271012425e-05
1.195749999999999869e+00 3.018548304680734873e-04
1.199250000000000149e+00 2.251307741971686482e-04
1.202749999999999986e+00 1.440390187781304121e-04
1.206250000000000044e+00 1.275442336918786168e-04
1.209750000000000103e+00 1.417950988980010152e-04
1.213249999999999940e+00 1.213342256960459054e-04
1.216750000000000220e+00 1.508362620370462537e-04
1.220250000000000057e+00 1.715005637379363179e-04
1.223749999999999893e+00 9.181295899907127023e-05
1.227250000000000174e+00 2.173637767555192113e-04
1.230750000000000011e+00 9.702584065962582827e-05
1.234249999999999847e+00 1.140830936492420733e-04
1.237750000000000128e+00 1.116812854888848960e-04
1.241249999999999964e+00 9.039207361638545990e-05
1.244750000000000023e+00 1.803588093025609851e-04
1.248250000000000082e+00 9.133130515692755580e-05
1.251749999999999918e+00 1.256227697012946010e-04
1.255250000000000199e+00 1.063258750946260989e-04
1.258750000000000036e+00 1.117398060159757733e-04
1.262249999999999872e+00 8.309323311550542712e-05
1.265750000000000153e+00 1.267173502128571272e-04
1.269249999999999989e+00 1.077749911928549409e-04
1.272750000000000048e+00 1.902266230899840593e-04
1.276250000000000107e+00 1.001555574475787580e-04
1.279749999999999943e+00 2.142723824363201857e-04
1.283250000000000224e+00 1.066278273356147110e-04
1.286750000000000060e+00 3.362463321536779404e-04
1.290249999999999897e+00 1.259766140719875693e-04
1.293750000000000178e+00 2.659806632436811924e-04
1.297250000000000014e+00 1.220805424964055419e-04
1.300749999999999851e+00 6.915855919942259789e-05
1.304250000000000131e+00 9.405544551555067301e-05
1.307749999999999968e+00 2.937611425295472145e-04
1.311250000000000027e+00 1.209079491673037410e-04
1.314750000000000085e+00 1.833330607041716576e-04
1.318249999999999922e+00 1.671289064688608050e-04
1.321750000000000203e+00 8.765405073063448071e-05
1.325250000000000039e+00 1.022985597955994308e-04
1.328749999999999876e+00 1.550910965306684375e-04
1.332250000000000156e+00 1.123128968174569309e-04
1.335749999999999993e+00 2.339884667890146375e-04
1.339250000000000052e+00 1.525856350781396031e-04
1.342750000000000110e+00 1.472976146033033729e-04
1.346249999999999947e+00 1.360500173177570105e-04
1.349750000000000227e+00 1.064785465132445097e-04
1.353250000000000064e+00 1.138888983405195177e-04
1.356749999999999901e+00 2.684746868908405304e-04
1.360250000000000181e+00 1.402911293553188443e-04
1.363750000000000018e+00 2.432267356198281050e-04
1.367249999999999854e+00 2.676795993465930223e-04
1.370750000000000135e+00 8.216102287406101823e-05
1.374249999999999972e+00 1.107413118006661534e-04
1.377750000000000030e+00 9.421996946912258863e-05
1.381250000000000089e+00 2.036371151916682720e-04
1.384749999999999925e+00 2.024829736910760403e-04
1.388250000000000206e+00 1.382989721605554223e-04
1.391750000000000043e+00 7.517537596868351102e-05
1.395249999999999879e+00 2.036874066106975079e-04
1.398750000000000160e+00 1.169811221188865602e-04
1.402249999999999996e+00 1.508833520347252488e-04
1.405750000000000055e+00 1.952257589437067509e-04
1.409250000000000114e+00 1.347197539871558547e-04
1.412749999999999950e+00 9.503433830104768276e-05
1.416250000000000231e+00 1.469971612095832825e-04
1.419750000000000068e+00 7.589279994135722518e-05
1.423249999999999904e+00 2.717839670367538929e-04
1.426750000000000185e+00 1.042282237904146314e-04
1.430250000000000021e+00 1.184893917525187135e-04
1.433749999999999858e+00 9.776853403309360147e-05
1.437250000000000139e+00 1.206739834742620587e-04
1.440749999999999975e+00 1.611269835848361254e-04
1.444250000000000034e+00 1.047353798639960587e-04
1.447750000000000092e+00 8.186784543795511127e-05
1.451249999999999929e+00 8.449718734482303262e-05
1.454750000000000210e+00 2.632429823279380798e-04
1.458250000000000046e+00 8.370052091777324677e-05
1.461749999999999883e+00 1.191377232316881418e-04
1.465250000000000163e+00 1.805993815651163459e-04
1.468750000000000000e+00 1.602533156983554363e-04
1.472250000000000059e+00 1.145357382483780384e-04
1.475750000000000117e+00 7.554691546829417348e-05
1.479249999999999954e+00 2.139960706699639559e-04
1.482750000000000012e+00 6.834049418102949858e-05
1.486250000000000071e+00 2.266441297251731157e-04
1.489749999999999908e+00 2.475029323250055313e-04
1.493250000000000188e+00 6.557263259310275316e-05
1.496750000000000025e+00 2.607550995890051126e-04
1.500250000000000083e+00 7.733285747235640883e-05
1.503750000000000142e+00 1.085320036509074271e-04
1.507249999999999979e+00 1.877893519122153521e-04
1.510750000000000037e+00 1.979601802304387093e-04
1.514250000000000096e+00 1.349406957160681486e-04
1.517749999999999932e+00 7.830831600585952401e-05
1.521249999999999991e+00 1.879381161415949464e-04
1.524750000000000050e+00 1.871714775916188955e-04
1.528250000000000108e+00 1.622071285964921117e-04
1.531750000000000167e+00 7.896092574810609221e-05
1.535250000000000004e+00 1.056324326782487333e-04
1.538750000000000062e+00 2.072421193588525057e-04
1.542250000000000121e+00 7.580347300972789526e-05
1.545749999999999957e+00 8.854161569615826011e-05
1.549250000000000016e+00 1.789587113307788968e-04
1.552750000000000075e+00 8.116613025777041912e-05
1.556249999999999911e+00 1.454709126846864820e-04
1.559749999999999970e+00 6.923215551069006324e-05
1.563250000000000028e+00 7.157898653531447053e-05
1.566750000000000087e+00 1.307181810261681676e-04
1.570250000000000146e+00 1.984200498554855585e-04
1.573749999999999982e+00 7.608515443280339241e-05
1.577250000000000041e+00 8.242278272518888116e-05
1.580750000000000099e+00 7.628767343703657389e-05
1.584249999999999936e+00 8.564933523302897811e-05
1.587749999999999995e+00 1.803709019441157579e-04
1.591250000000000053e+00 1.152389013441279531e-04
1.594750000000000112e+00 1.538028154755011201e-04
1.598250000000000171e+00 1.585984282428398728e-04
1.601750000000000007e+00 2.518876281101256609e-04
1.605250000000000066e+00 1.114950064220465720e-04
1.608750000000000124e+00 1.179826140287332237e-04
1.612249999999999961e+00 1.294751418754458427e-04
1.615750000000000020e+00 2.012900222325697541e-04
1.619250000000000078e+00 7.879988697823137045e-05
1.622749999999999915e+00 6.912029493832960725e-05
1.626249999999999973e+00 5.006979336030781269e-04
1.629750000000000032e+00 1.456878817407414317e-04
1.633250000000000091e+00 2.053275093203410506e-04
1.636750000000000149e+00 1.729129289742559195e-04
1.640249999999999986e+00 5.528074325411580503e-05
1.643750000000000044e+00 2.043594868155196309e-04
1.647250000000000103e+00 1.087355849449522793e-04
1.650749999999999940e+00 9.689378202892839909e-05
1.654249999999999998e+00 9.340342512587085366e-05
1.657750000000000057e+00 1.268767955480143428e-04
1.661250000000000115e+00 1.071515725925564766e-04
1.664750000000000174e+00 2.520842535886913538e-04
1.668250000000000011e+00 1.248338521691039205e-04
1.671750000000000069e+00 1.097754065995104611e-04
1.675250000000000128e+00 6.968527304707095027e-05
1.678749999999999964e+00 1.459620834793895483e-04
1.682250000000000023e+00 1.399646862410008907e-04
1.685750000000000082e+00 1.520177320344373584e-04
1.689249999999999918e+00 1.355398562736809254e-04
1.692749999999999977e+00 2.768363920040428638e-04
1.696250000000000036e+00 2.667286607902497053e-04
1.699750000000000094e+00 7.107252167770639062e-05
1.703250000000000153e+00 3.462091844994574785e-04
1.706749999999999989e+00 7.717287371633574367e-05
1.710250000000000048e+00 1.308320643147453666e-04
1.713750000000000107e+00 1.462586951674893498e-04
1.717249999999999943e+00 1.708414056338369846e-04
1.720750000000000002e+00 1.643198629608377814e-04
1.724250000000000060e+00 7.734800601610913873e-05
1.727750000000000119e+00 7.763274334138259292e-05
1.731250000000000178e+00 1.210290647577494383e-04
1.734750000000000014e+00 7.361016469076275826e-05
1.738250000000000073e+00 8.790906576905399561e-05
1.741750000000000131e+00 8.584512397646903992e-05
1.745249999999999968e+00 8.819848153507336974e-05
1.748750000000000027e+00 1.244030718225985765e-04
1.752250000000000085e+00 1.102078458643518388e-04
1.755749999999999922e+00 1.205951921292580664e-04
1.759249999999999980e+00 9.154448343906551600e-05
1.762750000000000039e+00 8.322383655468001962e-05
1.766250000000000098e+00 7.493427256122231483e-05
1.769750000000000156e+00 7.432761776726692915e-05
1.773249999999999993e+00 7.402236951747909188e-05
1.776750000000000052e+00 8.411353337578475475e-05
1.780250000000000110e+00 1.111339370254427195e-04
1.783749999999999947e+00 2.874596393667161465e-04
1.787250000000000005e+00 8.252453699242323637e-05
1.790750000000000064e+00 1.384496281389147043e-04
1.794250000000000123e+00 2.223051124019548297e-04
1.797750000000000181e+00 1.022565193125046790e-04
1.801250000000000018e+00 9.031732042785733938e-05
1.804750000000000076e+00 8.825590339256450534e-05
1.808250000000000135e+00 3.359363472554832697e-04
1.811749999999999972e+00 2.193706022808328271e-04
1.815250000000000030e+00 2.345780230825766921e-04
1.818750000000000089e+00 1.247419859282672405e-04
1.822249999999999925e+00 1.007687460514716804e-04
1.825749999999999984e+00 7.760507287457585335e-05
1.829250000000000043e+00 1.155575955635868013e-04
1.832750000000000101e+00 1.000996126094833016e-04
1.836250000000000160e+00 7.204414578154683113e-05
1.839749999999999996e+00 6.154677248559892178e-05
1.843250000000000055e+00 1.990499149542301893e-04
1.846750000000000114e+00 1.684959570411592722e-04
1.850249999999999950e+00 7.110628212103620172e-05
1.853750000000000009e+00 1.031330830301158130e-04
1.857250000000000068e+00 7.791470852680504322e-05
1.860750000000000126e+00 8.316450839629396796e-05
1.864250000000000185e+00 8.224572229664772749e-05
1.867750000000000021e+00 7.940211071399971843e-05
1.871250000000000080e+00 1.102194801205769181e-04
1.874750000000000139e+00 5.340127972885966301e-04
1.878249999999999975e+00 8.678323501953855157e-05
1.881750000000000034e+00 1.274760725209489465e-04
1.885250000000000092e+00 8.382706437259912491e-05
1.888749999999999929e+00 7.065845420584082603e-05
1.892249999999999988e+00 4.281332803657278419e-05
1.895750000000000046e+00 1.520931109553202987e-04
1.899250000000000105e+00 1.617650123080238700e-04
1.902750000000000163e+00 8.611044904682785273e-05
1.906250000000000000e+00 1.213093491969630122e-04
1.909750000000000059e+00 8.049884490901604295e-05
1.913250000000000117e+00 6.037949788151308894e-05
1.916749999999999954e+00 1.303265016758814454e-04
1.920250000000000012e+00 1.187848756671883166e-04
1.923750000000000071e+00 2.151453663827851415e-04
1.927250000000000130e+00 7.966631528688594699e-05
1.930750000000000188e+00 1.328589569311589003e-04
1.934250000000000025e+00 1.511221489636227489e-04
1.937750000000000083e+00 1.729356590658426285e-04
1.941250000000000142e+00 1.648244942771270871e-04
1.944749999999999979e+00 8.008821168914437294e-05
1.948250000000000037e+00 8.604690810898318887e-05
1.951750000000000096e+00 2.441715914756059647e-04
1.955249999999999932e+00 1.285525941057130694e-04
1.958749999999999991e+00 8.850698941387236118e-05
1.962250000000000050e+00 8.833334868540987372e-05
1.965750000000000108e+00 1.913156447699293494e-04
1.969250000000000167e+00 9.608406980987638235e-05
1.972750000000000004e+00 1.829194370657205582e-04
1.976250000000000062e+00 2.767489640973508358e-04
1.979750000000000121e+00 8.418589277425780892e-05
1.983249999999999957e+00 1.167925438494421542e-04
1.986750000000000016e+00 1.253245427506044507e-04
1.990250000000000075e+00 7.334746624110266566e-05
1.993750000000000133e+00 1.532263559056445956e-04
1.997250000000000192e+00 2.688987879082560539e-04
2.000750000000000028e+00 1.222316786879673600e-04
2.004249999999999865e+00 1.323954929830506444e-04
2.007750000000000146e+00 8.491259359288960695e-05
2.011249999999999982e+00 8.703302592039108276e-05
2.014750000000000263e+00 8.416387572651728988e-05
2.018250000000000099e+00 9.168905671685934067e-05
2.021749999999999936e+00 7.329190702876076102e-05
2.025249999999999773e+00 8.497464295942336321e-05
2.028750000000000053e+00 9.064019104698672891e-05
2.032250000000000334e+00 7.826399087207391858e-05
2.035750000000000171e+00 5.547703767661005259e-05
2.039250000000000007e+00 1.248088810825720429e-04
2.042749999999999844e+00 1.843018690124154091e-04
2.046250000000000124e+00 7.509924762416630983e-05
2.049749999999999961e+00 9.189544653054326773e-05
2.053250000000000242e+00 6.392068462446331978e-05
2.056750000000000078e+00 6.656692130491137505e-05
2.060249999999999915e+00 5.956630411674268544e-05
2.063749999999999751e+00 3.564718645066022873e-05
2.067250000000000032e+00 5.953959771431982517e-05
2.070750000000000313e+00 5.318989133229479194e-05
2.074250000000000149e+00 6.426666368497535586e-05
2.077749999999999986e+00 8.986273314803838730e-05
2.081249999999999822e+00 7.951305451570078731e-05
2.084750000000000103e+00 9.138743916992098093e-05
2.088249999999999940e+00 9.828063775785267353e-05
2.091750000000000220e+00 3.946728829760104418e-04
2.095250000000000057e+00 1.285869511775672436e-04
2.098749999999999893e+00 6.002785812597721815e-05
2.102250000000000174e+00 7.003940845606848598e-05
2.105750000000000011e+00 1.047763216774910688e-04
2.109250000000000291e+00 7.198644016170874238e-05
2.112750000000000128e+00 6.439443677663803101e-05
2.116249999999999964e+00 9.956579742720350623e-05
2.119749999999999801e+00 6.138881872175261378e-05
2.123250000000000082e+00 7.448848191415891051e-05
2.126749999999999918e+00 2.953794610220938921e-04
2.130250000000000199e+00 8.628681825939565897e-05
2.133750000000000036e+00 6.836013926658779383e-05
2.137249999999999872e+00 9.251375013263896108e-05
2.140750000000000153e+00 1.036922694765962660e-04
2.144249999999999989e+00 6.800962728448212147e-05
2.147750000000000270e+00 6.560129259014502168e-05
2.151250000000000107e+00 9.359219257021322846e-05
2.154749999999999943e+00 9.173603757517412305e-05
2.158249999999999780e+00 1.169309325632639229e-04
2.161750000000000060e+00 1.621342671569436789e-04
2.165250000000000341e+00 9.420546120963990688e-05
2.168750000000000178e+00 5.421446985565125942e-05
2.172250000000000014e+00 8.926582086132839322e-05
2.175749999999999851e+00 4.907339098281227052e-05
2.179250000000000131e+00 9.588716784492135048e-05
2.182749999999999968e+00 7.914580783108249307e-05
2.186250000000000249e+00 1.160177271231077611e-04
2.189750000000000085e+00 6.016921543050557375e-05
2.193249999999999922e+00 7.050414569675922394e-05
2.196749999999999758e+00 8.776607865002006292e-05
2.200250000000000039e+00 8.366945985471829772e-05
2.203750000000000320e+00 5.567365587921813130e-05
2.207250000000000156e+00 3.743625711649656296e-05
2.210749999999999993e+00 4.525042459135875106e-05
2.214249999999999829e+00 8.669677481520920992e-05
2.217750000000000110e+00 1.268220075871795416e-04
2.221249999999999947e+00 6.623154331464320421e-05
2.224750000000000227e+00 1.702880108496174216e-04
2.228250000000000064e+00 6.395548552973195910e-05
2.231749999999999901e+00 7.487143739126622677e-05
2.235250000000000181e+00 7.588179869344457984e-05
2.238750000000000018e+00 7.851800182834267616e-05
2.242250000000000298e+00 4.370630995254032314e-05
2.245750000000000135e+00 2.584711182862520218e-04
2.249249999999999972e+00 8.840236841933801770e-05
2.252749999999999808e+00 5.766725371358916163e-05
2.256250000000000089e+00 2.068712783511728048e-04
2.259749999999999925e+00 3.901460513588972390e-05
2.263250000000000206e+00 1.052705556503497064e-04
2.266750000000000043e+00 8.514071669196709991e-05
2.270249999999999879e+00 8.539599366486072540e-05
2.273750000000000160e+00 3.803857907769270241e-05
2.277249999999999996e+00 6.220650539034977555e-05
2.280750000000000277e+00 9.471501107327640057e-05
2.284250000000000114e+00 8.825751865515485406e-05
2.287749999999999950e+00 2.068459580186754465e-04
2.291249999999999787e+00 8.039016393013298512e-05
2.294750000000000068e+00 1.036304747685790062e-04
2.298250000000000348e+00 1.173767086584120989e-04
2.301750000000000185e+00 1.403478963766247034e-04
2.305250000000000021e+00 1.526841951999813318e-04
2.308749999999999858e+00 8.805284596746787429e-05
2.312250000000000139e+00 6.718916847603395581e-05
2.315749999999999975e+00 8.872354374034330249e-05
2.319250000000000256e+00 1.757314021233469248e-04
2.322750000000000092e+00 8.915201760828495026e-05
2.326249999999999929e+00 9.592876449460163713e-05
2.329749999999999766e+00 1.597680966369807720e-04
2.333250000000000046e+00 1.538785145385190845e-04
2.336750000000000327e+00 1.367032091366127133e-04
2.340250000000000163e+00 9.428869816474616528e-05
2.343750000000000000e+00 7.771834498271346092e-05
2.347249999999999837e+00 6.169323751237243414e-05
2.350750000000000117e+00 3.614705201471224427e-05
2.354249999999999954e+00 8.616630657343193889e-05
2.357750000000000234e+00 1.105693008867092431e-04
2.361250000000000071e+00 6.775444489903748035e-05
2.364749999999999908e+00 7.972965249791741371e-05
2.368250000000000188e+00 8.020905079320073128e-05
2.371750000000000025e+00 1.372166298096999526e-04
2.375250000000000306e+00 6.744117854395881295e-05
2.378750000000000142e+00 1.389929529977962375e-04
2.382249999999999979e+00 4.829874524148181081e-05
2.385749999999999815e+00 7.015025767032057047e-05
2.389250000000000096e+00 7.738101703580468893e-05
2.392749999999999932e+00 7.613922207383438945e-05
2.396250000000000213e+00 5.172476812731474638e-05
2.399750000000000050e+00 6.405526801245287061e-05
2.403249999999999886e+00 1.570767781231552362e-04
2.406750000000000167e+00 7.666093733860179782e-05
2.410250000000000004e+00 7.009575347183272243e-05
2.413750000000000284e+00 4.519346839515492320e-05
2.417250000000000121e+00 1.603178388904780149e-04
2.420749999999999957e+00 1.918052585097029805e-04
2.424249999999999794e+00 2.142784214811399579e-04
2.427750000000000075e+00 5.676142973243258893e-05
2.431250000000000355e+00 3.352883868501521647e-05
2.434750000000000192e+00 5.420878733275458217e-05
2.438250000000000028e+00 8.046902803471311927e-05
2.441749999999999865e+00 4.827394877793267369e-05
2.445250000000000146e+00 8.225131023209542036e-05
2.448749999999999982e+00 7.513417949667200446e-05
2.452250000000000263e+00 1.222026039613410830e-04
2.455750000000000099e+00 4.921818253933452070e-05
2.459249999999999936e+00 4.929405622533522546e-05
2.462749999999999773e+00 8.236317808041349053e-05
2.466250000000000053e+00 1.061807342921383679e-04
2.469750000000000334e+00 7.018744508968666196e-05
2.473250000000000171e+00 7.766894850647076964e-05
2.476750000000000007e+00 1.048531848937273026e-04
2.480249999999999844e+00 1.227814791491255164e-04
2.483750000000000124e+00 8.322176290675997734e-05
2.487249999999999961e+00 5.706694719265215099e-05
2.490750000000000242e+00 7.090716098900884390e-05
2.494250000000000078e+00 7.181237015174701810e-05
2.497749999999999915e+00 6.187539838720113039e-05
2.501250000000000195e+00 9.722887625684961677e-05
2.504750000000000032e+00 1.302162272622808814e-04
2.508250000000000313e+00 1.086269767256453633e-04
2.511750000000000149e+00 2.557486295700073242e-04
2.515249999999999986e+00 4.264341987436637282e-05
2.518749999999999822e+00 9.297028736909851432e-05
2.522250000000000103e+00 7.576900679850950837e-05
2.525749999999999940e+00 5.068294194643385708e-05
2.529250000000000220e+00 3.123118221992626786e-05
2.532750000000000057e+00 7.785781781421974301e-05
2.536249999999999893e+00 5.488855094881728292e-05
2.539750000000000174e+00 6.150105036795139313e-05
2.543250000000000011e+00 6.371548079187050462e-05
2.546750000000000291e+00 6.477281567640602589e-05
2.550250000000000128e+00 4.735213587991893291e-05
2.553749999999999964e+00 6.443938764277845621e-05
2.557249999999999801e+00 3.005746693816035986e-04
2.560750000000000082e+00 1.367564982501789927e-04
2.564250000000000362e+00 1.257102412637323141e-04
2.567750000000000199e+00 2.202555697294883430e-05
2.571250000000000036e+00 4.136270217713899910e-05
2.574749999999999872e+00 5.914666689932346344e-05
2.578250000000000153e+00 5.841709207743406296e-05
2.581749999999999989e+00 1.600860268808901310e-04
2.585250000000000270e+00 1.575864880578592420e-04
2.588750000000000107e+00 5.767010952695272863e-05
2.592249999999999943e+00 6.700732774334028363e-05
2.595749999999999780e+00 1.732480304781347513e-04
2.599250000000000060e+00 2.588761890365276486e-05
2.602750000000000341e+00 4.071210423717275262e-05
2.606250000000000178e+00 7.411638216581195593e-05
2.609750000000000014e+00 7.398695015581324697e-05
2.613249999999999851e+00 4.704109960584901273e-05
2.616750000000000131e+00 8.885402348823845387e-05
2.620249999999999968e+00 5.897321534575894475e-05
2.623750000000000249e+00 1.676380634307861328e-04
2.627250000000000085e+00 6.449449574574828148e-05
2.630749999999999922e+00 3.593493602238595486e-05
2.634250000000000203e+00 1.599380630068480968e-04
2.637750000000000039e+00 1.656076346989721060e-04
2.641250000000000320e+00 1.073576931958086789e-04
2.644750000000000156e+00 7.423277565976604819e-05
2.648249999999999993e+00 1.424484944436699152e-04
2.651749999999999829e+00 5.493620483321137726e-05
2.655250000000000110e+00 2.756151116045657545e-05
2.658749999999999947e+00 1.297680864809080958e-04
2.662250000000000227e+00 7.358573930105194449e-05
2.665750000000000064e+00 9.752609912538900971e-05
2.669249999999999901e+00 4.628944225260056555e-05
2.672750000000000181e+00 1.894317574624437839e-05
2.676250000000000018e+00 6.607612886000424623e-05
2.679750000000000298e+00 1.158189916168339550e-04
2.683250000000000135e+00 7.173305493779480457e-05
2.686749999999999972e+00 6.600308552151545882e-05
2.690249999999999808e+00 1.268258347408846021e-04
2.693750000000000089e+00 7.758723222650587559e-05
2.697250000000000369e+00 2.871839205909054726e-05
2.700750000000000206e+00 1.844320468080695719e-05
2.704250000000000043e+00 1.284000318264588714e-04
2.707749999999999879e+00 1.265031896764412522e-04
2.711250000000000160e+00 4.919443017570301890e-05
2.714749999999999996e+00 5.632777538266964257e-05
2.718250000000000277e+00 4.784630800713784993e-05
2.721750000000000114e+00 3.280245073256082833e-05
2.725249999999999950e+00 4.449635525816120207e-05
2.728749999999999787e+00 1.224763254867866635e-04
2.732250000000000068e+00 5.741186760133132339e-05
2.735750000000000348e+00 1.097379208658821881e-04
2.739250000000000185e+00 8.024145790841430426e-05
2.742750000000000021e+00 6.051754462532699108e-05
2.746249999999999858e+00 8.088967297226190567e-05
2.749750000000000139e+00 7.214009383460506797e-05
2.753249999999999975e+00 1.505374821135774255e-04
2.756750000000000256e+00 5.712217534892261028e-05
2.760250000000000092e+00 4.050852294312790036e-05
2.763749999999999929e+00 4.204643482808023691e-05
2.767249999999999766e+00 7.387504592770710588e-05
2.770750000000000046e+00 1.017446556943468750e-04
2.774250000000000327e+00 8.368997077923268080e-05
2.777750000000000163e+00 6.229333666851744056e-05
2.781250000000000000e+00 6.342639971990138292e-05
2.784749999999999837e+00 6.267155549721792340e-05
2.788250000000000117e+00 4.291809091228060424e-05
2.791749999999999954e+00 4.309869109420105815e-05
2.795250000000000234e+00 1.048752073984360322e-05
2.798750000000000071e+00 1.986363713513128459e-05
2.802249999999999908e+00 9.421370486961677670e-05
2.805750000000000188e+00 2.493124338798224926e-04
2.809250000000000025e+00 4.279580389265902340e-05
2.812750000000000306e+00 8.921841799747198820e-05
2.816250000000000142e+00 9.428569319425150752e-05
2.819749999999999979e+00 1.041954965330660343e-04
2.823249999999999815e+00 8.722669008420780301e-05
2.826750000000000096e+00 2.251983460155315697e-05
2.830249999999999932e+00 4.506999903242103755e-05
2.833750000000000213e+00 5.619383227895013988e-05
2.837250000000000050e+00 4.789992090081796050e-05
2.840749999999999886e+00 5.632829561363905668e-05
2.844250000000000167e+00 6.821317219873890281e-05
2.847750000000000004e+00 1.088921198970638216e-04
2.851250000000000284e+00 4.513723615673370659e-05
2.854750000000000121e+00 3.498037403915077448e-05
2.858249999999999957e+00 2.277534440509043634e-05
2.861749999999999794e+00 2.319283703400287777e-05
2.865250000000000075e+00 7.993365579750388861e-05
2.868750000000000355e+00 1.369637902826070786e-04
2.872250000000000192e+00 4.506179539021104574e-05
2.875750000000000028e+00 4.234210064169019461e-05
2.879249999999999865e+00 2.400615630904212594e-05
2.882750000000000146e+00 5.771633732365444303e-05
2.886249999999999982e+00 8.206324855564162135e-05
2.889750000000000263e+00 4.788707883562892675e-05
2.893250000000000099e+00 4.646823072107508779e-05
2.896749999999999936e+00 1.639568508835509419e-04
2.900249999999999773e+00 5.977348337182775140e-05
2.903750000000000053e+00 2.389026485616341233e-05
2.907250000000000334e+00 3.417937841732054949e-05
2.910750000000000171e+00 2.410552951914723963e-05
2.914250000000000007e+00 3.469556395430117846e-05
2.917749999999999844e+00 4.910375719191506505e-05
2.921250000000000124e+00 2.168363280361518264e-04
2.924749999999999961e+00 4.990073284716345370e-05
2.928250000000000242e+00 5.017729563405737281e-05
2.931750000000000078e+00 6.226639379747211933e-05
2.935249999999999915e+00 2.766665966191794723e-05
2.938750000000000195e+00 2.552904152253177017e-05
2.942250000000000032e+00 4.848143362323753536e-05
2.945750000000000313e+00 6.122446211520582438e-05
2.949250000000000149e+00 3.847913831123150885e-05
2.952749999999999986e+00 0.000000000000000000e+00
2.956249999999999822e+00 5.092187711852602661e-05
2.959750000000000103e+00 5.058749957242980599e-05
2.963249999999999940e+00 6.250803562579676509e-05
2.966750000000000220e+00 2.690651745069772005e-04
2.970250000000000057e+00 6.399629637598991394e-05
2.973749999999999893e+00 8.914744830690324306e-05
2.977250000000000174e+00 3.766084773815236986e-05
2.980750000000000011e+00 3.938138615922071040e-05
2.984250000000000291e+00 1.121395398513413966e-04
2.987750000000000128e+00 2.605284498713444918e-05
2.991249999999999964e+00 1.139400992542505264e-04
2.994749999999999801e+00 2.665940701263025403e-05
2.998250000000000082e+00 6.642769585596397519e-05
