-4.982499999999999707e-01 0.000000000000000000e+00
-4.947500000000000231e-01 0.000000000000000000e+00
-4.912499999999999645e-01 0.000000000000000000e+00
-4.877500000000000169e-01 0.000000000000000000e+00
-4.842499999999999583e-01 0.000000000000000000e+00
-4.807500000000000107e-01 0.000000000000000000e+00
-4.772499999999999520e-01 0.000000000000000000e+00
-4.737500000000000044e-01 0.000000000000000000e+00
-4.702500000000000013e-01 0.000000000000000000e+00
-4.667499999999999982e-01 0.000000000000000000e+00
-4.632499999999999951e-01 0.000000000000000000e+00
-4.597499999999999920e-01 0.000000000000000000e+00
-4.562500000000000444e-01 0.000000000000000000e+00
-4.527499999999999858e-01 0.000000000000000000e+00
-4.492500000000000382e-01 0.000000000000000000e+00
-4.457499999999999796e-01 0.000000000000000000e+00
-4.422500000000000320e-01 0.000000000000000000e+00
-4.387499999999999734e-01 0.000000000000000000e+00
-4.352500000000000258e-01 0.000000000000000000e+00
-4.317499999999999671e-01 0.000000000000000000e+00
-4.282500000000000195e-01 0.000000000000000000e+00
-4.247499999999999609e-01 0.000000000000000000e+00
-4.212500000000000133e-01 0.000000000000000000e+00
-4.177499999999999547e-01 0.000000000000000000e+00
-4.142500000000000071e-01 0.000000000000000000e+00
-4.107500000000000040e-01 0.000000000000000000e+00
-4.072500000000000009e-01 0.000000000000000000e+00
-4.037499999999999978e-01 0.000000000000000000e+00
-4.002499999999999947e-01 0.000000000000000000e+00
-3.967499999999999916e-01 0.000000000000000000e+00
-3.932499999999999885e-01 0.000000000000000000e+00
-3.897500000000000409e-01 0.000000000000000000e+00
-3.862499999999999822e-01 0.000000000000000000e+00
-3.827500000000000346e-01 0.000000000000000000e+00
-3.792499999999999760e-01 0.000000000000000000e+00
-3.757500000000000284e-01 0.000000000000000000e+00
-3.722499999999999698e-01 0.000000000000000000e+00
-3.687500000000000222e-01 0.000000000000000000e+00
-3.652499999999999636e-01 0.000000000000000000e+00
-3.617500000000000160e-01 0.000000000000000000e+00
-3.582499999999999574e-01 0.000000000000000000e+00
-3.547500000000000098e-01 0.000000000000000000e+00
-3.512500000000000067e-01 0.000000000000000000e+00
-3.477500000000000036e-01 0.000000000000000000e+00
-3.442500000000000004e-01 0.000000000000000000e+00
-3.407499999999999973e-01 0.000000000000000000e+00
-3.372499999999999942e-01 0.000000000000000000e+00
-3.337499999999999911e-01 0.000000000000000000e+00
-3.302499999999999880e-01 0.000000000000000000e+00
-3.267499999999999849e-01 0.000000000000000000e+00
-3.232499999999999818e-01 0.000000000000000000e+00
-3.197499999999999787e-01 0.000000000000000000e+00
-3.162500000000000311e-01 0.000000000000000000e+00
-3.127499999999999725e-01 0.000000000000000000e+00
-3.092500000000000249e-01 0.000000000000000000e+00
-3.057499999999999662e-01 0.000000000000000000e+00
-3.022500000000000187e-01 0.000000000000000000e+00
-2.987499999999999600e-01 0.000000000000000000e+00
-2.952500000000000124e-01 0.000000000000000000e+00
-2.917500000000000093e-01 0.000000000000000000e+00
-2.882500000000000062e-01 0.000000000000000000e+00
-2.847500000000000031e-01 0.000000000000000000e+00
-2.812500000000000000e-01 0.000000000000000000e+00
-2.777499999999999969e-01 0.000000000000000000e+00
-2.742499999999999938e-01 0.000000000000000000e+00
-2.707499999999999907e-01 0.000000000000000000e+00
-2.672499999999999876e-01 0.000000000000000000e+00
-2.637499999999999845e-01 0.000000000000000000e+00
-2.602499999999999813e-01 0.000000000000000000e+00
-2.567500000000000338e-01 0.000000000000000000e+00
-2.532499999999999751e-01 0.000000000000000000e+00
-2.497499999999999998e-01 0.000000000000000000e+00
-2.462499999999999967e-01 0.000000000000000000e+00
-2.427499999999999936e-01 0.000000000000000000e+00
-2.392499999999999905e-01 0.000000000000000000e+00
-2.357499999999999873e-01 0.000000000000000000e+00
-2.322499999999999842e-01 0.000000000000000000e+00
-2.287499999999999811e-01 0.000000000000000000e+00
-2.252499999999999780e-01 0.000000000000000000e+00
-2.217499999999999749e-01 0.000000000000000000e+00
-2.182499999999999718e-01 0.000000000000000000e+00
-2.147499999999999687e-01 0.000000000000000000e+00
-2.112499999999999933e-01 0.000000000000000000e+00
-2.077500000000000180e-01 0.000000000000000000e+00
-2.042500000000000149e-01 0.000000000000000000e+00
-2.007500000000000118e-01 0.000000000000000000e+00
-1.972500000000000087e-01 0.000000000000000000e+00
-1.937500000000000056e-01 0.000000000000000000e+00
-1.902500000000000024e-01 0.000000000000000000e+00
-1.867499999999999993e-01 0.000000000000000000e+00
-1.832499999999999962e-01 0.000000000000000000e+00
-1.797499999999999931e-01 0.000000000000000000e+00
-1.762499999999999900e-01 0.000000000000000000e+00
-1.727499999999999869e-01 0.000000000000000000e+00
-1.692499999999999838e-01 0.000000000000000000e+00
-1.657499999999999807e-01 0.000000000000000000e+00
-1.622499999999999776e-01 0.000000000000000000e+00
-1.587499999999999745e-01 0.000000000000000000e+00
-1.552499999999999714e-01 0.000000000000000000e+00
-1.517499999999999682e-01 0.000000000000000000e+00
-1.482499999999999929e-01 0.000000000000000000e+00
-1.447500000000000175e-01 0.000000000000000000e+00
-1.412500000000000144e-01 0.000000000000000000e+00
-1.377500000000000113e-01 0.000000000000000000e+00
-1.342500000000000082e-01 0.000000000000000000e+00
-1.307500000000000051e-01 0.000000000000000000e+00
-1.272500000000000020e-01 0.000000000000000000e+00
-1.237499999999999989e-01 0.000000000000000000e+00
-1.202499999999999958e-01 0.000000000000000000e+00
-1.167499999999999927e-01 0.000000000000000000e+00
-1.132499999999999896e-01 0.000000000000000000e+00
-1.097499999999999865e-01 0.000000000000000000e+00
-1.062499999999999833e-01 0.000000000000000000e+00
-1.027499999999999802e-01 0.000000000000000000e+00
-9.924999999999997713e-02 0.000000000000000000e+00
-9.574999999999997402e-02 0.000000000000000000e+00
-9.224999999999997091e-02 0.000000000000000000e+00
-8.874999999999996780e-02 0.000000000000000000e+00
-8.524999999999999245e-02 0.000000000000000000e+00
-8.175000000000001710e-02 0.000000000000000000e+00
-7.825000000000001399e-02 0.000000000000000000e+00
-7.475000000000001088e-02 0.000000000000000000e+00
-7.125000000000000777e-02 0.000000000000000000e+00
-6.775000000000000466e-02 0.000000000000000000e+00
-6.425000000000000155e-02 0.000000000000000000e+00
-6.074999999999999845e-02 7.766129076480865479e-02
-5.724999999999999534e-02 1.800325036048889160e+00
-5.374999999999999223e-02 5.254659652709960938e+00
-5.024999999999998912e-02 8.760901451110839844e+00
-4.674999999999998601e-02 1.152169036865234375e+01
-4.324999999999998290e-02 1.343538188934326172e+01
-3.974999999999997979e-02 1.454645061492919922e+01
-3.624999999999997669e-02 1.500001430511474609e+01
-3.274999999999997358e-02 1.499928379058837891e+01
-2.924999999999997047e-02 1.464857769012451172e+01
-2.574999999999996736e-02 1.411549282073974609e+01
-2.224999999999996425e-02 1.342127227783203125e+01
-1.874999999999998890e-02 1.263450908660888672e+01
-1.525000000000001354e-02 1.183300209045410156e+01
-1.175000000000001044e-02 1.103076362609863281e+01
-8.250000000000007327e-03 1.022286319732666016e+01
-4.750000000000004219e-03 9.462059020996093750e+00
-1.249999999999973355e-03 8.722254753112792969e+00
2.250000000000029754e-03 8.021087646484375000e+00
5.750000000000032863e-03 7.365549564361572266e+00
9.250000000000035971e-03 6.747112751007080078e+00
1.274999999999998357e-02 6.171135902404785156e+00
1.624999999999998668e-02 5.648683071136474609e+00
1.974999999999998979e-02 5.163247585296630859e+00
2.324999999999999289e-02 4.706774234771728516e+00
2.674999999999999600e-02 4.294150829315185547e+00
3.024999999999999911e-02 3.922186851501464844e+00
3.375000000000000222e-02 3.569991111755371094e+00
3.725000000000000533e-02 3.259884595870971680e+00
4.075000000000000844e-02 2.969289541244506836e+00
4.425000000000001155e-02 2.708020925521850586e+00
4.775000000000001465e-02 2.466811656951904297e+00
5.125000000000001776e-02 2.244155645370483398e+00
5.475000000000002087e-02 2.049025058746337891e+00
5.825000000000002398e-02 1.873472929000854492e+00
6.175000000000002709e-02 1.706577062606811523e+00
6.525000000000003020e-02 1.563145875930786133e+00
6.875000000000003331e-02 1.424958109855651855e+00
7.225000000000003642e-02 1.295890331268310547e+00
7.575000000000003952e-02 1.186783194541931152e+00
7.924999999999998712e-02 1.080488443374633789e+00
8.274999999999999023e-02 9.870608448982238770e-01
8.624999999999999334e-02 9.005609750747680664e-01
8.974999999999999645e-02 8.240780234336853027e-01
9.324999999999999956e-02 7.571359872817993164e-01
9.675000000000000266e-02 6.951311826705932617e-01
1.002500000000000058e-01 6.381576657295227051e-01
1.037500000000000089e-01 5.840353369712829590e-01
1.072500000000000120e-01 5.388184189796447754e-01
1.107500000000000151e-01 4.927310943603515625e-01
1.142500000000000182e-01 4.517442584037780762e-01
1.177500000000000213e-01 4.165056049823760986e-01
1.212500000000000244e-01 3.817037343978881836e-01
1.247500000000000275e-01 3.531222641468048096e-01
1.282500000000000306e-01 3.252131640911102295e-01
1.317500000000000338e-01 2.996619939804077148e-01
1.352500000000000369e-01 2.762392759323120117e-01
1.387499999999999845e-01 2.545583844184875488e-01
1.422499999999999876e-01 2.364097088575363159e-01
1.457499999999999907e-01 2.195040583610534668e-01
1.492499999999999938e-01 2.040974050760269165e-01
1.527499999999999969e-01 1.898294836282730103e-01
1.562500000000000000e-01 1.776083409786224365e-01
1.597500000000000031e-01 1.659550666809082031e-01
1.632500000000000062e-01 1.555647701025009155e-01
1.667500000000000093e-01 1.453091055154800415e-01
1.702500000000000124e-01 1.351726800203323364e-01
1.737500000000000155e-01 1.254495233297348022e-01
1.772500000000000187e-01 1.178889721632003784e-01
1.807500000000000218e-01 1.082296371459960938e-01
1.842500000000000249e-01 1.008380502462387085e-01
1.877500000000000280e-01 9.380096197128295898e-02
1.912500000000000311e-01 8.745578676462173462e-02
1.947500000000000342e-01 8.092076331377029419e-02
1.982500000000000373e-01 7.490661740303039551e-02
2.017500000000000404e-01 7.023479044437408447e-02
2.052499999999999880e-01 6.456836313009262085e-02
2.087499999999999911e-01 6.046129390597343445e-02
2.122499999999999942e-01 5.657746270298957825e-02
2.157499999999999973e-01 5.279993265867233276e-02
2.192500000000000004e-01 4.895995929837226868e-02
2.227500000000000036e-01 4.577902331948280334e-02
2.262500000000000067e-01 4.282693564891815186e-02
2.297500000000000098e-01 3.991072252392768860e-02
2.332500000000000129e-01 3.786296397447586060e-02
2.367500000000000160e-01 3.543270379304885864e-02
2.402500000000000191e-01 3.301790356636047363e-02
2.437500000000000222e-01 3.198666498064994812e-02
2.472500000000000253e-01 2.969205938279628754e-02
2.507500000000000284e-01 2.814405784010887146e-02
2.542500000000000315e-01 2.647621929645538330e-02
2.577500000000000346e-01 2.492958679795265198e-02
2.612500000000000377e-01 2.385918237268924713e-02
2.647500000000000409e-01 2.238339930772781372e-02
2.682500000000000440e-01 2.141683734953403473e-02
2.717499999999999916e-01 2.002695761620998383e-02
2.752499999999999947e-01 1.890877634286880493e-02
2.787499999999999978e-01 1.840908639132976532e-02
2.822500000000000009e-01 1.745567284524440765e-02
2.857500000000000040e-01 1.653573289513587952e-02
2.892500000000000071e-01 1.592443510890007019e-02
2.927500000000000102e-01 1.515555009245872498e-02
2.962500000000000133e-01 1.436496060341596603e-02
2.997500000000000164e-01 1.410310436040163040e-02
3.032500000000000195e-01 1.339378859847784042e-02
3.067500000000000226e-01 1.264378987252712250e-02
3.102500000000000258e-01 1.230945438146591187e-02
3.137500000000000289e-01 1.168925315141677856e-02
3.172500000000000320e-01 1.136043667793273926e-02
3.207500000000000351e-01 1.084989123046398163e-02
3.242500000000000382e-01 1.009902637451887131e-02
3.277500000000000413e-01 9.684736840426921844e-03
3.312499999999999889e-01 9.009626694023609161e-03
3.347499999999999920e-01 8.415747433900833130e-03
3.382499999999999951e-01 7.822295650839805603e-03
3.417499999999999982e-01 7.282083388417959213e-03
3.452500000000000013e-01 6.850682664662599564e-03
3.487500000000000044e-01 6.574708502739667892e-03
3.522500000000000075e-01 6.056413520127534866e-03
3.557500000000000107e-01 5.604934878647327423e-03
3.592500000000000138e-01 5.316514056175947189e-03
3.627500000000000169e-01 4.889318719506263733e-03
3.662500000000000200e-01 4.524612799286842346e-03
3.697500000000000231e-01 4.265240859240293503e-03
3.732500000000000262e-01 4.002331756055355072e-03
3.767500000000000293e-01 3.856650786474347115e-03
3.802500000000000324e-01 3.496801713481545448e-03
3.837500000000000355e-01 3.232711460441350937e-03
3.872500000000000386e-01 2.976820804178714752e-03
3.907500000000000417e-01 2.796244807541370392e-03
3.942500000000000449e-01 2.512696897611021996e-03
3.977499999999999925e-01 2.499399939551949501e-03
4.012499999999999956e-01 2.243026625365018845e-03
4.047499999999999987e-01 2.163268160074949265e-03
4.082500000000000018e-01 2.040843944996595383e-03
4.117500000000000049e-01 1.941085327416658401e-03
4.152500000000000080e-01 1.781370025128126144e-03
4.187500000000000111e-01 1.620549708604812622e-03
4.222500000000000142e-01 1.636485918425023556e-03
4.257500000000000173e-01 1.466130837798118591e-03
4.292500000000000204e-01 1.375160994939506054e-03
4.327500000000000235e-01 1.314994064159691334e-03
4.362500000000000266e-01 1.246279221959412098e-03
4.397500000000000298e-01 1.188670750707387924e-03
4.432500000000000329e-01 1.090452773496508598e-03
4.467500000000000360e-01 1.001177122816443443e-03
4.502500000000000391e-01 9.098666487261652946e-04
4.537500000000000422e-01 8.536929381079971790e-04
4.572500000000000453e-01 8.958032121881842613e-04
4.607500000000000484e-01 8.231315878219902515e-04
4.642499999999999960e-01 7.515553734265267849e-04
4.677499999999999991e-01 7.103598327375948429e-04
4.712500000000000022e-01 6.952531402930617332e-04
4.747500000000000053e-01 6.600630586035549641e-04
4.782500000000000084e-01 5.625042249448597431e-04
4.817500000000000115e-01 6.001954316161572933e-04
4.852500000000000147e-01 5.562204169109463692e-04
4.887500000000000178e-01 5.084167933091521263e-04
4.922500000000000209e-01 4.695401003118604422e-04
4.957500000000000240e-01 4.351073002908378839e-04
4.992500000000000826e-01 4.555991909001022577e-04
5.027500000000000302e-01 4.576981009449809790e-04
5.062499999999999778e-01 4.283399903215467930e-04
5.097500000000000364e-01 3.728441661223769188e-04
5.132500000000000950e-01 3.623860247898846865e-04
5.167500000000000426e-01 3.462231252342462540e-04
5.202499999999999902e-01 3.490959934424608946e-04
5.237500000000000488e-01 3.277928917668759823e-04
5.272499999999999964e-01 3.046242927666753531e-04
5.307499999999999440e-01 2.944481384474784136e-04
5.342500000000000027e-01 2.872891200240701437e-04
5.377500000000000613e-01 2.677570737432688475e-04
5.412500000000000089e-01 2.621728926897048950e-04
5.447499999999999565e-01 2.520948473829776049e-04
5.482500000000000151e-01 2.356101031182333827e-04
5.517500000000000737e-01 2.362069353694096208e-04
5.552500000000000213e-01 2.037071535596624017e-04
5.587499999999999689e-01 2.122178120771422982e-04
5.622500000000000275e-01 1.873726287158206105e-04
5.657500000000000862e-01 2.199080627178773284e-04
5.692500000000000338e-01 2.059790713246911764e-04
5.727499999999999813e-01 1.718273560982197523e-04
5.762500000000000400e-01 1.828061940614134073e-04
5.797500000000000986e-01 1.953134924406185746e-04
5.832500000000000462e-01 1.771493989508599043e-04
5.867499999999999938e-01 1.736400008667260408e-04
5.902500000000000524e-01 1.434450095985084772e-04
5.937500000000000000e-01 1.563061814522370696e-04
5.972499999999999476e-01 1.490652502980083227e-04
6.007500000000000062e-01 1.484949752921238542e-04
6.042500000000000648e-01 1.318110589636489749e-04
6.077500000000000124e-01 1.313941320404410362e-04
6.112499999999999600e-01 1.393277489114552736e-04
6.147500000000000187e-01 1.326352503383532166e-04
6.182500000000000773e-01 1.304261386394500732e-04
6.217500000000000249e-01 1.250939967576414347e-04
6.252499999999999725e-01 1.299873692914843559e-04
6.287500000000000311e-01 1.149110612459480762e-04
6.322500000000000897e-01 1.084046889445744455e-04
6.357500000000000373e-01 9.824320295592769980e-05
6.392499999999999849e-01 1.038520786096341908e-04
6.427500000000000435e-01 1.092696256819181144e-04
6.462500000000001021e-01 9.767157462192699313e-05
6.497500000000000497e-01 1.033759181154891849e-04
6.532499999999999973e-01 9.600198245607316494e-05
6.567500000000000560e-01 1.111240344471298158e-04
6.602500000000000036e-01 9.602186037227511406e-05
6.637499999999999512e-01 1.009664629236795008e-04
6.672500000000000098e-01 1.065612159436568618e-04
6.707500000000000684e-01 9.624427912058308721e-05
6.742500000000000160e-01 1.122436078730970621e-04
6.777499999999999636e-01 9.040954319061711431e-05
6.812500000000000222e-01 1.025877791107632220e-04
6.847500000000000808e-01 1.037108886521309614e-04
6.882500000000000284e-01 8.497428643750026822e-05
6.917499999999999760e-01 9.513270924799144268e-05
6.952500000000000346e-01 8.735151641303673387e-05
6.987500000000000933e-01 8.566264295950531960e-05
7.022500000000000409e-01 9.343273995909839869e-05
7.057499999999999885e-01 8.544351294403895736e-05
7.092500000000000471e-01 7.404655480058863759e-05
7.127500000000001057e-01 8.791810250841081142e-05
7.162500000000000533e-01 9.028812928590923548e-05
7.197500000000000009e-01 7.718682172708213329e-05
7.232500000000000595e-01 7.837282464606687427e-05
7.267500000000000071e-01 7.491482392651960254e-05
7.302499999999999547e-01 7.139635999919846654e-05
7.337500000000000133e-01 8.142561273416504264e-05
7.372500000000000719e-01 8.408305438933894038e-05
7.407500000000000195e-01 8.516907109878957272e-05
7.442499999999999671e-01 7.428390381392091513e-05
7.477500000000000258e-01 6.660090730292722583e-05
7.512500000000000844e-01 6.059292718418873847e-05
7.547500000000000320e-01 6.374146323651075363e-05
7.582499999999999796e-01 6.239674985408782959e-05
7.617500000000000382e-01 5.903235796722583473e-05
7.652500000000000968e-01 5.337878974387422204e-05
7.687500000000000444e-01 6.182365905260667205e-05
7.722499999999999920e-01 5.416590647655539215e-05
7.757500000000000506e-01 5.688020610250532627e-05
7.792499999999999982e-01 6.991875852691009641e-05
7.827499999999999458e-01 5.090689228381961584e-05
7.862500000000000044e-01 6.664074317086488008e-05
7.897500000000000631e-01 5.099832924315705895e-05
7.932500000000000107e-01 4.963610990671440959e-05
7.967499999999999583e-01 5.756472455686889589e-05
8.002500000000000169e-01 5.424178380053490400e-05
8.037500000000000755e-01 3.465566260274499655e-05
8.072500000000000231e-01 5.605324258795008063e-05
8.107499999999999707e-01 4.491653089644387364e-05
8.142500000000000293e-01 5.085622615297324955e-05
8.177500000000000879e-01 4.714266469818539917e-05
8.212500000000000355e-01 3.780745828407816589e-05
8.247499999999999831e-01 4.306996925151906908e-05
8.282500000000000417e-01 4.004043876193463802e-05
8.317500000000001004e-01 2.893237251555547118e-05
8.352500000000000480e-01 4.484927558223716915e-05
8.387499999999999956e-01 3.375083542778156698e-05
8.422500000000000542e-01 5.677757508237846196e-05
8.457500000000000018e-01 2.988657615787815303e-05
8.492499999999999494e-01 2.586635855550412089e-05
8.527500000000000080e-01 3.598269904614426196e-05
8.562500000000000666e-01 4.643760621547698975e-05
8.597500000000000142e-01 1.978040927497204393e-05
8.632499999999999618e-01 4.245683157932944596e-05
8.667500000000000204e-01 2.135022259608376771e-05
8.702500000000000790e-01 2.154237336071673781e-05
8.737500000000000266e-01 3.808495239354670048e-05
8.772499999999999742e-01 2.686104016902390867e-05
8.807500000000000329e-01 2.604637302283663303e-05
8.842500000000000915e-01 4.438391988514922559e-05
8.877500000000000391e-01 1.450991294404957443e-05
8.912499999999999867e-01 2.666439831955358386e-05
8.947500000000000453e-01 3.244182516937144101e-05
8.982500000000001039e-01 2.324918386875651777e-05
9.017500000000000515e-01 3.814799856627359986e-05
9.052499999999999991e-01 1.795798925741109997e-05
9.087500000000000577e-01 1.811374568205792457e-05
9.122500000000000053e-01 1.755021185090299696e-05
9.157499999999999529e-01 3.724467023857869208e-05
9.192500000000000115e-01 1.988473923120182008e-05
9.227500000000000702e-01 1.242972211912274361e-05
9.262500000000000178e-01 1.476203397032804787e-05
9.297499999999999654e-01 5.589174907072447240e-05
9.332500000000000240e-01 1.089574197976617143e-05
9.367500000000000826e-01 2.623500040499493480e-05
9.402500000000000302e-01 2.461269286868628114e-05
9.437499999999999778e-01 3.933752668672241271e-05
9.472500000000000364e-01 2.677839620446320623e-05
9.507500000000000950e-01 1.340873131994158030e-05
9.542500000000000426e-01 2.408877844572998583e-05
9.577499999999999902e-01 1.113482358050532639e-05
9.612500000000000488e-01 2.967090586025733501e-05
9.647500000000001075e-01 2.540943933126982301e-05
9.682500000000000551e-01 2.153577406716067344e-05
9.717500000000000027e-01 2.370308175159152597e-05
9.752500000000000613e-01 9.844314263318665326e-06
9.787500000000000089e-01 2.085723644995596260e-05
9.822499999999999565e-01 3.020397161890286952e-05
9.857500000000000151e-01 1.365369189443299547e-05
9.892500000000000737e-01 4.239593181409873068e-05
9.927500000000000213e-01 4.235019150655716658e-05
9.962499999999999689e-01 1.785998756531625986e-05
9.997500000000000275e-01 2.597764432721305639e-05
1.003249999999999975e+00 2.755256355158053339e-05
1.006750000000000034e+00 2.093473158311098814e-04
1.010250000000000092e+00 9.729618795972783118e-06
1.013749999999999929e+00 1.606439218448940665e-05
1.017250000000000210e+00 9.882331141852773726e-06
1.020750000000000046e+00 9.224307177646551281e-06
1.024249999999999883e+00 3.093415580224245787e-05
1.027750000000000163e+00 7.652231033716816455e-06
1.031250000000000000e+00 1.029992927215062082e-05
1.034750000000000059e+00 2.878258237615227699e-05
1.038250000000000117e+00 9.103229785978328437e-06
1.041749999999999954e+00 1.827969572332222015e-05
1.045250000000000012e+00 1.559492739033885300e-05
1.048750000000000071e+00 4.542007445706985891e-05
1.052249999999999908e+00 5.372053055907599628e-05
1.055750000000000188e+00 7.541869308624882251e-06
1.059250000000000025e+00 4.804893706022994593e-06
1.062749999999999861e+00 7.155434559535933658e-06
1.066250000000000142e+00 8.449207598459906876e-06
1.069749999999999979e+00 1.565484308230224997e-05
1.073250000000000037e+00 2.146115875802934170e-04
1.076750000000000096e+00 2.600305197120178491e-05
1.080249999999999932e+00 2.763014163065236062e-05
1.083750000000000213e+00 1.553961556055583060e-05
1.087250000000000050e+00 1.362558032269589603e-05
1.090749999999999886e+00 6.749158274033106863e-06
1.094250000000000167e+00 1.040759525494650006e-05
1.097750000000000004e+00 1.154864366981200874e-05
1.101250000000000062e+00 1.780051934474613518e-05
1.104750000000000121e+00 5.303664238454075530e-06
1.108249999999999957e+00 9.521162610326427966e-06
1.111750000000000016e+00 1.466060803068103269e-05
1.115250000000000075e+00 4.239469490130431950e-06
1.118749999999999911e+00 9.276197488361503929e-06
1.122250000000000192e+00 1.772578798409085721e-05
1.125750000000000028e+00 1.691687793936580420e-05
1.129249999999999865e+00 8.097615136648528278e-06
1.132750000000000146e+00 1.220313697558594868e-05
1.136249999999999982e+00 8.423035978921689093e-06
1.139750000000000041e+00 2.402253630862105638e-05
1.143250000000000099e+00 4.129109129280550405e-06
1.146749999999999936e+00 2.053120697382837534e-04
1.150250000000000217e+00 1.406762385158799589e-05
1.153750000000000053e+00 1.065115156961837783e-05
1.157249999999999890e+00 2.909639079007320106e-06
1.160750000000000171e+00 1.652150058362167329e-05
1.164250000000000007e+00 8.443706065008882433e-06
1.167749999999999844e+00 3.930730599677190185e-06
1.171250000000000124e+00 9.591152775101363659e-06
1.174749999999999961e+00 6.712230970151722431e-06
1.178250000000000020e+00 4.774151875608367845e-06
1.181750000000000078e+00 7.236369128804653883e-06
1.185249999999999915e+00 4.679006815422326326e-05
1.188750000000000195e+00 2.998132231368799694e-06
1.192250000000000032e+00 7.202219421742483974e-06
1.195749999999999869e+00 1.624136166356038302e-05
1.199250000000000149e+00 4.577802246785722673e-05
1.202749999999999986e+00 4.166318831266835332e-06
1.206250000000000044e+00 4.827239990845555440e-06
1.209750000000000103e+00 9.044196303875651211e-06
1.213249999999999940e+00 1.297246581088984385e-05
1.216750000000000220e+00 2.443550692987628281e-05
1.220250000000000057e+00 2.726983257161919028e-05
1.223749999999999893e+00 3.975692379754036665e-06
1.227250000000000174e+00 1.051300478138728067e-05
1.230750000000000011e+00 2.972658649014192633e-06
1.234249999999999847e+00 3.829611614492023364e-06
1.237750000000000128e+00 2.198856691393302754e-06
1.241249999999999964e+00 1.291524404223309830e-05
1.244750000000000023e+00 7.663911674171686172e-06
1.248250000000000082e+00 4.692479706136509776e-06
1.251749999999999918e+00 3.665395979624008760e-06
1.255250000000000199e+00 2.115428287652321160e-06
1.258750000000000036e+00 1.519871602795319632e-06
1.262249999999999872e+00 3.591171662264969200e-06
1.265750000000000153e+00 1.630514889257028699e-04
1.269249999999999989e+00 1.539083132229279727e-05
1.272750000000000048e+00 4.835477284359512851e-06
1.276250000000000107e+00 1.510654783487552777e-05
1.279749999999999943e+00 5.299432814354076982e-05
1.283250000000000224e+00 7.333427674893755466e-06
1.286750000000000060e+00 2.427060962872928940e-06
1.290249999999999897e+00 3.093833583989180624e-06
1.293750000000000178e+00 6.022816251061158255e-06
1.297250000000000014e+00 1.708180207060649991e-04
1.300749999999999851e+00 1.982972898986190557e-04
1.304250000000000131e+00 2.699225888136425056e-06
1.307749999999999968e+00 4.781102234119316563e-06
1.311250000000000027e+00 2.729721927607897669e-06
1.314750000000000085e+00 1.385477389703737572e-05
1.318249999999999922e+00 8.352868462679907680e-06
1.321750000000000203e+00 1.625001168577000499e-04
1.325250000000000039e+00 5.042123575549339876e-06
1.328749999999999876e+00 3.438695330260088667e-06
1.332250000000000156e+00 2.405699660812388174e-06
1.335749999999999993e+00 3.947563072870252654e-06
1.339250000000000052e+00 1.329374072156497277e-06
1.342750000000000110e+00 3.604095127229811624e-06
1.346249999999999947e+00 8.560947435398702510e-07
1.349750000000000227e+00 2.881137561416835524e-06
1.353250000000000064e+00 3.220399094061576761e-06
1.356749999999999901e+00 2.109175056830281392e-06
1.360250000000000181e+00 3.349199459989904426e-06
1.363750000000000018e+00 3.683163959067314863e-05
1.367249999999999854e+00 2.494316959200659767e-06
1.370750000000000135e+00 1.054448057402623817e-05
1.374249999999999972e+00 1.445701582269975916e-05
1.377750000000000030e+00 4.682697544922120869e-05
1.381250000000000089e+00 2.134842816303716972e-06
1.384749999999999925e+00 2.493198508091154508e-06
1.388250000000000206e+00 3.814020146819530055e-06
1.391750000000000043e+00 2.505561496946029365e-06
1.395249999999999879e+00 2.382624370511621237e-05
1.398750000000000160e+00 1.053570213116472587e-05
1.402249999999999996e+00 4.097615146747557446e-06
1.405750000000000055e+00 3.923471467714989558e-06
1.409250000000000114e+00 3.177005783072672784e-05
1.412749999999999950e+00 2.252812464575981721e-06
1.416250000000000231e+00 4.353228177933488041e-06
1.419750000000000068e+00 9.980926733987871557e-06
1.423249999999999904e+00 2.721681539696874097e-06
1.426750000000000185e+00 3.039733883269946091e-06
1.430250000000000021e+00 2.866778004317893647e-06
1.433749999999999858e+00 4.086433818883961067e-06
1.437250000000000139e+00 3.606006430345587432e-06
1.440749999999999975e+00 2.034073077084030956e-05
1.444250000000000034e+00 4.468037786864442751e-06
1.447750000000000092e+00 3.233067218388896435e-06
1.451249999999999929e+00 3.649767677416093647e-06
1.454750000000000210e+00 2.713373532969853841e-06
1.458250000000000046e+00 2.791684664771310054e-06
1.461749999999999883e+00 1.396509378537302837e-05
1.465250000000000163e+00 2.576982296886853874e-06
1.468750000000000000e+00 4.406129846756812185e-06
1.472250000000000059e+00 3.509929229039698839e-06
1.475750000000000117e+00 1.670503661443945020e-05
1.479249999999999954e+00 2.529223820602055639e-06
1.482750000000000012e+00 2.411472905805567279e-06
1.486250000000000071e+00 1.102083751902682707e-05
1.489749999999999908e+00 3.654752163129160181e-06
1.493250000000000188e+00 1.947132477653212845e-05
1.496750000000000025e+00 3.090057134613743983e-06
1.500250000000000083e+00 2.214454752902383916e-06
1.503750000000000142e+00 8.579341397307871375e-07
1.507249999999999979e+00 4.072667820764763746e-07
1.510750000000000037e+00 1.733170620354940183e-06
1.514250000000000096e+00 4.375692515168339014e-05
1.517749999999999932e+00 4.359565082268090919e-06
1.521249999999999991e+00 4.468357928999466822e-06
1.524750000000000050e+00 2.564761189205455594e-06
1.528250000000000108e+00 3.083927367697469890e-06
1.531750000000000167e+00 9.838638106884900481e-06
1.535250000000000004e+00 1.224505354002758395e-06
1.538750000000000062e+00 1.768676520441658795e-05
1.542250000000000121e+00 5.284553935780422762e-06
1.545749999999999957e+00 1.851582624112779740e-06
1.549250000000000016e+00 2.962297730846330523e-05
1.552750000000000075e+00 4.560681190923787653e-06
1.556249999999999911e+00 1.213508767250459641e-05
1.559749999999999970e+00 9.006147593026980758e-06
1.563250000000000028e+00 5.622519893222488463e-06
1.566750000000000087e+00 8.128399713314138353e-06
1.570250000000000146e+00 5.386574684962397441e-06
1.573749999999999982e+00 7.902439165263785981e-07
1.577250000000000041e+00 6.135046987765235826e-06
1.580750000000000099e+00 2.830190851454972290e-06
1.584249999999999936e+00 1.811693073250353336e-05
1.587749999999999995e+00 3.257916432630736381e-06
1.591250000000000053e+00 3.640647264546714723e-06
1.594750000000000112e+00 1.591521026966802310e-06
1.598250000000000171e+00 1.736777448968496174e-05
1.601750000000000007e+00 2.376282282057218254e-06
1.605250000000000066e+00 5.768630671809660271e-06
1.608750000000000124e+00 2.938249508588341996e-06
1.612249999999999961e+00 6.090856459195492789e-06
1.615750000000000020e+00 1.736269950924906880e-05
1.619250000000000078e+00 5.030590273236157373e-06
1.622749999999999915e+00 1.058834527611907106e-06
1.626249999999999973e+00 5.035505182604538277e-06
1.629750000000000032e+00 3.421062046982115135e-06
1.633250000000000091e+00 6.787424808862851933e-06
1.636750000000000149e+00 5.968766345176845789e-06
1.640249999999999986e+00 0.000000000000000000e+00
1.643750000000000044e+00 5.430190412880619988e-06
1.647250000000000103e+00 1.406715000484837219e-06
1.650749999999999940e+00 6.561420377693139017e-06
1.654249999999999998e+00 9.787608178157825023e-06
1.657750000000000057e+00 2.214874939454603009e-06
1.661250000000000115e+00 0.000000000000000000e+00
1.664750000000000174e+00 1.371274538541911170e-05
1.668250000000000011e+00 4.140733381063910201e-06
1.671750000000000069e+00 0.000000000000000000e+00
1.675250000000000128e+00 3.302012555650435388e-05
1.678749999999999964e+00 3.625126191764138639e-05
1.682250000000000023e+00 3.501530591165646911e-05
1.685750000000000082e+00 2.433520421618595719e-06
1.689249999999999918e+00 4.003938556706998497e-06
1.692749999999999977e+00 7.607690122313215397e-07
1.696250000000000036e+00 5.069796316092833877e-06
1.699750000000000094e+00 3.011373564731911756e-06
1.703250000000000153e+00 2.918478276114910841e-05
1.706749999999999989e+00 1.663639159232843667e-05
1.710250000000000048e+00 9.624591257306747139e-06
1.713750000000000107e+00 5.018904630560427904e-06
1.717249999999999943e+00 1.481551521465007681e-06
1.720750000000000002e+00 1.572926294102217071e-06
1.724250000000000060e+00 0.000000000000000000e+00
1.727750000000000119e+00 3.836344603769248351e-06
1.731250000000000178e+00 6.609096544707426801e-06
1.734750000000000014e+00 2.459984898450784385e-05
1.738250000000000073e+00 5.019367108616279438e-06
1.741750000000000131e+00 2.172768290620297194e-05
1.745249999999999968e+00 3.604585572247742675e-06
1.748750000000000027e+00 3.238843873987207189e-06
1.752250000000000085e+00 5.416638487076852471e-06
1.755749999999999922e+00 9.047809726325795054e-06
1.759249999999999980e+00 1.898774598885211162e-06
1.762750000000000039e+00 3.877619747072458267e-06
1.766250000000000098e+00 5.543131010199431330e-06
1.769750000000000156e+00 3.124529939668718725e-06
1.773249999999999993e+00 3.887903585564345121e-05
1.776750000000000052e+00 7.891751010902225971e-06
1.780250000000000110e+00 3.869655756716383621e-06
1.783749999999999947e+00 2.242845039290841669e-05
1.787250000000000005e+00 6.580900162589387037e-07
1.790750000000000064e+00 3.248886059736832976e-06
1.794250000000000123e+00 3.655123691714834422e-06
1.797750000000000181e+00 6.766269507352262735e-06
1.801250000000000018e+00 2.091809164994629100e-06
1.804750000000000076e+00 6.393471721821697429e-06
1.808250000000000135e+00 8.819010872684884816e-06
1.811749999999999972e+00 6.045584996172692627e-06
1.815250000000000030e+00 1.025400979415280744e-05
1.818750000000000089e+00 4.791810169990640134e-06
1.822249999999999925e+00 2.078823126794304699e-05
1.825749999999999984e+00 8.914132195059210062e-06
1.829250000000000043e+00 9.308783774031326175e-06
1.832750000000000101e+00 6.147193289507413283e-06
1.836250000000000160e+00 3.871907210850622505e-06
1.839749999999999996e+00 0.000000000000000000e+00
1.843250000000000055e+00 6.376317287504207343e-06
1.846750000000000114e+00 4.497409463510848582e-06
1.850249999999999950e+00 6.985190339037217200e-06
1.853750000000000009e+00 6.783037861168850213e-06
1.857250000000000068e+00 3.954003477701917291e-05
1.860750000000000126e+00 3.888250375894131139e-06
1.864250000000000185e+00 9.003836566989775747e-06
1.867750000000000021e+00 4.536168489721603692e-06
1.871250000000000080e+00 4.732936758955474943e-06
1.874750000000000139e+00 0.000000000000000000e+00
1.878249999999999975e+00 2.618921371322358027e-06
1.881750000000000034e+00 4.936152890877565369e-06
1.885250000000000092e+00 4.980133780918549746e-06
1.888749999999999929e+00 2.621912472022813745e-06
1.892249999999999988e+00 2.671623178684967570e-06
1.895750000000000046e+00 4.737922608910594136e-06
1.899250000000000105e+00 2.095301624649437144e-06
1.902750000000000163e+00 8.177323252311907709e-06
1.906250000000000000e+00 5.427067208074731752e-06
1.909750000000000059e+00 5.523181243916042149e-06
1.913250000000000117e+00 3.294806901976699010e-06
1.916749999999999954e+00 0.000000000000000000e+00
1.920250000000000012e+00 9.853234587353654206e-06
1.923750000000000071e+00 5.537425295187858865e-06
1.927250000000000130e+00 2.379937455998515361e-07
1.930750000000000188e+00 5.804877673654118553e-06
1.934250000000000025e+00 1.066308232111623511e-05
1.937750000000000083e+00 2.214722371718380600e-06
1.941250000000000142e+00 0.000000000000000000e+00
1.944749999999999979e+00 8.239630915340967476e-06
1.948250000000000037e+00 5.684503321390366182e-06
1.951750000000000096e+00 5.936195066169602796e-06
1.955249999999999932e+00 6.181650405778782442e-06
1.958749999999999991e+00 6.168581421661656350e-06
1.962250000000000050e+00 1.224170046043582261e-05
1.965750000000000108e+00 2.145707640011096373e-06
1.969250000000000167e+00 2.006949762289877981e-05
1.972750000000000004e+00 3.196221314283320680e-06
1.976250000000000062e+00 5.944402073509991169e-05
1.979750000000000121e+00 3.260368657720391639e-06
1.983249999999999957e+00 6.192241471580928192e-06
1.986750000000000016e+00 7.243798791023436934e-06
1.990250000000000075e+00 6.392750492523191497e-06
1.993750000000000133e+00 3.313818979222560301e-06
1.997250000000000192e+00 4.778045695275068283e-05
2.000750000000000028e+00 1.057317331287777051e-05
2.004249999999999865e+00 1.656872191233560443e-04
2.007750000000000146e+00 6.526256129291141406e-06
2.011249999999999982e+00 1.302508189837681130e-05
2.014750000000000263e+00 5.423402853921288624e-06
2.018250000000000099e+00 3.868143539875745773e-05
2.021749999999999936e+00 0.000000000000000000e+00
2.025249999999999773e+00 6.173422661959193647e-06
2.028750000000000053e+00 5.937383775744820014e-06
2.032250000000000334e+00 7.752917554171290249e-06
2.035750000000000171e+00 7.282374554051784799e-06
2.039250000000000007e+00 3.500864977468154393e-06
2.042749999999999844e+00 6.992961061769165099e-06
2.046250000000000124e+00 0.000000000000000000e+00
2.049749999999999961e+00 3.448256848059827462e-06
2.053250000000000242e+00 0.000000000000000000e+00
2.056750000000000078e+00 1.830543965297692921e-06
2.060249999999999915e+00 3.735427753781550564e-06
2.063749999999999751e+00 3.613399030655273236e-06
2.067250000000000032e+00 2.977873691634158604e-06
2.070750000000000313e+00 1.145784062828170136e-05
2.074250000000000149e+00 3.937466317438520491e-06
2.077749999999999986e+00 1.140323456638725474e-05
2.081249999999999822e+00 0.000000000000000000e+00
2.084750000000000103e+00 7.616915809194324538e-06
2.088249999999999940e+00 0.000000000000000000e+00
2.091750000000000220e+00 1.179697119368938729e-05
2.095250000000000057e+00 5.928129212406929582e-06
2.098749999999999893e+00 5.953236268396722153e-06
2.102250000000000174e+00 7.523397016484523192e-06
2.105750000000000011e+00 3.874093090416863561e-05
2.109250000000000291e+00 0.000000000000000000e+00
2.112750000000000128e+00 9.929353836923837662e-06
2.116249999999999964e+00 8.283927854790817946e-06
2.119749999999999801e+00 9.985993528971448541e-06
2.123250000000000082e+00 1.840558797994162887e-05
2.126749999999999918e+00 1.235085710504790768e-05
2.130250000000000199e+00 0.000000000000000000e+00
2.133750000000000036e+00 8.533864274795632809e-06
2.137249999999999872e+00 0.000000000000000000e+00
2.140750000000000153e+00 4.393777544464683160e-06
2.144249999999999989e+00 4.395283667690819129e-06
2.147750000000000270e+00 2.000075801333878189e-05
2.151250000000000107e+00 3.828905391856096685e-06
2.154749999999999943e+00 4.479274139157496393e-06
2.158249999999999780e+00 0.000000000000000000e+00
2.161750000000000060e+00 7.578399618068942800e-06
2.165250000000000341e+00 0.000000000000000000e+00
2.168750000000000178e+00 0.000000000000000000e+00
2.172250000000000014e+00 0.000000000000000000e+00
2.175749999999999851e+00 4.305656602809904143e-06
2.179250000000000131e+00 0.000000000000000000e+00
2.182749999999999968e+00 3.779325561481527984e-05
2.186250000000000249e+00 0.000000000000000000e+00
2.189750000000000085e+00 0.000000000000000000e+00
2.193249999999999922e+00 0.000000000000000000e+00
2.196749999999999758e+00 3.835997631540521979e-06
2.200250000000000039e+00 2.662597944436129183e-05
2.203750000000000320e+00 0.000000000000000000e+00
2.207250000000000156e+00 0.000000000000000000e+00
2.210749999999999993e+00 0.000000000000000000e+00
2.214249999999999829e+00 4.958357294526649639e-06
2.217750000000000110e+00 0.000000000000000000e+00
2.221249999999999947e+00 0.000000000000000000e+00
2.224750000000000227e+00 1.711525510472711176e-05
2.228250000000000064e+00 6.618765837629325688e-06
2.231749999999999901e+00 0.000000000000000000e+00
2.235250000000000181e+00 0.000000000000000000e+00
2.238750000000000018e+00 0.000000000000000000e+00
2.242250000000000298e+00 0.000000000000000000e+00
2.245750000000000135e+00 1.043840529746375978e-05
2.249249999999999972e+00 0.000000000000000000e+00
2.252749999999999808e+00 0.000000000000000000e+00
2.256250000000000089e+00 0.000000000000000000e+00
2.259749999999999925e+00 0.000000000000000000e+00
2.263250000000000206e+00 0.000000000000000000e+00
2.266750000000000043e+00 0.000000000000000000e+00
2.270249999999999879e+00 0.000000000000000000e+00
2.273750000000000160e+00 5.461389264382887632e-06
2.277249999999999996e+00 0.000000000000000000e+00
2.280750000000000277e+00 2.754780871327966452e-05
2.284250000000000114e+00 0.000000000000000000e+00
2.287749999999999950e+00 1.021265779854729772e-05
2.291249999999999787e+00 5.380499260354554281e-06
2.294750000000000068e+00 0.000000000000000000e+00
2.298250000000000348e+00 0.000000000000000000e+00
2.301750000000000185e+00 0.000000000000000000e+00
2.305250000000000021e+00 6.723849764966871589e-06
2.308749999999999858e+00 0.000000000000000000e+00
2.312250000000000139e+00 5.857923497387673706e-06
2.315749999999999975e+00 5.879830496269278228e-06
2.319250000000000256e+00 0.000000000000000000e+00
2.322750000000000092e+00 5.939455604675458744e-06
2.326249999999999929e+00 5.855659765074960887e-06
2.329749999999999766e+00 0.000000000000000000e+00
2.333250000000000046e+00 5.704088835045695305e-06
2.336750000000000327e+00 5.912460892432136461e-06
2.340250000000000163e+00 0.000000000000000000e+00
2.343750000000000000e+00 0.000000000000000000e+00
2.347249999999999837e+00 9.167649295704904944e-06
2.350750000000000117e+00 0.000000000000000000e+00
2.354249999999999954e+00 6.231573934201151133e-06
2.357750000000000234e+00 0.000000000000000000e+00
2.361250000000000071e+00 0.000000000000000000e+00
2.364749999999999908e+00 0.000000000000000000e+00
2.368250000000000188e+00 0.000000000000000000e+00
2.371750000000000025e+00 6.385880169545998797e-06
2.375250000000000306e+00 0.000000000000000000e+00
2.378750000000000142e+00 6.447574378398712724e-06
2.382249999999999979e+00 0.000000000000000000e+00
2.385749999999999815e+00 0.000000000000000000e+00
2.389250000000000096e+00 0.000000000000000000e+00
2.392749999999999932e+00 0.000000000000000000e+00
2.396250000000000213e+00 6.350902367557864636e-06
2.399750000000000050e+00 0.000000000000000000e+00
2.403249999999999886e+00 0.000000000000000000e+00
2.406750000000000167e+00 0.000000000000000000e+00
2.410250000000000004e+00 0.000000000000000000e+00
2.413750000000000284e+00 6.799437414883868769e-06
2.417250000000000121e+00 0.000000000000000000e+00
2.420749999999999957e+00 0.000000000000000000e+00
2.424249999999999794e+00 6.771972948627080768e-06
2.427750000000000075e+00 0.000000000000000000e+00
2.431250000000000355e+00 0.000000000000000000e+00
2.434750000000000192e+00 0.000000000000000000e+00
2.438250000000000028e+00 0.000000000000000000e+00
2.441749999999999865e+00 1.406554383720504120e-05
2.445250000000000146e+00 0.000000000000000000e+00
2.448749999999999982e+00 0.000000000000000000e+00
2.452250000000000263e+00 0.000000000000000000e+00
2.455750000000000099e+00 1.823425918701104820e-05
2.459249999999999936e+00 0.000000000000000000e+00
2.462749999999999773e+00 7.268521585501730442e-06
2.466250000000000053e+00 6.858270808152155951e-06
2.469750000000000334e+00 7.262339750013779849e-06
2.473250000000000171e+00 7.341996024479158223e-06
2.476750000000000007e+00 0.000000000000000000e+00
2.480249999999999844e+00 0.000000000000000000e+00
2.483750000000000124e+00 1.488421094109071419e-05
2.487249999999999961e+00 0.000000000000000000e+00
2.490750000000000242e+00 0.000000000000000000e+00
2.494250000000000078e+00 0.000000000000000000e+00
2.497749999999999915e+00 0.000000000000000000e+00
2.501250000000000195e+00 0.000000000000000000e+00
2.504750000000000032e+00 0.000000000000000000e+00
2.508250000000000313e+00 0.000000000000000000e+00
2.511750000000000149e+00 0.000000000000000000e+00
2.515249999999999986e+00 0.000000000000000000e+00
2.518749999999999822e+00 0.000000000000000000e+00
2.522250000000000103e+00 0.000000000000000000e+00
2.525749999999999940e+00 0.000000000000000000e+00
2.529250000000000220e+00 0.000000000000000000e+00
2.532750000000000057e+00 0.000000000000000000e+00
2.536249999999999893e+00 0.000000000000000000e+00
2.539750000000000174e+00 0.000000000000000000e+00
2.543250000000000011e+00 0.000000000000000000e+00
2.546750000000000291e+00 0.000000000000000000e+00
2.550250000000000128e+00 8.084241017058957368e-06
2.553749999999999964e+00 0.000000000000000000e+00
2.557249999999999801e+00 0.000000000000000000e+00
2.560750000000000082e+00 3.036822454305365682e-05
2.564250000000000362e+00 0.000000000000000000e+00
2.567750000000000199e+00 8.277783308585640043e-06
2.571250000000000036e+00 0.000000000000000000e+00
2.574749999999999872e+00 9.993156709242612123e-06
2.578250000000000153e+00 0.000000000000000000e+00
2.581749999999999989e+00 0.000000000000000000e+00
2.585250000000000270e+00 0.000000000000000000e+00
2.588750000000000107e+00 0.000000000000000000e+00
2.592249999999999943e+00 0.000000000000000000e+00
2.595749999999999780e+00 8.526035344402771443e-06
2.599250000000000060e+00 0.000000000000000000e+00
2.602750000000000341e+00 0.000000000000000000e+00
2.606250000000000178e+00 8.727579370315652341e-06
2.609750000000000014e+00 0.000000000000000000e+00
2.613249999999999851e+00 8.482762495987117290e-06
2.616750000000000131e+00 8.817792149784509093e-06
2.620249999999999968e+00 0.000000000000000000e+00
2.623750000000000249e+00 2.699486140045337379e-05
2.627250000000000085e+00 0.000000000000000000e+00
2.630749999999999922e+00 0.000000000000000000e+00
2.634250000000000203e+00 0.000000000000000000e+00
2.637750000000000039e+00 0.000000000000000000e+00
2.641250000000000320e+00 0.000000000000000000e+00
2.644750000000000156e+00 9.152247002930380404e-06
2.648249999999999993e+00 0.000000000000000000e+00
2.651749999999999829e+00 0.000000000000000000e+00
2.655250000000000110e+00 0.000000000000000000e+00
2.658749999999999947e+00 0.000000000000000000e+00
2.662250000000000227e+00 0.000000000000000000e+00
2.665750000000000064e+00 0.000000000000000000e+00
2.669249999999999901e+00 0.000000000000000000e+00
2.672750000000000181e+00 0.000000000000000000e+00
2.676250000000000018e+00 0.000000000000000000e+00
2.679750000000000298e+00 5.834178864461136982e-07
2.683250000000000135e+00 0.000000000000000000e+00
2.686749999999999972e+00 0.000000000000000000e+00
2.690249999999999808e+00 0.000000000000000000e+00
2.693750000000000089e+00 0.000000000000000000e+00
2.697250000000000369e+00 0.000000000000000000e+00
2.700750000000000206e+00 9.776767001312691718e-06
2.704250000000000043e+00 0.000000000000000000e+00
2.707749999999999879e+00 0.000000000000000000e+00
2.711250000000000160e+00 0.000000000000000000e+00
2.714749999999999996e+00 0.000000000000000000e+00
2.718250000000000277e+00 0.000000000000000000e+00
2.721750000000000114e+00 0.000000000000000000e+00
2.725249999999999950e+00 0.000000000000000000e+00
2.728749999999999787e+00 0.000000000000000000e+00
2.732250000000000068e+00 0.000000000000000000e+00
2.735750000000000348e+00 0.000000000000000000e+00
2.739250000000000185e+00 0.000000000000000000e+00
2.742750000000000021e+00 0.000000000000000000e+00
2.746249999999999858e+00 0.000000000000000000e+00
2.749750000000000139e+00 0.000000000000000000e+00
2.753249999999999975e+00 4.778893980983411893e-06
2.756750000000000256e+00 0.000000000000000000e+00
2.760250000000000092e+00 0.000000000000000000e+00
2.763749999999999929e+00 0.000000000000000000e+00
2.767249999999999766e+00 0.000000000000000000e+00
2.770750000000000046e+00 0.000000000000000000e+00
2.774250000000000327e+00 0.000000000000000000e+00
2.777750000000000163e+00 0.000000000000000000e+00
2.781250000000000000e+00 0.000000000000000000e+00
2.784749999999999837e+00 9.188059266307391226e-06
2.788250000000000117e+00 0.000000000000000000e+00
2.791749999999999954e+00 0.000000000000000000e+00
2.795250000000000234e+00 1.084915402316255495e-05
2.798750000000000071e+00 1.366565015814558137e-06
2.802249999999999908e+00 0.000000000000000000e+00
2.805750000000000188e+00 0.000000000000000000e+00
2.809250000000000025e+00 0.000000000000000000e+00
2.812750000000000306e+00 0.000000000000000000e+00
2.816250000000000142e+00 0.000000000000000000e+00
2.819749999999999979e+00 0.000000000000000000e+00
2.823249999999999815e+00 0.000000000000000000e+00
2.826750000000000096e+00 0.000000000000000000e+00
2.830249999999999932e+00 0.000000000000000000e+00
2.833750000000000213e+00 0.000000000000000000e+00
2.837250000000000050e+00 0.000000000000000000e+00
2.840749999999999886e+00 0.000000000000000000e+00
2.844250000000000167e+00 1.149335639638593420e-05
2.847750000000000004e+00 2.172008134948555380e-05
2.851250000000000284e+00 1.163890101452125236e-05
2.854750000000000121e+00 0.000000000000000000e+00
2.858249999999999957e+00 0.000000000000000000e+00
2.861749999999999794e+00 0.000000000000000000e+00
2.865250000000000075e+00 0.000000000000000000e+00
2.868750000000000355e+00 0.000000000000000000e+00
2.872250000000000192e+00 0.000000000000000000e+00
2.875750000000000028e+00 0.000000000000000000e+00
2.879249999999999865e+00 0.000000000000000000e+00
2.882750000000000146e+00 0.000000000000000000e+00
2.886249999999999982e+00 0.000000000000000000e+00
2.889750000000000263e+00 0.000000000000000000e+00
2.893250000000000099e+00 0.000000000000000000e+00
2.896749999999999936e+00 0.000000000000000000e+00
2.900249999999999773e+00 1.128964868257753551e-05
2.903750000000000053e+00 0.000000000000000000e+00
2.907250000000000334e+00 0.000000000000000000e+00
2.910750000000000171e+00 1.222594801220111549e-05
2.914250000000000007e+00 1.218762827193131670e-05
2.917749999999999844e+00 0.000000000000000000e+00
2.921250000000000124e+00 0.000000000000000000e+00
2.924749999999999961e+00 0.000000000000000000e+00
2.928250000000000242e+00 0.000000000000000000e+00
2.931750000000000078e+00 0.000000000000000000e+00
2.935249999999999915e+00 0.000000000000000000e+00
2.938750000000000195e+00 0.000000000000000000e+00
2.942250000000000032e+00 0.000000000000000000e+00
2.945750000000000313e+00 1.279132447962183505e-05
2.949250000000000149e+00 0.000000000000000000e+00
2.952749999999999986e+00 0.000000000000000000e+00
2.956249999999999822e+00 0.000000000000000000e+00
2.959750000000000103e+00 0.000000000000000000e+00
2.963249999999999940e+00 0.000000000000000000e+00
2.966750000000000220e+00 0.000000000000000000e+00
2.970250000000000057e+00 0.000000000000000000e+00
2.973749999999999893e+00 0.000000000000000000e+00
2.977250000000000174e+00 0.000000000000000000e+00
2.980750000000000011e+00 0.000000000000000000e+00
2.984250000000000291e+00 0.000000000000000000e+00
2.987750000000000128e+00 0.000000000000000000e+00
2.991249999999999964e+00 0.000000000000000000e+00
2.994749999999999801e+00 0.000000000000000000e+00
2.998250000000000082e+00 4.009091753687243909e-06
