-4.982499999999999707e-01 0.000000000000000000e+00
-4.947500000000000231e-01 0.000000000000000000e+00
-4.912499999999999645e-01 0.000000000000000000e+00
-4.877500000000000169e-01 0.000000000000000000e+00
-4.842499999999999583e-01 0.000000000000000000e+00
-4.807500000000000107e-01 0.000000000000000000e+00
-4.772499999999999520e-01 0.000000000000000000e+00
-4.737500000000000044e-01 0.000000000000000000e+00
-4.702500000000000013e-01 0.000000000000000000e+00
-4.667499999999999982e-01 0.000000000000000000e+00
-4.632499999999999951e-01 0.000000000000000000e+00
-4.597499999999999920e-01 0.000000000000000000e+00
-4.562500000000000444e-01 0.000000000000000000e+00
-4.527499999999999858e-01 0.000000000000000000e+00
-4.492500000000000382e-01 0.000000000000000000e+00
-4.457499999999999796e-01 0.000000000000000000e+00
-4.422500000000000320e-01 0.000000000000000000e+00
-4.387499999999999734e-01 0.000000000000000000e+00
-4.352500000000000258e-01 0.000000000000000000e+00
-4.317499999999999671e-01 0.000000000000000000e+00
-4.282500000000000195e-01 0.000000000000000000e+00
-4.247499999999999609e-01 0.000000000000000000e+00
-4.212500000000000133e-01 0.000000000000000000e+00
-4.177499999999999547e-01 0.000000000000000000e+00
-4.142500000000000071e-01 0.000000000000000000e+00
-4.107500000000000040e-01 0.000000000000000000e+00
-4.072500000000000009e-01 0.000000000000000000e+00
-4.037499999999999978e-01 0.000000000000000000e+00
-4.002499999999999947e-01 0.000000000000000000e+00
-3.967499999999999916e-01 0.000000000000000000e+00
-3.932499999999999885e-01 0.000000000000000000e+00
-3.897500000000000409e-01 0.000000000000000000e+00
-3.862499999999999822e-01 0.000000000000000000e+00
-3.827500000000000346e-01 0.000000000000000000e+00
-3.792499999999999760e-01 0.000000000000000000e+00
-3.757500000000000284e-01 0.000000000000000000e+00
-3.722499999999999698e-01 0.000000000000000000e+00
-3.687500000000000222e-01 0.000000000000000000e+00
-3.652499999999999636e-01 0.000000000000000000e+00
-3.617500000000000160e-01 0.000000000000000000e+00
-3.582499999999999574e-01 0.000000000000000000e+00
-3.547500000000000098e-01 0.000000000000000000e+00
-3.512500000000000067e-01 0.000000000000000000e+00
-3.477500000000000036e-01 0.000000000000000000e+00
-3.442500000000000004e-01 0.000000000000000000e+00
-3.407499999999999973e-01 0.000000000000000000e+00
-3.372499999999999942e-01 0.000000000000000000e+00
-3.337499999999999911e-01 0.000000000000000000e+00
-3.302499999999999880e-01 0.000000000000000000e+00
-3.267499999999999849e-01 0.000000000000000000e+00
-3.232499999999999818e-01 0.000000000000000000e+00
-3.197499999999999787e-01 0.000000000000000000e+00
-3.162500000000000311e-01 0.000000000000000000e+00
-3.127499999999999725e-01 0.000000000000000000e+00
-3.092500000000000249e-01 0.000000000000000000e+00
-3.057499999999999662e-01 0.000000000000000000e+00
-3.022500000000000187e-01 0.000000000000000000e+00
-2.987499999999999600e-01 0.000000000000000000e+00
-2.952500000000000124e-01 0.000000000000000000e+00
-2.917500000000000093e-01 0.000000000000000000e+00
-2.882500000000000062e-01 0.000000000000000000e+00
-2.847500000000000031e-01 0.000000000000000000e+00
-2.812500000000000000e-01 0.000000000000000000e+00
-2.777499999999999969e-01 0.000000000000000000e+00
-2.742499999999999938e-01 0.000000000000000000e+00
-2.707499999999999907e-01 0.000000000000000000e+00
-2.672499999999999876e-01 0.000000000000000000e+00
-2.637499999999999845e-01 0.000000000000000000e+00
-2.602499999999999813e-01 0.000000000000000000e+00
-2.567500000000000338e-01 0.000000000000000000e+00
-2.532499999999999751e-01 0.000000000000000000e+00
-2.497499999999999998e-01 0.000000000000000000e+00
-2.462499999999999967e-01 0.000000000000000000e+00
-2.427499999999999936e-01 0.000000000000000000e+00
-2.392499999999999905e-01 0.000000000000000000e+00
-2.357499999999999873e-01 0.000000000000000000e+00
-2.322499999999999842e-01 0.000000000000000000e+00
-2.287499999999999811e-01 0.000000000000000000e+00
-2.252499999999999780e-01 0.000000000000000000e+00
-2.217499999999999749e-01 0.000000000000000000e+00
-2.182499999999999718e-01 0.000000000000000000e+00
-2.147499999999999687e-01 0.000000000000000000e+00
-2.112499999999999933e-01 0.000000000000000000e+00
-2.077500000000000180e-01 0.000000000000000000e+00
-2.042500000000000149e-01 0.000000000000000000e+00
-2.007500000000000118e-01 0.000000000000000000e+00
-1.972500000000000087e-01 0.000000000000000000e+00
-1.937500000000000056e-01 0.000000000000000000e+00
-1.902500000000000024e-01 0.000000000000000000e+00
-1.867499999999999993e-01 0.000000000000000000e+00
-1.832499999999999962e-01 0.000000000000000000e+00
-1.797499999999999931e-01 0.000000000000000000e+00
-1.762499999999999900e-01 0.000000000000000000e+00
-1.727499999999999869e-01 0.000000000000000000e+00
-1.692499999999999838e-01 0.000000000000000000e+00
-1.657499999999999807e-01 0.000000000000000000e+00
-1.622499999999999776e-01 0.000000000000000000e+00
-1.587499999999999745e-01 0.000000000000000000e+00
-1.552499999999999714e-01 0.000000000000000000e+00
-1.517499999999999682e-01 0.000000000000000000e+00
-1.482499999999999929e-01 0.000000000000000000e+00
-1.447500000000000175e-01 0.000000000000000000e+00
-1.412500000000000144e-01 0.000000000000000000e+00
-1.377500000000000113e-01 0.000000000000000000e+00
-1.342500000000000082e-01 0.000000000000000000e+00
-1.307500000000000051e-01 0.000000000000000000e+00
-1.272500000000000020e-01 0.000000000000000000e+00
-1.237499999999999989e-01 0.000000000000000000e+00
-1.202499999999999958e-01 0.000000000000000000e+00
-1.167499999999999927e-01 0.000000000000000000e+00
-1.132499999999999896e-01 0.000000000000000000e+00
-1.097499999999999865e-01 0.000000000000000000e+00
-1.062499999999999833e-01 0.000000000000000000e+00
-1.027499999999999802e-01 0.000000000000000000e+00
-9.924999999999997713e-02 0.000000000000000000e+00
-9.574999999999997402e-02 0.000000000000000000e+00
-9.224999999999997091e-02 0.000000000000000000e+00
-8.874999999999996780e-02 0.000000000000000000e+00
-8.524999999999999245e-02 0.000000000000000000e+00
-8.175000000000001710e-02 0.000000000000000000e+00
-7.825000000000001399e-02 0.000000000000000000e+00
-7.475000000000001088e-02 0.000000000000000000e+00
-7.125000000000000777e-02 0.000000000000000000e+00
-6.775000000000000466e-02 0.000000000000000000e+00
-6.425000000000000155e-02 0.000000000000000000e+00
-6.074999999999999845e-02 0.000000000000000000e+00
-5.724999999999999534e-02 0.000000000000000000e+00
-5.374999999999999223e-02 0.000000000000000000e+00
-5.024999999999998912e-02 0.000000000000000000e+00
-4.674999999999998601e-02 0.000000000000000000e+00
-4.324999999999998290e-02 0.000000000000000000e+00
-3.974999999999997979e-02 1.947645650943741202e-04
-3.624999999999997669e-02 5.410591140389442444e-03
-3.274999999999997358e-02 1.558128148317337036e-01
-2.924999999999997047e-02 1.423168301582336426e+00
-2.574999999999996736e-02 6.009375095367431641e+00
-2.224999999999996425e-02 1.435361289978027344e+01
-1.874999999999998890e-02 2.335915565490722656e+01
-1.525000000000001354e-02 2.965440368652343750e+01
-1.175000000000001044e-02 3.161842918395996094e+01
-8.250000000000007327e-03 3.019827270507812500e+01
-4.750000000000004219e-03 2.688631820678710938e+01
-1.249999999999973355e-03 2.279857063293457031e+01
2.250000000000029754e-03 1.881658554077148438e+01
5.750000000000032863e-03 1.521925067901611328e+01
9.250000000000035971e-03 1.219758224487304688e+01
1.274999999999998357e-02 9.747783660888671875e+00
1.624999999999998668e-02 7.791602134704589844e+00
1.974999999999998979e-02 6.241071224212646484e+00
2.324999999999999289e-02 5.013335227966308594e+00
2.674999999999999600e-02 4.024388313293457031e+00
3.024999999999999911e-02 3.252784013748168945e+00
3.375000000000000222e-02 2.648439168930053711e+00
3.725000000000000533e-02 2.172760248184204102e+00
4.075000000000000844e-02 1.784057974815368652e+00
4.425000000000001155e-02 1.477198958396911621e+00
4.775000000000001465e-02 1.224164247512817383e+00
5.125000000000001776e-02 1.024074196815490723e+00
5.475000000000002087e-02 8.625044822692871094e-01
5.825000000000002398e-02 7.307081818580627441e-01
6.175000000000002709e-02 6.181720495223999023e-01
6.525000000000003020e-02 5.298031568527221680e-01
6.875000000000003331e-02 4.539961814880371094e-01
7.225000000000003642e-02 3.929820954799652100e-01
7.575000000000003952e-02 3.356156349182128906e-01
7.924999999999998712e-02 2.920380830764770508e-01
8.274999999999999023e-02 2.552695572376251221e-01
8.624999999999999334e-02 2.242628037929534912e-01
8.974999999999999645e-02 1.970217972993850708e-01
9.324999999999999956e-02 1.715630739927291870e-01
9.675000000000000266e-02 1.524815410375595093e-01
1.002500000000000058e-01 1.348778307437896729e-01
1.037500000000000089e-01 1.190257817506790161e-01
1.072500000000000120e-01 1.051968857645988464e-01
1.107500000000000151e-01 9.550824761390686035e-02
1.142500000000000182e-01 8.406741172075271606e-02
1.177500000000000213e-01 7.586693763732910156e-02
1.212500000000000244e-01 6.803333014249801636e-02
1.247500000000000275e-01 6.130835413932800293e-02
1.282500000000000306e-01 5.556522309780120850e-02
1.317500000000000338e-01 5.030737072229385376e-02
1.352500000000000369e-01 4.542039707303047180e-02
1.387499999999999845e-01 4.109561815857887268e-02
1.422499999999999876e-01 3.804169222712516785e-02
1.457499999999999907e-01 3.365547209978103638e-02
1.492499999999999938e-01 3.116946481168270111e-02
1.527499999999999969e-01 2.852577529847621918e-02
1.562500000000000000e-01 2.619054540991783142e-02
1.597500000000000031e-01 2.350852265954017639e-02
1.632500000000000062e-01 2.207496948540210724e-02
1.667500000000000093e-01 2.032040059566497803e-02
1.702500000000000124e-01 1.767907850444316864e-02
1.737500000000000155e-01 1.665172725915908813e-02
1.772500000000000187e-01 1.538863126188516617e-02
1.807500000000000218e-01 1.377086434513330460e-02
1.842500000000000249e-01 1.262251380831003189e-02
1.877500000000000280e-01 1.148456521332263947e-02
1.912500000000000311e-01 1.107481028884649277e-02
1.947500000000000342e-01 9.792676195502281189e-03
1.982500000000000373e-01 9.502333588898181915e-03
2.017500000000000404e-01 8.216273970901966095e-03
2.052499999999999880e-01 7.895751856267452240e-03
2.087499999999999911e-01 7.069482002407312393e-03
2.122499999999999942e-01 6.626944523304700851e-03
2.157499999999999973e-01 6.163710262626409531e-03
2.192500000000000004e-01 5.724701564759016037e-03
2.227500000000000036e-01 5.269499495625495911e-03
2.262500000000000067e-01 4.922689869999885559e-03
2.297500000000000098e-01 4.671836737543344498e-03
2.332500000000000129e-01 4.252852872014045715e-03
2.367500000000000160e-01 3.915605600923299789e-03
2.402500000000000191e-01 3.841897472739219666e-03
2.437500000000000222e-01 3.550323424860835075e-03
2.472500000000000253e-01 3.310675267130136490e-03
2.507500000000000284e-01 2.971926704049110413e-03
2.542500000000000315e-01 2.774001564830541611e-03
2.577500000000000346e-01 2.615877194330096245e-03
2.612500000000000377e-01 2.314695389941334724e-03
2.647500000000000409e-01 2.198161324486136436e-03
2.682500000000000440e-01 2.153370762243866920e-03
2.717499999999999916e-01 1.839883509092032909e-03
2.752499999999999947e-01 1.745128771290183067e-03
2.787499999999999978e-01 1.718462095595896244e-03
2.822500000000000009e-01 1.619344810023903847e-03
2.857500000000000040e-01 1.381036592647433281e-03
2.892500000000000071e-01 1.470714225433766842e-03
2.927500000000000102e-01 1.305077923461794853e-03
2.962500000000000133e-01 1.170331612229347229e-03
2.997500000000000164e-01 1.156650250777602196e-03
3.032500000000000195e-01 1.058641937561333179e-03
3.067500000000000226e-01 1.018907874822616577e-03
3.102500000000000258e-01 8.945903973653912544e-04
3.137500000000000289e-01 9.471839293837547302e-04
3.172500000000000320e-01 8.351730066351592541e-04
3.207500000000000351e-01 7.769379299134016037e-04
3.242500000000000382e-01 7.261666469275951385e-04
3.277500000000000413e-01 7.202770793810486794e-04
3.312499999999999889e-01 6.289876764640212059e-04
3.347499999999999920e-01 6.824457086622714996e-04
3.382499999999999951e-01 5.739342304877936840e-04
3.417499999999999982e-01 5.501877167262136936e-04
3.452500000000000013e-01 5.462300032377243042e-04
3.487500000000000044e-01 5.168592906557023525e-04
3.522500000000000075e-01 4.539499932434409857e-04
3.557500000000000107e-01 4.654233052860945463e-04
3.592500000000000138e-01 4.251135105732828379e-04
3.627500000000000169e-01 3.605975362006574869e-04
3.662500000000000200e-01 3.640948852989822626e-04
3.697500000000000231e-01 3.080909955315291882e-04
3.732500000000000262e-01 3.612432046793401241e-04
3.767500000000000293e-01 2.976882387883961201e-04
3.802500000000000324e-01 2.940283739008009434e-04
3.837500000000000355e-01 2.637277357280254364e-04
3.872500000000000386e-01 2.483669668436050415e-04
3.907500000000000417e-01 2.555148093961179256e-04
3.942500000000000449e-01 2.534651430323719978e-04
3.977499999999999925e-01 1.885647070594131947e-04
4.012499999999999956e-01 1.918735943036153913e-04
4.047499999999999987e-01 1.824712962843477726e-04
4.082500000000000018e-01 1.649058249313384295e-04
4.117500000000000049e-01 1.626564771868288517e-04
4.152500000000000080e-01 1.610231411177664995e-04
4.187500000000000111e-01 1.592803309904411435e-04
4.222500000000000142e-01 1.321222371188923717e-04
4.257500000000000173e-01 1.324400218436494470e-04
4.292500000000000204e-01 1.244877639692276716e-04
4.327500000000000235e-01 1.152116383309476078e-04
4.362500000000000266e-01 1.158410304924473166e-04
4.397500000000000298e-01 1.109790173359215260e-04
4.432500000000000329e-01 7.446606468874961138e-05
4.467500000000000360e-01 8.109545160550624132e-05
4.502500000000000391e-01 9.396493987878784537e-05
4.537500000000000422e-01 8.029812306631356478e-05
4.572500000000000453e-01 7.076776819303631783e-05
4.607500000000000484e-01 9.284547559218481183e-05
4.642499999999999960e-01 6.412292714230716228e-05
4.677499999999999991e-01 7.426773663610219955e-05
4.712500000000000022e-01 7.889595872256904840e-05
4.747500000000000053e-01 5.320887430571019650e-05
4.782500000000000084e-01 5.223864718573167920e-05
4.817500000000000115e-01 5.612361201201565564e-05
4.852500000000000147e-01 4.392240589368157089e-05
4.887500000000000178e-01 5.144725946593098342e-05
4.922500000000000209e-01 4.435039954842068255e-05
4.957500000000000240e-01 3.720728273037821054e-05
4.992500000000000826e-01 3.752783959498628974e-05
5.027500000000000302e-01 3.354327418492175639e-05
5.062499999999999778e-01 2.623978798510506749e-05
5.097500000000000364e-01 3.073805055464617908e-05
5.132500000000000950e-01 2.970727473439183086e-05
5.167500000000000426e-01 3.247697532060556114e-05
5.202499999999999902e-01 2.511281491024419665e-05
5.237500000000000488e-01 2.670436151674948633e-05
5.272499999999999964e-01 2.521905662433709949e-05
5.307499999999999440e-01 2.067939021799247712e-05
5.342500000000000027e-01 2.252585363748949021e-05
5.377500000000000613e-01 2.018742816289886832e-05
5.412500000000000089e-01 2.155004767701029778e-05
5.447499999999999565e-01 1.882415381260216236e-05
5.482500000000000151e-01 1.449110914109041914e-05
5.517500000000000737e-01 1.719106694508809596e-05
5.552500000000000213e-01 1.063810668711084872e-05
5.587499999999999689e-01 1.486157270846888423e-05
5.622500000000000275e-01 1.680152126937173307e-05
5.657500000000000862e-01 1.155877362180035561e-05
5.692500000000000338e-01 1.148827050201361999e-05
5.727499999999999813e-01 1.807174339774064720e-05
5.762500000000000400e-01 8.459301170660182834e-06
5.797500000000000986e-01 8.000014531717170030e-06
5.832500000000000462e-01 1.028355654852930456e-05
5.867499999999999938e-01 7.708450539212208241e-06
5.902500000000000524e-01 8.830817023408599198e-06
5.937500000000000000e-01 1.042056555888848379e-05
5.972499999999999476e-01 7.917940820334479213e-06
6.007500000000000062e-01 7.702023140154778957e-06
6.042500000000000648e-01 3.434474592722835951e-06
6.077500000000000124e-01 8.481254553771577775e-06
6.112499999999999600e-01 4.188753337075468153e-06
6.147500000000000187e-01 5.094170774100348353e-06
6.182500000000000773e-01 6.337065769912442192e-06
6.217500000000000249e-01 6.237773050088435411e-06
6.252499999999999725e-01 5.126257747178897262e-06
6.287500000000000311e-01 4.503060608840314671e-06
6.322500000000000897e-01 4.846851425099885091e-06
6.357500000000000373e-01 4.395067207951797172e-06
6.392499999999999849e-01 5.544466603168984875e-06
6.427500000000000435e-01 4.306228220229968429e-06
6.462500000000001021e-01 2.446875441819429398e-06
6.497500000000000497e-01 5.699762368749361485e-06
6.532499999999999973e-01 3.279827978985849768e-06
6.567500000000000560e-01 4.673696366808144376e-06
6.602500000000000036e-01 6.537516696880629752e-07
6.637499999999999512e-01 2.392333726675133221e-06
6.672500000000000098e-01 1.539550112283905037e-06
6.707500000000000684e-01 2.630634526212816127e-06
6.742500000000000160e-01 3.158715571771608666e-06
6.777499999999999636e-01 1.741254209264297970e-06
6.812500000000000222e-01 1.483901883148064371e-06
6.847500000000000808e-01 8.718430422050005291e-07
6.882500000000000284e-01 8.642620628052100074e-07
6.917499999999999760e-01 1.141576717600401025e-06
6.952500000000000346e-01 1.076521357390447520e-06
6.987500000000000933e-01 1.007353830573265441e-06
7.022500000000000409e-01 2.825101717007783009e-07
7.057499999999999885e-01 5.072163844488386530e-07
7.092500000000000471e-01 9.496829989075195044e-07
7.127500000000001057e-01 4.669616657793085324e-07
7.162500000000000533e-01 4.402954516535828589e-07
7.197500000000000009e-01 4.481709936499100877e-07
7.232500000000000595e-01 1.904318338574739755e-07
7.267500000000000071e-01 1.073019461728108581e-06
7.302499999999999547e-01 6.003263592901930679e-07
7.337500000000000133e-01 0.000000000000000000e+00
7.372500000000000719e-01 7.899106435615976807e-07
7.407500000000000195e-01 3.620915265400981298e-07
7.442499999999999671e-01 3.356660727149574086e-07
7.477500000000000258e-01 1.930875015432320652e-07
7.512500000000000844e-01 1.343819917565269861e-07
7.547500000000000320e-01 1.900811241739575053e-07
7.582499999999999796e-01 1.444450958842935506e-07
7.617500000000000382e-01 3.074740391184604960e-07
7.652500000000000968e-01 1.081516387557712733e-07
7.687500000000000444e-01 2.639059744069527369e-07
7.722499999999999920e-01 2.637888769640994724e-07
7.757500000000000506e-01 0.000000000000000000e+00
7.792499999999999982e-01 0.000000000000000000e+00
7.827499999999999458e-01 3.553571445991110522e-07
7.862500000000000044e-01 0.000000000000000000e+00
7.897500000000000631e-01 1.070468726993567543e-07
7.932500000000000107e-01 0.000000000000000000e+00
7.967499999999999583e-01 1.057461460618469573e-07
8.002500000000000169e-01 0.000000000000000000e+00
8.037500000000000755e-01 1.948255743400295614e-07
8.072500000000000231e-01 0.000000000000000000e+00
8.107499999999999707e-01 0.000000000000000000e+00
8.142500000000000293e-01 8.597057643555672257e-08
8.177500000000000879e-01 0.000000000000000000e+00
8.212500000000000355e-01 0.000000000000000000e+00
8.247499999999999831e-01 0.000000000000000000e+00
8.282500000000000417e-01 0.000000000000000000e+00
8.317500000000001004e-01 0.000000000000000000e+00
8.352500000000000480e-01 0.000000000000000000e+00
8.387499999999999956e-01 0.000000000000000000e+00
8.422500000000000542e-01 0.000000000000000000e+00
8.457500000000000018e-01 0.000000000000000000e+00
8.492499999999999494e-01 0.000000000000000000e+00
8.527500000000000080e-01 0.000000000000000000e+00
8.562500000000000666e-01 0.000000000000000000e+00
8.597500000000000142e-01 0.000000000000000000e+00
8.632499999999999618e-01 0.000000000000000000e+00
8.667500000000000204e-01 0.000000000000000000e+00
8.702500000000000790e-01 0.000000000000000000e+00
8.737500000000000266e-01 0.000000000000000000e+00
8.772499999999999742e-01 0.000000000000000000e+00
8.807500000000000329e-01 0.000000000000000000e+00
8.842500000000000915e-01 0.000000000000000000e+00
8.877500000000000391e-01 0.000000000000000000e+00
8.912499999999999867e-01 0.000000000000000000e+00
8.947500000000000453e-01 0.000000000000000000e+00
8.982500000000001039e-01 0.000000000000000000e+00
9.017500000000000515e-01 0.000000000000000000e+00
9.052499999999999991e-01 0.000000000000000000e+00
9.087500000000000577e-01 0.000000000000000000e+00
9.122500000000000053e-01 0.000000000000000000e+00
9.157499999999999529e-01 0.000000000000000000e+00
9.192500000000000115e-01 0.000000000000000000e+00
9.227500000000000702e-01 0.000000000000000000e+00
9.262500000000000178e-01 0.000000000000000000e+00
9.297499999999999654e-01 0.000000000000000000e+00
9.332500000000000240e-01 0.000000000000000000e+00
9.367500000000000826e-01 0.000000000000000000e+00
9.402500000000000302e-01 0.000000000000000000e+00
9.437499999999999778e-01 0.000000000000000000e+00
9.472500000000000364e-01 0.000000000000000000e+00
9.507500000000000950e-01 0.000000000000000000e+00
9.542500000000000426e-01 0.000000000000000000e+00
9.577499999999999902e-01 0.000000000000000000e+00
9.612500000000000488e-01 0.000000000000000000e+00
9.647500000000001075e-01 0.000000000000000000e+00
9.682500000000000551e-01 0.000000000000000000e+00
9.717500000000000027e-01 0.000000000000000000e+00
9.752500000000000613e-01 0.000000000000000000e+00
9.787500000000000089e-01 0.000000000000000000e+00
9.822499999999999565e-01 0.000000000000000000e+00
9.857500000000000151e-01 0.000000000000000000e+00
9.892500000000000737e-01 0.000000000000000000e+00
9.927500000000000213e-01 0.000000000000000000e+00
9.962499999999999689e-01 0.000000000000000000e+00
9.997500000000000275e-01 0.000000000000000000e+00
1.003249999999999975e+00 0.000000000000000000e+00
1.006750000000000034e+00 0.000000000000000000e+00
1.010250000000000092e+00 0.000000000000000000e+00
1.013749999999999929e+00 0.000000000000000000e+00
1.017250000000000210e+00 0.000000000000000000e+00
1.020750000000000046e+00 0.000000000000000000e+00
1.024249999999999883e+00 0.000000000000000000e+00
1.027750000000000163e+00 0.000000000000000000e+00
1.031250000000000000e+00 0.000000000000000000e+00
1.034750000000000059e+00 0.000000000000000000e+00
1.038250000000000117e+00 0.000000000000000000e+00
1.041749999999999954e+00 0.000000000000000000e+00
1.045250000000000012e+00 0.000000000000000000e+00
1.048750000000000071e+00 0.000000000000000000e+00
1.052249999999999908e+00 0.000000000000000000e+00
1.055750000000000188e+00 0.000000000000000000e+00
1.059250000000000025e+00 0.000000000000000000e+00
1.062749999999999861e+00 0.000000000000000000e+00
1.066250000000000142e+00 0.000000000000000000e+00
1.069749999999999979e+00 0.000000000000000000e+00
1.073250000000000037e+00 0.000000000000000000e+00
1.076750000000000096e+00 0.000000000000000000e+00
1.080249999999999932e+00 0.000000000000000000e+00
1.083750000000000213e+00 0.000000000000000000e+00
1.087250000000000050e+00 0.000000000000000000e+00
1.090749999999999886e+00 0.000000000000000000e+00
1.094250000000000167e+00 0.000000000000000000e+00
1.097750000000000004e+00 0.000000000000000000e+00
1.101250000000000062e+00 0.000000000000000000e+00
1.104750000000000121e+00 0.000000000000000000e+00
1.108249999999999957e+00 0.000000000000000000e+00
1.111750000000000016e+00 0.000000000000000000e+00
1.115250000000000075e+00 0.000000000000000000e+00
1.118749999999999911e+00 0.000000000000000000e+00
1.122250000000000192e+00 0.000000000000000000e+00
1.125750000000000028e+00 0.000000000000000000e+00
1.129249999999999865e+00 0.000000000000000000e+00
1.132750000000000146e+00 0.000000000000000000e+00
1.136249999999999982e+00 0.000000000000000000e+00
1.139750000000000041e+00 0.000000000000000000e+00
1.143250000000000099e+00 0.000000000000000000e+00
1.146749999999999936e+00 0.000000000000000000e+00
1.150250000000000217e+00 0.000000000000000000e+00
1.153750000000000053e+00 0.000000000000000000e+00
1.157249999999999890e+00 0.000000000000000000e+00
1.160750000000000171e+00 0.000000000000000000e+00
1.164250000000000007e+00 0.000000000000000000e+00
1.167749999999999844e+00 0.000000000000000000e+00
1.171250000000000124e+00 0.000000000000000000e+00
1.174749999999999961e+00 0.000000000000000000e+00
1.178250000000000020e+00 0.000000000000000000e+00
1.181750000000000078e+00 0.000000000000000000e+00
1.185249999999999915e+00 0.000000000000000000e+00
1.188750000000000195e+00 0.000000000000000000e+00
1.192250000000000032e+00 0.000000000000000000e+00
1.195749999999999869e+00 0.000000000000000000e+00
1.199250000000000149e+00 0.000000000000000000e+00
1.202749999999999986e+00 0.000000000000000000e+00
1.206250000000000044e+00 0.000000000000000000e+00
1.209750000000000103e+00 0.000000000000000000e+00
1.213249999999999940e+00 0.000000000000000000e+00
1.216750000000000220e+00 0.000000000000000000e+00
1.220250000000000057e+00 0.000000000000000000e+00
1.223749999999999893e+00 0.000000000000000000e+00
1.227250000000000174e+00 0.000000000000000000e+00
1.230750000000000011e+00 0.000000000000000000e+00
1.234249999999999847e+00 0.000000000000000000e+00
1.237750000000000128e+00 0.000000000000000000e+00
1.241249999999999964e+00 0.000000000000000000e+00
1.244750000000000023e+00 0.000000000000000000e+00
1.248250000000000082e+00 0.000000000000000000e+00
1.251749999999999918e+00 0.000000000000000000e+00
1.255250000000000199e+00 0.000000000000000000e+00
1.258750000000000036e+00 0.000000000000000000e+00
1.262249999999999872e+00 0.000000000000000000e+00
1.265750000000000153e+00 0.000000000000000000e+00
1.269249999999999989e+00 0.000000000000000000e+00
1.272750000000000048e+00 0.000000000000000000e+00
1.276250000000000107e+00 0.000000000000000000e+00
1.279749999999999943e+00 0.000000000000000000e+00
1.283250000000000224e+00 0.000000000000000000e+00
1.286750000000000060e+00 0.000000000000000000e+00
1.290249999999999897e+00 0.000000000000000000e+00
1.293750000000000178e+00 0.000000000000000000e+00
1.297250000000000014e+00 0.000000000000000000e+00
1.300749999999999851e+00 0.000000000000000000e+00
1.304250000000000131e+00 0.000000000000000000e+00
1.307749999999999968e+00 0.000000000000000000e+00
1.311250000000000027e+00 0.000000000000000000e+00
1.314750000000000085e+00 0.000000000000000000e+00
1.318249999999999922e+00 0.000000000000000000e+00
1.321750000000000203e+00 0.000000000000000000e+00
1.325250000000000039e+00 0.000000000000000000e+00
1.328749999999999876e+00 0.000000000000000000e+00
1.332250000000000156e+00 0.000000000000000000e+00
1.335749999999999993e+00 0.000000000000000000e+00
1.339250000000000052e+00 0.000000000000000000e+00
1.342750000000000110e+00 0.000000000000000000e+00
1.346249999999999947e+00 0.000000000000000000e+00
1.349750000000000227e+00 0.000000000000000000e+00
1.353250000000000064e+00 0.000000000000000000e+00
1.356749999999999901e+00 0.000000000000000000e+00
1.360250000000000181e+00 0.000000000000000000e+00
1.363750000000000018e+00 0.000000000000000000e+00
1.367249999999999854e+00 0.000000000000000000e+00
1.370750000000000135e+00 0.000000000000000000e+00
1.374249999999999972e+00 0.000000000000000000e+00
1.377750000000000030e+00 0.000000000000000000e+00
1.381250000000000089e+00 0.000000000000000000e+00
1.384749999999999925e+00 0.000000000000000000e+00
1.388250000000000206e+00 0.000000000000000000e+00
1.391750000000000043e+00 0.000000000000000000e+00
1.395249999999999879e+00 0.000000000000000000e+00
1.398750000000000160e+00 0.000000000000000000e+00
1.402249999999999996e+00 0.000000000000000000e+00
1.405750000000000055e+00 0.000000000000000000e+00
1.409250000000000114e+00 0.000000000000000000e+00
1.412749999999999950e+00 0.000000000000000000e+00
1.416250000000000231e+00 0.000000000000000000e+00
1.419750000000000068e+00 0.000000000000000000e+00
1.423249999999999904e+00 0.000000000000000000e+00
1.426750000000000185e+00 0.000000000000000000e+00
1.430250000000000021e+00 0.000000000000000000e+00
1.433749999999999858e+00 0.000000000000000000e+00
1.437250000000000139e+00 0.000000000000000000e+00
1.440749999999999975e+00 0.000000000000000000e+00
1.444250000000000034e+00 0.000000000000000000e+00
1.447750000000000092e+00 0.000000000000000000e+00
1.451249999999999929e+00 0.000000000000000000e+00
1.454750000000000210e+00 0.000000000000000000e+00
1.458250000000000046e+00 0.000000000000000000e+00
1.461749999999999883e+00 0.000000000000000000e+00
1.465250000000000163e+00 0.000000000000000000e+00
1.468750000000000000e+00 0.000000000000000000e+00
1.472250000000000059e+00 0.000000000000000000e+00
1.475750000000000117e+00 0.000000000000000000e+00
1.479249999999999954e+00 0.000000000000000000e+00
1.482750000000000012e+00 0.000000000000000000e+00
1.486250000000000071e+00 0.000000000000000000e+00
1.489749999999999908e+00 0.000000000000000000e+00
1.493250000000000188e+00 0.000000000000000000e+00
1.496750000000000025e+00 0.000000000000000000e+00
1.500250000000000083e+00 0.000000000000000000e+00
1.503750000000000142e+00 0.000000000000000000e+00
1.507249999999999979e+00 0.000000000000000000e+00
1.510750000000000037e+00 0.000000000000000000e+00
1.514250000000000096e+00 0.000000000000000000e+00
1.517749999999999932e+00 0.000000000000000000e+00
1.521249999999999991e+00 0.000000000000000000e+00
1.524750000000000050e+00 0.000000000000000000e+00
1.528250000000000108e+00 0.000000000000000000e+00
1.531750000000000167e+00 0.000000000000000000e+00
1.535250000000000004e+00 0.000000000000000000e+00
1.538750000000000062e+00 0.000000000000000000e+00
1.542250000000000121e+00 0.000000000000000000e+00
1.545749999999999957e+00 0.000000000000000000e+00
1.549250000000000016e+00 0.000000000000000000e+00
1.552750000000000075e+00 0.000000000000000000e+00
1.556249999999999911e+00 0.000000000000000000e+00
1.559749999999999970e+00 0.000000000000000000e+00
1.563250000000000028e+00 0.000000000000000000e+00
1.566750000000000087e+00 0.000000000000000000e+00
1.570250000000000146e+00 0.000000000000000000e+00
1.573749999999999982e+00 0.000000000000000000e+00
1.577250000000000041e+00 0.000000000000000000e+00
1.580750000000000099e+00 0.000000000000000000e+00
1.584249999999999936e+00 0.000000000000000000e+00
1.587749999999999995e+00 0.000000000000000000e+00
1.591250000000000053e+00 0.000000000000000000e+00
1.594750000000000112e+00 0.000000000000000000e+00
1.598250000000000171e+00 0.000000000000000000e+00
1.601750000000000007e+00 0.000000000000000000e+00
1.605250000000000066e+00 0.000000000000000000e+00
1.608750000000000124e+00 0.000000000000000000e+00
1.612249999999999961e+00 0.000000000000000000e+00
1.615750000000000020e+00 0.000000000000000000e+00
1.619250000000000078e+00 0.000000000000000000e+00
1.622749999999999915e+00 0.000000000000000000e+00
1.626249999999999973e+00 0.000000000000000000e+00
1.629750000000000032e+00 0.000000000000000000e+00
1.633250000000000091e+00 0.000000000000000000e+00
1.636750000000000149e+00 0.000000000000000000e+00
1.640249999999999986e+00 0.000000000000000000e+00
1.643750000000000044e+00 0.000000000000000000e+00
1.647250000000000103e+00 0.000000000000000000e+00
1.650749999999999940e+00 0.000000000000000000e+00
1.654249999999999998e+00 0.000000000000000000e+00
1.657750000000000057e+00 0.000000000000000000e+00
1.661250000000000115e+00 0.000000000000000000e+00
1.664750000000000174e+00 0.000000000000000000e+00
1.668250000000000011e+00 0.000000000000000000e+00
1.671750000000000069e+00 0.000000000000000000e+00
1.675250000000000128e+00 0.000000000000000000e+00
1.678749999999999964e+00 0.000000000000000000e+00
1.682250000000000023e+00 0.000000000000000000e+00
1.685750000000000082e+00 0.000000000000000000e+00
1.689249999999999918e+00 0.000000000000000000e+00
1.692749999999999977e+00 0.000000000000000000e+00
1.696250000000000036e+00 0.000000000000000000e+00
1.699750000000000094e+00 0.000000000000000000e+00
1.703250000000000153e+00 0.000000000000000000e+00
1.706749999999999989e+00 0.000000000000000000e+00
1.710250000000000048e+00 0.000000000000000000e+00
1.713750000000000107e+00 0.000000000000000000e+00
1.717249999999999943e+00 0.000000000000000000e+00
1.720750000000000002e+00 0.000000000000000000e+00
1.724250000000000060e+00 0.000000000000000000e+00
1.727750000000000119e+00 0.000000000000000000e+00
1.731250000000000178e+00 0.000000000000000000e+00
1.734750000000000014e+00 0.000000000000000000e+00
1.738250000000000073e+00 0.000000000000000000e+00
1.741750000000000131e+00 0.000000000000000000e+00
1.745249999999999968e+00 0.000000000000000000e+00
1.748750000000000027e+00 0.000000000000000000e+00
1.752250000000000085e+00 0.000000000000000000e+00
1.755749999999999922e+00 0.000000000000000000e+00
1.759249999999999980e+00 0.000000000000000000e+00
1.762750000000000039e+00 0.000000000000000000e+00
1.766250000000000098e+00 0.000000000000000000e+00
1.769750000000000156e+00 0.000000000000000000e+00
1.773249999999999993e+00 0.000000000000000000e+00
1.776750000000000052e+00 0.000000000000000000e+00
1.780250000000000110e+00 0.000000000000000000e+00
1.783749999999999947e+00 0.000000000000000000e+00
1.787250000000000005e+00 0.000000000000000000e+00
1.790750000000000064e+00 0.000000000000000000e+00
1.794250000000000123e+00 0.000000000000000000e+00
1.797750000000000181e+00 0.000000000000000000e+00
1.801250000000000018e+00 0.000000000000000000e+00
1.804750000000000076e+00 0.000000000000000000e+00
1.808250000000000135e+00 0.000000000000000000e+00
1.811749999999999972e+00 0.000000000000000000e+00
1.815250000000000030e+00 0.000000000000000000e+00
1.818750000000000089e+00 0.000000000000000000e+00
1.822249999999999925e+00 0.000000000000000000e+00
1.825749999999999984e+00 0.000000000000000000e+00
1.829250000000000043e+00 0.000000000000000000e+00
1.832750000000000101e+00 0.000000000000000000e+00
1.836250000000000160e+00 0.000000000000000000e+00
1.839749999999999996e+00 0.000000000000000000e+00
1.843250000000000055e+00 0.000000000000000000e+00
1.846750000000000114e+00 0.000000000000000000e+00
1.850249999999999950e+00 0.000000000000000000e+00
1.853750000000000009e+00 0.000000000000000000e+00
1.857250000000000068e+00 0.000000000000000000e+00
1.860750000000000126e+00 0.000000000000000000e+00
1.864250000000000185e+00 0.000000000000000000e+00
1.867750000000000021e+00 0.000000000000000000e+00
1.871250000000000080e+00 0.000000000000000000e+00
1.874750000000000139e+00 0.000000000000000000e+00
1.878249999999999975e+00 0.000000000000000000e+00
1.881750000000000034e+00 0.000000000000000000e+00
1.885250000000000092e+00 0.000000000000000000e+00
1.888749999999999929e+00 0.000000000000000000e+00
1.892249999999999988e+00 0.000000000000000000e+00
1.895750000000000046e+00 0.000000000000000000e+00
1.899250000000000105e+00 0.000000000000000000e+00
1.902750000000000163e+00 0.000000000000000000e+00
1.906250000000000000e+00 0.000000000000000000e+00
1.909750000000000059e+00 0.000000000000000000e+00
1.913250000000000117e+00 0.000000000000000000e+00
1.916749999999999954e+00 0.000000000000000000e+00
1.920250000000000012e+00 0.000000000000000000e+00
1.923750000000000071e+00 0.000000000000000000e+00
1.927250000000000130e+00 0.000000000000000000e+00
1.930750000000000188e+00 0.000000000000000000e+00
1.934250000000000025e+00 0.000000000000000000e+00
1.937750000000000083e+00 0.000000000000000000e+00
1.941250000000000142e+00 0.000000000000000000e+00
1.944749999999999979e+00 0.000000000000000000e+00
1.948250000000000037e+00 0.000000000000000000e+00
1.951750000000000096e+00 0.000000000000000000e+00
1.955249999999999932e+00 0.000000000000000000e+00
1.958749999999999991e+00 0.000000000000000000e+00
1.962250000000000050e+00 0.000000000000000000e+00
1.965750000000000108e+00 0.000000000000000000e+00
1.969250000000000167e+00 0.000000000000000000e+00
1.972750000000000004e+00 0.000000000000000000e+00
1.976250000000000062e+00 0.000000000000000000e+00
1.979750000000000121e+00 0.000000000000000000e+00
1.983249999999999957e+00 0.000000000000000000e+00
1.986750000000000016e+00 0.000000000000000000e+00
1.990250000000000075e+00 0.000000000000000000e+00
1.993750000000000133e+00 0.000000000000000000e+00
1.997250000000000192e+00 0.000000000000000000e+00
2.000750000000000028e+00 0.000000000000000000e+00
2.004249999999999865e+00 0.000000000000000000e+00
2.007750000000000146e+00 0.000000000000000000e+00
2.011249999999999982e+00 0.000000000000000000e+00
2.014750000000000263e+00 0.000000000000000000e+00
2.018250000000000099e+00 0.000000000000000000e+00
2.021749999999999936e+00 0.000000000000000000e+00
2.025249999999999773e+00 0.000000000000000000e+00
2.028750000000000053e+00 0.000000000000000000e+00
2.032250000000000334e+00 0.000000000000000000e+00
2.035750000000000171e+00 0.000000000000000000e+00
2.039250000000000007e+00 0.000000000000000000e+00
2.042749999999999844e+00 0.000000000000000000e+00
2.046250000000000124e+00 0.000000000000000000e+00
2.049749999999999961e+00 0.000000000000000000e+00
2.053250000000000242e+00 0.000000000000000000e+00
2.056750000000000078e+00 0.000000000000000000e+00
2.060249999999999915e+00 0.000000000000000000e+00
2.063749999999999751e+00 0.000000000000000000e+00
2.067250000000000032e+00 0.000000000000000000e+00
2.070750000000000313e+00 0.000000000000000000e+00
2.074250000000000149e+00 0.000000000000000000e+00
2.077749999999999986e+00 0.000000000000000000e+00
2.081249999999999822e+00 0.000000000000000000e+00
2.084750000000000103e+00 0.000000000000000000e+00
2.088249999999999940e+00 0.000000000000000000e+00
2.091750000000000220e+00 0.000000000000000000e+00
2.095250000000000057e+00 0.000000000000000000e+00
2.098749999999999893e+00 0.000000000000000000e+00
2.102250000000000174e+00 0.000000000000000000e+00
2.105750000000000011e+00 0.000000000000000000e+00
2.109250000000000291e+00 0.000000000000000000e+00
2.112750000000000128e+00 0.000000000000000000e+00
2.116249999999999964e+00 0.000000000000000000e+00
2.119749999999999801e+00 0.000000000000000000e+00
2.123250000000000082e+00 0.000000000000000000e+00
2.126749999999999918e+00 0.000000000000000000e+00
2.130250000000000199e+00 0.000000000000000000e+00
2.133750000000000036e+00 0.000000000000000000e+00
2.137249999999999872e+00 0.000000000000000000e+00
2.140750000000000153e+00 0.000000000000000000e+00
2.144249999999999989e+00 0.000000000000000000e+00
2.147750000000000270e+00 0.000000000000000000e+00
2.151250000000000107e+00 0.000000000000000000e+00
2.154749999999999943e+00 0.000000000000000000e+00
2.158249999999999780e+00 0.000000000000000000e+00
2.161750000000000060e+00 0.000000000000000000e+00
2.165250000000000341e+00 0.000000000000000000e+00
2.168750000000000178e+00 0.000000000000000000e+00
2.172250000000000014e+00 0.000000000000000000e+00
2.175749999999999851e+00 0.000000000000000000e+00
2.179250000000000131e+00 0.000000000000000000e+00
2.182749999999999968e+00 0.000000000000000000e+00
2.186250000000000249e+00 0.000000000000000000e+00
2.189750000000000085e+00 0.000000000000000000e+00
2.193249999999999922e+00 0.000000000000000000e+00
2.196749999999999758e+00 0.000000000000000000e+00
2.200250000000000039e+00 0.000000000000000000e+00
2.203750000000000320e+00 0.000000000000000000e+00
2.207250000000000156e+00 0.000000000000000000e+00
2.210749999999999993e+00 0.000000000000000000e+00
2.214249999999999829e+00 0.000000000000000000e+00
2.217750000000000110e+00 0.000000000000000000e+00
2.221249999999999947e+00 0.000000000000000000e+00
2.224750000000000227e+00 0.000000000000000000e+00
2.228250000000000064e+00 0.000000000000000000e+00
2.231749999999999901e+00 0.000000000000000000e+00
2.235250000000000181e+00 0.000000000000000000e+00
2.238750000000000018e+00 0.000000000000000000e+00
2.242250000000000298e+00 0.000000000000000000e+00
2.245750000000000135e+00 0.000000000000000000e+00
2.249249999999999972e+00 0.000000000000000000e+00
2.252749999999999808e+00 0.000000000000000000e+00
2.256250000000000089e+00 0.000000000000000000e+00
2.259749999999999925e+00 0.000000000000000000e+00
2.263250000000000206e+00 0.000000000000000000e+00
2.266750000000000043e+00 0.000000000000000000e+00
2.270249999999999879e+00 0.000000000000000000e+00
2.273750000000000160e+00 0.000000000000000000e+00
2.277249999999999996e+00 0.000000000000000000e+00
2.280750000000000277e+00 0.000000000000000000e+00
2.284250000000000114e+00 0.000000000000000000e+00
2.287749999999999950e+00 0.000000000000000000e+00
2.291249999999999787e+00 0.000000000000000000e+00
2.294750000000000068e+00 0.000000000000000000e+00
2.298250000000000348e+00 0.000000000000000000e+00
2.301750000000000185e+00 0.000000000000000000e+00
2.305250000000000021e+00 0.000000000000000000e+00
2.308749999999999858e+00 0.000000000000000000e+00
2.312250000000000139e+00 0.000000000000000000e+00
2.315749999999999975e+00 0.000000000000000000e+00
2.319250000000000256e+00 0.000000000000000000e+00
2.322750000000000092e+00 0.000000000000000000e+00
2.326249999999999929e+00 0.000000000000000000e+00
2.329749999999999766e+00 0.000000000000000000e+00
2.333250000000000046e+00 0.000000000000000000e+00
2.336750000000000327e+00 0.000000000000000000e+00
2.340250000000000163e+00 0.000000000000000000e+00
2.343750000000000000e+00 0.000000000000000000e+00
2.347249999999999837e+00 0.000000000000000000e+00
2.350750000000000117e+00 0.000000000000000000e+00
2.354249999999999954e+00 0.000000000000000000e+00
2.357750000000000234e+00 0.000000000000000000e+00
2.361250000000000071e+00 0.000000000000000000e+00
2.364749999999999908e+00 0.000000000000000000e+00
2.368250000000000188e+00 0.000000000000000000e+00
2.371750000000000025e+00 0.000000000000000000e+00
2.375250000000000306e+00 0.000000000000000000e+00
2.378750000000000142e+00 0.000000000000000000e+00
2.382249999999999979e+00 0.000000000000000000e+00
2.385749999999999815e+00 0.000000000000000000e+00
2.389250000000000096e+00 0.000000000000000000e+00
2.392749999999999932e+00 0.000000000000000000e+00
2.396250000000000213e+00 0.000000000000000000e+00
2.399750000000000050e+00 0.000000000000000000e+00
2.403249999999999886e+00 0.000000000000000000e+00
2.406750000000000167e+00 0.000000000000000000e+00
2.410250000000000004e+00 0.000000000000000000e+00
2.413750000000000284e+00 0.000000000000000000e+00
2.417250000000000121e+00 0.000000000000000000e+00
2.420749999999999957e+00 0.000000000000000000e+00
2.424249999999999794e+00 0.000000000000000000e+00
2.427750000000000075e+00 0.000000000000000000e+00
2.431250000000000355e+00 0.000000000000000000e+00
2.434750000000000192e+00 0.000000000000000000e+00
2.438250000000000028e+00 0.000000000000000000e+00
2.441749999999999865e+00 0.000000000000000000e+00
2.445250000000000146e+00 0.000000000000000000e+00
2.448749999999999982e+00 0.000000000000000000e+00
2.452250000000000263e+00 0.000000000000000000e+00
2.455750000000000099e+00 0.000000000000000000e+00
2.459249999999999936e+00 0.000000000000000000e+00
2.462749999999999773e+00 0.000000000000000000e+00
2.466250000000000053e+00 0.000000000000000000e+00
2.469750000000000334e+00 0.000000000000000000e+00
2.473250000000000171e+00 0.000000000000000000e+00
2.476750000000000007e+00 0.000000000000000000e+00
2.480249999999999844e+00 0.000000000000000000e+00
2.483750000000000124e+00 0.000000000000000000e+00
2.487249999999999961e+00 0.000000000000000000e+00
2.490750000000000242e+00 0.000000000000000000e+00
2.494250000000000078e+00 0.000000000000000000e+00
2.497749999999999915e+00 0.000000000000000000e+00
2.501250000000000195e+00 0.000000000000000000e+00
2.504750000000000032e+00 0.000000000000000000e+00
2.508250000000000313e+00 0.000000000000000000e+00
2.511750000000000149e+00 0.000000000000000000e+00
2.515249999999999986e+00 0.000000000000000000e+00
2.518749999999999822e+00 0.000000000000000000e+00
2.522250000000000103e+00 0.000000000000000000e+00
2.525749999999999940e+00 0.000000000000000000e+00
2.529250000000000220e+00 0.000000000000000000e+00
2.532750000000000057e+00 0.000000000000000000e+00
2.536249999999999893e+00 0.000000000000000000e+00
2.539750000000000174e+00 0.000000000000000000e+00
2.543250000000000011e+00 0.000000000000000000e+00
2.546750000000000291e+00 0.000000000000000000e+00
2.550250000000000128e+00 0.000000000000000000e+00
2.553749999999999964e+00 0.000000000000000000e+00
2.557249999999999801e+00 0.000000000000000000e+00
2.560750000000000082e+00 0.000000000000000000e+00
2.564250000000000362e+00 0.000000000000000000e+00
2.567750000000000199e+00 0.000000000000000000e+00
2.571250000000000036e+00 0.000000000000000000e+00
2.574749999999999872e+00 0.000000000000000000e+00
2.578250000000000153e+00 0.000000000000000000e+00
2.581749999999999989e+00 0.000000000000000000e+00
2.585250000000000270e+00 0.000000000000000000e+00
2.588750000000000107e+00 0.000000000000000000e+00
2.592249999999999943e+00 0.000000000000000000e+00
2.595749999999999780e+00 0.000000000000000000e+00
2.599250000000000060e+00 0.000000000000000000e+00
2.602750000000000341e+00 0.000000000000000000e+00
2.606250000000000178e+00 0.000000000000000000e+00
2.609750000000000014e+00 0.000000000000000000e+00
2.613249999999999851e+00 0.000000000000000000e+00
2.616750000000000131e+00 0.000000000000000000e+00
2.620249999999999968e+00 0.000000000000000000e+00
2.623750000000000249e+00 0.000000000000000000e+00
2.627250000000000085e+00 0.000000000000000000e+00
2.630749999999999922e+00 0.000000000000000000e+00
2.634250000000000203e+00 0.000000000000000000e+00
2.637750000000000039e+00 0.000000000000000000e+00
2.641250000000000320e+00 0.000000000000000000e+00
2.644750000000000156e+00 0.000000000000000000e+00
2.648249999999999993e+00 0.000000000000000000e+00
2.651749999999999829e+00 0.000000000000000000e+00
2.655250000000000110e+00 0.000000000000000000e+00
2.658749999999999947e+00 0.000000000000000000e+00
2.662250000000000227e+00 0.000000000000000000e+00
2.665750000000000064e+00 0.000000000000000000e+00
2.669249999999999901e+00 0.000000000000000000e+00
2.672750000000000181e+00 0.000000000000000000e+00
2.676250000000000018e+00 0.000000000000000000e+00
2.679750000000000298e+00 0.000000000000000000e+00
2.683250000000000135e+00 0.000000000000000000e+00
2.686749999999999972e+00 0.000000000000000000e+00
2.690249999999999808e+00 0.000000000000000000e+00
2.693750000000000089e+00 0.000000000000000000e+00
2.697250000000000369e+00 0.000000000000000000e+00
2.700750000000000206e+00 0.000000000000000000e+00
2.704250000000000043e+00 0.000000000000000000e+00
2.707749999999999879e+00 0.000000000000000000e+00
2.711250000000000160e+00 0.000000000000000000e+00
2.714749999999999996e+00 0.000000000000000000e+00
2.718250000000000277e+00 0.000000000000000000e+00
2.721750000000000114e+00 0.000000000000000000e+00
2.725249999999999950e+00 0.000000000000000000e+00
2.728749999999999787e+00 0.000000000000000000e+00
2.732250000000000068e+00 0.000000000000000000e+00
2.735750000000000348e+00 0.000000000000000000e+00
2.739250000000000185e+00 0.000000000000000000e+00
2.742750000000000021e+00 0.000000000000000000e+00
2.746249999999999858e+00 0.000000000000000000e+00
2.749750000000000139e+00 0.000000000000000000e+00
2.753249999999999975e+00 0.000000000000000000e+00
2.756750000000000256e+00 0.000000000000000000e+00
2.760250000000000092e+00 0.000000000000000000e+00
2.763749999999999929e+00 0.000000000000000000e+00
2.767249999999999766e+00 0.000000000000000000e+00
2.770750000000000046e+00 0.000000000000000000e+00
2.774250000000000327e+00 0.000000000000000000e+00
2.777750000000000163e+00 0.000000000000000000e+00
2.781250000000000000e+00 0.000000000000000000e+00
2.784749999999999837e+00 0.000000000000000000e+00
2.788250000000000117e+00 0.000000000000000000e+00
2.791749999999999954e+00 0.000000000000000000e+00
2.795250000000000234e+00 0.000000000000000000e+00
2.798750000000000071e+00 0.000000000000000000e+00
2.802249999999999908e+00 0.000000000000000000e+00
2.805750000000000188e+00 0.000000000000000000e+00
2.809250000000000025e+00 0.000000000000000000e+00
2.812750000000000306e+00 0.000000000000000000e+00
2.816250000000000142e+00 0.000000000000000000e+00
2.819749999999999979e+00 0.000000000000000000e+00
2.823249999999999815e+00 0.000000000000000000e+00
2.826750000000000096e+00 0.000000000000000000e+00
2.830249999999999932e+00 0.000000000000000000e+00
2.833750000000000213e+00 0.000000000000000000e+00
2.837250000000000050e+00 0.000000000000000000e+00
2.840749999999999886e+00 0.000000000000000000e+00
2.844250000000000167e+00 0.000000000000000000e+00
2.847750000000000004e+00 0.000000000000000000e+00
2.851250000000000284e+00 0.000000000000000000e+00
2.854750000000000121e+00 0.000000000000000000e+00
2.858249999999999957e+00 0.000000000000000000e+00
2.861749999999999794e+00 0.000000000000000000e+00
2.865250000000000075e+00 0.000000000000000000e+00
2.868750000000000355e+00 0.000000000000000000e+00
2.872250000000000192e+00 0.000000000000000000e+00
2.875750000000000028e+00 0.000000000000000000e+00
2.879249999999999865e+00 0.000000000000000000e+00
2.882750000000000146e+00 0.000000000000000000e+00
2.886249999999999982e+00 0.000000000000000000e+00
2.889750000000000263e+00 0.000000000000000000e+00
2.893250000000000099e+00 0.000000000000000000e+00
2.896749999999999936e+00 0.000000000000000000e+00
2.900249999999999773e+00 0.000000000000000000e+00
2.903750000000000053e+00 0.000000000000000000e+00
2.907250000000000334e+00 0.000000000000000000e+00
2.910750000000000171e+00 0.000000000000000000e+00
2.914250000000000007e+00 0.000000000000000000e+00
2.917749999999999844e+00 0.000000000000000000e+00
2.921250000000000124e+00 0.000000000000000000e+00
2.924749999999999961e+00 0.000000000000000000e+00
2.928250000000000242e+00 0.000000000000000000e+00
2.931750000000000078e+00 0.000000000000000000e+00
2.935249999999999915e+00 0.000000000000000000e+00
2.938750000000000195e+00 0.000000000000000000e+00
2.942250000000000032e+00 0.000000000000000000e+00
2.945750000000000313e+00 0.000000000000000000e+00
2.949250000000000149e+00 0.000000000000000000e+00
2.952749999999999986e+00 0.000000000000000000e+00
2.956249999999999822e+00 0.000000000000000000e+00
2.959750000000000103e+00 0.000000000000000000e+00
2.963249999999999940e+00 0.000000000000000000e+00
2.966750000000000220e+00 0.000000000000000000e+00
2.970250000000000057e+00 0.000000000000000000e+00
2.973749999999999893e+00 0.000000000000000000e+00
2.977250000000000174e+00 0.000000000000000000e+00
2.980750000000000011e+00 0.000000000000000000e+00
2.984250000000000291e+00 0.000000000000000000e+00
2.987750000000000128e+00 0.000000000000000000e+00
2.991249999999999964e+00 0.000000000000000000e+00
2.994749999999999801e+00 0.000000000000000000e+00
2.998250000000000082e+00 0.000000000000000000e+00
