-4.982499999999999707e-01 0.000000000000000000e+00
-4.947500000000000231e-01 0.000000000000000000e+00
-4.912499999999999645e-01 0.000000000000000000e+00
-4.877500000000000169e-01 0.000000000000000000e+00
-4.842499999999999583e-01 0.000000000000000000e+00
-4.807500000000000107e-01 0.000000000000000000e+00
-4.772499999999999520e-01 0.000000000000000000e+00
-4.737500000000000044e-01 0.000000000000000000e+00
-4.702500000000000013e-01 0.000000000000000000e+00
-4.667499999999999982e-01 0.000000000000000000e+00
-4.632499999999999951e-01 0.000000000000000000e+00
-4.597499999999999920e-01 0.000000000000000000e+00
-4.562500000000000444e-01 0.000000000000000000e+00
-4.527499999999999858e-01 0.000000000000000000e+00
-4.492500000000000382e-01 0.000000000000000000e+00
-4.457499999999999796e-01 0.000000000000000000e+00
-4.422500000000000320e-01 0.000000000000000000e+00
-4.387499999999999734e-01 0.000000000000000000e+00
-4.352500000000000258e-01 0.000000000000000000e+00
-4.317499999999999671e-01 0.000000000000000000e+00
-4.282500000000000195e-01 0.000000000000000000e+00
-4.247499999999999609e-01 0.000000000000000000e+00
-4.212500000000000133e-01 0.000000000000000000e+00
-4.177499999999999547e-01 0.000000000000000000e+00
-4.142500000000000071e-01 0.000000000000000000e+00
-4.107500000000000040e-01 0.000000000000000000e+00
-4.072500000000000009e-01 0.000000000000000000e+00
-4.037499999999999978e-01 0.000000000000000000e+00
-4.002499999999999947e-01 0.000000000000000000e+00
-3.967499999999999916e-01 0.000000000000000000e+00
-3.932499999999999885e-01 0.000000000000000000e+00
-3.897500000000000409e-01 0.000000000000000000e+00
-3.862499999999999822e-01 0.000000000000000000e+00
-3.827500000000000346e-01 0.000000000000000000e+00
-3.792499999999999760e-01 0.000000000000000000e+00
-3.757500000000000284e-01 0.000000000000000000e+00
-3.722499999999999698e-01 0.000000000000000000e+00
-3.687500000000000222e-01 0.000000000000000000e+00
-3.652499999999999636e-01 0.000000000000000000e+00
-3.617500000000000160e-01 0.000000000000000000e+00
-3.582499999999999574e-01 0.000000000000000000e+00
-3.547500000000000098e-01 0.000000000000000000e+00
-3.512500000000000067e-01 0.000000000000000000e+00
-3.477500000000000036e-01 0.000000000000000000e+00
-3.442500000000000004e-01 0.000000000000000000e+00
-3.407499999999999973e-01 0.000000000000000000e+00
-3.372499999999999942e-01 0.000000000000000000e+00
-3.337499999999999911e-01 0.000000000000000000e+00
-3.302499999999999880e-01 0.000000000000000000e+00
-3.267499999999999849e-01 0.000000000000000000e+00
-3.232499999999999818e-01 0.000000000000000000e+00
-3.197499999999999787e-01 0.000000000000000000e+00
-3.162500000000000311e-01 0.000000000000000000e+00
-3.127499999999999725e-01 0.000000000000000000e+00
-3.092500000000000249e-01 0.000000000000000000e+00
-3.057499999999999662e-01 0.000000000000000000e+00
-3.022500000000000187e-01 0.000000000000000000e+00
-2.987499999999999600e-01 0.000000000000000000e+00
-2.952500000000000124e-01 0.000000000000000000e+00
-2.917500000000000093e-01 0.000000000000000000e+00
-2.882500000000000062e-01 0.000000000000000000e+00
-2.847500000000000031e-01 0.000000000000000000e+00
-2.812500000000000000e-01 0.000000000000000000e+00
-2.777499999999999969e-01 0.000000000000000000e+00
-2.742499999999999938e-01 0.000000000000000000e+00
-2.707499999999999907e-01 0.000000000000000000e+00
-2.672499999999999876e-01 0.000000000000000000e+00
-2.637499999999999845e-01 0.000000000000000000e+00
-2.602499999999999813e-01 0.000000000000000000e+00
-2.567500000000000338e-01 0.000000000000000000e+00
-2.532499999999999751e-01 0.000000000000000000e+00
-2.497499999999999998e-01 0.000000000000000000e+00
-2.462499999999999967e-01 0.000000000000000000e+00
-2.427499999999999936e-01 0.000000000000000000e+00
-2.392499999999999905e-01 0.000000000000000000e+00
-2.357499999999999873e-01 0.000000000000000000e+00
-2.322499999999999842e-01 0.000000000000000000e+00
-2.287499999999999811e-01 0.000000000000000000e+00
-2.252499999999999780e-01 0.000000000000000000e+00
-2.217499999999999749e-01 0.000000000000000000e+00
-2.182499999999999718e-01 0.000000000000000000e+00
-2.147499999999999687e-01 0.000000000000000000e+00
-2.112499999999999933e-01 0.000000000000000000e+00
-2.077500000000000180e-01 0.000000000000000000e+00
-2.042500000000000149e-01 0.000000000000000000e+00
-2.007500000000000118e-01 0.000000000000000000e+00
-1.972500000000000087e-01 0.000000000000000000e+00
-1.937500000000000056e-01 0.000000000000000000e+00
-1.902500000000000024e-01 0.000000000000000000e+00
-1.867499999999999993e-01 0.000000000000000000e+00
-1.832499999999999962e-01 0.000000000000000000e+00
-1.797499999999999931e-01 0.000000000000000000e+00
-1.762499999999999900e-01 0.000000000000000000e+00
-1.727499999999999869e-01 0.000000000000000000e+00
-1.692499999999999838e-01 0.000000000000000000e+00
-1.657499999999999807e-01 0.000000000000000000e+00
-1.622499999999999776e-01 0.000000000000000000e+00
-1.587499999999999745e-01 0.000000000000000000e+00
-1.552499999999999714e-01 0.000000000000000000e+00
-1.517499999999999682e-01 0.000000000000000000e+00
-1.482499999999999929e-01 0.000000000000000000e+00
-1.447500000000000175e-01 0.000000000000000000e+00
-1.412500000000000144e-01 0.000000000000000000e+00
-1.377500000000000113e-01 0.000000000000000000e+00
-1.342500000000000082e-01 0.000000000000000000e+00
-1.307500000000000051e-01 0.000000000000000000e+00
-1.272500000000000020e-01 0.000000000000000000e+00
-1.237499999999999989e-01 0.000000000000000000e+00
-1.202499999999999958e-01 0.000000000000000000e+00
-1.167499999999999927e-01 0.000000000000000000e+00
-1.132499999999999896e-01 0.000000000000000000e+00
-1.097499999999999865e-01 0.000000000000000000e+00
-1.062499999999999833e-01 0.000000000000000000e+00
-1.027499999999999802e-01 0.000000000000000000e+00
-9.924999999999997713e-02 0.000000000000000000e+00
-9.574999999999997402e-02 0.000000000000000000e+00
-9.224999999999997091e-02 0.000000000000000000e+00
-8.874999999999996780e-02 0.000000000000000000e+00
-8.524999999999999245e-02 0.000000000000000000e+00
-8.175000000000001710e-02 0.000000000000000000e+00
-7.825000000000001399e-02 0.000000000000000000e+00
-7.475000000000001088e-02 0.000000000000000000e+00
-7.125000000000000777e-02 0.000000000000000000e+00
-6.775000000000000466e-02 0.000000000000000000e+00
-6.425000000000000155e-02 0.000000000000000000e+00
-6.074999999999999845e-02 0.000000000000000000e+00
-5.724999999999999534e-02 6.454491522163152695e-04
-5.374999999999999223e-02 3.381543233990669250e-02
-5.024999999999998912e-02 3.081061542034149170e-01
-4.674999999999998601e-02 1.231648802757263184e+00
-4.324999999999998290e-02 3.077533483505249023e+00
-3.974999999999997979e-02 5.786716938018798828e+00
-3.624999999999997669e-02 8.945784568786621094e+00
-3.274999999999997358e-02 1.211570453643798828e+01
-2.924999999999997047e-02 1.483646392822265625e+01
-2.574999999999996736e-02 1.687087249755859375e+01
-2.224999999999996425e-02 1.815986633300781250e+01
-1.874999999999998890e-02 1.867800712585449219e+01
-1.525000000000001354e-02 1.853775024414062500e+01
-1.175000000000001044e-02 1.788814544677734375e+01
-8.250000000000007327e-03 1.686211776733398438e+01
-4.750000000000004219e-03 1.560717010498046875e+01
-1.249999999999973355e-03 1.421163272857666016e+01
2.250000000000029754e-03 1.278240680694580078e+01
5.750000000000032863e-03 1.137969112396240234e+01
9.250000000000035971e-03 1.004862976074218750e+01
1.274999999999998357e-02 8.827122688293457031e+00
1.624999999999998668e-02 7.718444347381591797e+00
1.974999999999998979e-02 6.707157611846923828e+00
2.324999999999999289e-02 5.815454959869384766e+00
2.674999999999999600e-02 5.033630371093750000e+00
3.024999999999999911e-02 4.352583408355712891e+00
3.375000000000000222e-02 3.760147094726562500e+00
3.725000000000000533e-02 3.241788387298583984e+00
4.075000000000000844e-02 2.806463241577148438e+00
4.425000000000001155e-02 2.422052621841430664e+00
4.775000000000001465e-02 2.099076271057128906e+00
5.125000000000001776e-02 1.823770880699157715e+00
5.475000000000002087e-02 1.587077140808105469e+00
5.825000000000002398e-02 1.381152391433715820e+00
6.175000000000002709e-02 1.202860116958618164e+00
6.525000000000003020e-02 1.046848416328430176e+00
6.875000000000003331e-02 9.179381728172302246e-01
7.225000000000003642e-02 8.069480061531066895e-01
7.575000000000003952e-02 7.019796967506408691e-01
7.924999999999998712e-02 6.159775257110595703e-01
8.274999999999999023e-02 5.431726574897766113e-01
8.624999999999999334e-02 4.763993322849273682e-01
8.974999999999999645e-02 4.221161305904388428e-01
9.324999999999999956e-02 3.706097900867462158e-01
9.675000000000000266e-02 3.277520239353179932e-01
1.002500000000000058e-01 2.915043532848358154e-01
1.037500000000000089e-01 2.588613629341125488e-01
1.072500000000000120e-01 2.300507724285125732e-01
1.107500000000000151e-01 2.065247744321823120e-01
1.142500000000000182e-01 1.839982718229293823e-01
1.177500000000000213e-01 1.644302308559417725e-01
1.212500000000000244e-01 1.478082835674285889e-01
1.247500000000000275e-01 1.333328336477279663e-01
1.282500000000000306e-01 1.194545999169349670e-01
1.317500000000000338e-01 1.095349341630935669e-01
1.352500000000000369e-01 9.946276247501373291e-02
1.387499999999999845e-01 9.028911590576171875e-02
1.422499999999999876e-01 8.334889262914657593e-02
1.457499999999999907e-01 7.571618258953094482e-02
1.492499999999999938e-01 7.012809813022613525e-02
1.527499999999999969e-01 6.466599553823471069e-02
1.562500000000000000e-01 6.011812016367912292e-02
1.597500000000000031e-01 5.588031932711601257e-02
1.632500000000000062e-01 5.196387320756912231e-02
1.667500000000000093e-01 4.800774157047271729e-02
1.702500000000000124e-01 4.474207386374473572e-02
1.737500000000000155e-01 4.229523986577987671e-02
1.772500000000000187e-01 4.031653702259063721e-02
1.807500000000000218e-01 3.723819553852081299e-02
1.842500000000000249e-01 3.547806665301322937e-02
1.877500000000000280e-01 3.317443653941154480e-02
1.912500000000000311e-01 3.142843768000602722e-02
1.947500000000000342e-01 2.973583899438381195e-02
1.982500000000000373e-01 2.783614769577980042e-02
2.017500000000000404e-01 2.652312442660331726e-02
2.052499999999999880e-01 2.514534816145896912e-02
2.087499999999999911e-01 2.377736568450927734e-02
2.122499999999999942e-01 2.275926247239112854e-02
2.157499999999999973e-01 2.179829031229019165e-02
2.192500000000000004e-01 2.083131112158298492e-02
2.227500000000000036e-01 2.000764384865760803e-02
2.262500000000000067e-01 1.898055896162986755e-02
2.297500000000000098e-01 1.827534846961498260e-02
2.332500000000000129e-01 1.713272556662559509e-02
2.367500000000000160e-01 1.627486385405063629e-02
2.402500000000000191e-01 1.524749957025051117e-02
2.437500000000000222e-01 1.443845406174659729e-02
2.472500000000000253e-01 1.364276278764009476e-02
2.507500000000000284e-01 1.304626651108264923e-02
2.542500000000000315e-01 1.198678463697433472e-02
2.577500000000000346e-01 1.103559508919715881e-02
2.612500000000000377e-01 1.027397159487009048e-02
2.647500000000000409e-01 9.638863615691661835e-03
2.682500000000000440e-01 9.052199311554431915e-03
2.717499999999999916e-01 8.208408951759338379e-03
2.752499999999999947e-01 7.597820367664098740e-03
2.787499999999999978e-01 7.328427862375974655e-03
2.822500000000000009e-01 6.602965295314788818e-03
2.857500000000000040e-01 5.985255353152751923e-03
2.892500000000000071e-01 5.769089329987764359e-03
2.927500000000000102e-01 5.296941846609115601e-03
2.962500000000000133e-01 4.828562960028648376e-03
2.997500000000000164e-01 4.500089678913354874e-03
3.032500000000000195e-01 4.261506255716085434e-03
3.067500000000000226e-01 3.894597757607698441e-03
3.102500000000000258e-01 3.732417477294802666e-03
3.137500000000000289e-01 3.445972921326756477e-03
3.172500000000000320e-01 3.193225478753447533e-03
3.207500000000000351e-01 3.091319231316447258e-03
3.242500000000000382e-01 2.793444087728857994e-03
3.277500000000000413e-01 2.725063590332865715e-03
3.312499999999999889e-01 2.515003783628344536e-03
3.347499999999999920e-01 2.458964008837938309e-03
3.382499999999999951e-01 2.097122604027390480e-03
3.417499999999999982e-01 2.006002003327012062e-03
3.452500000000000013e-01 1.912567298859357834e-03
3.487500000000000044e-01 1.822424703277647495e-03
3.522500000000000075e-01 1.730613992549479008e-03
3.557500000000000107e-01 1.653262297622859478e-03
3.592500000000000138e-01 1.477969577535986900e-03
3.627500000000000169e-01 1.435942482203245163e-03
3.662500000000000200e-01 1.362890936434268951e-03
3.697500000000000231e-01 1.339376321993768215e-03
3.732500000000000262e-01 1.221296493895351887e-03
3.767500000000000293e-01 1.178878825157880783e-03
3.802500000000000324e-01 1.178424106910824776e-03
3.837500000000000355e-01 1.078040688298642635e-03
3.872500000000000386e-01 9.898750577121973038e-04
3.907500000000000417e-01 8.931686752475798130e-04
3.942500000000000449e-01 9.287415305152535439e-04
3.977499999999999925e-01 8.590891957283020020e-04
4.012499999999999956e-01 7.872003479860723019e-04
4.047499999999999987e-01 8.387510315515100956e-04
4.082500000000000018e-01 7.369494414888322353e-04
4.117500000000000049e-01 6.662763189524412155e-04
4.152500000000000080e-01 6.608418188989162445e-04
4.187500000000000111e-01 6.763992132619023323e-04
4.222500000000000142e-01 6.165502709336578846e-04
4.257500000000000173e-01 5.803118692710995674e-04
4.292500000000000204e-01 5.108135519549250603e-04
4.327500000000000235e-01 4.950167494826018810e-04
4.362500000000000266e-01 5.037555238232016563e-04
4.397500000000000298e-01 4.626597801689058542e-04
4.432500000000000329e-01 4.377981240395456553e-04
4.467500000000000360e-01 4.037387261632829905e-04
4.502500000000000391e-01 4.180399992037564516e-04
4.537500000000000422e-01 4.165308200754225254e-04
4.572500000000000453e-01 3.564649668987840414e-04
4.607500000000000484e-01 3.527803928591310978e-04
4.642499999999999960e-01 3.426846524234861135e-04
4.677499999999999991e-01 3.077147121075540781e-04
4.712500000000000022e-01 3.129624528810381889e-04
4.747500000000000053e-01 2.678187447600066662e-04
4.782500000000000084e-01 2.690166584216058254e-04
4.817500000000000115e-01 2.795316977426409721e-04
4.852500000000000147e-01 2.813272876664996147e-04
4.887500000000000178e-01 2.539916022215038538e-04
4.922500000000000209e-01 2.261777844978496432e-04
4.957500000000000240e-01 2.188853686675429344e-04
4.992500000000000826e-01 2.077078097499907017e-04
5.027500000000000302e-01 1.968263095477595925e-04
5.062499999999999778e-01 1.983503898372873664e-04
5.097500000000000364e-01 2.024786372203379869e-04
5.132500000000000950e-01 2.050262846751138568e-04
5.167500000000000426e-01 1.650085614528506994e-04
5.202499999999999902e-01 1.562558609293773770e-04
5.237500000000000488e-01 1.468578266212716699e-04
5.272499999999999964e-01 1.585174031788483262e-04
5.307499999999999440e-01 1.371590624330565333e-04
5.342500000000000027e-01 1.549545559100806713e-04
5.377500000000000613e-01 1.370305253658443689e-04
5.412500000000000089e-01 1.217494573211297393e-04
5.447499999999999565e-01 1.250571222044527531e-04
5.482500000000000151e-01 1.141733810072764754e-04
5.517500000000000737e-01 1.107874704757705331e-04
5.552500000000000213e-01 9.589213004801422358e-05
5.587499999999999689e-01 1.150990356109105051e-04
5.622500000000000275e-01 9.231160947820171714e-05
5.657500000000000862e-01 8.494169014738872647e-05
5.692500000000000338e-01 8.601020090281963348e-05
5.727499999999999813e-01 8.117278775898739696e-05
5.762500000000000400e-01 8.324930240632966161e-05
5.797500000000000986e-01 8.535655069863423705e-05
5.832500000000000462e-01 6.917856808286160231e-05
5.867499999999999938e-01 8.178997086361050606e-05
5.902500000000000524e-01 6.184975791256874800e-05
5.937500000000000000e-01 8.247719961218535900e-05
5.972499999999999476e-01 6.301099347183480859e-05
6.007500000000000062e-01 5.028749728808179498e-05
6.042500000000000648e-01 6.688739085802808404e-05
6.077500000000000124e-01 6.558131281053647399e-05
6.112499999999999600e-01 5.637190770357847214e-05
6.147500000000000187e-01 4.762436219607479870e-05
6.182500000000000773e-01 5.150721699465066195e-05
6.217500000000000249e-01 4.666299355449154973e-05
6.252499999999999725e-01 4.125724444747902453e-05
6.287500000000000311e-01 4.994753544451668859e-05
6.322500000000000897e-01 4.311036900617182255e-05
6.357500000000000373e-01 4.176795118837617338e-05
6.392499999999999849e-01 5.006798164686188102e-05
6.427500000000000435e-01 3.930184902856126428e-05
6.462500000000001021e-01 3.732167169800959527e-05
6.497500000000000497e-01 4.907610491500236094e-05
6.532499999999999973e-01 4.264497329131700099e-05
6.567500000000000560e-01 4.342223110143095255e-05
6.602500000000000036e-01 3.640888826339505613e-05
6.637499999999999512e-01 4.978708238922990859e-05
6.672500000000000098e-01 3.320906762382946908e-05
6.707500000000000684e-01 5.412420796346850693e-05
6.742500000000000160e-01 3.358186222612857819e-05
6.777499999999999636e-01 2.947843495348934084e-05
6.812500000000000222e-01 2.420091914245858788e-05
6.847500000000000808e-01 2.294396108482033014e-05
6.882500000000000284e-01 3.889577419613488019e-05
6.917499999999999760e-01 4.513406747719272971e-05
6.952500000000000346e-01 2.493431020411662757e-05
6.987500000000000933e-01 4.435110895428806543e-05
7.022500000000000409e-01 3.016608206962700933e-05
7.057499999999999885e-01 2.987833613588009030e-05
7.092500000000000471e-01 2.475389737810473889e-05
7.127500000000001057e-01 4.203731077723205090e-05
7.162500000000000533e-01 4.497552436077967286e-05
7.197500000000000009e-01 2.784635034913662821e-05
7.232500000000000595e-01 2.469953324180096388e-05
7.267500000000000071e-01 4.054059536429122090e-05
7.302499999999999547e-01 2.611456147860735655e-05
7.337500000000000133e-01 2.656550714164040983e-05
7.372500000000000719e-01 4.059986531501635909e-05
7.407500000000000195e-01 1.976918974833097309e-05
7.442499999999999671e-01 2.887615301006007940e-05
7.477500000000000258e-01 2.045145265583414584e-05
7.512500000000000844e-01 3.488410220597870648e-05
7.547500000000000320e-01 1.705524118733592331e-05
7.582499999999999796e-01 2.753842272795736790e-05
7.617500000000000382e-01 1.691788202151656151e-05
7.652500000000000968e-01 1.420985790900886059e-05
7.687500000000000444e-01 1.010735741147072986e-05
7.722499999999999920e-01 2.582507295301184058e-05
7.757500000000000506e-01 6.840203695901436731e-06
7.792499999999999982e-01 2.653987394296564162e-05
7.827499999999999458e-01 2.875812970160041004e-05
7.862500000000000044e-01 2.740194577199872583e-05
7.897500000000000631e-01 2.579232386779040098e-05
7.932500000000000107e-01 1.978231193788815290e-05
7.967499999999999583e-01 1.496067761763697490e-05
8.002500000000000169e-01 2.639532431203406304e-05
8.037500000000000755e-01 2.358358142373617738e-05
8.072500000000000231e-01 1.577717375766951591e-05
8.107499999999999707e-01 1.162300941359717399e-05
8.142500000000000293e-01 2.072240931738633662e-05
8.177500000000000879e-01 1.326318761130096391e-05
8.212500000000000355e-01 1.123027141147758812e-05
8.247499999999999831e-01 2.564495298429392278e-05
8.282500000000000417e-01 1.913809137477073818e-05
8.317500000000001004e-01 1.146114391303854063e-05
8.352500000000000480e-01 2.958709774247836322e-05
8.387499999999999956e-01 1.704242822597734630e-05
8.422500000000000542e-01 7.163089776440756395e-06
8.457500000000000018e-01 2.030363066296558827e-05
8.492499999999999494e-01 6.143218797660665587e-06
8.527500000000000080e-01 6.659358859906205907e-06
8.562500000000000666e-01 2.937225508503615856e-05
8.597500000000000142e-01 2.242466143798083067e-05
8.632499999999999618e-01 9.594452421879395843e-06
8.667500000000000204e-01 4.485749377636238933e-05
8.702500000000000790e-01 6.311090601229807362e-06
8.737500000000000266e-01 6.631986252614296973e-06
8.772499999999999742e-01 1.240761139342794195e-05
8.807500000000000329e-01 9.901666635414585471e-05
8.842500000000000915e-01 1.430487191100837663e-05
8.877500000000000391e-01 9.539375241729430854e-06
8.912499999999999867e-01 1.590166539244819432e-05
8.947500000000000453e-01 1.431315104127861559e-05
8.982500000000001039e-01 9.738709195517003536e-06
9.017500000000000515e-01 6.372052212100243196e-06
9.052499999999999991e-01 1.874263034551404417e-05
9.087500000000000577e-01 2.660729842318687588e-05
9.122500000000000053e-01 8.053360033954959363e-06
9.157499999999999529e-01 2.478142596373800188e-05
9.192500000000000115e-01 1.624967262614518404e-05
9.227500000000000702e-01 1.361160684609785676e-05
9.262500000000000178e-01 7.108867066563107073e-06
9.297499999999999654e-01 5.449841410154476762e-06
9.332500000000000240e-01 1.362209968647221103e-05
9.367500000000000826e-01 2.919298094639088959e-05
9.402500000000000302e-01 2.113083155563799664e-06
9.437499999999999778e-01 1.078319473890587687e-05
9.472500000000000364e-01 8.330825039593037218e-06
9.507500000000000950e-01 8.888178854249417782e-06
9.542500000000000426e-01 5.300136308505898342e-06
9.577499999999999902e-01 1.833124042605049908e-05
9.612500000000000488e-01 4.963367609889246523e-05
9.647500000000001075e-01 8.033090125536546111e-06
9.682500000000000551e-01 8.948362847149837762e-06
9.717500000000000027e-01 1.638089997868519276e-05
9.752500000000000613e-01 1.269483254873193800e-05
9.787500000000000089e-01 1.682363108557183295e-05
9.822499999999999565e-01 2.170874722651205957e-06
9.857500000000000151e-01 1.491400234954198822e-05
9.892500000000000737e-01 1.815142604755237699e-05
9.927500000000000213e-01 6.548017154273111373e-06
9.962499999999999689e-01 7.367296802840428427e-06
9.997500000000000275e-01 1.598943299541133456e-06
1.003249999999999975e+00 5.079698439658386633e-06
1.006750000000000034e+00 9.257638157578185201e-05
1.010250000000000092e+00 1.109003642341122031e-05
1.013749999999999929e+00 2.900743311329279095e-05
1.017250000000000210e+00 4.343138698459370062e-06
1.020750000000000046e+00 1.650729063840117306e-05
1.024249999999999883e+00 1.628523932595271617e-05
1.027750000000000163e+00 4.845195689995307475e-06
1.031250000000000000e+00 3.354599812155356631e-06
1.034750000000000059e+00 3.208822090527974069e-05
1.038250000000000117e+00 6.377391855494352058e-06
1.041749999999999954e+00 5.397316272137686610e-06
1.045250000000000012e+00 8.745231752982363105e-06
1.048750000000000071e+00 3.110221223323605955e-05
1.052249999999999908e+00 3.061144070670707151e-06
1.055750000000000188e+00 8.451523171970620751e-05
1.059250000000000025e+00 1.536871423013508320e-05
1.062749999999999861e+00 8.259320566139649600e-06
1.066250000000000142e+00 4.059556886204518378e-06
1.069749999999999979e+00 8.898644409782718867e-06
1.073250000000000037e+00 1.362680086458567530e-05
1.076750000000000096e+00 2.250196121167391539e-05
1.080249999999999932e+00 4.416461251821601763e-06
1.083750000000000213e+00 3.697274451042176224e-07
1.087250000000000050e+00 9.901718840410467237e-06
1.090749999999999886e+00 8.016484571271575987e-06
1.094250000000000167e+00 1.037239826473523863e-06
1.097750000000000004e+00 2.875135032809339464e-05
1.101250000000000062e+00 6.990489509917097166e-06
1.104750000000000121e+00 1.603210876055527478e-06
1.108249999999999957e+00 8.356731086678337306e-06
1.111750000000000016e+00 7.292404006875585765e-06
1.115250000000000075e+00 2.120219278367585503e-06
1.118749999999999911e+00 2.151484068235731684e-06
1.122250000000000192e+00 7.830140020814724267e-06
1.125750000000000028e+00 1.527833887848828454e-06
1.129249999999999865e+00 1.427098595740972087e-05
1.132750000000000146e+00 3.983917849836871028e-06
1.136249999999999982e+00 1.505260388512397185e-05
1.139750000000000041e+00 3.966943040722981095e-06
1.143250000000000099e+00 8.942513886722736061e-06
1.146749999999999936e+00 3.797339377342723310e-05
1.150250000000000217e+00 8.903782145353034139e-06
1.153750000000000053e+00 6.960387509025167674e-06
1.157249999999999890e+00 3.363419409652124159e-06
1.160750000000000171e+00 8.849789878695446532e-07
1.164250000000000007e+00 1.033848529914394021e-04
1.167749999999999844e+00 4.650330083677545190e-06
1.171250000000000124e+00 7.811354407749604434e-06
1.174749999999999961e+00 1.981299874387332238e-06
1.178250000000000020e+00 6.100385689933318645e-06
1.181750000000000078e+00 1.832825364544987679e-05
1.185249999999999915e+00 5.680387403117492795e-06
1.188750000000000195e+00 7.932240805530454963e-06
1.192250000000000032e+00 1.596689912730653305e-06
1.195749999999999869e+00 7.152745092753320932e-05
1.199250000000000149e+00 6.858836422907188535e-05
1.202749999999999986e+00 7.327430466830264777e-06
1.206250000000000044e+00 3.092894530709600076e-06
1.209750000000000103e+00 3.349491635162848979e-07
1.213249999999999940e+00 8.034352845243120100e-07
1.216750000000000220e+00 1.101740690501173958e-05
1.220250000000000057e+00 1.099316705222008750e-06
1.223749999999999893e+00 3.607021426432766020e-06
1.227250000000000174e+00 2.494105729056173004e-06
1.230750000000000011e+00 2.009945092140696943e-06
1.234249999999999847e+00 9.597213193046627566e-07
1.237750000000000128e+00 1.112752627818736073e-07
1.241249999999999964e+00 2.143421852451865561e-06
1.244750000000000023e+00 1.587036081218684558e-06
1.248250000000000082e+00 5.131284979142947122e-06
1.251749999999999918e+00 4.373725914774695411e-07
1.255250000000000199e+00 9.679798722572741099e-07
1.258750000000000036e+00 1.977897409233264625e-05
1.262249999999999872e+00 1.185861947305966169e-05
1.265750000000000153e+00 1.138613060902571306e-05
1.269249999999999989e+00 7.595817237415758427e-07
1.272750000000000048e+00 9.081204552785493433e-06
1.276250000000000107e+00 4.892109700449509546e-06
1.279749999999999943e+00 3.193268867107690312e-06
1.283250000000000224e+00 1.928573510667774826e-06
1.286750000000000060e+00 1.045650496962480247e-04
1.290249999999999897e+00 2.991633891724632122e-06
1.293750000000000178e+00 6.860166195110650733e-06
1.297250000000000014e+00 6.266364493967557792e-07
1.300749999999999851e+00 1.157969109044643119e-06
1.304250000000000131e+00 2.648930376381031238e-06
1.307749999999999968e+00 1.757616416853124974e-07
1.311250000000000027e+00 1.320255364589684177e-06
1.314750000000000085e+00 2.937492536148056388e-05
1.318249999999999922e+00 9.752622645464725792e-06
1.321750000000000203e+00 1.962288661161437631e-05
1.325250000000000039e+00 1.367442791888606735e-06
1.328749999999999876e+00 1.641109406591567677e-06
1.332250000000000156e+00 1.700812936178408563e-05
1.335749999999999993e+00 2.121952456946019083e-05
1.339250000000000052e+00 2.508401394152315333e-06
1.342750000000000110e+00 8.202354138120426796e-07
1.346249999999999947e+00 4.942391456097539049e-07
1.349750000000000227e+00 2.147983877875958569e-06
1.353250000000000064e+00 7.955481123644858599e-05
1.356749999999999901e+00 2.504395979485707358e-07
1.360250000000000181e+00 3.245412017349735834e-06
1.363750000000000018e+00 2.524291630834341049e-06
1.367249999999999854e+00 1.577502757754700724e-06
1.370750000000000135e+00 1.352435901935677975e-05
1.374249999999999972e+00 1.898346681628027000e-06
1.377750000000000030e+00 1.631108716537710279e-06
1.381250000000000089e+00 1.852328523455071263e-06
1.384749999999999925e+00 2.176289399358211085e-06
1.388250000000000206e+00 1.726849291117105167e-06
1.391750000000000043e+00 1.490740146437019575e-06
1.395249999999999879e+00 5.693215143764973618e-07
1.398750000000000160e+00 1.867592004600737710e-06
1.402249999999999996e+00 1.280693777516717091e-05
1.405750000000000055e+00 7.448242286045569927e-06
1.409250000000000114e+00 3.536799567882553674e-06
1.412749999999999950e+00 4.644783473395364126e-07
1.416250000000000231e+00 1.197234541905345395e-05
1.419750000000000068e+00 1.011515996651723981e-05
1.423249999999999904e+00 3.853829184663482010e-06
1.426750000000000185e+00 2.035234138020314276e-05
1.430250000000000021e+00 2.325938339708955027e-06
1.433749999999999858e+00 1.957565984866960207e-07
1.437250000000000139e+00 1.715256075840443373e-05
1.440749999999999975e+00 1.283243705074710306e-06
1.444250000000000034e+00 2.020355623244540766e-06
1.447750000000000092e+00 7.121080852812156081e-05
1.451249999999999929e+00 1.009305719890107866e-06
1.454750000000000210e+00 6.460233521465852391e-07
1.458250000000000046e+00 3.431792720220983028e-06
1.461749999999999883e+00 3.269393801019759849e-06
1.465250000000000163e+00 4.300203363527543843e-05
1.468750000000000000e+00 3.906222190153130214e-08
1.472250000000000059e+00 4.120582616451429203e-06
1.475750000000000117e+00 8.331610956702206749e-07
1.479249999999999954e+00 2.224058334832079709e-06
1.482750000000000012e+00 2.595424803075729869e-06
1.486250000000000071e+00 5.708174626306572463e-07
1.489749999999999908e+00 4.339633221661642892e-07
1.493250000000000188e+00 4.722955679881124524e-07
1.496750000000000025e+00 3.226836270187050104e-06
1.500250000000000083e+00 1.642741040086548310e-06
1.503750000000000142e+00 3.291469283794867806e-06
1.507249999999999979e+00 0.000000000000000000e+00
1.510750000000000037e+00 0.000000000000000000e+00
1.514250000000000096e+00 1.673277552072249819e-06
1.517749999999999932e+00 1.743517827890173066e-06
1.521249999999999991e+00 1.944879613802186213e-06
1.524750000000000050e+00 1.511634673079242930e-05
1.528250000000000108e+00 9.073198270925786346e-06
1.531750000000000167e+00 9.436704431209363975e-07
1.535250000000000004e+00 0.000000000000000000e+00
1.538750000000000062e+00 2.199338086938951164e-05
1.542250000000000121e+00 1.840975642153352965e-06
1.545749999999999957e+00 2.904179609686252661e-06
1.549250000000000016e+00 0.000000000000000000e+00
1.552750000000000075e+00 0.000000000000000000e+00
1.556249999999999911e+00 3.990259301644982770e-06
1.559749999999999970e+00 1.030353018904861528e-06
1.563250000000000028e+00 1.929228119479375891e-06
1.566750000000000087e+00 1.031528995554253925e-06
1.570250000000000146e+00 2.225073149020317942e-05
1.573749999999999982e+00 3.909831775672500953e-06
1.577250000000000041e+00 4.087802608410129324e-06
1.580750000000000099e+00 3.081021714024245739e-05
1.584249999999999936e+00 2.182548087148461491e-06
1.587749999999999995e+00 4.913223392577492632e-07
1.591250000000000053e+00 2.266688170493580401e-06
1.594750000000000112e+00 1.171062081084528472e-06
1.598250000000000171e+00 1.725626862025819719e-05
1.601750000000000007e+00 6.686099368380382657e-05
1.605250000000000066e+00 2.314724588359240443e-05
1.608750000000000124e+00 3.607095777624635957e-06
1.612249999999999961e+00 1.261342504221829586e-06
1.615750000000000020e+00 1.194234641843650024e-06
1.619250000000000078e+00 3.767339364912913879e-07
1.622749999999999915e+00 0.000000000000000000e+00
1.626249999999999973e+00 3.203145752195268869e-06
1.629750000000000032e+00 1.329150791207212023e-06
1.633250000000000091e+00 2.470417712174821645e-06
1.636750000000000149e+00 1.440558753529330716e-05
1.640249999999999986e+00 0.000000000000000000e+00
1.643750000000000044e+00 2.511450929887359962e-06
1.647250000000000103e+00 1.084055156752583571e-06
1.650749999999999940e+00 1.982619505724869668e-05
1.654249999999999998e+00 1.909090860863216221e-05
1.657750000000000057e+00 1.744568976391747128e-06
1.661250000000000115e+00 3.946241577068576589e-06
1.664750000000000174e+00 1.495786091254558414e-05
1.668250000000000011e+00 1.458761175854306202e-06
1.671750000000000069e+00 5.998762844683369622e-06
1.675250000000000128e+00 2.365243290114449337e-06
1.678749999999999964e+00 1.398511699335358571e-06
1.682250000000000023e+00 0.000000000000000000e+00
1.685750000000000082e+00 1.422465629730140790e-06
1.689249999999999918e+00 7.255525997607037425e-05
1.692749999999999977e+00 2.917853862527408637e-06
1.696250000000000036e+00 6.323911657091230154e-05
1.699750000000000094e+00 9.617423302188399248e-07
1.703250000000000153e+00 1.442654593120096251e-06
1.706749999999999989e+00 1.684474455032614060e-06
1.710250000000000048e+00 0.000000000000000000e+00
1.713750000000000107e+00 6.082991149014560506e-06
1.717249999999999943e+00 1.690824092293041758e-06
1.720750000000000002e+00 0.000000000000000000e+00
1.724250000000000060e+00 1.682902393440599553e-06
1.727750000000000119e+00 0.000000000000000000e+00
1.731250000000000178e+00 0.000000000000000000e+00
1.734750000000000014e+00 3.571021579773514532e-06
1.738250000000000073e+00 5.190184992898139171e-07
1.741750000000000131e+00 0.000000000000000000e+00
1.745249999999999968e+00 1.650641479500336573e-06
1.748750000000000027e+00 1.867046921688597649e-05
1.752250000000000085e+00 1.815750692912843078e-06
1.755749999999999922e+00 2.147745726688299328e-05
1.759249999999999980e+00 2.913162097684107721e-05
1.762750000000000039e+00 2.938168108812533319e-05
1.766250000000000098e+00 1.746954922055010684e-06
1.769750000000000156e+00 3.606067366490606219e-06
1.773249999999999993e+00 1.969918230315670371e-06
1.776750000000000052e+00 0.000000000000000000e+00
1.780250000000000110e+00 3.526874706949456595e-06
1.783749999999999947e+00 1.065104015651741065e-06
1.787250000000000005e+00 5.363407126424135640e-06
1.790750000000000064e+00 0.000000000000000000e+00
1.794250000000000123e+00 0.000000000000000000e+00
1.797750000000000181e+00 6.101086910348385572e-06
1.801250000000000018e+00 0.000000000000000000e+00
1.804750000000000076e+00 8.309131771966349334e-06
1.808250000000000135e+00 4.765575738474581158e-07
1.811749999999999972e+00 1.298732240684330463e-05
1.815250000000000030e+00 1.590274951013270766e-05
1.818750000000000089e+00 4.156536761001916602e-06
1.822249999999999925e+00 2.293488250870723277e-06
1.825749999999999984e+00 2.172679614886874333e-06
1.829250000000000043e+00 0.000000000000000000e+00
1.832750000000000101e+00 4.764275217894464731e-06
1.836250000000000160e+00 0.000000000000000000e+00
1.839749999999999996e+00 7.864578947192057967e-06
1.843250000000000055e+00 4.370393980934750289e-06
1.846750000000000114e+00 2.331019459234084934e-06
1.850249999999999950e+00 1.751451122800062876e-06
1.853750000000000009e+00 0.000000000000000000e+00
1.857250000000000068e+00 2.479134991517639719e-06
1.860750000000000126e+00 0.000000000000000000e+00
1.864250000000000185e+00 0.000000000000000000e+00
1.867750000000000021e+00 2.349192754991236143e-06
1.871250000000000080e+00 1.137605181611434091e-06
1.874750000000000139e+00 7.742352863715495914e-06
1.878249999999999975e+00 4.385397005535196513e-06
1.881750000000000034e+00 1.810883418329467531e-06
1.885250000000000092e+00 2.215091626567300409e-06
1.888749999999999929e+00 0.000000000000000000e+00
1.892249999999999988e+00 2.677753400348592550e-06
1.895750000000000046e+00 2.695687498999177478e-06
1.899250000000000105e+00 3.200275386916473508e-05
1.902750000000000163e+00 0.000000000000000000e+00
1.906250000000000000e+00 3.630937726484262384e-06
1.909750000000000059e+00 2.813760374920093454e-06
1.913250000000000117e+00 2.779329861368751153e-06
1.916749999999999954e+00 0.000000000000000000e+00
1.920250000000000012e+00 0.000000000000000000e+00
1.923750000000000071e+00 0.000000000000000000e+00
1.927250000000000130e+00 2.726906586758559570e-06
1.930750000000000188e+00 2.613308652144041844e-06
1.934250000000000025e+00 0.000000000000000000e+00
1.937750000000000083e+00 0.000000000000000000e+00
1.941250000000000142e+00 0.000000000000000000e+00
1.944749999999999979e+00 0.000000000000000000e+00
1.948250000000000037e+00 3.040529009012971073e-06
1.951750000000000096e+00 1.079706544260261580e-05
1.955249999999999932e+00 9.978255548048764467e-06
1.958749999999999991e+00 2.156421760446392000e-05
1.962250000000000050e+00 2.814472054524230771e-06
1.965750000000000108e+00 1.194953165395418182e-05
1.969250000000000167e+00 0.000000000000000000e+00
1.972750000000000004e+00 3.095279453191324137e-06
1.976250000000000062e+00 0.000000000000000000e+00
1.979750000000000121e+00 0.000000000000000000e+00
1.983249999999999957e+00 0.000000000000000000e+00
1.986750000000000016e+00 0.000000000000000000e+00
1.990250000000000075e+00 0.000000000000000000e+00
1.993750000000000133e+00 6.366029481341684004e-08
1.997250000000000192e+00 0.000000000000000000e+00
2.000750000000000028e+00 6.715034942317288369e-06
2.004249999999999865e+00 0.000000000000000000e+00
2.007750000000000146e+00 6.471159849752439186e-06
2.011249999999999982e+00 0.000000000000000000e+00
2.014750000000000263e+00 0.000000000000000000e+00
2.018250000000000099e+00 3.085611388087272644e-05
2.021749999999999936e+00 3.489428081593359821e-06
2.025249999999999773e+00 0.000000000000000000e+00
2.028750000000000053e+00 3.335539076942950487e-05
2.032250000000000334e+00 3.633299456851091236e-06
2.035750000000000171e+00 3.489720938887330703e-06
2.039250000000000007e+00 3.491653387754922733e-06
2.042749999999999844e+00 0.000000000000000000e+00
2.046250000000000124e+00 0.000000000000000000e+00
2.049749999999999961e+00 0.000000000000000000e+00
2.053250000000000242e+00 0.000000000000000000e+00
2.056750000000000078e+00 7.302046924451133236e-06
2.060249999999999915e+00 0.000000000000000000e+00
2.063749999999999751e+00 5.179817890166305006e-05
2.067250000000000032e+00 0.000000000000000000e+00
2.070750000000000313e+00 0.000000000000000000e+00
2.074250000000000149e+00 4.971444013790460303e-06
2.077749999999999986e+00 7.640149306098464876e-06
2.081249999999999822e+00 5.501125633600167930e-05
2.084750000000000103e+00 3.927669240511022508e-06
2.088249999999999940e+00 0.000000000000000000e+00
2.091750000000000220e+00 0.000000000000000000e+00
2.095250000000000057e+00 0.000000000000000000e+00
2.098749999999999893e+00 0.000000000000000000e+00
2.102250000000000174e+00 0.000000000000000000e+00
2.105750000000000011e+00 0.000000000000000000e+00
2.109250000000000291e+00 0.000000000000000000e+00
2.112750000000000128e+00 0.000000000000000000e+00
2.116249999999999964e+00 0.000000000000000000e+00
2.119749999999999801e+00 0.000000000000000000e+00
2.123250000000000082e+00 0.000000000000000000e+00
2.126749999999999918e+00 3.352809471834916621e-06
2.130250000000000199e+00 4.338503458711784333e-06
2.133750000000000036e+00 0.000000000000000000e+00
2.137249999999999872e+00 0.000000000000000000e+00
2.140750000000000153e+00 0.000000000000000000e+00
2.144249999999999989e+00 0.000000000000000000e+00
2.147750000000000270e+00 4.218190952087752521e-06
2.151250000000000107e+00 0.000000000000000000e+00
2.154749999999999943e+00 2.332333133381325752e-05
2.158249999999999780e+00 0.000000000000000000e+00
2.161750000000000060e+00 0.000000000000000000e+00
2.165250000000000341e+00 0.000000000000000000e+00
2.168750000000000178e+00 0.000000000000000000e+00
2.172250000000000014e+00 0.000000000000000000e+00
2.175749999999999851e+00 0.000000000000000000e+00
2.179250000000000131e+00 0.000000000000000000e+00
2.182749999999999968e+00 0.000000000000000000e+00
2.186250000000000249e+00 0.000000000000000000e+00
2.189750000000000085e+00 0.000000000000000000e+00
2.193249999999999922e+00 4.179531970294192433e-06
2.196749999999999758e+00 4.840621386392740533e-06
2.200250000000000039e+00 0.000000000000000000e+00
2.203750000000000320e+00 0.000000000000000000e+00
2.207250000000000156e+00 0.000000000000000000e+00
2.210749999999999993e+00 4.950143193127587438e-06
2.214249999999999829e+00 0.000000000000000000e+00
2.217750000000000110e+00 0.000000000000000000e+00
2.221249999999999947e+00 0.000000000000000000e+00
2.224750000000000227e+00 0.000000000000000000e+00
2.228250000000000064e+00 0.000000000000000000e+00
2.231749999999999901e+00 0.000000000000000000e+00
2.235250000000000181e+00 0.000000000000000000e+00
2.238750000000000018e+00 1.939679896167945117e-05
2.242250000000000298e+00 0.000000000000000000e+00
2.245750000000000135e+00 5.235637217992916703e-06
2.249249999999999972e+00 5.985850748402299359e-06
2.252749999999999808e+00 0.000000000000000000e+00
2.256250000000000089e+00 0.000000000000000000e+00
2.259749999999999925e+00 5.045956640969961882e-06
2.263250000000000206e+00 2.383497667324263602e-05
2.266750000000000043e+00 0.000000000000000000e+00
2.270249999999999879e+00 0.000000000000000000e+00
2.273750000000000160e+00 5.310497272148495540e-06
2.277249999999999996e+00 0.000000000000000000e+00
2.280750000000000277e+00 2.511212915123905987e-05
2.284250000000000114e+00 2.234366002085153013e-05
2.287749999999999950e+00 5.482458163896808401e-06
2.291249999999999787e+00 4.526622433331795037e-06
2.294750000000000068e+00 0.000000000000000000e+00
2.298250000000000348e+00 0.000000000000000000e+00
2.301750000000000185e+00 9.028090971696656197e-06
2.305250000000000021e+00 0.000000000000000000e+00
2.308749999999999858e+00 1.054668609867803752e-05
2.312250000000000139e+00 0.000000000000000000e+00
2.315749999999999975e+00 5.836210220877546817e-06
2.319250000000000256e+00 5.887767656531650573e-06
2.322750000000000092e+00 0.000000000000000000e+00
2.326249999999999929e+00 5.825062089570565149e-06
2.329749999999999766e+00 0.000000000000000000e+00
2.333250000000000046e+00 0.000000000000000000e+00
2.336750000000000327e+00 0.000000000000000000e+00
2.340250000000000163e+00 5.754174253524979576e-06
2.343750000000000000e+00 5.725592473027063534e-06
2.347249999999999837e+00 0.000000000000000000e+00
2.350750000000000117e+00 4.138025360589381307e-06
2.354249999999999954e+00 6.059462521079694852e-06
2.357750000000000234e+00 0.000000000000000000e+00
2.361250000000000071e+00 6.288272288657026365e-06
2.364749999999999908e+00 0.000000000000000000e+00
2.368250000000000188e+00 0.000000000000000000e+00
2.371750000000000025e+00 0.000000000000000000e+00
2.375250000000000306e+00 6.207075784914195538e-06
2.378750000000000142e+00 0.000000000000000000e+00
2.382249999999999979e+00 0.000000000000000000e+00
2.385749999999999815e+00 0.000000000000000000e+00
2.389250000000000096e+00 0.000000000000000000e+00
2.392749999999999932e+00 0.000000000000000000e+00
2.396250000000000213e+00 0.000000000000000000e+00
2.399750000000000050e+00 0.000000000000000000e+00
2.403249999999999886e+00 0.000000000000000000e+00
2.406750000000000167e+00 6.437605861719930544e-06
2.410250000000000004e+00 0.000000000000000000e+00
2.413750000000000284e+00 0.000000000000000000e+00
2.417250000000000121e+00 0.000000000000000000e+00
2.420749999999999957e+00 0.000000000000000000e+00
2.424249999999999794e+00 0.000000000000000000e+00
2.427750000000000075e+00 0.000000000000000000e+00
2.431250000000000355e+00 0.000000000000000000e+00
2.434750000000000192e+00 0.000000000000000000e+00
2.438250000000000028e+00 0.000000000000000000e+00
2.441749999999999865e+00 0.000000000000000000e+00
2.445250000000000146e+00 0.000000000000000000e+00
2.448749999999999982e+00 0.000000000000000000e+00
2.452250000000000263e+00 0.000000000000000000e+00
2.455750000000000099e+00 0.000000000000000000e+00
2.459249999999999936e+00 7.215227014967240393e-06
2.462749999999999773e+00 0.000000000000000000e+00
2.466250000000000053e+00 6.717360520269721746e-06
2.469750000000000334e+00 0.000000000000000000e+00
2.473250000000000171e+00 7.369637842202791944e-06
2.476750000000000007e+00 0.000000000000000000e+00
2.480249999999999844e+00 0.000000000000000000e+00
2.483750000000000124e+00 6.394763204298214987e-06
2.487249999999999961e+00 2.157361632271204144e-05
2.490750000000000242e+00 0.000000000000000000e+00
2.494250000000000078e+00 8.742414138396270573e-06
2.497749999999999915e+00 0.000000000000000000e+00
2.501250000000000195e+00 2.917314986916608177e-06
2.504750000000000032e+00 0.000000000000000000e+00
2.508250000000000313e+00 7.492957138310885057e-06
2.511750000000000149e+00 0.000000000000000000e+00
2.515249999999999986e+00 0.000000000000000000e+00
2.518749999999999822e+00 0.000000000000000000e+00
2.522250000000000103e+00 0.000000000000000000e+00
2.525749999999999940e+00 5.176316699362359941e-05
2.529250000000000220e+00 0.000000000000000000e+00
2.532750000000000057e+00 6.954097898415056989e-06
2.536249999999999893e+00 0.000000000000000000e+00
2.539750000000000174e+00 0.000000000000000000e+00
2.543250000000000011e+00 0.000000000000000000e+00
2.546750000000000291e+00 1.501944279880262911e-05
2.550250000000000128e+00 0.000000000000000000e+00
2.553749999999999964e+00 6.809550541220232844e-06
2.557249999999999801e+00 0.000000000000000000e+00
2.560750000000000082e+00 1.792819944057555404e-06
2.564250000000000362e+00 0.000000000000000000e+00
2.567750000000000199e+00 0.000000000000000000e+00
2.571250000000000036e+00 8.422570317634381354e-06
2.574749999999999872e+00 0.000000000000000000e+00
2.578250000000000153e+00 0.000000000000000000e+00
2.581749999999999989e+00 8.408551366301253438e-06
2.585250000000000270e+00 0.000000000000000000e+00
2.588750000000000107e+00 8.227670150517951697e-06
2.592249999999999943e+00 0.000000000000000000e+00
2.595749999999999780e+00 0.000000000000000000e+00
2.599250000000000060e+00 0.000000000000000000e+00
2.602750000000000341e+00 0.000000000000000000e+00
2.606250000000000178e+00 0.000000000000000000e+00
2.609750000000000014e+00 0.000000000000000000e+00
2.613249999999999851e+00 8.627916940895374864e-06
2.616750000000000131e+00 8.798898306849878281e-06
2.620249999999999968e+00 1.222771334141725674e-05
2.623750000000000249e+00 0.000000000000000000e+00
2.627250000000000085e+00 0.000000000000000000e+00
2.630749999999999922e+00 0.000000000000000000e+00
2.634250000000000203e+00 0.000000000000000000e+00
2.637750000000000039e+00 9.010052963276393712e-06
2.641250000000000320e+00 0.000000000000000000e+00
2.644750000000000156e+00 0.000000000000000000e+00
2.648249999999999993e+00 0.000000000000000000e+00
2.651749999999999829e+00 1.088875796995125711e-05
2.655250000000000110e+00 0.000000000000000000e+00
2.658749999999999947e+00 6.084819688112474978e-06
2.662250000000000227e+00 0.000000000000000000e+00
2.665750000000000064e+00 0.000000000000000000e+00
2.669249999999999901e+00 0.000000000000000000e+00
2.672750000000000181e+00 8.393997632083483040e-06
2.676250000000000018e+00 0.000000000000000000e+00
2.679750000000000298e+00 0.000000000000000000e+00
2.683250000000000135e+00 9.546003639115951955e-06
2.686749999999999972e+00 0.000000000000000000e+00
2.690249999999999808e+00 0.000000000000000000e+00
2.693750000000000089e+00 0.000000000000000000e+00
2.697250000000000369e+00 0.000000000000000000e+00
2.700750000000000206e+00 9.770279575604945421e-06
2.704250000000000043e+00 0.000000000000000000e+00
2.707749999999999879e+00 0.000000000000000000e+00
2.711250000000000160e+00 0.000000000000000000e+00
2.714749999999999996e+00 0.000000000000000000e+00
2.718250000000000277e+00 0.000000000000000000e+00
2.721750000000000114e+00 0.000000000000000000e+00
2.725249999999999950e+00 0.000000000000000000e+00
2.728749999999999787e+00 0.000000000000000000e+00
2.732250000000000068e+00 0.000000000000000000e+00
2.735750000000000348e+00 0.000000000000000000e+00
2.739250000000000185e+00 0.000000000000000000e+00
2.742750000000000021e+00 0.000000000000000000e+00
2.746249999999999858e+00 0.000000000000000000e+00
2.749750000000000139e+00 0.000000000000000000e+00
2.753249999999999975e+00 9.956262147170491517e-06
2.756750000000000256e+00 0.000000000000000000e+00
2.760250000000000092e+00 0.000000000000000000e+00
2.763749999999999929e+00 0.000000000000000000e+00
2.767249999999999766e+00 0.000000000000000000e+00
2.770750000000000046e+00 0.000000000000000000e+00
2.774250000000000327e+00 0.000000000000000000e+00
2.777750000000000163e+00 5.111188784212572500e-06
2.781250000000000000e+00 0.000000000000000000e+00
2.784749999999999837e+00 0.000000000000000000e+00
2.788250000000000117e+00 0.000000000000000000e+00
2.791749999999999954e+00 0.000000000000000000e+00
2.795250000000000234e+00 0.000000000000000000e+00
2.798750000000000071e+00 0.000000000000000000e+00
2.802249999999999908e+00 0.000000000000000000e+00
2.805750000000000188e+00 0.000000000000000000e+00
2.809250000000000025e+00 0.000000000000000000e+00
2.812750000000000306e+00 0.000000000000000000e+00
2.816250000000000142e+00 5.090113518235739321e-06
2.819749999999999979e+00 0.000000000000000000e+00
2.823249999999999815e+00 0.000000000000000000e+00
2.826750000000000096e+00 0.000000000000000000e+00
2.830249999999999932e+00 0.000000000000000000e+00
2.833750000000000213e+00 0.000000000000000000e+00
2.837250000000000050e+00 0.000000000000000000e+00
2.840749999999999886e+00 1.127560972236096859e-05
2.844250000000000167e+00 0.000000000000000000e+00
2.847750000000000004e+00 0.000000000000000000e+00
2.851250000000000284e+00 0.000000000000000000e+00
2.854750000000000121e+00 0.000000000000000000e+00
2.858249999999999957e+00 0.000000000000000000e+00
2.861749999999999794e+00 0.000000000000000000e+00
2.865250000000000075e+00 0.000000000000000000e+00
2.868750000000000355e+00 0.000000000000000000e+00
2.872250000000000192e+00 0.000000000000000000e+00
2.875750000000000028e+00 0.000000000000000000e+00
2.879249999999999865e+00 0.000000000000000000e+00
2.882750000000000146e+00 0.000000000000000000e+00
2.886249999999999982e+00 0.000000000000000000e+00
2.889750000000000263e+00 0.000000000000000000e+00
2.893250000000000099e+00 0.000000000000000000e+00
2.896749999999999936e+00 0.000000000000000000e+00
2.900249999999999773e+00 0.000000000000000000e+00
2.903750000000000053e+00 0.000000000000000000e+00
2.907250000000000334e+00 1.235795298271114007e-05
2.910750000000000171e+00 0.000000000000000000e+00
2.914250000000000007e+00 0.000000000000000000e+00
2.917749999999999844e+00 0.000000000000000000e+00
2.921250000000000124e+00 0.000000000000000000e+00
2.924749999999999961e+00 1.214416079164948314e-05
2.928250000000000242e+00 8.812568012217525393e-06
2.931750000000000078e+00 0.000000000000000000e+00
2.935249999999999915e+00 0.000000000000000000e+00
2.938750000000000195e+00 0.000000000000000000e+00
2.942250000000000032e+00 0.000000000000000000e+00
2.945750000000000313e+00 0.000000000000000000e+00
2.949250000000000149e+00 0.000000000000000000e+00
2.952749999999999986e+00 1.211805829370860010e-05
2.956249999999999822e+00 0.000000000000000000e+00
2.959750000000000103e+00 0.000000000000000000e+00
2.963249999999999940e+00 0.000000000000000000e+00
2.966750000000000220e+00 0.000000000000000000e+00
2.970250000000000057e+00 0.000000000000000000e+00
2.973749999999999893e+00 0.000000000000000000e+00
2.977250000000000174e+00 0.000000000000000000e+00
2.980750000000000011e+00 0.000000000000000000e+00
2.984250000000000291e+00 0.000000000000000000e+00
2.987750000000000128e+00 0.000000000000000000e+00
2.991249999999999964e+00 0.000000000000000000e+00
2.994749999999999801e+00 0.000000000000000000e+00
2.998250000000000082e+00 0.000000000000000000e+00
