1.003818764619345688e-01 0.000000000000000000e+00
1.011485459784472879e-01 0.000000000000000000e+00
1.019210709558087680e-01 0.000000000000000000e+00
1.026994961152724595e-01 0.000000000000000000e+00
1.034838665196517182e-01 0.000000000000000000e+00
1.042742275759283854e-01 0.000000000000000000e+00
1.050706250378814766e-01 0.000000000000000000e+00
1.058731050087358544e-01 0.000000000000000000e+00
1.066817139438310941e-01 0.000000000000000000e+00
1.074964986533107902e-01 0.000000000000000000e+00
1.083175063048323894e-01 0.000000000000000000e+00
1.091447844262976724e-01 0.000000000000000000e+00
1.099783809086041647e-01 0.000000000000000000e+00
1.108183440084175297e-01 0.000000000000000000e+00
1.116647223509651676e-01 0.000000000000000000e+00
1.125175649328510052e-01 0.000000000000000000e+00
1.133769211248920050e-01 0.000000000000000000e+00
1.142428406749761566e-01 0.000000000000000000e+00
1.151153737109424230e-01 0.000000000000000000e+00
1.159945707434826001e-01 0.000000000000000000e+00
1.168804826690653942e-01 0.000000000000000000e+00
1.177731607728827179e-01 0.000000000000000000e+00
1.186726567318187042e-01 0.000000000000000000e+00
1.195790226174411192e-01 0.000000000000000000e+00
1.204923108990159364e-01 0.000000000000000000e+00
1.214125744465446438e-01 0.000000000000000000e+00
1.223398665338249064e-01 0.000000000000000000e+00
1.232742408415345714e-01 0.000000000000000000e+00
1.242157514603392660e-01 0.000000000000000000e+00
1.251644528940235868e-01 0.000000000000000000e+00
1.261204000626464650e-01 0.000000000000000000e+00
1.270836483057203870e-01 0.000000000000000000e+00
1.280542533854148735e-01 0.000000000000000000e+00
1.290322714897847722e-01 0.000000000000000000e+00
1.300177592360227119e-01 0.000000000000000000e+00
1.310107736737369521e-01 0.000000000000000000e+00
1.320113722882536866e-01 0.000000000000000000e+00
1.330196130039449920e-01 0.000000000000000000e+00
1.340355541875820067e-01 0.000000000000000000e+00
1.350592546517138115e-01 0.000000000000000000e+00
1.360907736580721228e-01 0.000000000000000000e+00
1.371301709210017705e-01 0.000000000000000000e+00
1.381775066109176553e-01 0.000000000000000000e+00
1.392328413577879620e-01 0.000000000000000000e+00
1.402962362546441299e-01 0.000000000000000000e+00
1.413677528611173018e-01 0.000000000000000000e+00
1.424474532070021393e-01 0.000000000000000000e+00
1.435353997958477290e-01 0.000000000000000000e+00
1.446316556085757710e-01 0.000000000000000000e+00
1.457362841071265513e-01 0.000000000000000000e+00
1.468493492381329202e-01 0.000000000000000000e+00
1.479709154366219692e-01 0.000000000000000000e+00
1.491010476297450760e-01 0.000000000000000000e+00
1.502398112405367581e-01 0.000000000000000000e+00
1.513872721917017827e-01 0.000000000000000000e+00
1.525434969094315862e-01 0.000000000000000000e+00
1.537085523272495868e-01 0.000000000000000000e+00
1.548825058898858631e-01 0.000000000000000000e+00
1.560654255571816418e-01 0.000000000000000000e+00
1.572573798080234009e-01 0.000000000000000000e+00
1.584584376443071152e-01 0.000000000000000000e+00
1.596686685949328388e-01 0.000000000000000000e+00
1.608881427198295411e-01 0.000000000000000000e+00
1.621169306140110011e-01 0.000000000000000000e+00
1.633551034116623724e-01 0.000000000000000000e+00
1.646027327902583326e-01 0.000000000000000000e+00
1.658598909747124317e-01 0.000000000000000000e+00
1.671266507415579139e-01 0.000000000000000000e+00
1.684030854231611252e-01 0.000000000000000000e+00
1.696892689119663122e-01 0.000000000000000000e+00
1.709852756647735894e-01 0.000000000000000000e+00
1.722911807070489909e-01 0.000000000000000000e+00
1.736070596372676911e-01 0.000000000000000000e+00
1.749329886312905313e-01 0.000000000000000000e+00
1.762690444467736595e-01 0.000000000000000000e+00
1.776153044276120585e-01 0.000000000000000000e+00
1.789718465084169652e-01 0.000000000000000000e+00
1.803387492190275665e-01 0.000000000000000000e+00
1.817160916890568911e-01 0.000000000000000000e+00
1.831039536524727285e-01 0.000000000000000000e+00
1.845024154522134641e-01 0.000000000000000000e+00
1.859115580448389149e-01 0.000000000000000000e+00
1.873314630052169971e-01 0.000000000000000000e+00
1.887622125312461430e-01 0.000000000000000000e+00
1.902038894486135501e-01 0.000000000000000000e+00
1.916565772155901515e-01 0.000000000000000000e+00
1.931203599278616956e-01 0.000000000000000000e+00
1.945953223233973239e-01 0.000000000000000000e+00
1.960815497873548141e-01 0.000000000000000000e+00
1.975791283570236256e-01 0.000000000000000000e+00
1.990881447268055271e-01 0.000000000000000000e+00
2.006086862532332482e-01 0.000000000000000000e+00
2.021408409600277400e-01 0.000000000000000000e+00
2.036846975431935991e-01 0.000000000000000000e+00
2.052403453761537377e-01 0.000000000000000000e+00
2.068078745149232178e-01 0.000000000000000000e+00
2.083873757033224972e-01 0.000000000000000000e+00
2.099789403782307273e-01 0.000000000000000000e+00
2.115826606748788530e-01 0.000000000000000000e+00
2.131986294321833453e-01 0.000000000000000000e+00
2.148269401981205418e-01 0.000000000000000000e+00
2.164676872351422587e-01 0.000000000000000000e+00
2.181209655256325375e-01 0.000000000000000000e+00
2.197868707774061070e-01 0.000000000000000000e+00
2.214654994292489798e-01 0.000000000000000000e+00
2.231569486565012084e-01 0.000000000000000000e+00
2.248613163766823297e-01 0.000000000000000000e+00
2.265787012551598312e-01 0.000000000000000000e+00
2.283092027108608313e-01 0.000000000000000000e+00
2.300529209220272819e-01 0.000000000000000000e+00
2.318099568320156068e-01 0.000000000000000000e+00
2.335804121551398604e-01 0.000000000000000000e+00
2.353643893825602684e-01 0.000000000000000000e+00
2.371619917882162865e-01 0.000000000000000000e+00
2.389733234348050406e-01 0.000000000000000000e+00
2.407984891798055638e-01 0.000000000000000000e+00
2.426375946815489959e-01 0.000000000000000000e+00
2.444907464053350243e-01 0.000000000000000000e+00
2.463580516295952316e-01 0.000000000000000000e+00
2.482396184521032390e-01 0.000000000000000000e+00
2.501355557962327558e-01 0.000000000000000000e+00
2.520459734172627586e-01 0.000000000000000000e+00
2.539709819087314635e-01 0.000000000000000000e+00
2.559106927088385386e-01 0.000000000000000000e+00
2.578652181068959992e-01 0.000000000000000000e+00
2.598346712498288968e-01 0.000000000000000000e+00
2.618191661487251354e-01 0.000000000000000000e+00
2.638188176854358025e-01 0.000000000000000000e+00
2.658337416192252944e-01 0.000000000000000000e+00
2.678640545934727890e-01 0.000000000000000000e+00
2.699098741424248438e-01 0.000000000000000000e+00
2.719713186979990649e-01 0.000000000000000000e+00
2.740485075966404560e-01 0.000000000000000000e+00
2.761415610862294479e-01 0.000000000000000000e+00
2.782506003330433297e-01 0.000000000000000000e+00
2.803757474287703610e-01 0.000000000000000000e+00
2.825171253975775620e-01 0.000000000000000000e+00
2.846748582032325170e-01 0.000000000000000000e+00
2.868490707562799669e-01 0.000000000000000000e+00
2.890398889212724143e-01 0.000000000000000000e+00
2.912474395240567393e-01 0.000000000000000000e+00
2.934718503591156602e-01 0.000000000000000000e+00
2.957132501969662597e-01 0.000000000000000000e+00
2.979717687916139113e-01 0.000000000000000000e+00
3.002475368880643813e-01 0.000000000000000000e+00
3.025406862298920529e-01 0.000000000000000000e+00
3.048513495668665474e-01 0.000000000000000000e+00
3.071796606626379655e-01 0.000000000000000000e+00
3.095257543024800828e-01 0.000000000000000000e+00
3.118897663010932186e-01 0.000000000000000000e+00
3.142718335104664473e-01 0.000000000000000000e+00
3.166720938277997055e-01 0.000000000000000000e+00
3.190906862034871283e-01 0.000000000000000000e+00
3.215277506491602821e-01 0.000000000000000000e+00
3.239834282457938475e-01 0.000000000000000000e+00
3.264578611518724749e-01 0.000000000000000000e+00
3.289511926116204799e-01 0.000000000000000000e+00
3.314635669632940984e-01 0.000000000000000000e+00
3.339951296475371922e-01 0.000000000000000000e+00
3.365460272158006805e-01 0.000000000000000000e+00
3.391164073388266975e-01 0.000000000000000000e+00
3.417064188151969217e-01 0.000000000000000000e+00
3.443162115799464074e-01 0.000000000000000000e+00
3.469459367132436967e-01 0.000000000000000000e+00
3.495957464491361577e-01 0.000000000000000000e+00
3.522657941843635454e-01 0.000000000000000000e+00
3.549562344872373987e-01 0.000000000000000000e+00
3.576672231065893826e-01 0.000000000000000000e+00
3.603989169807875204e-01 0.000000000000000000e+00
3.631514742468208712e-01 0.000000000000000000e+00
3.659250542494547620e-01 0.000000000000000000e+00
3.687198175504546316e-01 0.000000000000000000e+00
3.715359259378811507e-01 0.000000000000000000e+00
3.743735424354559527e-01 0.000000000000000000e+00
3.772328313119991394e-01 0.000000000000000000e+00
3.801139580909387861e-01 0.000000000000000000e+00
3.830170895598929426e-01 0.000000000000000000e+00
3.859423937803250215e-01 0.000000000000000000e+00
3.888900400972727933e-01 0.000000000000000000e+00
3.918601991491514891e-01 0.000000000000000000e+00
3.948530428776324541e-01 0.000000000000000000e+00
3.978687445375965748e-01 0.000000000000000000e+00
4.009074787071638113e-01 0.000000000000000000e+00
4.039694212977997800e-01 0.000000000000000000e+00
4.070547495644989411e-01 0.000000000000000000e+00
4.101636421160458901e-01 0.000000000000000000e+00
4.132962789253552538e-01 0.000000000000000000e+00
4.164528413398899120e-01 0.000000000000000000e+00
4.196335120921593775e-01 0.000000000000000000e+00
4.228384753102979454e-01 0.000000000000000000e+00
4.260679165287238890e-01 0.000000000000000000e+00
4.293220226988802568e-01 0.000000000000000000e+00
4.326009822000570493e-01 0.000000000000000000e+00
4.359049848502964952e-01 0.000000000000000000e+00
4.392342219173819284e-01 0.000000000000000000e+00
4.425888861299096533e-01 0.000000000000000000e+00
4.459691716884466306e-01 0.000000000000000000e+00
4.493752742767720409e-01 0.000000000000000000e+00
4.528073910732057783e-01 0.000000000000000000e+00
4.562657207620228750e-01 0.000000000000000000e+00
4.597504635449554122e-01 0.000000000000000000e+00
4.632618211527818053e-01 0.000000000000000000e+00
4.667999968570054614e-01 0.000000000000000000e+00
4.703651954816218117e-01 0.000000000000000000e+00
4.739576234149754375e-01 0.000000000000000000e+00
4.775774886217079018e-01 0.000000000000000000e+00
4.812250006547968972e-01 0.000000000000000000e+00
4.849003706676870973e-01 0.000000000000000000e+00
4.886038114265137677e-01 0.000000000000000000e+00
4.923355373224197473e-01 0.000000000000000000e+00
4.960957643839665199e-01 0.000000000000000000e+00
4.998847102896398775e-01 0.000000000000000000e+00
5.037025943804516182e-01 0.000000000000000000e+00
5.075496376726369441e-01 0.000000000000000000e+00
5.114260628704487832e-01 0.000000000000000000e+00
5.153320943790506981e-01 0.000000000000000000e+00
5.192679583175066060e-01 0.000000000000000000e+00
5.232338825318720854e-01 0.000000000000000000e+00
5.272300966083831586e-01 0.000000000000000000e+00
5.312568318867476602e-01 0.000000000000000000e+00
5.353143214735371913e-01 0.000000000000000000e+00
5.394028002556814361e-01 0.000000000000000000e+00
5.435225049140661735e-01 0.000000000000000000e+00
5.476736739372339846e-01 0.000000000000000000e+00
5.518565476351910970e-01 0.000000000000000000e+00
5.560713681533180353e-01 0.000000000000000000e+00
5.603183794863880740e-01 0.000000000000000000e+00
5.645978274926913842e-01 0.000000000000000000e+00
5.689099599082683145e-01 0.000000000000000000e+00
5.732550263612503638e-01 0.000000000000000000e+00
5.776332783863111775e-01 0.000000000000000000e+00
5.820449694392276774e-01 0.000000000000000000e+00
5.864903549115527692e-01 0.000000000000000000e+00
5.909696921454001828e-01 0.000000000000000000e+00
5.954832404483410002e-01 0.000000000000000000e+00
6.000312611084158698e-01 0.000000000000000000e+00
6.046140174092602404e-01 0.000000000000000000e+00
6.092317746453459471e-01 0.000000000000000000e+00
6.138848001373393704e-01 0.000000000000000000e+00
6.185733632475765020e-01 0.000000000000000000e+00
6.232977353956554722e-01 0.000000000000000000e+00
6.280581900741497581e-01 0.000000000000000000e+00
6.328550028644405190e-01 0.000000000000000000e+00
6.376884514526697245e-01 0.000000000000000000e+00
6.425588156458151845e-01 0.000000000000000000e+00
6.474663773878889250e-01 0.000000000000000000e+00
6.524114207762584661e-01 0.000000000000000000e+00
6.573942320780932214e-01 0.000000000000000000e+00
6.624150997469364643e-01 0.000000000000000000e+00
6.674743144394041927e-01 0.000000000000000000e+00
6.725721690320105584e-01 0.000000000000000000e+00
6.777089586381226383e-01 0.000000000000000000e+00
6.828849806250443244e-01 0.000000000000000000e+00
6.881005346312309978e-01 0.000000000000000000e+00
6.933559225836360973e-01 0.000000000000000000e+00
6.986514487151883612e-01 0.000000000000000000e+00
7.039874195824046277e-01 0.000000000000000000e+00
7.093641440831359724e-01 0.000000000000000000e+00
7.147819334744500708e-01 0.000000000000000000e+00
7.202411013906493409e-01 0.000000000000000000e+00
7.257419638614276414e-01 0.000000000000000000e+00
7.312848393301645267e-01 0.000000000000000000e+00
7.368700486723602783e-01 0.000000000000000000e+00
7.424979152142111571e-01 0.000000000000000000e+00
7.481687647513268757e-01 0.000000000000000000e+00
7.538829255675907337e-01 0.000000000000000000e+00
7.596407284541633054e-01 0.000000000000000000e+00
7.654425067286326767e-01 0.000000000000000000e+00
7.712885962543096774e-01 0.000000000000000000e+00
7.771793354596711056e-01 0.000000000000000000e+00
7.831150653579508347e-01 0.000000000000000000e+00
7.890961295668817987e-01 0.000000000000000000e+00
7.951228743285869704e-01 0.000000000000000000e+00
8.011956485296237718e-01 0.000000000000000000e+00
8.073148037211809180e-01 0.000000000000000000e+00
8.134806941394295832e-01 0.000000000000000000e+00
8.196936767260303291e-01 0.000000000000000000e+00
8.259541111487957998e-01 0.000000000000000000e+00
8.322623598225118435e-01 0.000000000000000000e+00
8.386187879299183967e-01 0.000000000000000000e+00
8.450237634428487965e-01 0.000000000000000000e+00
8.514776571435325181e-01 0.000000000000000000e+00
8.579808426460586723e-01 0.000000000000000000e+00
8.645336964180048156e-01 0.000000000000000000e+00
8.711365978022310719e-01 0.000000000000000000e+00
8.777899290388395670e-01 0.000000000000000000e+00
8.844940752873023948e-01 0.000000000000000000e+00
8.912494246487583371e-01 0.000000000000000000e+00
8.980563681884800031e-01 0.000000000000000000e+00
9.049152999585122759e-01 0.000000000000000000e+00
9.118266170204843979e-01 0.000000000000000000e+00
9.187907194685952517e-01 0.000000000000000000e+00
9.258080104527748322e-01 0.000000000000000000e+00
9.328788962020224673e-01 0.000000000000000000e+00
9.400037860479233398e-01 0.000000000000000000e+00
9.471830924483448655e-01 0.000000000000000000e+00
9.544172310113129276e-01 0.000000000000000000e+00
9.617066205190725192e-01 0.000000000000000000e+00
9.690516829523299069e-01 0.000000000000000000e+00
9.764528435146813123e-01 0.000000000000000000e+00
9.839105306572277776e-01 0.000000000000000000e+00
9.914251761033785471e-01 0.000000000000000000e+00
9.989972148738428537e-01 0.000000000000000000e+00
1.006627085311812886e+00 0.000000000000000000e+00
1.014315229108340155e+00 0.000000000000000000e+00
1.022062091327904820e+00 0.000000000000000000e+00
1.029868120434179746e+00 0.000000000000000000e+00
1.037733768315991956e+00 0.000000000000000000e+00
1.045659490313482376e+00 0.000000000000000000e+00
1.053645745244466525e+00 0.000000000000000000e+00
1.061692995430993491e+00 0.000000000000000000e+00
1.069801706726111412e+00 0.000000000000000000e+00
1.077972348540833902e+00 0.000000000000000000e+00
1.086205393871315206e+00 0.000000000000000000e+00
1.094501319326231403e+00 0.000000000000000000e+00
1.102860605154371676e+00 0.000000000000000000e+00
1.111283735272438733e+00 0.000000000000000000e+00
1.119771197293064180e+00 0.000000000000000000e+00
1.128323482553034385e+00 0.000000000000000000e+00
1.136941086141734836e+00 0.000000000000000000e+00
1.145624506929811659e+00 0.000000000000000000e+00
1.154374247598049186e+00 0.000000000000000000e+00
1.163190814666471562e+00 0.000000000000000000e+00
1.172074718523663961e+00 0.000000000000000000e+00
1.181026473456318726e+00 0.000000000000000000e+00
1.190046597679009999e+00 0.000000000000000000e+00
1.199135613364188391e+00 0.000000000000000000e+00
1.208294046672413469e+00 0.000000000000000000e+00
1.217522427782810501e+00 0.000000000000000000e+00
1.226821290923763907e+00 0.000000000000000000e+00
1.236191174403842963e+00 0.000000000000000000e+00
1.245632620642964428e+00 0.000000000000000000e+00
1.255146176203792763e+00 0.000000000000000000e+00
1.264732391823380597e+00 0.000000000000000000e+00
1.274391822445051226e+00 0.000000000000000000e+00
1.284125027250524465e+00 0.000000000000000000e+00
1.293932569692285650e+00 0.000000000000000000e+00
1.303815017526205322e+00 0.000000000000000000e+00
1.313772942844406266e+00 0.000000000000000000e+00
1.323806922108381467e+00 0.000000000000000000e+00
1.333917536182366304e+00 0.000000000000000000e+00
1.344105370366962093e+00 0.000000000000000000e+00
1.354371014433021658e+00 0.000000000000000000e+00
1.364715062655789790e+00 0.000000000000000000e+00
1.375138113849305288e+00 0.000000000000000000e+00
1.385640771401068339e+00 0.000000000000000000e+00
1.396223643306966578e+00 0.000000000000000000e+00
1.406887342206475600e+00 0.000000000000000000e+00
1.417632485418122146e+00 0.000000000000000000e+00
1.428459694975221517e+00 0.000000000000000000e+00
1.439369597661886768e+00 0.000000000000000000e+00
1.450362825049312576e+00 0.000000000000000000e+00
1.461440013532337545e+00 0.000000000000000000e+00
1.472601804366283851e+00 0.000000000000000000e+00
1.483848843704080878e+00 0.000000000000000000e+00
1.495181782633669076e+00 0.000000000000000000e+00
1.506601277215691814e+00 0.000000000000000000e+00
1.518107988521476326e+00 0.000000000000000000e+00
1.529702582671299993e+00 0.000000000000000000e+00
1.541385730872953275e+00 0.000000000000000000e+00
1.553158109460597069e+00 0.000000000000000000e+00
1.565020399933912287e+00 0.000000000000000000e+00
1.576973288997555844e+00 0.000000000000000000e+00
1.589017468600909977e+00 0.000000000000000000e+00
1.601153635978140644e+00 0.000000000000000000e+00
1.613382493688560348e+00 0.000000000000000000e+00
1.625704749657298942e+00 0.000000000000000000e+00
1.638121117216285949e+00 0.000000000000000000e+00
1.650632315145542872e+00 0.000000000000000000e+00
1.663239067714795461e+00 0.000000000000000000e+00
1.675942104725400839e+00 0.000000000000000000e+00
1.688742161552594379e+00 0.000000000000000000e+00
1.701639979188063201e+00 0.000000000000000000e+00
1.714636304282838086e+00 0.000000000000000000e+00
1.727731889190519565e+00 0.000000000000000000e+00
1.740927492010831301e+00 0.000000000000000000e+00
1.754223876633505208e+00 0.000000000000000000e+00
1.767621812782504076e+00 0.000000000000000000e+00
1.781122076060578596e+00 0.000000000000000000e+00
1.794725447994169887e+00 0.000000000000000000e+00
1.808432716078648639e+00 0.000000000000000000e+00
1.822244673823904648e+00 0.000000000000000000e+00
1.836162120800284292e+00 0.000000000000000000e+00
1.850185862684873506e+00 0.000000000000000000e+00
1.864316711308142471e+00 0.000000000000000000e+00
1.878555484700939138e+00 0.000000000000000000e+00
1.892903007141845784e+00 0.000000000000000000e+00
1.907360109204898402e+00 0.000000000000000000e+00
1.921927627807664241e+00 0.000000000000000000e+00
1.936606406259693713e+00 0.000000000000000000e+00
1.951397294311338904e+00 0.000000000000000000e+00
1.966301148202944216e+00 0.000000000000000000e+00
1.981318830714416501e+00 0.000000000000000000e+00
1.996451211215167332e+00 0.000000000000000000e+00
2.011699165714443627e+00 0.000000000000000000e+00
2.027063576912038645e+00 0.000000000000000000e+00
2.042545334249390443e+00 0.000000000000000000e+00
2.058145333961072687e+00 0.000000000000000000e+00
2.073864479126675597e+00 0.000000000000000000e+00
2.089703679723088570e+00 0.000000000000000000e+00
2.105663852677174930e+00 0.000000000000000000e+00
2.121745921918852140e+00 0.000000000000000000e+00
2.137950818434581013e+00 0.000000000000000000e+00
2.154279480321258600e+00 0.000000000000000000e+00
2.170732852840524529e+00 0.000000000000000000e+00
2.187311888473481680e+00 0.000000000000000000e+00
2.204017546975835184e+00 0.000000000000000000e+00
2.220850795433451541e+00 0.000000000000000000e+00
2.237812608318344942e+00 0.000000000000000000e+00
2.254903967545088150e+00 0.000000000000000000e+00
2.272125862527654583e+00 0.000000000000000000e+00
2.289479290236696052e+00 0.000000000000000000e+00
2.306965255257257041e+00 0.000000000000000000e+00
2.324584769846928634e+00 0.000000000000000000e+00
2.342338853994450965e+00 0.000000000000000000e+00
2.360228535478756218e+00 0.000000000000000000e+00
2.378254849928468584e+00 0.000000000000000000e+00
2.396418840881856305e+00 0.000000000000000000e+00
2.414721559847241572e+00 0.000000000000000000e+00
2.433164066363873168e+00 0.000000000000000000e+00
2.451747428063260070e+00 0.000000000000000000e+00
2.470472720730979344e+00 0.000000000000000000e+00
2.489341028368951214e+00 0.000000000000000000e+00
2.508353443258192428e+00 0.000000000000000000e+00
2.527511066022048780e+00 0.000000000000000000e+00
2.546815005689907707e+00 0.000000000000000000e+00
2.566266379761402039e+00 0.000000000000000000e+00
2.585866314271100030e+00 0.000000000000000000e+00
2.605615943853691441e+00 0.000000000000000000e+00
2.625516411809674544e+00 0.000000000000000000e+00
2.645568870171534748e+00 0.000000000000000000e+00
2.665774479770441019e+00 0.000000000000000000e+00
2.686134410303444575e+00 0.000000000000000000e+00
2.706649840401191387e+00 0.000000000000000000e+00
2.727321957696154264e+00 0.000000000000000000e+00
2.748151958891383195e+00 0.000000000000000000e+00
2.769141049829782819e+00 0.000000000000000000e+00
2.790290445563917920e+00 0.000000000000000000e+00
2.811601370426352720e+00 0.000000000000000000e+00
2.833075058100528398e+00 0.000000000000000000e+00
2.854712751692177974e+00 0.000000000000000000e+00
2.876515703801291846e+00 0.000000000000000000e+00
2.898485176594628676e+00 0.000000000000000000e+00
2.920622441878783171e+00 0.000000000000000000e+00
2.942928781173810293e+00 0.000000000000000000e+00
2.965405485787410811e+00 0.000000000000000000e+00
2.988053856889687943e+00 0.000000000000000000e+00
3.010875205588466663e+00 0.000000000000000000e+00
3.033870853005199208e+00 0.000000000000000000e+00
3.057042130351439457e+00 0.000000000000000000e+00
3.080390379005908841e+00 0.000000000000000000e+00
3.103916950592149782e+00 0.000000000000000000e+00
3.127623207056766663e+00 0.000000000000000000e+00
3.151510520748272093e+00 0.000000000000000000e+00
3.175580274496530464e+00 0.000000000000000000e+00
3.199833861692807702e+00 0.000000000000000000e+00
3.224272686370440510e+00 0.000000000000000000e+00
3.248898163286108698e+00 0.000000000000000000e+00
3.273711718001736770e+00 0.000000000000000000e+00
3.298714786967021251e+00 0.000000000000000000e+00
3.323908817602584165e+00 0.000000000000000000e+00
3.349295268383767343e+00 0.000000000000000000e+00
3.374875608925059112e+00 0.000000000000000000e+00
3.400651320065169791e+00 0.000000000000000000e+00
3.426623893952761790e+00 0.000000000000000000e+00
3.452794834132823176e+00 0.000000000000000000e+00
3.479165655633714493e+00 0.000000000000000000e+00
3.505737885054867498e+00 0.000000000000000000e+00
3.532513060655161574e+00 0.000000000000000000e+00
3.559492732441974283e+00 0.000000000000000000e+00
3.586678462260907807e+00 0.000000000000000000e+00
3.614071823886209955e+00 0.000000000000000000e+00
3.641674403111871072e+00 0.000000000000000000e+00
3.669487797843431487e+00 0.000000000000000000e+00
3.697513618190481299e+00 0.000000000000000000e+00
3.725753486559869376e+00 0.000000000000000000e+00
3.754209037749625999e+00 0.000000000000000000e+00
3.782881919043597829e+00 0.000000000000000000e+00
3.811773790306809850e+00 0.000000000000000000e+00
3.840886324081555170e+00 0.000000000000000000e+00
3.870221205684216237e+00 0.000000000000000000e+00
3.899780133302832574e+00 0.000000000000000000e+00
3.929564818095400369e+00 0.000000000000000000e+00
3.959576984288936341e+00 0.000000000000000000e+00
3.989818369279292121e+00 0.000000000000000000e+00
4.020290723731728910e+00 0.000000000000000000e+00
4.050995811682269299e+00 0.000000000000000000e+00
4.081935410639808026e+00 0.000000000000000000e+00
4.113111311689019445e+00 0.000000000000000000e+00
4.144525319594036361e+00 0.000000000000000000e+00
4.176179252902931793e+00 0.000000000000000000e+00
4.208074944052993871e+00 0.000000000000000000e+00
4.240214239476800984e+00 0.000000000000000000e+00
4.272598999709120271e+00 0.000000000000000000e+00
4.305231099494601921e+00 0.000000000000000000e+00
4.338112427896314571e+00 0.000000000000000000e+00
4.371244888405103168e+00 0.000000000000000000e+00
4.404630399049775491e+00 0.000000000000000000e+00
4.438270892508145771e+00 0.000000000000000000e+00
4.472168316218908757e+00 0.000000000000000000e+00
4.506324632494379756e+00 0.000000000000000000e+00
4.540741818634090876e+00 0.000000000000000000e+00
4.575421867039255019e+00 0.000000000000000000e+00
4.610366785328114503e+00 0.000000000000000000e+00
4.645578596452149434e+00 0.000000000000000000e+00
4.681059338813191140e+00 0.000000000000000000e+00
4.716811066381425555e+00 0.000000000000000000e+00
4.752835848814294550e+00 0.000000000000000000e+00
4.789135771576313871e+00 0.000000000000000000e+00
4.825712936059790792e+00 0.000000000000000000e+00
4.862569459706477915e+00 0.000000000000000000e+00
4.899707476130153339e+00 0.000000000000000000e+00
4.937129135240129862e+00 0.000000000000000000e+00
4.974836603365720755e+00 0.000000000000000000e+00
5.012832063381637226e+00 0.000000000000000000e+00
5.051117714834363781e+00 0.000000000000000000e+00
5.089695774069483036e+00 0.000000000000000000e+00
5.128568474359980200e+00 0.000000000000000000e+00
5.167738066035535205e+00 0.000000000000000000e+00
5.207206816612779399e+00 0.000000000000000000e+00
5.246977010926572760e+00 0.000000000000000000e+00
5.287050951262264320e+00 0.000000000000000000e+00
5.327430957488979324e+00 0.000000000000000000e+00
5.368119367193910918e+00 0.000000000000000000e+00
5.409118535817638573e+00 0.000000000000000000e+00
5.450430836790491895e+00 0.000000000000000000e+00
5.492058661669943831e+00 0.000000000000000000e+00
5.534004420279054592e+00 0.000000000000000000e+00
5.576270540845982282e+00 0.000000000000000000e+00
5.618859470144546009e+00 0.000000000000000000e+00
5.661773673635872584e+00 0.000000000000000000e+00
5.705015635611118796e+00 0.000000000000000000e+00
5.748587859335287931e+00 0.000000000000000000e+00
5.792492867192146733e+00 0.000000000000000000e+00
5.836733200830237500e+00 0.000000000000000000e+00
5.881311421310018162e+00 0.000000000000000000e+00
5.926230109252122347e+00 0.000000000000000000e+00
5.971491864986748332e+00 0.000000000000000000e+00
6.017099308704191074e+00 0.000000000000000000e+00
6.063055080606527092e+00 0.000000000000000000e+00
6.109361841060454879e+00 0.000000000000000000e+00
6.156022270751298819e+00 0.000000000000000000e+00
6.203039070838196167e+00 0.000000000000000000e+00
6.250414963110467070e+00 0.000000000000000000e+00
6.298152690145174759e+00 0.000000000000000000e+00
6.346255015465900762e+00 0.000000000000000000e+00
6.394724723702712943e+00 0.000000000000000000e+00
6.443564620753374328e+00 0.000000000000000000e+00
6.492777533945774948e+00 0.000000000000000000e+00
6.542366312201600920e+00 0.000000000000000000e+00
6.592333826201270064e+00 0.000000000000000000e+00
6.642682968550095879e+00 0.000000000000000000e+00
6.693416653945753581e+00 0.000000000000000000e+00
6.744537819347007357e+00 0.000000000000000000e+00
6.796049424143726370e+00 0.000000000000000000e+00
6.847954450328215259e+00 0.000000000000000000e+00
6.900255902667822738e+00 0.000000000000000000e+00
6.952956808878900219e+00 0.000000000000000000e+00
7.006060219802071387e+00 0.000000000000000000e+00
7.059569209578839377e+00 0.000000000000000000e+00
7.113486875829561740e+00 0.000000000000000000e+00
7.167816339832755901e+00 0.000000000000000000e+00
7.222560746705797285e+00 0.000000000000000000e+00
7.277723265586987011e+00 0.000000000000000000e+00
7.333307089819009583e+00 0.000000000000000000e+00
7.389315437133804565e+00 0.000000000000000000e+00
7.445751549838826477e+00 2.109624603698128984e-07
7.502618695004750649e+00 0.000000000000000000e+00
7.559920164654601038e+00 0.000000000000000000e+00
7.617659275954320464e+00 0.000000000000000000e+00
7.675839371404808986e+00 2.041176364497984550e-07
7.734463819035411802e+00 0.000000000000000000e+00
7.793536012598893947e+00 0.000000000000000000e+00
7.853059371767910690e+00 0.000000000000000000e+00
7.913037342332964741e+00 0.000000000000000000e+00
7.973473396401889346e+00 0.000000000000000000e+00
8.034371032600834184e+00 0.000000000000000000e+00
8.095733776276818006e+00 0.000000000000000000e+00
8.157565179701792957e+00 0.000000000000000000e+00
8.219868822278293408e+00 0.000000000000000000e+00
8.282648310746649756e+00 1.888353472984378691e-07
8.345907279393774303e+00 1.881215649246649482e-07
8.409649390263549407e+00 1.859281074953429221e-07
8.473878333368830340e+00 0.000000000000000000e+00
8.538597826905046873e+00 0.000000000000000000e+00
8.603811617465460415e+00 0.000000000000000000e+00
8.669523480258041204e+00 0.000000000000000000e+00
8.735737219324033020e+00 0.000000000000000000e+00
8.802456667758143283e+00 0.000000000000000000e+00
8.869685687930459750e+00 1.759476026829162312e-07
8.937428171710028124e+00 0.000000000000000000e+00
9.005688040690165153e+00 0.000000000000000000e+00
9.074469246415468149e+00 0.000000000000000000e+00
9.143775770610570675e+00 0.000000000000000000e+00
9.213611625410646155e+00 1.706415499772305194e-07
9.283980853593664762e+00 0.000000000000000000e+00
9.354887528814433750e+00 0.000000000000000000e+00
9.426335755840423047e+00 0.000000000000000000e+00
9.498329670789374291e+00 0.000000000000000000e+00
9.570873441368757284e+00 3.263085752371392952e-07
9.643971267117024126e+00 0.000000000000000000e+00
9.717627379646726737e+00 0.000000000000000000e+00
9.791846042889485346e+00 1.597092582296172123e-07
9.866631553342816829e+00 0.000000000000000000e+00
9.941988240318867298e+00 0.000000000000000000e+00
1.001792046619502941e+01 0.000000000000000000e+00
1.009443262666647811e+01 1.548005936056851929e-07
1.017152915100063915e+01 1.537122200615771223e-07
1.024921450229360431e+01 0.000000000000000000e+00
1.032749317772848840e+01 0.000000000000000000e+00
1.040636970883577561e+01 1.509218785105346703e-07
1.048584866175564301e+01 1.497114528734605686e-07
1.056593463750229134e+01 1.483923190723448346e-07
1.064663227223031328e+01 0.000000000000000000e+00
1.072794623750306187e+01 4.379669522016674322e-07
1.080988124056310262e+01 0.000000000000000000e+00
1.089244202460468713e+01 0.000000000000000000e+00
1.097563336904835118e+01 1.425827535661274183e-07
1.105946008981760897e+01 2.835952293706260187e-07
1.114392703961772924e+01 0.000000000000000000e+00
1.122903910821665363e+01 1.398359920432721932e-07
1.131480122272806810e+01 1.379349075470554390e-07
1.140121834789663069e+01 2.745265296890815446e-07
1.148829548638539144e+01 1.364619736330259994e-07
1.157603767906538295e+01 1.351488990042472802e-07
1.166445000530744025e+01 1.341097873830254891e-07
1.175353758327623055e+01 1.336823356298249168e-07
1.184330557022655483e+01 0.000000000000000000e+00
1.193375916280191262e+01 1.311673841833249976e-07
1.202490359733531022e+01 5.203233372307604398e-07
1.211674415015240314e+01 1.288962626450694445e-07
1.220928613787693706e+01 5.127445802798048552e-07
1.230253491773851593e+01 0.000000000000000000e+00
1.239649588788276091e+01 1.267321277724576357e-07
1.249117448768377869e+01 3.760392438097338294e-07
1.258657619805906158e+01 0.000000000000000000e+00
1.268270654178675727e+01 0.000000000000000000e+00
1.277957108382539175e+01 2.447418183181091363e-07
1.287717543163603651e+01 0.000000000000000000e+00
1.297552523550690928e+01 1.205210749139760536e-07
1.307462618888047245e+01 3.593921394151195922e-07
1.317448402868301116e+01 2.377960704347483785e-07
1.327510453565674453e+01 1.182325598348250310e-07
1.337649353469450197e+01 2.347599344977690407e-07
1.347865689517689169e+01 2.321079176624754195e-07
1.358160053131209644e+01 1.153981883541537189e-07
1.368533040247822186e+01 0.000000000000000000e+00
1.378985251356829522e+01 2.267511798944605496e-07
1.389517291533790910e+01 2.256219967530970917e-07
1.400129770475546920e+01 2.238873965628905360e-07
1.410823302535516532e+01 4.433669545830751346e-07
1.421598506759258740e+01 1.100944145384393886e-07
1.432456006920312142e+01 2.185878200423443753e-07
1.443396431556304549e+01 2.171753101613224511e-07
1.454420414005338102e+01 2.154431787967599961e-07
1.465528592442653633e+01 1.071585259534483014e-07
1.476721609917572842e+01 2.117923736983918185e-07
1.488000114390725059e+01 1.054667820197187060e-07
1.499364758771559814e+01 3.134831905670894082e-07
1.510816200956140420e+01 0.000000000000000000e+00
1.522355103865231740e+01 5.141737809306552740e-07
1.533982135482673925e+01 1.021543881164466426e-07
1.545697968894052465e+01 1.014561381586400493e-07
1.557503282325665950e+01 3.011011421819673234e-07
1.569398759183785330e+01 0.000000000000000000e+00
1.581385088094217650e+01 4.958698135916368064e-07
1.593462962942168204e+01 4.917197669520160206e-07
1.605633082912410003e+01 9.737022422974275433e-08
1.617896152529763043e+01 1.939383401597549817e-07
1.630252881699875189e+01 1.921077780772374181e-07
1.642703985750318907e+01 1.906010306428213010e-07
1.655250185472002045e+01 0.000000000000000000e+00
1.667892207160893037e+01 9.372131334880575210e-08
1.680630782660069400e+01 4.666353639199085543e-07
1.693466649402079582e+01 4.632992877201298694e-07
1.706400550451636988e+01 9.153320739295970672e-08
1.719433234548630907e+01 2.738837041479308144e-07
1.732565456151473171e+01 9.019192059983320306e-08
1.745797975480775932e+01 2.689016866579945765e-07
1.759131558563357700e+01 2.670724639578454597e-07
1.772566977276590450e+01 4.418702078775534323e-07
1.786105009393079257e+01 8.769720971519054667e-08
1.799746438625691525e+01 1.736866195485663363e-07
1.813492054672925491e+01 4.322291337230763241e-07
1.827342653264623351e+01 3.434367631787940644e-07
1.841299036208040008e+01 4.247925763447025540e-07
1.855362011434253589e+01 5.062000149219088244e-07
1.869532393044939056e+01 7.540379052950151878e-07
1.883811001359499926e+01 2.495049875686668343e-07
1.898198662962550998e+01 8.227196652932681646e-08
1.912696210751772696e+01 3.277193062903657493e-07
1.927304483986123529e+01 8.132239161808967665e-08
1.942024328334427707e+01 8.094942431163098696e-08
1.956856595924331188e+01 4.002453764891446483e-07
1.971802145391628613e+01 2.384334833109807153e-07
1.986861841929972172e+01 3.945378857500500458e-07
2.002036557340952783e+01 2.344946128100026571e-07
2.017327170084572430e+01 3.108228486953424038e-07
2.032734565330098775e+01 3.857583489271603292e-07
2.048259635007306656e+01 2.296828413825287991e-07
2.063903277858106478e+01 3.792569103451333520e-07
2.079666399488577966e+01 3.768112840327133616e-07
2.095549912421395078e+01 1.492024087949988788e-07
2.111554736148649880e+01 1.484065809231095011e-07
2.127681797185082857e+01 2.940972543471176599e-07
2.143932029121715743e+01 5.106396270392375262e-07
2.160306372679898601e+01 2.901497721087256331e-07
2.176805775765772211e+01 2.875245892272843972e-07
2.193431193525134404e+01 2.860768465278337412e-07
2.210183588398740895e+01 4.248619784420843715e-07
2.227063930178012185e+01 1.403866427797827632e-07
2.244073196061181008e+01 4.187990717898866879e-07
2.261212370709861119e+01 6.946283873614413123e-08
2.278482446306047393e+01 6.887210233110950258e-08
2.295884422609555031e+01 2.045293124427549326e-07
2.313419307015891846e+01 6.771117363205169269e-08
2.331088114614578188e+01 0.000000000000000000e+00
2.348891868247912029e+01 4.663819109153765067e-07
2.366831598570178841e+01 5.292296450399290447e-07
2.384908344107317646e+01 3.280433936655187540e-07
2.403123151317036843e+01 3.255572079281459254e-07
2.421477074649395789e+01 3.238437041208890811e-07
2.439971176607850367e+01 3.855485307179197376e-07
2.458606527810756148e+01 1.273662622936248459e-07
2.477384207053348675e+01 1.266812479095899739e-07
2.496305301370191287e+01 2.513108141180415915e-07
2.515370906098105408e+01 2.491306931251602160e-07
2.534582124939582215e+01 4.328938408435000923e-07
2.553940070026671805e+01 4.908784391242432834e-07
2.573445861985366534e+01 4.255840867223595197e-07
2.593100630000469309e+01 3.018454325539030802e-07
2.612905511880966003e+01 3.598281944931392732e-07
2.632861654125893835e+01 4.161647039293433764e-07
2.652970211990708549e+01 2.355133927213235619e-07
2.673232349554165310e+01 0.000000000000000000e+00
2.693649239785701255e+01 3.481853411334642652e-07
2.714222064613342411e+01 4.038254543884356086e-07
2.734952014992126834e+01 5.735823316406201139e-08
2.755840290973046081e+01 2.843813001366757675e-07
2.776888101772517103e+01 5.083189273935773665e-07
2.798096665842379238e+01 3.349313987732684323e-07
2.819467210940434398e+01 2.773925313205966175e-07
2.841000974201522311e+01 3.309960768602667708e-07
2.862699202209135763e+01 3.827323727098560293e-07
2.884563151067587228e+01 3.803283042149859687e-07
2.906594086474717642e+01 2.695003491508736872e-07
2.928793283795175029e+01 2.671588418156082855e-07
2.951162028134242377e+01 5.301323814110621554e-08
2.973701614412232175e+01 3.160101429931751095e-07
2.996413347439450092e+01 2.617211174426961772e-07
3.019298541991724250e+01 4.667979048933554235e-07
3.042358522886523176e+01 2.573649984522020862e-07
3.065594625059649658e+01 2.043542141670096848e-07
3.089008193642516886e+01 3.548585042438014027e-07
3.112600584040018958e+01 2.014457051204989382e-07
3.136373162008992921e+01 4.991770824089802269e-07
3.160327303737282278e+01 2.479053266797941137e-07
3.184464395923409441e+01 1.475408138167844948e-07
3.208785835856844670e+01 5.370774329003328042e-07
3.233293031498900660e+01 4.847040498668074239e-07
3.257987401564231078e+01 9.605251794536231686e-08
3.282870375602964685e+01 5.721591366590178897e-07
3.307943394083464739e+01 3.788586306434417483e-07
3.333207908475711889e+01 1.411254553991197253e-07
3.358665381335332967e+01 3.729706108108897071e-07
3.384317286388262858e+01 1.391656416037211035e-07
3.410165108616060081e+01 1.838396582083761275e-07
3.436210344341879619e+01 1.821374636357199027e-07
3.462454501317083100e+01 2.259117657052065838e-07
3.488899098808531107e+01 4.042675795939101332e-07
3.515545667686525633e+01 2.677568524790460206e-07
3.542395750513435360e+01 1.326319476000345522e-07
3.569450901632996676e+01 1.318437249633072549e-07
3.596712687260290409e+01 4.790497087874256417e-07
3.624182685572413476e+01 3.891782072711530894e-07
3.651862486799832652e+01 1.712260563463270944e-07
3.679753693318444618e+01 2.127390075745985994e-07
3.707857919742345842e+01 3.382367721819271459e-07
3.736176793017290265e+01 2.095814186310711606e-07
3.764711952514880267e+01 2.498767620850445084e-07
3.793465050127463911e+01 2.886919143439836079e-07
3.822437750363764764e+01 1.636548314066011870e-07
3.851631730445244273e+01 2.439831714569031838e-07
3.881048680403189621e+01 3.226418864844665242e-07
3.910690303176554039e+01 2.004208999105290212e-07
3.940558314710532528e+01 2.783657291159379942e-07
3.970654444055901422e+01 3.549812223018544898e-07
4.000980433469116804e+01 3.522299085253054373e-07
4.031538038513167521e+01 2.333138612723800334e-07
4.062329028159209088e+01 4.242043052187684396e-07
4.093355184888959997e+01 3.065629929975368461e-07
4.124618304797896684e+01 3.796853351320663057e-07
4.156120197699230800e+01 3.015116807417359630e-07
4.187862687228675185e+01 2.245420547597005786e-07
4.219847610950009198e+01 2.967668920213281623e-07
4.252076820461459761e+01 1.842767844088105129e-07
4.284552181502894541e+01 1.825436221904672450e-07
4.317275574063820898e+01 1.451592588239111639e-07
4.350248892492221842e+01 2.161618543568605394e-07
4.383474045604216940e+01 7.150261711312272127e-08
4.416952956794561658e+01 2.835844704932381554e-07
4.450687564148002906e+01 1.762012522974091148e-07
4.484679820551461660e+01 1.395527092134547997e-07
4.518931693807093097e+01 2.428632357848262399e-07
4.553445166746195127e+01 1.032560754288509042e-07
4.588222237343995147e+01 2.049836391903879580e-07
4.623264918835322135e+01 2.709547205774432151e-07
4.658575239831141346e+01 1.679267524813752486e-07
4.694155244435995655e+01 2.003693053913866680e-07
4.730006992366332952e+01 1.985688678230745708e-07
4.766132559069743735e+01 2.959545725264784252e-07
4.802534035845116023e+01 1.956326668863552822e-07
4.839213529963691940e+01 1.616845245200075573e-07
4.876173164791060799e+01 1.286644756412436151e-07
4.913415079910075178e+01 6.383244829899582365e-08
4.950941431244714153e+01 2.848712843248499283e-07
4.988754391184892256e+01 1.255496509546357084e-07
5.026856148712214889e+01 9.372923869271996364e-08
5.065248909526700771e+01 2.164584940722868079e-07
5.103934896174460789e+01 2.144987526876929946e-07
5.142916348176368757e+01 1.829393096632072932e-07
5.182195522157707757e+01 1.812131476221302414e-07
5.221774691978801286e+01 1.502212333494161823e-07
5.261656148866648408e+01 2.378281840742921047e-07
5.301842201547557920e+01 1.182134353819877229e-07
5.342335176380803574e+01 1.173119418138987617e-07
5.383137417493298926e+01 1.744158362545667846e-07
5.424251286915296077e+01 1.443027278157287875e-07
5.465679164717121807e+01 5.735879856889599359e-08
5.507423449146955363e+01 2.559780406063691590e-07
5.549486556769667800e+01 3.671028006784842872e-07
5.591870922606719319e+01 1.680275722932530866e-07
5.634579000277113892e+01 1.948844813814249028e-07
5.677613262139447414e+01 1.379688955324013405e-07
5.720976199435020249e+01 1.369930990485726838e-07
5.764670322432060345e+01 5.418193027371883511e-08
5.808698160571049129e+01 1.079006142110577510e-07
5.853062262611141620e+01 1.337350728068762493e-07
5.897765196777716312e+01 1.590003403288731912e-07
5.942809550911043459e+01 1.319194934961811735e-07
5.988197932616098740e+01 1.571037918362711667e-07
6.033932969413523040e+01 1.557207372033592905e-07
6.080017308891720518e+01 1.029036838866175706e-07
6.126453618860131201e+01 1.534906777702423703e-07
6.173244587503663183e+01 1.775519055832959514e-07
6.220392923538312857e+01 2.013454712875316291e-07
6.267901356367983112e+01 1.250678157297943850e-07
6.315772636242475357e+01 7.447763674736231900e-08
6.364009534416704383e+01 9.848486715903532488e-08
6.412614843311123991e+01 1.221236883478157052e-07
6.461591376673376885e+01 1.212200809484258303e-07
6.510941969741192281e+01 1.201748372096097577e-07
6.560669479406510618e+01 2.627847634943268340e-07
6.610776784380868776e+01 1.657773798933105008e-07
6.661266785362042242e+01 1.177222000158960534e-07
6.712142405201964834e+01 1.167758788230776052e-07
6.763406589075952979e+01 1.852584048475148429e-07
6.815062304653176284e+01 1.377570086306861840e-07
6.867112542268469610e+01 1.139689394199053836e-07
6.919560315095429814e+01 6.804709569659069853e-08
6.972408659320856827e+01 1.573980381496935353e-07
7.025660634320522036e+01 1.560886620273068140e-07
7.079319322836265371e+01 4.421770934969657538e-08
7.133387831154462333e+01 1.537052656896787572e-07
7.187869289285829666e+01 1.089126639692468701e-07
7.242766851146639340e+01 6.484602786409137268e-08
7.298083694741293925e+01 1.500828350033982614e-07
7.353823022346294636e+01 6.380819780778854558e-08
7.409988060695627610e+01 1.479062769946780391e-07
7.466582061167545703e+01 8.389792723794796728e-08
7.523608299972798363e+01 4.170558676456414868e-08
7.581070078344298224e+01 1.241522937988427445e-07
7.638970722728217311e+01 1.026731545837008844e-07
7.697313584976564016e+01 1.017346606581918237e-07
7.756102042541199637e+01 1.413500323208837566e-07
7.815339498669379736e+01 1.002528534439197244e-07
7.875029382600763483e+01 1.193306321349813839e-07
7.935175149765926506e+01 5.932192720035872180e-08
7.995780281986401405e+01 7.817608395279265521e-08
8.056848287676226050e+01 2.918158635560077823e-07
8.118382702045050792e+01 1.351766911798036914e-07
8.180387087302804616e+01 7.655535149209967489e-08
8.242865032865888963e+01 1.330209631631689415e-07
8.305820155564990159e+01 7.548939084920370123e-08
8.369256099854430886e+01 5.606959268201191137e-08
8.433176538023161584e+01 3.706705409731883899e-08
8.497585170407356259e+01 3.678135168087380899e-08
8.562485725604614117e+01 1.278857645674602224e-07
8.627881960689798291e+01 7.272005245763568407e-08
8.693777661432541493e+01 7.201900929286637707e-08
8.760176642516411505e+01 8.950210065497258913e-08
8.827082747759727965e+01 1.242591862049830991e-07
8.894499850338092983e+01 8.805251569182521277e-08
8.962431853008587268e+01 8.734576119462342204e-08
9.030882688335715613e+01 1.730093862439792790e-08
9.099856318919067633e+01 5.152990534365892040e-08
9.169356737622699427e+01 6.833794742318143821e-08
9.239387967806285928e+01 8.490104942970997136e-08
9.309954063558021176e+01 5.040706183997871683e-08
9.381059109929316264e+01 1.168399313507222443e-07
9.452707223171287865e+01 1.491228746530608911e-07
9.524902550973044413e+01 1.643512704063618599e-08
9.597649272701789869e+01 6.535915317313902254e-08
9.670951599644754992e+01 1.457955712556992584e-07
9.744813775253007293e+01 1.125269418924315277e-07
9.819240075387101285e+01 7.996045496561941453e-08
9.894234808564596051e+01 4.748316540917423258e-08
9.969802316209487003e+01 6.281366031858681959e-08
1.004594697290351206e+02 1.403817167553161351e-07
1.012267318663940330e+02 6.184338714864072400e-08
1.019998539907607551e+02 4.611836295697243657e-08
1.027788808579573896e+02 3.037888405206192024e-08
1.035638575656300304e+02 4.536062334948265135e-08
1.043548295558592258e+02 4.507162711448389955e-08
1.051518426177907060e+02 7.441372316394646440e-08
1.059549428902863042e+02 1.180799600853431716e-07
1.067641768645947025e+02 5.873267670929677728e-08
1.075795913870428819e+02 8.741944090514489143e-08
1.084012336617479093e+02 4.345750855289660695e-08
1.092291512533496842e+02 2.872113587107978539e-08
1.100633920897645339e+02 7.116280620330583837e-08
1.109040044649596268e+02 2.821870796624028659e-08
1.117510370417487309e+02 1.121394025677751693e-07
1.126045388546091885e+02 5.561026771469076801e-08
1.134645593125205778e+02 9.672777905883528904e-08
1.143311482018251581e+02 1.234761454879237306e-07
1.152043556891097040e+02 1.356631755399767456e-08
1.160842323241099052e+02 4.043576343635977560e-08
1.169708290426363391e+02 6.692611023851757119e-08
1.178641971695234076e+02 6.638942872194172256e-08
1.187643884216004722e+02 5.273271772985067599e-08
1.196714549106856964e+02 3.929165225525583402e-08
1.205854491466028264e+02 5.195674792660781025e-08
1.215064240402207503e+02 9.028514775435059688e-08
1.224344329065167187e+02 5.114689363338745847e-08
1.233695294676628009e+02 6.338957066256684232e-08
1.243117678561356172e+02 5.033425873547915358e-08
1.252612026178502873e+02 2.501819524605717376e-08
1.262178887153177698e+02 7.449580398932541077e-08
1.271818815308268711e+02 0.000000000000000000e+00
1.281532368696502999e+02 7.342636358071003094e-08
1.291320109632751496e+02 3.650117411304855710e-08
1.301182604726581644e+02 3.607978769915582212e-08
1.311120424915058038e+02 9.550460995211985658e-08
1.321134145495791472e+02 4.740264386553454867e-08
1.331224346160248615e+02 4.707098284546704074e-08
1.341391611027304975e+02 9.345836193278411579e-08
1.351636528677061619e+02 3.476927540362893098e-08
1.361959692184915980e+02 4.603053298223403028e-08
1.372361699155896986e+02 1.139448607788652450e-08
1.382843151759259683e+02 7.923602530525272135e-08
1.393404656763344747e+02 3.377384533961316390e-08
1.404046825570703732e+02 3.354341628794317754e-08
1.414770274253492062e+02 4.433376531191912149e-08
1.425575623589134011e+02 2.194000956471290819e-08
1.436463499096261103e+02 7.625971419181560453e-08
1.447434531070921366e+02 3.250327311965698374e-08
1.458489354623067129e+02 8.583959870350615640e-08
1.469628609713321055e+02 3.196884188534249271e-08
1.480852941190023273e+02 6.342117355908787025e-08
1.492162998826563580e+02 3.147653208308160475e-08
1.503559437358994160e+02 2.088579898704844404e-08
1.515042916523934196e+02 4.129445846689668977e-08
1.526614101096758418e+02 6.151095234634028287e-08
1.538273660930082656e+02 4.073606258040647858e-08
1.550022270992544691e+02 6.064797767045758457e-08
1.561860611407872170e+02 6.024460970933792692e-08
1.573789367494260318e+02 1.993648037750375279e-08
1.585809229804039546e+02 2.964768531457597039e-08
1.597920894163653998e+02 3.918630008668975968e-08
1.610125061713944206e+02 2.921021441069044951e-08
1.622422438950733863e+02 2.889854405600835937e-08
1.634813737765729229e+02 5.755390529835887861e-08
1.647299675487729473e+02 0.000000000000000000e+00
1.659880974924153065e+02 5.665155036847244665e-08
1.672558364402883058e+02 9.380112028247052837e-09
1.685332577814427282e+02 1.860649172913466194e-08
1.698204354654404540e+02 9.250119365670416514e-09
1.711174440066350826e+02 5.490018957858386660e-08
1.724243584884858365e+02 1.817618972048990502e-08
1.737412545679041500e+02 2.699920716566678570e-08
1.750682084796334834e+02 3.581859551770480154e-08
1.764052970406620489e+02 3.550537645177521333e-08
1.777525976546700690e+02 6.171019170836217189e-08
1.791101883165108575e+02 2.623977304541684699e-08
1.804781476167256642e+02 6.067748331428958960e-08
1.818565547460933089e+02 3.444233120255582729e-08
1.832454895002142905e+02 2.562343587215280473e-08
1.846450322841304228e+02 3.398937202299025456e-08
1.860552641169795152e+02 1.686343573015137037e-08
1.874762666366852955e+02 2.501860748955025993e-08
1.889081221046837413e+02 3.312516488627248951e-08
1.903509134106845408e+02 4.116247149951092914e-08
1.918047240774702118e+02 3.269023590993404640e-08
1.932696382657309186e+02 4.865249241711283423e-08
1.947457407789366925e+02 3.217139530855607101e-08
1.962331170682464574e+02 2.392934319889756241e-08
1.977318532374547715e+02 3.167161429924514321e-08
1.992420360479763985e+02 3.146973024806113242e-08
