1.003818764619345688e-01 0.000000000000000000e+00
1.011485459784472879e-01 0.000000000000000000e+00
1.019210709558087680e-01 0.000000000000000000e+00
1.026994961152724595e-01 0.000000000000000000e+00
1.034838665196517182e-01 0.000000000000000000e+00
1.042742275759283854e-01 0.000000000000000000e+00
1.050706250378814766e-01 0.000000000000000000e+00
1.058731050087358544e-01 0.000000000000000000e+00
1.066817139438310941e-01 0.000000000000000000e+00
1.074964986533107902e-01 0.000000000000000000e+00
1.083175063048323894e-01 0.000000000000000000e+00
1.091447844262976724e-01 0.000000000000000000e+00
1.099783809086041647e-01 0.000000000000000000e+00
1.108183440084175297e-01 0.000000000000000000e+00
1.116647223509651676e-01 0.000000000000000000e+00
1.125175649328510052e-01 0.000000000000000000e+00
1.133769211248920050e-01 0.000000000000000000e+00
1.142428406749761566e-01 0.000000000000000000e+00
1.151153737109424230e-01 0.000000000000000000e+00
1.159945707434826001e-01 0.000000000000000000e+00
1.168804826690653942e-01 0.000000000000000000e+00
1.177731607728827179e-01 0.000000000000000000e+00
1.186726567318187042e-01 0.000000000000000000e+00
1.195790226174411192e-01 0.000000000000000000e+00
1.204923108990159364e-01 0.000000000000000000e+00
1.214125744465446438e-01 0.000000000000000000e+00
1.223398665338249064e-01 0.000000000000000000e+00
1.232742408415345714e-01 0.000000000000000000e+00
1.242157514603392660e-01 0.000000000000000000e+00
1.251644528940235868e-01 0.000000000000000000e+00
1.261204000626464650e-01 0.000000000000000000e+00
1.270836483057203870e-01 0.000000000000000000e+00
1.280542533854148735e-01 0.000000000000000000e+00
1.290322714897847722e-01 0.000000000000000000e+00
1.300177592360227119e-01 0.000000000000000000e+00
1.310107736737369521e-01 0.000000000000000000e+00
1.320113722882536866e-01 0.000000000000000000e+00
1.330196130039449920e-01 0.000000000000000000e+00
1.340355541875820067e-01 0.000000000000000000e+00
1.350592546517138115e-01 0.000000000000000000e+00
1.360907736580721228e-01 0.000000000000000000e+00
1.371301709210017705e-01 0.000000000000000000e+00
1.381775066109176553e-01 0.000000000000000000e+00
1.392328413577879620e-01 0.000000000000000000e+00
1.402962362546441299e-01 0.000000000000000000e+00
1.413677528611173018e-01 0.000000000000000000e+00
1.424474532070021393e-01 0.000000000000000000e+00
1.435353997958477290e-01 0.000000000000000000e+00
1.446316556085757710e-01 0.000000000000000000e+00
1.457362841071265513e-01 0.000000000000000000e+00
1.468493492381329202e-01 0.000000000000000000e+00
1.479709154366219692e-01 0.000000000000000000e+00
1.491010476297450760e-01 0.000000000000000000e+00
1.502398112405367581e-01 0.000000000000000000e+00
1.513872721917017827e-01 0.000000000000000000e+00
1.525434969094315862e-01 0.000000000000000000e+00
1.537085523272495868e-01 0.000000000000000000e+00
1.548825058898858631e-01 0.000000000000000000e+00
1.560654255571816418e-01 0.000000000000000000e+00
1.572573798080234009e-01 0.000000000000000000e+00
1.584584376443071152e-01 0.000000000000000000e+00
1.596686685949328388e-01 0.000000000000000000e+00
1.608881427198295411e-01 0.000000000000000000e+00
1.621169306140110011e-01 0.000000000000000000e+00
1.633551034116623724e-01 0.000000000000000000e+00
1.646027327902583326e-01 0.000000000000000000e+00
1.658598909747124317e-01 0.000000000000000000e+00
1.671266507415579139e-01 0.000000000000000000e+00
1.684030854231611252e-01 0.000000000000000000e+00
1.696892689119663122e-01 0.000000000000000000e+00
1.709852756647735894e-01 0.000000000000000000e+00
1.722911807070489909e-01 0.000000000000000000e+00
1.736070596372676911e-01 0.000000000000000000e+00
1.749329886312905313e-01 0.000000000000000000e+00
1.762690444467736595e-01 0.000000000000000000e+00
1.776153044276120585e-01 0.000000000000000000e+00
1.789718465084169652e-01 0.000000000000000000e+00
1.803387492190275665e-01 0.000000000000000000e+00
1.817160916890568911e-01 0.000000000000000000e+00
1.831039536524727285e-01 0.000000000000000000e+00
1.845024154522134641e-01 0.000000000000000000e+00
1.859115580448389149e-01 0.000000000000000000e+00
1.873314630052169971e-01 0.000000000000000000e+00
1.887622125312461430e-01 0.000000000000000000e+00
1.902038894486135501e-01 0.000000000000000000e+00
1.916565772155901515e-01 0.000000000000000000e+00
1.931203599278616956e-01 0.000000000000000000e+00
1.945953223233973239e-01 0.000000000000000000e+00
1.960815497873548141e-01 0.000000000000000000e+00
1.975791283570236256e-01 0.000000000000000000e+00
1.990881447268055271e-01 0.000000000000000000e+00
2.006086862532332482e-01 0.000000000000000000e+00
2.021408409600277400e-01 0.000000000000000000e+00
2.036846975431935991e-01 0.000000000000000000e+00
2.052403453761537377e-01 0.000000000000000000e+00
2.068078745149232178e-01 0.000000000000000000e+00
2.083873757033224972e-01 0.000000000000000000e+00
2.099789403782307273e-01 0.000000000000000000e+00
2.115826606748788530e-01 0.000000000000000000e+00
2.131986294321833453e-01 0.000000000000000000e+00
2.148269401981205418e-01 0.000000000000000000e+00
2.164676872351422587e-01 0.000000000000000000e+00
2.181209655256325375e-01 0.000000000000000000e+00
2.197868707774061070e-01 0.000000000000000000e+00
2.214654994292489798e-01 0.000000000000000000e+00
2.231569486565012084e-01 0.000000000000000000e+00
2.248613163766823297e-01 0.000000000000000000e+00
2.265787012551598312e-01 0.000000000000000000e+00
2.283092027108608313e-01 0.000000000000000000e+00
2.300529209220272819e-01 0.000000000000000000e+00
2.318099568320156068e-01 0.000000000000000000e+00
2.335804121551398604e-01 0.000000000000000000e+00
2.353643893825602684e-01 0.000000000000000000e+00
2.371619917882162865e-01 0.000000000000000000e+00
2.389733234348050406e-01 0.000000000000000000e+00
2.407984891798055638e-01 0.000000000000000000e+00
2.426375946815489959e-01 0.000000000000000000e+00
2.444907464053350243e-01 0.000000000000000000e+00
2.463580516295952316e-01 0.000000000000000000e+00
2.482396184521032390e-01 0.000000000000000000e+00
2.501355557962327558e-01 0.000000000000000000e+00
2.520459734172627586e-01 0.000000000000000000e+00
2.539709819087314635e-01 0.000000000000000000e+00
2.559106927088385386e-01 0.000000000000000000e+00
2.578652181068959992e-01 0.000000000000000000e+00
2.598346712498288968e-01 0.000000000000000000e+00
2.618191661487251354e-01 0.000000000000000000e+00
2.638188176854358025e-01 0.000000000000000000e+00
2.658337416192252944e-01 0.000000000000000000e+00
2.678640545934727890e-01 0.000000000000000000e+00
2.699098741424248438e-01 0.000000000000000000e+00
2.719713186979990649e-01 0.000000000000000000e+00
2.740485075966404560e-01 0.000000000000000000e+00
2.761415610862294479e-01 0.000000000000000000e+00
2.782506003330433297e-01 0.000000000000000000e+00
2.803757474287703610e-01 0.000000000000000000e+00
2.825171253975775620e-01 0.000000000000000000e+00
2.846748582032325170e-01 0.000000000000000000e+00
2.868490707562799669e-01 0.000000000000000000e+00
2.890398889212724143e-01 0.000000000000000000e+00
2.912474395240567393e-01 0.000000000000000000e+00
2.934718503591156602e-01 0.000000000000000000e+00
2.957132501969662597e-01 0.000000000000000000e+00
2.979717687916139113e-01 0.000000000000000000e+00
3.002475368880643813e-01 0.000000000000000000e+00
3.025406862298920529e-01 0.000000000000000000e+00
3.048513495668665474e-01 0.000000000000000000e+00
3.071796606626379655e-01 0.000000000000000000e+00
3.095257543024800828e-01 0.000000000000000000e+00
3.118897663010932186e-01 0.000000000000000000e+00
3.142718335104664473e-01 0.000000000000000000e+00
3.166720938277997055e-01 0.000000000000000000e+00
3.190906862034871283e-01 0.000000000000000000e+00
3.215277506491602821e-01 0.000000000000000000e+00
3.239834282457938475e-01 0.000000000000000000e+00
3.264578611518724749e-01 0.000000000000000000e+00
3.289511926116204799e-01 0.000000000000000000e+00
3.314635669632940984e-01 0.000000000000000000e+00
3.339951296475371922e-01 0.000000000000000000e+00
3.365460272158006805e-01 0.000000000000000000e+00
3.391164073388266975e-01 0.000000000000000000e+00
3.417064188151969217e-01 0.000000000000000000e+00
3.443162115799464074e-01 0.000000000000000000e+00
3.469459367132436967e-01 0.000000000000000000e+00
3.495957464491361577e-01 0.000000000000000000e+00
3.522657941843635454e-01 0.000000000000000000e+00
3.549562344872373987e-01 0.000000000000000000e+00
3.576672231065893826e-01 0.000000000000000000e+00
3.603989169807875204e-01 0.000000000000000000e+00
3.631514742468208712e-01 0.000000000000000000e+00
3.659250542494547620e-01 0.000000000000000000e+00
3.687198175504546316e-01 0.000000000000000000e+00
3.715359259378811507e-01 0.000000000000000000e+00
3.743735424354559527e-01 0.000000000000000000e+00
3.772328313119991394e-01 0.000000000000000000e+00
3.801139580909387861e-01 0.000000000000000000e+00
3.830170895598929426e-01 0.000000000000000000e+00
3.859423937803250215e-01 0.000000000000000000e+00
3.888900400972727933e-01 0.000000000000000000e+00
3.918601991491514891e-01 0.000000000000000000e+00
3.948530428776324541e-01 0.000000000000000000e+00
3.978687445375965748e-01 0.000000000000000000e+00
4.009074787071638113e-01 0.000000000000000000e+00
4.039694212977997800e-01 0.000000000000000000e+00
4.070547495644989411e-01 0.000000000000000000e+00
4.101636421160458901e-01 0.000000000000000000e+00
4.132962789253552538e-01 0.000000000000000000e+00
4.164528413398899120e-01 0.000000000000000000e+00
4.196335120921593775e-01 0.000000000000000000e+00
4.228384753102979454e-01 0.000000000000000000e+00
4.260679165287238890e-01 0.000000000000000000e+00
4.293220226988802568e-01 0.000000000000000000e+00
4.326009822000570493e-01 0.000000000000000000e+00
4.359049848502964952e-01 0.000000000000000000e+00
4.392342219173819284e-01 0.000000000000000000e+00
4.425888861299096533e-01 0.000000000000000000e+00
4.459691716884466306e-01 0.000000000000000000e+00
4.493752742767720409e-01 0.000000000000000000e+00
4.528073910732057783e-01 0.000000000000000000e+00
4.562657207620228750e-01 0.000000000000000000e+00
4.597504635449554122e-01 0.000000000000000000e+00
4.632618211527818053e-01 0.000000000000000000e+00
4.667999968570054614e-01 0.000000000000000000e+00
4.703651954816218117e-01 0.000000000000000000e+00
4.739576234149754375e-01 0.000000000000000000e+00
4.775774886217079018e-01 0.000000000000000000e+00
4.812250006547968972e-01 0.000000000000000000e+00
4.849003706676870973e-01 0.000000000000000000e+00
4.886038114265137677e-01 0.000000000000000000e+00
4.923355373224197473e-01 0.000000000000000000e+00
4.960957643839665199e-01 0.000000000000000000e+00
4.998847102896398775e-01 0.000000000000000000e+00
5.037025943804516182e-01 0.000000000000000000e+00
5.075496376726369441e-01 0.000000000000000000e+00
5.114260628704487832e-01 0.000000000000000000e+00
5.153320943790506981e-01 0.000000000000000000e+00
5.192679583175066060e-01 0.000000000000000000e+00
5.232338825318720854e-01 0.000000000000000000e+00
5.272300966083831586e-01 0.000000000000000000e+00
5.312568318867476602e-01 0.000000000000000000e+00
5.353143214735371913e-01 0.000000000000000000e+00
5.394028002556814361e-01 0.000000000000000000e+00
5.435225049140661735e-01 0.000000000000000000e+00
5.476736739372339846e-01 0.000000000000000000e+00
5.518565476351910970e-01 0.000000000000000000e+00
5.560713681533180353e-01 0.000000000000000000e+00
5.603183794863880740e-01 0.000000000000000000e+00
5.645978274926913842e-01 0.000000000000000000e+00
5.689099599082683145e-01 0.000000000000000000e+00
5.732550263612503638e-01 0.000000000000000000e+00
5.776332783863111775e-01 0.000000000000000000e+00
5.820449694392276774e-01 0.000000000000000000e+00
5.864903549115527692e-01 0.000000000000000000e+00
5.909696921454001828e-01 0.000000000000000000e+00
5.954832404483410002e-01 0.000000000000000000e+00
6.000312611084158698e-01 0.000000000000000000e+00
6.046140174092602404e-01 0.000000000000000000e+00
6.092317746453459471e-01 0.000000000000000000e+00
6.138848001373393704e-01 0.000000000000000000e+00
6.185733632475765020e-01 0.000000000000000000e+00
6.232977353956554722e-01 0.000000000000000000e+00
6.280581900741497581e-01 0.000000000000000000e+00
6.328550028644405190e-01 0.000000000000000000e+00
6.376884514526697245e-01 0.000000000000000000e+00
6.425588156458151845e-01 0.000000000000000000e+00
6.474663773878889250e-01 0.000000000000000000e+00
6.524114207762584661e-01 0.000000000000000000e+00
6.573942320780932214e-01 0.000000000000000000e+00
6.624150997469364643e-01 0.000000000000000000e+00
6.674743144394041927e-01 0.000000000000000000e+00
6.725721690320105584e-01 0.000000000000000000e+00
6.777089586381226383e-01 0.000000000000000000e+00
6.828849806250443244e-01 0.000000000000000000e+00
6.881005346312309978e-01 0.000000000000000000e+00
6.933559225836360973e-01 0.000000000000000000e+00
6.986514487151883612e-01 0.000000000000000000e+00
7.039874195824046277e-01 0.000000000000000000e+00
7.093641440831359724e-01 0.000000000000000000e+00
7.147819334744500708e-01 0.000000000000000000e+00
7.202411013906493409e-01 0.000000000000000000e+00
7.257419638614276414e-01 0.000000000000000000e+00
7.312848393301645267e-01 0.000000000000000000e+00
7.368700486723602783e-01 0.000000000000000000e+00
7.424979152142111571e-01 0.000000000000000000e+00
7.481687647513268757e-01 0.000000000000000000e+00
7.538829255675907337e-01 0.000000000000000000e+00
7.596407284541633054e-01 0.000000000000000000e+00
7.654425067286326767e-01 0.000000000000000000e+00
7.712885962543096774e-01 0.000000000000000000e+00
7.771793354596711056e-01 0.000000000000000000e+00
7.831150653579508347e-01 0.000000000000000000e+00
7.890961295668817987e-01 0.000000000000000000e+00
7.951228743285869704e-01 0.000000000000000000e+00
8.011956485296237718e-01 0.000000000000000000e+00
8.073148037211809180e-01 0.000000000000000000e+00
8.134806941394295832e-01 0.000000000000000000e+00
8.196936767260303291e-01 1.905729107794154847e-06
8.259541111487957998e-01 1.079376064465966420e-04
8.322623598225118435e-01 8.705882552688440877e-04
8.386187879299183967e-01 4.097538439896019312e-03
8.450237634428487965e-01 1.104359503161666395e-02
8.514776571435325181e-01 3.287883958813823948e-02
8.579808426460586723e-01 8.412711183066322318e-02
8.645336964180048156e-01 1.873654481035834096e-01
8.711365978022310719e-01 3.771982280226749418e-01
8.777899290388395670e-01 6.762023793802650617e-01
8.844940752873023948e-01 1.108897078464554431e+00
8.912494246487583371e-01 1.679153894429558980e+00
8.980563681884800031e-01 2.364826401142760659e+00
9.049152999585122759e-01 3.130757526747204977e+00
9.118266170204843979e-01 3.911637732706674697e+00
9.187907194685952517e-01 4.626503072415513174e+00
9.258080104527748322e-01 5.250405415829694888e+00
9.328788962020224673e-01 5.774001019827345260e+00
9.400037860479233398e-01 6.133860186248691448e+00
9.471830924483448655e-01 6.372202333116129047e+00
9.544172310113129276e-01 6.452181159256454634e+00
9.617066205190725192e-01 6.391803643694849768e+00
9.690516829523299069e-01 6.222394379135820053e+00
9.764528435146813123e-01 5.976543606107764361e+00
9.839105306572277776e-01 5.674491524943158893e+00
9.914251761033785471e-01 5.347682632032363159e+00
9.989972148738428537e-01 4.982622486914956461e+00
1.006627085311812886e+00 4.605939855908209424e+00
1.014315229108340155e+00 4.237440723006875132e+00
1.022062091327904820e+00 3.872401405861345847e+00
1.029868120434179746e+00 3.520709144842990579e+00
1.037733768315991956e+00 3.189495605747238560e+00
1.045659490313482376e+00 2.881744231753719632e+00
1.053645745244466525e+00 2.599522392085024336e+00
1.061692995430993491e+00 2.344897148657500097e+00
1.069801706726111412e+00 2.114007255180248901e+00
1.077972348540833902e+00 1.904775703417046051e+00
1.086205393871315206e+00 1.712497439762522333e+00
1.094501319326231403e+00 1.537562847995582072e+00
1.102860605154371676e+00 1.376648047682385689e+00
1.111283735272438733e+00 1.234710946297290279e+00
1.119771197293064180e+00 1.109720863330431406e+00
1.128323482553034385e+00 9.956417396576857648e-01
1.136941086141734836e+00 8.940161005423146179e-01
1.145624506929811659e+00 7.996370258523115560e-01
1.154374247598049186e+00 7.180854046312636907e-01
1.163190814666471562e+00 6.443139963803661274e-01
1.172074718523663961e+00 5.796513279156917386e-01
1.181026473456318726e+00 5.211480710132100347e-01
1.190046597679009999e+00 4.729542189104239402e-01
1.199135613364188391e+00 4.254709966478614214e-01
1.208294046672413469e+00 3.843635624065740442e-01
1.217522427782810501e+00 3.467212939911359371e-01
1.226821290923763907e+00 3.124288981641603624e-01
1.236191174403842963e+00 2.812817758821767322e-01
1.245632620642964428e+00 2.553668139361074951e-01
1.255146176203792763e+00 2.289679082633237495e-01
1.264732391823380597e+00 2.076068995466567035e-01
1.274391822445051226e+00 1.894208146751348298e-01
1.284125027250524465e+00 1.714729775255367239e-01
1.293932569692285650e+00 1.566643518992835715e-01
1.303815017526205322e+00 1.419433775256673524e-01
1.313772942844406266e+00 1.300331771680525161e-01
1.323806922108381467e+00 1.189666733782292624e-01
1.333917536182366304e+00 1.089790983950430087e-01
1.344105370366962093e+00 9.927835937655017651e-02
1.354371014433021658e+00 9.146877666850984634e-02
1.364715062655789790e+00 8.398911626420145493e-02
1.375138113849305288e+00 7.752971844333807205e-02
1.385640771401068339e+00 7.093340419568174016e-02
1.396223643306966578e+00 6.503992041874287477e-02
1.406887342206475600e+00 6.003135146401863964e-02
1.417632485418122146e+00 5.525211183862729220e-02
1.428459694975221517e+00 5.114275706705549013e-02
1.439369597661886768e+00 4.703444230390294023e-02
1.450362825049312576e+00 4.337390842157860110e-02
1.461440013532337545e+00 4.012231263926629987e-02
1.472601804366283851e+00 3.703923045256470731e-02
1.483848843704080878e+00 3.391791978484539477e-02
1.495181782633669076e+00 3.169770248536418755e-02
1.506601277215691814e+00 2.952358646174597576e-02
1.518107988521476326e+00 2.677532486100399692e-02
1.529702582671299993e+00 2.491631930703873746e-02
1.541385730872953275e+00 2.333559941148871317e-02
1.553158109460597069e+00 2.155513168700903121e-02
1.565020399933912287e+00 1.999403089776644743e-02
1.576973288997555844e+00 1.872746930493465051e-02
1.589017468600909977e+00 1.709117691370521178e-02
1.601153635978140644e+00 1.615085429189072608e-02
1.613382493688560348e+00 1.541278912712933623e-02
1.625704749657298942e+00 1.417639334053664296e-02
1.638121117216285949e+00 1.312344734271816971e-02
1.650632315145542872e+00 1.226404906733135833e-02
1.663239067714795461e+00 1.148124842674026758e-02
1.675942104725400839e+00 1.087872365647399309e-02
1.688742161552594379e+00 9.896350465864159687e-03
1.701639979188063201e+00 9.311440877074736444e-03
1.714636304282838086e+00 8.743678140024293763e-03
1.727731889190519565e+00 8.145137608358757678e-03
1.740927492010831301e+00 7.687568404168736332e-03
1.754223876633505208e+00 7.101576992250139761e-03
1.767621812782504076e+00 6.746439121441958828e-03
1.781122076060578596e+00 6.300471244685537653e-03
1.794725447994169887e+00 6.002596777271405892e-03
1.808432716078648639e+00 5.507018786832245001e-03
1.822244673823904648e+00 5.248760885305321991e-03
1.836162120800284292e+00 4.869071903747376404e-03
1.850185862684873506e+00 4.627440018190512490e-03
1.864316711308142471e+00 4.266311850946840831e-03
1.878555484700939138e+00 4.181393411977035214e-03
1.892903007141845784e+00 3.737608600528590733e-03
1.907360109204898402e+00 3.580745494899209916e-03
1.921927627807664241e+00 3.459248180917332167e-03
1.936606406259693713e+00 3.196915229678434084e-03
1.951397294311338904e+00 2.976926888728158738e-03
1.966301148202944216e+00 2.905787280031215617e-03
1.981318830714416501e+00 2.651226600569105748e-03
1.996451211215167332e+00 2.544815876094531307e-03
2.011699165714443627e+00 2.357246436487008771e-03
2.027063576912038645e+00 2.255871682836779746e-03
2.042545334249390443e+00 2.066974786098481950e-03
2.058145333961072687e+00 1.949248031242184183e-03
2.073864479126675597e+00 1.846146903383923772e-03
2.089703679723088570e+00 1.788053770507648304e-03
2.105663852677174930e+00 1.579413792854345976e-03
2.121745921918852140e+00 1.544597372217414860e-03
2.137950818434581013e+00 1.404675401691756658e-03
2.154279480321258600e+00 1.394874454808944786e-03
2.170732852840524529e+00 1.279527427422908620e-03
2.187311888473481680e+00 1.225375773131810210e-03
2.204017546975835184e+00 1.155643419949538503e-03
2.220850795433451541e+00 1.116008188969450261e-03
2.237812608318344942e+00 1.059777300051901105e-03
2.254903967545088150e+00 9.712939874258703704e-04
2.272125862527654583e+00 9.258446896577571120e-04
2.289479290236696052e+00 8.628912595787611170e-04
2.306965255257257041e+00 7.951593738464178334e-04
2.324584769846928634e+00 8.295306400362320023e-04
2.342338853994450965e+00 7.711601705888730066e-04
2.360228535478756218e+00 7.326902002574176703e-04
2.378254849928468584e+00 6.547349641878620619e-04
2.396418840881856305e+00 6.425799093028994715e-04
2.414721559847241572e+00 6.183114211184647215e-04
2.433164066363873168e+00 5.356994436282864992e-04
2.451747428063260070e+00 5.776553556556808479e-04
2.470472720730979344e+00 5.161182583697683773e-04
2.489341028368951214e+00 4.663556595092449076e-04
2.508353443258192428e+00 4.928156513134187428e-04
2.527511066022048780e+00 4.443322814316165914e-04
2.546815005689907707e+00 4.546140383008953818e-04
2.566266379761402039e+00 3.858369310984613768e-04
2.585866314271100030e+00 4.113665400845343103e-04
2.605615943853691441e+00 3.842018815270931598e-04
2.625516411809674544e+00 3.413098568110502586e-04
2.645568870171534748e+00 3.132761388499094080e-04
2.665774479770441019e+00 3.155509971992994257e-04
2.686134410303444575e+00 2.991619907662039870e-04
2.706649840401191387e+00 3.021080578874433078e-04
2.727321957696154264e+00 2.756940965263909317e-04
2.748151958891383195e+00 2.662388513445415432e-04
2.769141049829782819e+00 2.392526760625273774e-04
2.790290445563917920e+00 2.189596190607756392e-04
2.811601370426352720e+00 2.222603594005522908e-04
2.833075058100528398e+00 2.046099705805758627e-04
2.854712751692177974e+00 1.975420005146430837e-04
2.876515703801291846e+00 1.873348437305115562e-04
2.898485176594628676e+00 1.718732181331409032e-04
2.920622441878783171e+00 1.844752248567304285e-04
2.942928781173810293e+00 1.687263195326268496e-04
2.965405485787410811e+00 1.642789870247578937e-04
2.988053856889687943e+00 1.436520407030916129e-04
3.010875205588466663e+00 1.378777476333283827e-04
3.033870853005199208e+00 1.337399138441814944e-04
3.057042130351439457e+00 1.429673696466996445e-04
3.080390379005908841e+00 1.256285234878087625e-04
3.103916950592149782e+00 1.191202425673575284e-04
3.127623207056766663e+00 1.177241892476173869e-04
3.151510520748272093e+00 1.287532492207602724e-04
3.175580274496530464e+00 9.666035420076780937e-05
3.199833861692807702e+00 1.042805259996450016e-04
3.224272686370440510e+00 1.030164804227998946e-04
3.248898163286108698e+00 9.979225524444445921e-05
3.273711718001736770e+00 8.610976048921596487e-05
3.298714786967021251e+00 9.924087188123408563e-05
3.323908817602584165e+00 7.679806773602096729e-05
3.349295268383767343e+00 7.904521815534505235e-05
3.374875608925059112e+00 8.123319325790399642e-05
3.400651320065169791e+00 7.738405828354169233e-05
3.426623893952761790e+00 7.407786414939384961e-05
3.452794834132823176e+00 6.804568645948868872e-05
3.479165655633714493e+00 6.032682231753857762e-05
3.505737885054867498e+00 6.346254874886109914e-05
3.532513060655161574e+00 6.296600720347569696e-05
3.559492732441974283e+00 5.590945678766296828e-05
3.586678462260907807e+00 6.026410292398509433e-05
3.614071823886209955e+00 4.679431480513161496e-05
3.641674403111871072e+00 5.335507572036619537e-05
3.669487797843431487e+00 4.738580567995373657e-05
3.697513618190481299e+00 4.661645468143197263e-05
3.725753486559869376e+00 5.213367276610622212e-05
3.754209037749625999e+00 3.673179139598188716e-05
3.782881919043597829e+00 3.727889922033937554e-05
3.811773790306809850e+00 4.561649348231078580e-05
3.840886324081555170e+00 4.119442844161654086e-05
3.870221205684216237e+00 3.520521035626688266e-05
3.899780133302832574e+00 4.297838931291781463e-05
3.929564818095400369e+00 3.427361186445268131e-05
3.959576984288936341e+00 3.600530924128235314e-05
3.989818369279292121e+00 3.730889459224674600e-05
4.020290723731728910e+00 2.960863614749025387e-05
4.050995811682269299e+00 2.321065409674227434e-05
4.081935410639808026e+00 2.302833110176034196e-05
4.113111311689019445e+00 2.933776319080284262e-05
4.144525319594036361e+00 2.608310812918291204e-05
4.176179252902931793e+00 2.100664937795041124e-05
4.208074944052993871e+00 2.308658786256842049e-05
4.240214239476800984e+00 2.659797989958716510e-05
4.272598999709120271e+00 2.199670138046767585e-05
4.305231099494601921e+00 2.074760370393660984e-05
4.338112427896314571e+00 2.454531648665838955e-05
4.371244888405103168e+00 1.611908812000559853e-05
4.404630399049775491e+00 1.778615597500698053e-05
4.438270892508145771e+00 1.518801436339141965e-05
4.472168316218908757e+00 1.786255100866711556e-05
4.506324632494379756e+00 1.252171898454722156e-05
4.540741818634090876e+00 1.690133449206779868e-05
4.575421867039255019e+00 1.300799069618971075e-05
4.610366785328114503e+00 1.359348132874791102e-05
4.645578596452149434e+00 1.213351713755169773e-05
4.681059338813191140e+00 1.405340656509170146e-05
4.716811066381425555e+00 1.261520761911704359e-05
4.752835848814294550e+00 1.416999786651162521e-05
4.789135771576313871e+00 1.275413635010382880e-05
4.825712936059790792e+00 1.297981425341204145e-05
4.862569459706477915e+00 1.127304176831039205e-05
4.899707476130153339e+00 1.087320801786096674e-05
4.937129135240129862e+00 1.079298941220729264e-05
4.974836603365720755e+00 9.767293304791995203e-06
5.012832063381637226e+00 9.692728184630003760e-06
5.051117714834363781e+00 7.750692664016728726e-06
5.089695774069483036e+00 6.769970872903583181e-06
5.128568474359980200e+00 8.242065401690883692e-06
5.167738066035535205e+00 9.992050865669623984e-06
5.207206816612779399e+00 8.721940216319092203e-06
5.246977010926572760e+00 7.460065932087032242e-06
5.287050951262264320e+00 6.820494507753283176e-06
5.327430957488979324e+00 9.708246851198482988e-06
5.368119367193910918e+00 5.545202832788253916e-06
5.409118535817638573e+00 8.976975414838662303e-06
5.450430836790491895e+00 8.621906967665982996e-06
5.492058661669943831e+00 6.563415254531775100e-06
5.534004420279054592e+00 5.658952873173524850e-06
5.576270540845982282e+00 4.775330620950576318e-06
5.618859470144546009e+00 6.410968938564827707e-06
5.661773673635872584e+00 5.807524539614839254e-06
5.705015635611118796e+00 5.494902688767151930e-06
5.748587859335287931e+00 5.721405634277077900e-06
5.792492867192146733e+00 5.143589580366113978e-06
5.836733200830237500e+00 5.905634930001529019e-06
5.881311421310018162e+00 5.061826137599123152e-06
5.926230109252122347e+00 4.757523611644475153e-06
5.971491864986748332e+00 4.721655370336353960e-06
6.017099308704191074e+00 4.944553535431673150e-06
6.063055080606527092e+00 4.394067432013385252e-06
6.109361841060454879e+00 3.591684914452023337e-06
6.156022270751298819e+00 2.801963075663406808e-06
6.203039070838196167e+00 3.283593637053924548e-06
6.250414963110467070e+00 3.759886678770558948e-06
6.298152690145174759e+00 2.236167849027178771e-06
6.346255015465900762e+00 3.701557179530097833e-06
6.394724723702712943e+00 4.162042885650670965e-06
6.443564620753374328e+00 4.133287065947484989e-06
6.492777533945774948e+00 2.655081577306053523e-06
6.542366312201600920e+00 2.870677170422059026e-06
6.592333826201270064e+00 3.563931748454616406e-06
6.642682968550095879e+00 2.593263626329125868e-06
6.693416653945753581e+00 2.575218859937710621e-06
6.744537819347007357e+00 2.785753237880579009e-06
6.796049424143726370e+00 3.231545446562270846e-06
6.847954450328215259e+00 2.518020661651357067e-06
6.900255902667822738e+00 2.950284615386276813e-06
6.952956808878900219e+00 1.125657684122056070e-06
7.006060219802071387e+00 2.233555512647697371e-06
7.059569209578839377e+00 1.775816366957745317e-06
7.113486875829561740e+00 3.080087772629630571e-06
7.167816339832755901e+00 8.734152361121183352e-07
7.222560746705797285e+00 3.036276589190584679e-06
7.277723265586987011e+00 2.153830962119139743e-06
7.333307089819009583e+00 1.923563696595426589e-06
7.389315437133804565e+00 1.275000630781141861e-06
7.445751549838826477e+00 1.052962804781930717e-06
7.502618695004750649e+00 1.042911277519984778e-06
7.559920164654601038e+00 1.245162841303304654e-06
7.617659275954320464e+00 2.260173603410061821e-06
7.675839371404808986e+00 2.647674008974523077e-06
7.734463819035411802e+00 2.024992876255750249e-06
7.793536012598893947e+00 2.010795095676033910e-06
7.853059371767910690e+00 1.594775059861359888e-06
7.913037342332964741e+00 1.384785937126766719e-06
7.973473396401889346e+00 1.571488548910300881e-06
8.034371032600834184e+00 1.171164464365340722e-06
8.095733776276818006e+00 1.354792741230223516e-06
8.157565179701792957e+00 1.922595044244239137e-07
8.219868822278293408e+00 7.613353223352750539e-07
8.282648310746649756e+00 1.324309046377786606e-06
8.345907279393774303e+00 1.688091097308085768e-06
8.409649390263549407e+00 9.324520439157566092e-07
8.473878333368830340e+00 1.481740191732439485e-06
8.538597826905046873e+00 1.467815944394623096e-06
8.603811617465460415e+00 5.463123614595293643e-07
8.669523480258041204e+00 7.229777742428348743e-07
8.735737219324033020e+00 1.253865093768766340e-06
8.802456667758143283e+00 7.132483877674001866e-07
8.869685687930459750e+00 1.234874898452496461e-06
8.937428171710028124e+00 5.252287437883338206e-07
9.005688040690165153e+00 1.218543258044072677e-06
9.074469246415468149e+00 0.000000000000000000e+00
9.143775770610570675e+00 6.852606925921278633e-07
9.213611625410646155e+00 1.701875357776945612e-07
9.283980853593664762e+00 1.012548978248543868e-06
9.354887528814433750e+00 6.693765079967974886e-07
9.426335755840423047e+00 1.496037124875318492e-06
9.498329670789374291e+00 1.319877731994070520e-06
9.570873441368757284e+00 4.915523296909266368e-07
9.643971267117024126e+00 3.247561428989492232e-07
9.717627379646726737e+00 8.062005273414996617e-07
9.791846042889485346e+00 9.592854444938310073e-07
9.866631553342816829e+00 6.353538608870502855e-07
9.941988240318867298e+00 4.722334130337747308e-07
1.001792046619502941e+01 9.382426939546068106e-07
1.009443262666647811e+01 3.109551921425377010e-07
1.017152915100063915e+01 3.074811766294386820e-07
1.024921450229360431e+01 3.048108174281850943e-07
1.032749317772848840e+01 7.597896696738164233e-07
1.040636970883577561e+01 1.499737476152394155e-07
1.048584866175564301e+01 5.979343434285405298e-07
1.056593463750229134e+01 7.418203516980994195e-07
1.064663227223031328e+01 1.473233780971054153e-07
1.072794623750306187e+01 5.838492821063877283e-07
1.080988124056310262e+01 4.346032310283981112e-07
1.089244202460468713e+01 4.308200199142289761e-07
1.097563336904835118e+01 4.278383744491376613e-07
1.105946008981760897e+01 4.242759252140158703e-07
1.114392703961772924e+01 2.806605819079188565e-07
1.122903910821665363e+01 4.187656523103261249e-07
1.131480122272806810e+01 2.760475658784263656e-07
1.140121834789663069e+01 5.487745085941060546e-07
1.148829548638539144e+01 2.731823906087738049e-07
1.157603767906538295e+01 0.000000000000000000e+00
1.166445000530744025e+01 5.368515697099660428e-07
1.175353758327623055e+01 1.330035964757872818e-07
1.184330557022655483e+01 3.962579891051447808e-07
1.193375916280191262e+01 3.942160338196211628e-07
1.202490359733531022e+01 2.606054164000881745e-07
1.211674415015240314e+01 2.583150202026999477e-07
1.220928613787693706e+01 3.844159025549800712e-07
1.230253491773851593e+01 5.097473823468378642e-07
1.239649588788276091e+01 0.000000000000000000e+00
1.249117448768377869e+01 6.267452943320017099e-07
1.258657619805906158e+01 3.724483915576417220e-07
1.268270654178675727e+01 2.467837851518895865e-07
1.277957108382539175e+01 3.674467019157325292e-07
1.287717543163603651e+01 1.214415726589502266e-07
1.297552523550690928e+01 1.206933539250356729e-07
1.307462618888047245e+01 3.591829057844514205e-07
1.317448402868301116e+01 1.193140045142518276e-07
1.327510453565674453e+01 2.358608250048031241e-07
1.337649353469450197e+01 0.000000000000000000e+00
1.347865689517689169e+01 2.324837160148593480e-07
1.358160053131209644e+01 2.305839068312972706e-07
1.368533040247822186e+01 4.579469273689691046e-07
1.378985251356829522e+01 1.133646581442456212e-07
1.389517291533790910e+01 0.000000000000000000e+00
1.400129770475546920e+01 0.000000000000000000e+00
1.410823302535516532e+01 1.109204552571986554e-07
1.421598506759258740e+01 4.407224039921243179e-07
1.432456006920312142e+01 2.182435889367753399e-07
1.443396431556304549e+01 0.000000000000000000e+00
1.454420414005338102e+01 3.232149699165052325e-07
1.465528592442653633e+01 1.066200356207590331e-07
1.476721609917572842e+01 1.063112798904666108e-07
1.488000114390725059e+01 0.000000000000000000e+00
1.499364758771559814e+01 4.176595268459032933e-07
1.510816200956140420e+01 1.033543153339863399e-07
1.522355103865231740e+01 1.031801381775496854e-07
1.533982135482673925e+01 1.024936406813986278e-07
1.545697968894052465e+01 0.000000000000000000e+00
1.557503282325665950e+01 1.005352265585180067e-07
1.569398759183785330e+01 0.000000000000000000e+00
1.581385088094217650e+01 2.970401762552878636e-07
1.593462962942168204e+01 9.851697396151773776e-08
1.605633082912410003e+01 2.932834573252538059e-07
1.617896152529763043e+01 0.000000000000000000e+00
1.630252881699875189e+01 9.595648105827262445e-08
1.642703985750318907e+01 1.909893326913929233e-07
1.655250185472002045e+01 0.000000000000000000e+00
1.667892207160893037e+01 0.000000000000000000e+00
1.680630782660069400e+01 0.000000000000000000e+00
1.693466649402079582e+01 9.238397023503024102e-08
1.706400550451636988e+01 2.756543002485211518e-07
1.719433234548630907e+01 9.134474452022966271e-08
1.732565456151473171e+01 2.710170482874895331e-07
1.745797975480775932e+01 0.000000000000000000e+00
1.759131558563357700e+01 8.880692137512446263e-08
1.772566977276590450e+01 1.765721864393765973e-07
1.786105009393079257e+01 0.000000000000000000e+00
1.799746438625691525e+01 0.000000000000000000e+00
1.813492054672925491e+01 0.000000000000000000e+00
1.827342653264623351e+01 8.588755884016616291e-08
1.841299036208040008e+01 8.481019786082787440e-08
1.855362011434253589e+01 0.000000000000000000e+00
1.869532393044939056e+01 8.410362533349587612e-08
1.883811001359499926e+01 8.298196943979096918e-08
1.898198662962550998e+01 2.477812734762814098e-07
1.912696210751772696e+01 0.000000000000000000e+00
1.927304483986123529e+01 0.000000000000000000e+00
1.942024328334427707e+01 0.000000000000000000e+00
1.956856595924331188e+01 1.598700945943682717e-07
1.971802145391628613e+01 0.000000000000000000e+00
1.986861841929972172e+01 0.000000000000000000e+00
2.002036557340952783e+01 0.000000000000000000e+00
2.017327170084572430e+01 0.000000000000000000e+00
2.032734565330098775e+01 7.735108513601081290e-08
2.048259635007306656e+01 0.000000000000000000e+00
2.063903277858106478e+01 1.515986433985082578e-07
2.079666399488577966e+01 7.507135379893748449e-08
2.095549912421395078e+01 0.000000000000000000e+00
2.111554736148649880e+01 7.431910473990395104e-08
2.127681797185082857e+01 7.363344321707170154e-08
2.143932029121715743e+01 0.000000000000000000e+00
2.160306372679898601e+01 0.000000000000000000e+00
2.176805775765772211e+01 0.000000000000000000e+00
2.193431193525134404e+01 7.125908787038109377e-08
2.210183588398740895e+01 0.000000000000000000e+00
2.227063930178012185e+01 0.000000000000000000e+00
2.244073196061181008e+01 0.000000000000000000e+00
2.261212370709861119e+01 1.384790955155091280e-07
2.278482446306047393e+01 0.000000000000000000e+00
2.295884422609555031e+01 0.000000000000000000e+00
2.313419307015891846e+01 6.788526733394617173e-08
2.331088114614578188e+01 0.000000000000000000e+00
2.348891868247912029e+01 0.000000000000000000e+00
2.366831598570178841e+01 0.000000000000000000e+00
2.384908344107317646e+01 6.590241010987329741e-08
2.403123151317036843e+01 0.000000000000000000e+00
2.421477074649395789e+01 0.000000000000000000e+00
2.439971176607850367e+01 0.000000000000000000e+00
2.458606527810756148e+01 0.000000000000000000e+00
2.477384207053348675e+01 0.000000000000000000e+00
2.496305301370191287e+01 6.262251183232906802e-08
2.515370906098105408e+01 0.000000000000000000e+00
2.534582124939582215e+01 0.000000000000000000e+00
2.553940070026671805e+01 6.125896056654106386e-08
2.573445861985366534e+01 0.000000000000000000e+00
2.593100630000469309e+01 6.031742555580125178e-08
2.612905511880966003e+01 6.004091388540200799e-08
2.632861654125893835e+01 0.000000000000000000e+00
2.652970211990708549e+01 0.000000000000000000e+00
2.673232349554165310e+01 0.000000000000000000e+00
2.693649239785701255e+01 0.000000000000000000e+00
2.714222064613342411e+01 0.000000000000000000e+00
2.734952014992126834e+01 0.000000000000000000e+00
2.755840290973046081e+01 0.000000000000000000e+00
2.776888101772517103e+01 0.000000000000000000e+00
2.798096665842379238e+01 5.597789535261866086e-08
2.819467210940434398e+01 5.569974529122986290e-08
2.841000974201522311e+01 0.000000000000000000e+00
2.862699202209135763e+01 0.000000000000000000e+00
2.884563151067587228e+01 0.000000000000000000e+00
2.906594086474717642e+01 5.397482887477263770e-08
2.928793283795175029e+01 5.334870382522759752e-08
2.951162028134242377e+01 0.000000000000000000e+00
2.973701614412232175e+01 0.000000000000000000e+00
2.996413347439450092e+01 0.000000000000000000e+00
3.019298541991724250e+01 0.000000000000000000e+00
3.042358522886523176e+01 5.162634639166945058e-08
3.065594625059649658e+01 0.000000000000000000e+00
3.089008193642516886e+01 5.072683034699377045e-08
3.112600584040018958e+01 0.000000000000000000e+00
3.136373162008992921e+01 0.000000000000000000e+00
3.160327303737282278e+01 0.000000000000000000e+00
3.184464395923409441e+01 0.000000000000000000e+00
3.208785835856844670e+01 0.000000000000000000e+00
3.233293031498900660e+01 0.000000000000000000e+00
3.257987401564231078e+01 0.000000000000000000e+00
3.282870375602964685e+01 4.778333035902869000e-08
3.307943394083464739e+01 0.000000000000000000e+00
3.333207908475711889e+01 4.685365070463890501e-08
3.358665381335332967e+01 0.000000000000000000e+00
3.384317286388262858e+01 0.000000000000000000e+00
3.410165108616060081e+01 0.000000000000000000e+00
3.436210344341879619e+01 0.000000000000000000e+00
3.462454501317083100e+01 0.000000000000000000e+00
3.488899098808531107e+01 0.000000000000000000e+00
3.515545667686525633e+01 4.450441248998399436e-08
3.542395750513435360e+01 0.000000000000000000e+00
3.569450901632996676e+01 0.000000000000000000e+00
3.596712687260290409e+01 0.000000000000000000e+00
3.624182685572413476e+01 0.000000000000000000e+00
3.651862486799832652e+01 0.000000000000000000e+00
3.679753693318444618e+01 0.000000000000000000e+00
3.707857919742345842e+01 0.000000000000000000e+00
3.736176793017290265e+01 0.000000000000000000e+00
3.764711952514880267e+01 0.000000000000000000e+00
3.793465050127463911e+01 0.000000000000000000e+00
3.822437750363764764e+01 0.000000000000000000e+00
3.851631730445244273e+01 0.000000000000000000e+00
3.881048680403189621e+01 0.000000000000000000e+00
3.910690303176554039e+01 0.000000000000000000e+00
3.940558314710532528e+01 0.000000000000000000e+00
3.970654444055901422e+01 0.000000000000000000e+00
4.000980433469116804e+01 0.000000000000000000e+00
4.031538038513167521e+01 0.000000000000000000e+00
4.062329028159209088e+01 0.000000000000000000e+00
4.093355184888959997e+01 0.000000000000000000e+00
4.124618304797896684e+01 0.000000000000000000e+00
4.156120197699230800e+01 0.000000000000000000e+00
4.187862687228675185e+01 0.000000000000000000e+00
4.219847610950009198e+01 0.000000000000000000e+00
4.252076820461459761e+01 0.000000000000000000e+00
4.284552181502894541e+01 0.000000000000000000e+00
4.317275574063820898e+01 0.000000000000000000e+00
4.350248892492221842e+01 0.000000000000000000e+00
4.383474045604216940e+01 0.000000000000000000e+00
4.416952956794561658e+01 0.000000000000000000e+00
4.450687564148002906e+01 0.000000000000000000e+00
4.484679820551461660e+01 0.000000000000000000e+00
4.518931693807093097e+01 0.000000000000000000e+00
4.553445166746195127e+01 3.445305154733718973e-08
4.588222237343995147e+01 0.000000000000000000e+00
4.623264918835322135e+01 0.000000000000000000e+00
4.658575239831141346e+01 3.374861782783304000e-08
4.694155244435995655e+01 0.000000000000000000e+00
4.730006992366332952e+01 0.000000000000000000e+00
4.766132559069743735e+01 0.000000000000000000e+00
4.802534035845116023e+01 0.000000000000000000e+00
4.839213529963691940e+01 0.000000000000000000e+00
4.876173164791060799e+01 0.000000000000000000e+00
4.913415079910075178e+01 0.000000000000000000e+00
4.950941431244714153e+01 0.000000000000000000e+00
4.988754391184892256e+01 0.000000000000000000e+00
5.026856148712214889e+01 0.000000000000000000e+00
5.065248909526700771e+01 0.000000000000000000e+00
5.103934896174460789e+01 0.000000000000000000e+00
5.142916348176368757e+01 0.000000000000000000e+00
5.182195522157707757e+01 0.000000000000000000e+00
5.221774691978801286e+01 0.000000000000000000e+00
5.261656148866648408e+01 0.000000000000000000e+00
5.301842201547557920e+01 0.000000000000000000e+00
5.342335176380803574e+01 0.000000000000000000e+00
5.383137417493298926e+01 0.000000000000000000e+00
5.424251286915296077e+01 0.000000000000000000e+00
5.465679164717121807e+01 0.000000000000000000e+00
5.507423449146955363e+01 0.000000000000000000e+00
5.549486556769667800e+01 0.000000000000000000e+00
5.591870922606719319e+01 0.000000000000000000e+00
5.634579000277113892e+01 0.000000000000000000e+00
5.677613262139447414e+01 0.000000000000000000e+00
5.720976199435020249e+01 0.000000000000000000e+00
5.764670322432060345e+01 0.000000000000000000e+00
5.808698160571049129e+01 0.000000000000000000e+00
5.853062262611141620e+01 0.000000000000000000e+00
5.897765196777716312e+01 0.000000000000000000e+00
5.942809550911043459e+01 0.000000000000000000e+00
5.988197932616098740e+01 0.000000000000000000e+00
6.033932969413523040e+01 0.000000000000000000e+00
6.080017308891720518e+01 0.000000000000000000e+00
6.126453618860131201e+01 0.000000000000000000e+00
6.173244587503663183e+01 0.000000000000000000e+00
6.220392923538312857e+01 0.000000000000000000e+00
6.267901356367983112e+01 0.000000000000000000e+00
6.315772636242475357e+01 0.000000000000000000e+00
6.364009534416704383e+01 0.000000000000000000e+00
6.412614843311123991e+01 0.000000000000000000e+00
6.461591376673376885e+01 0.000000000000000000e+00
6.510941969741192281e+01 0.000000000000000000e+00
6.560669479406510618e+01 0.000000000000000000e+00
6.610776784380868776e+01 0.000000000000000000e+00
6.661266785362042242e+01 0.000000000000000000e+00
6.712142405201964834e+01 0.000000000000000000e+00
6.763406589075952979e+01 0.000000000000000000e+00
6.815062304653176284e+01 0.000000000000000000e+00
6.867112542268469610e+01 0.000000000000000000e+00
6.919560315095429814e+01 0.000000000000000000e+00
6.972408659320856827e+01 0.000000000000000000e+00
7.025660634320522036e+01 0.000000000000000000e+00
7.079319322836265371e+01 0.000000000000000000e+00
7.133387831154462333e+01 0.000000000000000000e+00
7.187869289285829666e+01 0.000000000000000000e+00
7.242766851146639340e+01 0.000000000000000000e+00
7.298083694741293925e+01 0.000000000000000000e+00
7.353823022346294636e+01 0.000000000000000000e+00
7.409988060695627610e+01 0.000000000000000000e+00
7.466582061167545703e+01 0.000000000000000000e+00
7.523608299972798363e+01 0.000000000000000000e+00
7.581070078344298224e+01 0.000000000000000000e+00
7.638970722728217311e+01 0.000000000000000000e+00
7.697313584976564016e+01 0.000000000000000000e+00
7.756102042541199637e+01 0.000000000000000000e+00
7.815339498669379736e+01 0.000000000000000000e+00
7.875029382600763483e+01 0.000000000000000000e+00
7.935175149765926506e+01 0.000000000000000000e+00
7.995780281986401405e+01 0.000000000000000000e+00
8.056848287676226050e+01 0.000000000000000000e+00
8.118382702045050792e+01 0.000000000000000000e+00
8.180387087302804616e+01 0.000000000000000000e+00
8.242865032865888963e+01 0.000000000000000000e+00
8.305820155564990159e+01 0.000000000000000000e+00
8.369256099854430886e+01 0.000000000000000000e+00
8.433176538023161584e+01 0.000000000000000000e+00
8.497585170407356259e+01 0.000000000000000000e+00
8.562485725604614117e+01 0.000000000000000000e+00
8.627881960689798291e+01 0.000000000000000000e+00
8.693777661432541493e+01 0.000000000000000000e+00
8.760176642516411505e+01 0.000000000000000000e+00
8.827082747759727965e+01 0.000000000000000000e+00
8.894499850338092983e+01 0.000000000000000000e+00
8.962431853008587268e+01 0.000000000000000000e+00
9.030882688335715613e+01 0.000000000000000000e+00
9.099856318919067633e+01 0.000000000000000000e+00
9.169356737622699427e+01 0.000000000000000000e+00
9.239387967806285928e+01 0.000000000000000000e+00
9.309954063558021176e+01 0.000000000000000000e+00
9.381059109929316264e+01 0.000000000000000000e+00
9.452707223171287865e+01 0.000000000000000000e+00
9.524902550973044413e+01 0.000000000000000000e+00
9.597649272701789869e+01 0.000000000000000000e+00
9.670951599644754992e+01 0.000000000000000000e+00
9.744813775253007293e+01 0.000000000000000000e+00
9.819240075387101285e+01 0.000000000000000000e+00
9.894234808564596051e+01 0.000000000000000000e+00
9.969802316209487003e+01 0.000000000000000000e+00
1.004594697290351206e+02 0.000000000000000000e+00
1.012267318663940330e+02 0.000000000000000000e+00
1.019998539907607551e+02 0.000000000000000000e+00
1.027788808579573896e+02 0.000000000000000000e+00
1.035638575656300304e+02 0.000000000000000000e+00
1.043548295558592258e+02 0.000000000000000000e+00
1.051518426177907060e+02 0.000000000000000000e+00
1.059549428902863042e+02 0.000000000000000000e+00
1.067641768645947025e+02 0.000000000000000000e+00
1.075795913870428819e+02 0.000000000000000000e+00
1.084012336617479093e+02 0.000000000000000000e+00
1.092291512533496842e+02 0.000000000000000000e+00
1.100633920897645339e+02 0.000000000000000000e+00
1.109040044649596268e+02 0.000000000000000000e+00
1.117510370417487309e+02 0.000000000000000000e+00
1.126045388546091885e+02 0.000000000000000000e+00
1.134645593125205778e+02 0.000000000000000000e+00
1.143311482018251581e+02 0.000000000000000000e+00
1.152043556891097040e+02 0.000000000000000000e+00
1.160842323241099052e+02 0.000000000000000000e+00
1.169708290426363391e+02 0.000000000000000000e+00
1.178641971695234076e+02 0.000000000000000000e+00
1.187643884216004722e+02 0.000000000000000000e+00
1.196714549106856964e+02 0.000000000000000000e+00
1.205854491466028264e+02 0.000000000000000000e+00
1.215064240402207503e+02 0.000000000000000000e+00
1.224344329065167187e+02 0.000000000000000000e+00
1.233695294676628009e+02 0.000000000000000000e+00
1.243117678561356172e+02 0.000000000000000000e+00
1.252612026178502873e+02 0.000000000000000000e+00
1.262178887153177698e+02 0.000000000000000000e+00
1.271818815308268711e+02 0.000000000000000000e+00
1.281532368696502999e+02 0.000000000000000000e+00
1.291320109632751496e+02 0.000000000000000000e+00
1.301182604726581644e+02 0.000000000000000000e+00
1.311120424915058038e+02 0.000000000000000000e+00
1.321134145495791472e+02 0.000000000000000000e+00
1.331224346160248615e+02 0.000000000000000000e+00
1.341391611027304975e+02 0.000000000000000000e+00
1.351636528677061619e+02 0.000000000000000000e+00
1.361959692184915980e+02 0.000000000000000000e+00
1.372361699155896986e+02 0.000000000000000000e+00
1.382843151759259683e+02 0.000000000000000000e+00
1.393404656763344747e+02 0.000000000000000000e+00
1.404046825570703732e+02 0.000000000000000000e+00
1.414770274253492062e+02 0.000000000000000000e+00
1.425575623589134011e+02 0.000000000000000000e+00
1.436463499096261103e+02 0.000000000000000000e+00
1.447434531070921366e+02 0.000000000000000000e+00
1.458489354623067129e+02 0.000000000000000000e+00
1.469628609713321055e+02 0.000000000000000000e+00
1.480852941190023273e+02 0.000000000000000000e+00
1.492162998826563580e+02 0.000000000000000000e+00
1.503559437358994160e+02 0.000000000000000000e+00
1.515042916523934196e+02 0.000000000000000000e+00
1.526614101096758418e+02 0.000000000000000000e+00
1.538273660930082656e+02 0.000000000000000000e+00
1.550022270992544691e+02 0.000000000000000000e+00
1.561860611407872170e+02 0.000000000000000000e+00
1.573789367494260318e+02 0.000000000000000000e+00
1.585809229804039546e+02 0.000000000000000000e+00
1.597920894163653998e+02 0.000000000000000000e+00
1.610125061713944206e+02 0.000000000000000000e+00
1.622422438950733863e+02 0.000000000000000000e+00
1.634813737765729229e+02 0.000000000000000000e+00
1.647299675487729473e+02 0.000000000000000000e+00
1.659880974924153065e+02 0.000000000000000000e+00
1.672558364402883058e+02 0.000000000000000000e+00
1.685332577814427282e+02 0.000000000000000000e+00
1.698204354654404540e+02 0.000000000000000000e+00
1.711174440066350826e+02 0.000000000000000000e+00
1.724243584884858365e+02 0.000000000000000000e+00
1.737412545679041500e+02 0.000000000000000000e+00
1.750682084796334834e+02 0.000000000000000000e+00
1.764052970406620489e+02 0.000000000000000000e+00
1.777525976546700690e+02 0.000000000000000000e+00
1.791101883165108575e+02 0.000000000000000000e+00
1.804781476167256642e+02 0.000000000000000000e+00
1.818565547460933089e+02 0.000000000000000000e+00
1.832454895002142905e+02 0.000000000000000000e+00
1.846450322841304228e+02 0.000000000000000000e+00
1.860552641169795152e+02 0.000000000000000000e+00
1.874762666366852955e+02 0.000000000000000000e+00
1.889081221046837413e+02 0.000000000000000000e+00
1.903509134106845408e+02 0.000000000000000000e+00
1.918047240774702118e+02 0.000000000000000000e+00
1.932696382657309186e+02 0.000000000000000000e+00
1.947457407789366925e+02 0.000000000000000000e+00
1.962331170682464574e+02 0.000000000000000000e+00
1.977318532374547715e+02 0.000000000000000000e+00
1.992420360479763985e+02 0.000000000000000000e+00
