1.003818764619345688e-01 0.000000000000000000e+00
1.011485459784472879e-01 0.000000000000000000e+00
1.019210709558087680e-01 0.000000000000000000e+00
1.026994961152724595e-01 0.000000000000000000e+00
1.034838665196517182e-01 0.000000000000000000e+00
1.042742275759283854e-01 0.000000000000000000e+00
1.050706250378814766e-01 0.000000000000000000e+00
1.058731050087358544e-01 0.000000000000000000e+00
1.066817139438310941e-01 0.000000000000000000e+00
1.074964986533107902e-01 0.000000000000000000e+00
1.083175063048323894e-01 0.000000000000000000e+00
1.091447844262976724e-01 0.000000000000000000e+00
1.099783809086041647e-01 0.000000000000000000e+00
1.108183440084175297e-01 0.000000000000000000e+00
1.116647223509651676e-01 0.000000000000000000e+00
1.125175649328510052e-01 0.000000000000000000e+00
1.133769211248920050e-01 0.000000000000000000e+00
1.142428406749761566e-01 0.000000000000000000e+00
1.151153737109424230e-01 0.000000000000000000e+00
1.159945707434826001e-01 0.000000000000000000e+00
1.168804826690653942e-01 0.000000000000000000e+00
1.177731607728827179e-01 0.000000000000000000e+00
1.186726567318187042e-01 0.000000000000000000e+00
1.195790226174411192e-01 0.000000000000000000e+00
1.204923108990159364e-01 0.000000000000000000e+00
1.214125744465446438e-01 0.000000000000000000e+00
1.223398665338249064e-01 0.000000000000000000e+00
1.232742408415345714e-01 0.000000000000000000e+00
1.242157514603392660e-01 0.000000000000000000e+00
1.251644528940235868e-01 0.000000000000000000e+00
1.261204000626464650e-01 0.000000000000000000e+00
1.270836483057203870e-01 0.000000000000000000e+00
1.280542533854148735e-01 0.000000000000000000e+00
1.290322714897847722e-01 0.000000000000000000e+00
1.300177592360227119e-01 0.000000000000000000e+00
1.310107736737369521e-01 0.000000000000000000e+00
1.320113722882536866e-01 0.000000000000000000e+00
1.330196130039449920e-01 0.000000000000000000e+00
1.340355541875820067e-01 0.000000000000000000e+00
1.350592546517138115e-01 0.000000000000000000e+00
1.360907736580721228e-01 0.000000000000000000e+00
1.371301709210017705e-01 0.000000000000000000e+00
1.381775066109176553e-01 0.000000000000000000e+00
1.392328413577879620e-01 0.000000000000000000e+00
1.402962362546441299e-01 0.000000000000000000e+00
1.413677528611173018e-01 0.000000000000000000e+00
1.424474532070021393e-01 0.000000000000000000e+00
1.435353997958477290e-01 0.000000000000000000e+00
1.446316556085757710e-01 0.000000000000000000e+00
1.457362841071265513e-01 0.000000000000000000e+00
1.468493492381329202e-01 0.000000000000000000e+00
1.479709154366219692e-01 0.000000000000000000e+00
1.491010476297450760e-01 0.000000000000000000e+00
1.502398112405367581e-01 0.000000000000000000e+00
1.513872721917017827e-01 0.000000000000000000e+00
1.525434969094315862e-01 0.000000000000000000e+00
1.537085523272495868e-01 0.000000000000000000e+00
1.548825058898858631e-01 0.000000000000000000e+00
1.560654255571816418e-01 0.000000000000000000e+00
1.572573798080234009e-01 0.000000000000000000e+00
1.584584376443071152e-01 0.000000000000000000e+00
1.596686685949328388e-01 0.000000000000000000e+00
1.608881427198295411e-01 0.000000000000000000e+00
1.621169306140110011e-01 0.000000000000000000e+00
1.633551034116623724e-01 0.000000000000000000e+00
1.646027327902583326e-01 0.000000000000000000e+00
1.658598909747124317e-01 0.000000000000000000e+00
1.671266507415579139e-01 0.000000000000000000e+00
1.684030854231611252e-01 0.000000000000000000e+00
1.696892689119663122e-01 0.000000000000000000e+00
1.709852756647735894e-01 0.000000000000000000e+00
1.722911807070489909e-01 0.000000000000000000e+00
1.736070596372676911e-01 0.000000000000000000e+00
1.749329886312905313e-01 0.000000000000000000e+00
1.762690444467736595e-01 0.000000000000000000e+00
1.776153044276120585e-01 0.000000000000000000e+00
1.789718465084169652e-01 0.000000000000000000e+00
1.803387492190275665e-01 0.000000000000000000e+00
1.817160916890568911e-01 0.000000000000000000e+00
1.831039536524727285e-01 0.000000000000000000e+00
1.845024154522134641e-01 0.000000000000000000e+00
1.859115580448389149e-01 0.000000000000000000e+00
1.873314630052169971e-01 0.000000000000000000e+00
1.887622125312461430e-01 0.000000000000000000e+00
1.902038894486135501e-01 0.000000000000000000e+00
1.916565772155901515e-01 0.000000000000000000e+00
1.931203599278616956e-01 0.000000000000000000e+00
1.945953223233973239e-01 0.000000000000000000e+00
1.960815497873548141e-01 0.000000000000000000e+00
1.975791283570236256e-01 0.000000000000000000e+00
1.990881447268055271e-01 0.000000000000000000e+00
2.006086862532332482e-01 0.000000000000000000e+00
2.021408409600277400e-01 0.000000000000000000e+00
2.036846975431935991e-01 0.000000000000000000e+00
2.052403453761537377e-01 0.000000000000000000e+00
2.068078745149232178e-01 0.000000000000000000e+00
2.083873757033224972e-01 0.000000000000000000e+00
2.099789403782307273e-01 0.000000000000000000e+00
2.115826606748788530e-01 0.000000000000000000e+00
2.131986294321833453e-01 0.000000000000000000e+00
2.148269401981205418e-01 0.000000000000000000e+00
2.164676872351422587e-01 0.000000000000000000e+00
2.181209655256325375e-01 0.000000000000000000e+00
2.197868707774061070e-01 0.000000000000000000e+00
2.214654994292489798e-01 0.000000000000000000e+00
2.231569486565012084e-01 0.000000000000000000e+00
2.248613163766823297e-01 0.000000000000000000e+00
2.265787012551598312e-01 0.000000000000000000e+00
2.283092027108608313e-01 0.000000000000000000e+00
2.300529209220272819e-01 0.000000000000000000e+00
2.318099568320156068e-01 0.000000000000000000e+00
2.335804121551398604e-01 0.000000000000000000e+00
2.353643893825602684e-01 0.000000000000000000e+00
2.371619917882162865e-01 0.000000000000000000e+00
2.389733234348050406e-01 0.000000000000000000e+00
2.407984891798055638e-01 0.000000000000000000e+00
2.426375946815489959e-01 0.000000000000000000e+00
2.444907464053350243e-01 0.000000000000000000e+00
2.463580516295952316e-01 0.000000000000000000e+00
2.482396184521032390e-01 0.000000000000000000e+00
2.501355557962327558e-01 0.000000000000000000e+00
2.520459734172627586e-01 0.000000000000000000e+00
2.539709819087314635e-01 0.000000000000000000e+00
2.559106927088385386e-01 0.000000000000000000e+00
2.578652181068959992e-01 0.000000000000000000e+00
2.598346712498288968e-01 0.000000000000000000e+00
2.618191661487251354e-01 0.000000000000000000e+00
2.638188176854358025e-01 0.000000000000000000e+00
2.658337416192252944e-01 0.000000000000000000e+00
2.678640545934727890e-01 0.000000000000000000e+00
2.699098741424248438e-01 0.000000000000000000e+00
2.719713186979990649e-01 0.000000000000000000e+00
2.740485075966404560e-01 0.000000000000000000e+00
2.761415610862294479e-01 0.000000000000000000e+00
2.782506003330433297e-01 0.000000000000000000e+00
2.803757474287703610e-01 0.000000000000000000e+00
2.825171253975775620e-01 0.000000000000000000e+00
2.846748582032325170e-01 0.000000000000000000e+00
2.868490707562799669e-01 0.000000000000000000e+00
2.890398889212724143e-01 0.000000000000000000e+00
2.912474395240567393e-01 0.000000000000000000e+00
2.934718503591156602e-01 0.000000000000000000e+00
2.957132501969662597e-01 0.000000000000000000e+00
2.979717687916139113e-01 0.000000000000000000e+00
3.002475368880643813e-01 0.000000000000000000e+00
3.025406862298920529e-01 0.000000000000000000e+00
3.048513495668665474e-01 0.000000000000000000e+00
3.071796606626379655e-01 0.000000000000000000e+00
3.095257543024800828e-01 0.000000000000000000e+00
3.118897663010932186e-01 0.000000000000000000e+00
3.142718335104664473e-01 0.000000000000000000e+00
3.166720938277997055e-01 0.000000000000000000e+00
3.190906862034871283e-01 0.000000000000000000e+00
3.215277506491602821e-01 0.000000000000000000e+00
3.239834282457938475e-01 0.000000000000000000e+00
3.264578611518724749e-01 0.000000000000000000e+00
3.289511926116204799e-01 0.000000000000000000e+00
3.314635669632940984e-01 0.000000000000000000e+00
3.339951296475371922e-01 0.000000000000000000e+00
3.365460272158006805e-01 0.000000000000000000e+00
3.391164073388266975e-01 0.000000000000000000e+00
3.417064188151969217e-01 0.000000000000000000e+00
3.443162115799464074e-01 0.000000000000000000e+00
3.469459367132436967e-01 0.000000000000000000e+00
3.495957464491361577e-01 0.000000000000000000e+00
3.522657941843635454e-01 0.000000000000000000e+00
3.549562344872373987e-01 0.000000000000000000e+00
3.576672231065893826e-01 0.000000000000000000e+00
3.603989169807875204e-01 0.000000000000000000e+00
3.631514742468208712e-01 0.000000000000000000e+00
3.659250542494547620e-01 0.000000000000000000e+00
3.687198175504546316e-01 0.000000000000000000e+00
3.715359259378811507e-01 0.000000000000000000e+00
3.743735424354559527e-01 0.000000000000000000e+00
3.772328313119991394e-01 0.000000000000000000e+00
3.801139580909387861e-01 0.000000000000000000e+00
3.830170895598929426e-01 0.000000000000000000e+00
3.859423937803250215e-01 0.000000000000000000e+00
3.888900400972727933e-01 0.000000000000000000e+00
3.918601991491514891e-01 0.000000000000000000e+00
3.948530428776324541e-01 0.000000000000000000e+00
3.978687445375965748e-01 0.000000000000000000e+00
4.009074787071638113e-01 0.000000000000000000e+00
4.039694212977997800e-01 0.000000000000000000e+00
4.070547495644989411e-01 0.000000000000000000e+00
4.101636421160458901e-01 0.000000000000000000e+00
4.132962789253552538e-01 0.000000000000000000e+00
4.164528413398899120e-01 0.000000000000000000e+00
4.196335120921593775e-01 0.000000000000000000e+00
4.228384753102979454e-01 0.000000000000000000e+00
4.260679165287238890e-01 0.000000000000000000e+00
4.293220226988802568e-01 0.000000000000000000e+00
4.326009822000570493e-01 0.000000000000000000e+00
4.359049848502964952e-01 0.000000000000000000e+00
4.392342219173819284e-01 0.000000000000000000e+00
4.425888861299096533e-01 0.000000000000000000e+00
4.459691716884466306e-01 0.000000000000000000e+00
4.493752742767720409e-01 0.000000000000000000e+00
4.528073910732057783e-01 0.000000000000000000e+00
4.562657207620228750e-01 0.000000000000000000e+00
4.597504635449554122e-01 0.000000000000000000e+00
4.632618211527818053e-01 0.000000000000000000e+00
4.667999968570054614e-01 0.000000000000000000e+00
4.703651954816218117e-01 0.000000000000000000e+00
4.739576234149754375e-01 0.000000000000000000e+00
4.775774886217079018e-01 0.000000000000000000e+00
4.812250006547968972e-01 0.000000000000000000e+00
4.849003706676870973e-01 0.000000000000000000e+00
4.886038114265137677e-01 0.000000000000000000e+00
4.923355373224197473e-01 0.000000000000000000e+00
4.960957643839665199e-01 0.000000000000000000e+00
4.998847102896398775e-01 0.000000000000000000e+00
5.037025943804516182e-01 0.000000000000000000e+00
5.075496376726369441e-01 0.000000000000000000e+00
5.114260628704487832e-01 0.000000000000000000e+00
5.153320943790506981e-01 0.000000000000000000e+00
5.192679583175066060e-01 0.000000000000000000e+00
5.232338825318720854e-01 0.000000000000000000e+00
5.272300966083831586e-01 0.000000000000000000e+00
5.312568318867476602e-01 0.000000000000000000e+00
5.353143214735371913e-01 0.000000000000000000e+00
5.394028002556814361e-01 0.000000000000000000e+00
5.435225049140661735e-01 0.000000000000000000e+00
5.476736739372339846e-01 0.000000000000000000e+00
5.518565476351910970e-01 0.000000000000000000e+00
5.560713681533180353e-01 0.000000000000000000e+00
5.603183794863880740e-01 0.000000000000000000e+00
5.645978274926913842e-01 0.000000000000000000e+00
5.689099599082683145e-01 0.000000000000000000e+00
5.732550263612503638e-01 0.000000000000000000e+00
5.776332783863111775e-01 0.000000000000000000e+00
5.820449694392276774e-01 0.000000000000000000e+00
5.864903549115527692e-01 0.000000000000000000e+00
5.909696921454001828e-01 0.000000000000000000e+00
5.954832404483410002e-01 0.000000000000000000e+00
6.000312611084158698e-01 0.000000000000000000e+00
6.046140174092602404e-01 0.000000000000000000e+00
6.092317746453459471e-01 0.000000000000000000e+00
6.138848001373393704e-01 0.000000000000000000e+00
6.185733632475765020e-01 0.000000000000000000e+00
6.232977353956554722e-01 0.000000000000000000e+00
6.280581900741497581e-01 0.000000000000000000e+00
6.328550028644405190e-01 0.000000000000000000e+00
6.376884514526697245e-01 0.000000000000000000e+00
6.425588156458151845e-01 0.000000000000000000e+00
6.474663773878889250e-01 0.000000000000000000e+00
6.524114207762584661e-01 0.000000000000000000e+00
6.573942320780932214e-01 0.000000000000000000e+00
6.624150997469364643e-01 0.000000000000000000e+00
6.674743144394041927e-01 0.000000000000000000e+00
6.725721690320105584e-01 0.000000000000000000e+00
6.777089586381226383e-01 0.000000000000000000e+00
6.828849806250443244e-01 2.290856355812950168e-06
6.881005346312309978e-01 0.000000000000000000e+00
6.933559225836360973e-01 1.807408695601915734e-05
6.986514487151883612e-01 3.362751208087016807e-05
7.039874195824046277e-01 6.001523605247233525e-05
7.093641440831359724e-01 1.743388700646470216e-04
7.147819334744500708e-01 3.899312542412667563e-04
7.202411013906493409e-01 8.499923527177617255e-04
7.257419638614276414e-01 1.863996280064920182e-03
7.312848393301645267e-01 3.470909691415181939e-03
7.368700486723602783e-01 6.683281147341749162e-03
7.424979152142111571e-01 1.250875832905826157e-02
7.481687647513268757e-01 2.117074720216076747e-02
7.538829255675907337e-01 3.548056637128094160e-02
7.596407284541633054e-01 5.633853089381690715e-02
7.654425067286326767e-01 8.658972680330652427e-02
7.712885962543096774e-01 1.282477638611794202e-01
7.771793354596711056e-01 1.843606668000467852e-01
7.831150653579508347e-01 2.567287647189684385e-01
7.890961295668817987e-01 3.504422820941090477e-01
7.951228743285869704e-01 4.629438626258099987e-01
8.011956485296237718e-01 5.968485516350571229e-01
8.073148037211809180e-01 7.523908737404545466e-01
8.134806941394295832e-01 9.259127323157134715e-01
8.196936767260303291e-01 1.118459110740783302e+00
8.259541111487957998e-01 1.327957170277529242e+00
8.322623598225118435e-01 1.546625479584602170e+00
8.386187879299183967e-01 1.774277901964433468e+00
8.450237634428487965e-01 2.004353225197727184e+00
8.514776571435325181e-01 2.230371705801710736e+00
8.579808426460586723e-01 2.454032672828107664e+00
8.645336964180048156e-01 2.658750749480162767e+00
8.711365978022310719e-01 2.857724929375377698e+00
8.777899290388395670e-01 3.033939181301390509e+00
8.844940752873023948e-01 3.189890695151664790e+00
8.912494246487583371e-01 3.321349363959597234e+00
8.980563681884800031e-01 3.438354633895482237e+00
9.049152999585122759e-01 3.517722201812396587e+00
9.118266170204843979e-01 3.576309828163651172e+00
9.187907194685952517e-01 3.619518640362514805e+00
9.258080104527748322e-01 3.631596826907654840e+00
9.328788962020224673e-01 3.621226401383898619e+00
9.400037860479233398e-01 3.593876625263172642e+00
9.471830924483448655e-01 3.548666184334491103e+00
9.544172310113129276e-01 3.489323811599119196e+00
9.617066205190725192e-01 3.408768562032125971e+00
9.690516829523299069e-01 3.324420580657098778e+00
9.764528435146813123e-01 3.225335693795318370e+00
9.839105306572277776e-01 3.119058121501813829e+00
9.914251761033785471e-01 3.007076161202932862e+00
9.989972148738428537e-01 2.889323891435950920e+00
1.006627085311812886e+00 2.775297375405796796e+00
1.014315229108340155e+00 2.648950164945063079e+00
1.022062091327904820e+00 2.529548445170861637e+00
1.029868120434179746e+00 2.408608929652007902e+00
1.037733768315991956e+00 2.290505796219319379e+00
1.045659490313482376e+00 2.172926522068872934e+00
1.053645745244466525e+00 2.059718437952274162e+00
1.061692995430993491e+00 1.947368239441755522e+00
1.069801706726111412e+00 1.836607988067877617e+00
1.077972348540833902e+00 1.733067669868882277e+00
1.086205393871315206e+00 1.636167496383916120e+00
1.094501319326231403e+00 1.537578902828147909e+00
1.102860605154371676e+00 1.445211167895037008e+00
1.111283735272438733e+00 1.358907372763970889e+00
1.119771197293064180e+00 1.276297319196762148e+00
1.128323482553034385e+00 1.198288295019672489e+00
1.136941086141734836e+00 1.120956217704944802e+00
1.145624506929811659e+00 1.053437073620481890e+00
1.154374247598049186e+00 9.876619402028820049e-01
1.163190814666471562e+00 9.240702391642137137e-01
1.172074718523663961e+00 8.685572928395143277e-01
1.181026473456318726e+00 8.096182657096029356e-01
1.190046597679009999e+00 7.593710206623176528e-01
1.199135613364188391e+00 7.093192312484504214e-01
1.208294046672413469e+00 6.647584235295230792e-01
1.217522427782810501e+00 6.214009963733417852e-01
1.226821290923763907e+00 5.813296281838727930e-01
1.236191174403842963e+00 5.440697168169249531e-01
1.245632620642964428e+00 5.109678239969250857e-01
1.255146176203792763e+00 4.758828163468398209e-01
1.264732391823380597e+00 4.459646560586999486e-01
1.274391822445051226e+00 4.190449552704716973e-01
1.284125027250524465e+00 3.908909309796520515e-01
1.293932569692285650e+00 3.664124257130089712e-01
1.303815017526205322e+00 3.430661925248557620e-01
1.313772942844406266e+00 3.213939238035236623e-01
1.323806922108381467e+00 3.007850875154015058e-01
1.333917536182366304e+00 2.824977965611907837e-01
1.344105370366962093e+00 2.643361254156105233e-01
1.354371014433021658e+00 2.470786860746195801e-01
1.364715062655789790e+00 2.329073539447465424e-01
1.375138113849305288e+00 2.177559294924001632e-01
1.385640771401068339e+00 2.050961220029889343e-01
1.396223643306966578e+00 1.907714575276706070e-01
1.406887342206475600e+00 1.807519839900593173e-01
1.417632485418122146e+00 1.696974552340586306e-01
1.428459694975221517e+00 1.588836170239864287e-01
1.439369597661886768e+00 1.490639250994106324e-01
1.450362825049312576e+00 1.405315776344600309e-01
1.461440013532337545e+00 1.324990693941779096e-01
1.472601804366283851e+00 1.243735680664939114e-01
1.483848843704080878e+00 1.169491797138609290e-01
1.495181782633669076e+00 1.099718099504468916e-01
1.506601277215691814e+00 1.040253174950071524e-01
1.518107988521476326e+00 9.764811113211556426e-02
1.529702582671299993e+00 9.190640988302119230e-02
1.541385730872953275e+00 8.702915878109492021e-02
1.553158109460597069e+00 8.181866964017220356e-02
1.565020399933912287e+00 7.750678899414545353e-02
1.576973288997555844e+00 7.338059058940551993e-02
1.589017468600909977e+00 6.912260524226583602e-02
1.601153635978140644e+00 6.545852475281398186e-02
1.613382493688560348e+00 6.139385630006449768e-02
1.625704749657298942e+00 5.836709449844870029e-02
1.638121117216285949e+00 5.504598545886371652e-02
1.650632315145542872e+00 5.168427733644102851e-02
1.663239067714795461e+00 4.934554132747935584e-02
1.675942104725400839e+00 4.697837056369590092e-02
1.688742161552594379e+00 4.401555211047082639e-02
1.701639979188063201e+00 4.223650543079999348e-02
1.714636304282838086e+00 3.981523557815699887e-02
1.727731889190519565e+00 3.801206723479478439e-02
1.740927492010831301e+00 3.538579266740139034e-02
1.754223876633505208e+00 3.398234798636253634e-02
1.767621812782504076e+00 3.189382800428349624e-02
1.781122076060578596e+00 3.034497934319448781e-02
1.794725447994169887e+00 2.854356769050511375e-02
1.808432716078648639e+00 2.764010217062929167e-02
1.822244673823904648e+00 2.633502178102104657e-02
1.836162120800284292e+00 2.483236675406502031e-02
1.850185862684873506e+00 2.360254124265983092e-02
1.864316711308142471e+00 2.243055952523989247e-02
1.878555484700939138e+00 2.122213542353370772e-02
1.892903007141845784e+00 2.045693645580511436e-02
1.907360109204898402e+00 1.935749229230581195e-02
1.921927627807664241e+00 1.853482112016670638e-02
1.936606406259693713e+00 1.765957859716392811e-02
1.951397294311338904e+00 1.680478258255194493e-02
1.966301148202944216e+00 1.608211368016966916e-02
1.981318830714416501e+00 1.514886662132452176e-02
1.996451211215167332e+00 1.452159856099836076e-02
2.011699165714443627e+00 1.378031070687926740e-02
2.027063576912038645e+00 1.318213433953686203e-02
2.042545334249390443e+00 1.259472162539636980e-02
2.058145333961072687e+00 1.181383438759219841e-02
2.073864479126675597e+00 1.153712278430883524e-02
2.089703679723088570e+00 1.093440313331997364e-02
2.105663852677174930e+00 1.049695270436466071e-02
2.121745921918852140e+00 9.996694751196424922e-03
2.137950818434581013e+00 9.671895340905319396e-03
2.154279480321258600e+00 9.253031834561975186e-03
2.170732852840524529e+00 8.764103138459844802e-03
2.187311888473481680e+00 8.336046388027040788e-03
2.204017546975835184e+00 7.985923485677498893e-03
2.220850795433451541e+00 7.629057668445706625e-03
2.237812608318344942e+00 7.405612634598672875e-03
2.254903967545088150e+00 7.152342387423295603e-03
2.272125862527654583e+00 6.776448388256897139e-03
2.289479290236696052e+00 6.470449945399091123e-03
2.306965255257257041e+00 6.087263675924196697e-03
2.324584769846928634e+00 5.910554844344195410e-03
2.342338853994450965e+00 5.645617293713787142e-03
2.360228535478756218e+00 5.393782648564401580e-03
2.378254849928468584e+00 5.286328697199023201e-03
2.396418840881856305e+00 5.133808292128313848e-03
2.414721559847241572e+00 4.912246551006672034e-03
2.433164066363873168e+00 4.550764097415600437e-03
2.451747428063260070e+00 4.429671469325138257e-03
2.470472720730979344e+00 4.219822190910952654e-03
2.489341028368951214e+00 4.144449940366595926e-03
2.508353443258192428e+00 3.933263188233680589e-03
2.527511066022048780e+00 3.789149695991851727e-03
2.546815005689907707e+00 3.679445258025168444e-03
2.566266379761402039e+00 3.408429609132662425e-03
2.585866314271100030e+00 3.366174120716126320e-03
2.605615943853691441e+00 3.213952032710649682e-03
2.625516411809674544e+00 3.073635978445894961e-03
2.645568870171534748e+00 2.914924613105028713e-03
2.665774479770441019e+00 2.852209929245402929e-03
2.686134410303444575e+00 2.799818350137456714e-03
2.706649840401191387e+00 2.657178243547190719e-03
2.727321957696154264e+00 2.558128877725713950e-03
2.748151958891383195e+00 2.454036939752368522e-03
2.769141049829782819e+00 2.382156264762844752e-03
2.790290445563917920e+00 2.357303996448630468e-03
2.811601370426352720e+00 2.228066964739121823e-03
2.833075058100528398e+00 2.097268029055196405e-03
2.854712751692177974e+00 2.022721556181372119e-03
2.876515703801291846e+00 1.963209034198519498e-03
2.898485176594628676e+00 1.922823848995639136e-03
2.920622441878783171e+00 1.839185739054304209e-03
2.942928781173810293e+00 1.760321456462035725e-03
2.965405485787410811e+00 1.658158212503211063e-03
2.988053856889687943e+00 1.679654214752211499e-03
3.010875205588466663e+00 1.580613033337205636e-03
3.033870853005199208e+00 1.593440802339864040e-03
3.057042130351439457e+00 1.479886415627277522e-03
3.080390379005908841e+00 1.432034279574795604e-03
3.103916950592149782e+00 1.344879254886562807e-03
3.127623207056766663e+00 1.328172200449559805e-03
3.151510520748272093e+00 1.269959158610613984e-03
3.175580274496530464e+00 1.261000007405389421e-03
3.199833861692807702e+00 1.228249889088896089e-03
3.224272686370440510e+00 1.224240753032183188e-03
3.248898163286108698e+00 1.114254282175712769e-03
3.273711718001736770e+00 1.071870658924936257e-03
3.298714786967021251e+00 1.038069103289995451e-03
3.323908817602584165e+00 1.045764331085736109e-03
3.349295268383767343e+00 9.723229852807785878e-04
3.374875608925059112e+00 9.617349749481543314e-04
3.400651320065169791e+00 9.069565974879390024e-04
3.426623893952761790e+00 8.813222074602490965e-04
3.452794834132823176e+00 8.356470101521576693e-04
3.479165655633714493e+00 8.320471202815239286e-04
3.505737885054867498e+00 8.341832245830437366e-04
3.532513060655161574e+00 7.933186316073123460e-04
3.559492732441974283e+00 7.762736875328589458e-04
3.586678462260907807e+00 7.517289937804248236e-04
3.614071823886209955e+00 6.886592277003537920e-04
3.641674403111871072e+00 6.749344650608228319e-04
3.669487797843431487e+00 6.496981252852486325e-04
3.697513618190481299e+00 6.282888122962097463e-04
3.725753486559869376e+00 6.377978440984137304e-04
3.754209037749625999e+00 5.904191099009340696e-04
3.782881919043597829e+00 5.921686328844135089e-04
3.811773790306809850e+00 5.753142764241669233e-04
3.840886324081555170e+00 5.648595625030338645e-04
3.870221205684216237e+00 5.354777636778677114e-04
3.899780133302832574e+00 5.104871163783214830e-04
3.929564818095400369e+00 5.023369791369124279e-04
3.959576984288936341e+00 4.929684676320038534e-04
3.989818369279292121e+00 4.805577773110110223e-04
4.020290723731728910e+00 4.527681058076845396e-04
4.050995811682269299e+00 4.520699119060337420e-04
4.081935410639808026e+00 4.233225059532625865e-04
4.113111311689019445e+00 4.174552923410945900e-04
4.144525319594036361e+00 3.979883884625084697e-04
4.176179252902931793e+00 3.739472598559323612e-04
4.208074944052993871e+00 3.696795828904838005e-04
4.240214239476800984e+00 3.845470975436441176e-04
4.272598999709120271e+00 3.523312067298964918e-04
4.305231099494601921e+00 3.511275324436387269e-04
4.338112427896314571e+00 3.275188367102003150e-04
4.371244888405103168e+00 3.296613106068252267e-04
4.404630399049775491e+00 3.079815156882258773e-04
4.438270892508145771e+00 2.989537365794884519e-04
4.472168316218908757e+00 3.057744688435453978e-04
4.506324632494379756e+00 2.909292828207176839e-04
4.540741818634090876e+00 2.973859120264276323e-04
4.575421867039255019e+00 2.725484948746819303e-04
4.610366785328114503e+00 2.514156853383937330e-04
4.645578596452149434e+00 2.539150321293910640e-04
4.681059338813191140e+00 2.456717102142101823e-04
4.716811066381425555e+00 2.427595466592553496e-04
4.752835848814294550e+00 2.458465195880089882e-04
4.789135771576313871e+00 2.243872514925909583e-04
4.825712936059790792e+00 2.272466918049224698e-04
4.862569459706477915e+00 2.293745607889483625e-04
4.899707476130153339e+00 2.058843681801160431e-04
4.937129135240129862e+00 2.112985656653812167e-04
4.974836603365720755e+00 2.150669645284907449e-04
5.012832063381637226e+00 2.059290122841230051e-04
5.051117714834363781e+00 1.780130541546950560e-04
5.089695774069483036e+00 1.815859117966648944e-04
5.128568474359980200e+00 1.878207336629512470e-04
5.167738066035535205e+00 1.782303761181888192e-04
5.207206816612779399e+00 1.823047763402433339e-04
5.246977010926572760e+00 1.644814254675669256e-04
5.287050951262264320e+00 1.709626056890935870e-04
5.327430957488979324e+00 1.523256607935190266e-04
5.368119367193910918e+00 1.561227740038416444e-04
5.409118535817638573e+00 1.592765385059434209e-04
5.450430836790491895e+00 1.439826177743979264e-04
5.492058661669943831e+00 1.360784365856731657e-04
5.534004420279054592e+00 1.358592954554104914e-04
5.576270540845982282e+00 1.429991592096381396e-04
5.618859470144546009e+00 1.299010923823742947e-04
5.661773673635872584e+00 1.231142813963067694e-04
5.705015635611118796e+00 1.260525361218055112e-04
5.748587859335287931e+00 1.201708392747916825e-04
5.792492867192146733e+00 1.182008556803247325e-04
5.836733200830237500e+00 1.156713176271696400e-04
5.881311421310018162e+00 1.105352320367934503e-04
5.926230109252122347e+00 1.009745383944485298e-04
5.971491864986748332e+00 1.064934444636753624e-04
6.017099308704191074e+00 1.012798964812837969e-04
6.063055080606527092e+00 1.004888001711431891e-04
6.109361841060454879e+00 9.616068301514124508e-05
6.156022270751298819e+00 9.134112863057475696e-05
6.203039070838196167e+00 9.925336882940304735e-05
6.250414963110467070e+00 8.772003938257557699e-05
6.298152690145174759e+00 8.604926229581245933e-05
6.346255015465900762e+00 8.812734018637289159e-05
6.394724723702712943e+00 8.158415347985250828e-05
6.443564620753374328e+00 7.706285174417155958e-05
6.492777533945774948e+00 7.359474088693676228e-05
6.542366312201600920e+00 8.188783423682076119e-05
6.592333826201270064e+00 7.413909145604445487e-05
6.642682968550095879e+00 7.097996839080161552e-05
6.693416653945753581e+00 6.716513965879541785e-05
6.744537819347007357e+00 6.758063346607950483e-05
6.796049424143726370e+00 6.754125351413678955e-05
6.847954450328215259e+00 7.022884508518645991e-05
6.900255902667822738e+00 6.902636880905729517e-05
6.952956808878900219e+00 6.827304614739839080e-05
7.006060219802071387e+00 6.372477142558122568e-05
7.059569209578839377e+00 5.880119691929695103e-05
7.113486875829561740e+00 5.702607435031159858e-05
7.167816339832755901e+00 5.943962810894028447e-05
7.222560746705797285e+00 5.768604790002960142e-05
7.277723265586987011e+00 5.812364427756171317e-05
7.333307089819009583e+00 5.938690355407946070e-05
7.389315437133804565e+00 4.961964281211076475e-05
7.445751549838826477e+00 5.258861255468380753e-05
7.502618695004750649e+00 4.718492310206687289e-05
7.559920164654601038e+00 4.972208697084547896e-05
7.617659275954320464e+00 4.792292869785308933e-05
7.675839371404808986e+00 4.957584762949746038e-05
7.734463819035411802e+00 4.170800070765830512e-05
7.793536012598893947e+00 4.422751490369300850e-05
7.853059371767910690e+00 4.388566700715415076e-05
7.913037342332964741e+00 4.414239170256720375e-05
7.973473396401889346e+00 3.713053590183054649e-05
8.034371032600834184e+00 4.114849012030194833e-05
8.095733776276818006e+00 3.909387761591796688e-05
8.157565179701792957e+00 3.898021747713217833e-05
8.219868822278293408e+00 3.850779798035465512e-05
8.282648310746649756e+00 3.839299234136515497e-05
8.345907279393774303e+00 4.016093760350764594e-05
8.409649390263549407e+00 3.744091510252397039e-05
8.473878333368830340e+00 3.252864096140605952e-05
8.538597826905046873e+00 3.321367707345294272e-05
8.603811617465460415e+00 3.441052058423494449e-05
8.669523480258041204e+00 3.251385795213451268e-05
8.735737219324033020e+00 3.119750699769052049e-05
8.802456667758143283e+00 2.864922386857120243e-05
8.869685687930459750e+00 3.037381299841303230e-05
8.937428171710028124e+00 2.454009724260507359e-05
9.005688040690165153e+00 2.643763402184140738e-05
9.074469246415468149e+00 2.727212038988981182e-05
9.143775770610570675e+00 2.946878145956900413e-05
9.213611625410646155e+00 2.770926404839390674e-05
9.283980853593664762e+00 2.665772427402937798e-05
9.354887528814433750e+00 2.528843947560447335e-05
9.426335755840423047e+00 2.575538563988213233e-05
9.498329670789374291e+00 2.044859840368264546e-05
9.570873441368757284e+00 2.324104754688918238e-05
9.643971267117024126e+00 2.436826319488223416e-05
9.717627379646726737e+00 2.385552188421450844e-05
9.791846042889485346e+00 2.192588524768427383e-05
9.866631553342816829e+00 2.397751837257152926e-05
9.941988240318867298e+00 2.127237210953653203e-05
1.001792046619502941e+01 2.361300282596277353e-05
1.009443262666647811e+01 2.111433066437306112e-05
1.017152915100063915e+01 2.017169354119347641e-05
1.024921450229360431e+01 2.078983997937830001e-05
1.032749317772848840e+01 2.290507762102849960e-05
1.040636970883577561e+01 1.897151743071048306e-05
1.048584866175564301e+01 1.986702298001897824e-05
1.056593463750229134e+01 1.689986780883052838e-05
1.064663227223031328e+01 1.839134311055035827e-05
1.072794623750306187e+01 1.913154630081634870e-05
1.080988124056310262e+01 1.739522514822886584e-05
1.089244202460468713e+01 1.710900637756730938e-05
1.097563336904835118e+01 1.840612686748364395e-05
1.105946008981760897e+01 1.387863639935370994e-05
1.114392703961772924e+01 1.391555626627574965e-05
1.122903910821665363e+01 1.464971114517861446e-05
1.131480122272806810e+01 1.426226866743382546e-05
1.140121834789663069e+01 1.703104030444119125e-05
1.148829548638539144e+01 1.254491415398336368e-05
1.157603767906538295e+01 1.488553231552785955e-05
1.166445000530744025e+01 1.101221333343368275e-05
1.175353758327623055e+01 1.479665082018000386e-05
1.184330557022655483e+01 1.389158161887901790e-05
1.193375916280191262e+01 1.233709621117035688e-05
1.202490359733531022e+01 1.107174649067619159e-05
1.211674415015240314e+01 9.437792103986559946e-06
1.220928613787693706e+01 1.334145487925619146e-05
1.230253491773851593e+01 1.145583760861054952e-05
1.239649588788276091e+01 1.200403634233972679e-05
1.249117448768377869e+01 9.277496185156197678e-06
1.258657619805906158e+01 9.582138347584996104e-06
1.268270654178675727e+01 1.222806649906768343e-05
1.277957108382539175e+01 1.226378859438345280e-05
1.287717543163603651e+01 1.216215270612678766e-05
1.297552523550690928e+01 1.146606667590037625e-05
1.307462618888047245e+01 8.145713971004197644e-06
1.317448402868301116e+01 8.557949393314704683e-06
1.327510453565674453e+01 8.850564963027230918e-06
1.337649353469450197e+01 9.367864968617037772e-06
1.347865689517689169e+01 9.414834945433633512e-06
1.358160053131209644e+01 8.536194274969490076e-06
1.368533040247822186e+01 7.557553452781576348e-06
1.378985251356829522e+01 9.768041154935195003e-06
1.389517291533790910e+01 8.008098864737407975e-06
1.400129770475546920e+01 8.504418244926405815e-06
1.410823302535516532e+01 1.043820430999191934e-05
1.421598506759258740e+01 8.042807391874567995e-06
1.432456006920312142e+01 7.873310070821473695e-06
1.443396431556304549e+01 7.594783387790226353e-06
1.454420414005338102e+01 7.971774718638726835e-06
1.465528592442653633e+01 8.230116878461288013e-06
1.476721609917572842e+01 8.385191728778996985e-06
1.488000114390725059e+01 7.161068539558086551e-06
1.499364758771559814e+01 6.477249129912614710e-06
1.510816200956140420e+01 6.323171815717631526e-06
1.522355103865231740e+01 7.095953730771768128e-06
1.533982135482673925e+01 7.045571867097774337e-06
1.545697968894052465e+01 5.977143018825708788e-06
1.557503282325665950e+01 6.233265086479816933e-06
1.569398759183785330e+01 5.888884446058709729e-06
1.581385088094217650e+01 6.533995994036900260e-06
1.593462962942168204e+01 4.521283817329208116e-06
1.605633082912410003e+01 6.441631818841986631e-06
1.617896152529763043e+01 5.902949053063379889e-06
1.630252881699875189e+01 4.995310717542276496e-06
1.642703985750318907e+01 5.339927848111546313e-06
1.655250185472002045e+01 4.068978219997560233e-06
1.667892207160893037e+01 4.882369988360792856e-06
1.680630782660069400e+01 3.916674324426396969e-06
1.693466649402079582e+01 3.792474003537746001e-06
1.706400550451636988e+01 5.691340897801770529e-06
1.719433234548630907e+01 3.644722782935199199e-06
1.732565456151473171e+01 4.518138514551891669e-06
1.745797975480775932e+01 4.400098216631019118e-06
1.759131558563357700e+01 3.648887509723721278e-06
1.772566977276590450e+01 4.419537146027292736e-06
1.786105009393079257e+01 4.119516193253618485e-06
1.799746438625691525e+01 4.266610245450124051e-06
1.813492054672925491e+01 4.491531333408160776e-06
1.827342653264623351e+01 4.373287243322160205e-06
1.841299036208040008e+01 3.828770174687280093e-06
1.855362011434253589e+01 2.699589135525532309e-06
1.869532393044939056e+01 3.267158941601308118e-06
1.883811001359499926e+01 3.574997298135826196e-06
1.898198662962550998e+01 4.539597878338529261e-06
1.912696210751772696e+01 4.010769644356474021e-06
1.927304483986123529e+01 3.251456929866289027e-06
1.942024328334427707e+01 3.952415753909928873e-06
1.956856595924331188e+01 3.761351933155363755e-06
1.971802145391628613e+01 2.781251243439788197e-06
1.986861841929972172e+01 3.072658412349156877e-06
2.002036557340952783e+01 3.443777227897159553e-06
2.017327170084572430e+01 3.648922726415021979e-06
2.032734565330098775e+01 3.004473760643263386e-06
2.048259635007306656e+01 3.824111760654779167e-06
2.063903277858106478e+01 3.644618693103689702e-06
2.079666399488577966e+01 3.315577156705519789e-06
2.095549912421395078e+01 2.466657544298477230e-06
2.111554736148649880e+01 2.968357252973448985e-06
2.127681797185082857e+01 3.093898698847090836e-06
2.143932029121715743e+01 2.265892981025054848e-06
2.160306372679898601e+01 2.246638136159992315e-06
2.176805775765772211e+01 2.158735365036173006e-06
2.193431193525134404e+01 2.500482924640718512e-06
2.210183588398740895e+01 2.552089252539074285e-06
2.227063930178012185e+01 2.251461431852635562e-06
2.244073196061181008e+01 3.073473524114436669e-06
2.261212370709861119e+01 2.354796895283580439e-06
2.278482446306047393e+01 1.856336016398322867e-06
2.295884422609555031e+01 3.547322530435463128e-06
2.313419307015891846e+01 2.436286812688339938e-06
2.331088114614578188e+01 1.813713595559170253e-06
2.348891868247912029e+01 1.801712392706004820e-06
2.366831598570178841e+01 2.051491973645880588e-06
2.384908344107317646e+01 3.678845932510860398e-06
2.403123151317036843e+01 2.410980236181247861e-06
2.421477074649395789e+01 2.005455902197060968e-06
2.439971176607850367e+01 1.799100244959181481e-06
2.458606527810756148e+01 1.976641334757821391e-06
2.477384207053348675e+01 2.528752168034117599e-06
2.496305301370191287e+01 1.943865746622910758e-06
2.515370906098105408e+01 2.365200902289811390e-06
2.534582124939582215e+01 2.287566786597636726e-06
2.553940070026671805e+01 1.225815346861347969e-06
2.573445861985366534e+01 1.400686026004762987e-06
2.593100630000469309e+01 1.751699741903157465e-06
2.612905511880966003e+01 2.217237298341727514e-06
2.632861654125893835e+01 2.261395950325200499e-06
2.652970211990708549e+01 1.830129141371390064e-06
2.673232349554165310e+01 1.757889564844142216e-06
2.693649239785701255e+01 2.034652955144457972e-06
2.714222064613342411e+01 2.134795429567892095e-06
2.734952014992126834e+01 1.603687750016987272e-06
2.755840290973046081e+01 1.534706688301163000e-06
2.776888101772517103e+01 1.297414418721426704e-06
2.798096665842379238e+01 1.456465805357023005e-06
2.819467210940434398e+01 1.278484503269994637e-06
2.841000974201522311e+01 1.708182938919125143e-06
2.862699202209135763e+01 1.421392640309110743e-06
2.884563151067587228e+01 1.682493450919043395e-06
2.906594086474717642e+01 1.185352803338048004e-06
2.928793283795175029e+01 1.390985397276374961e-06
2.951162028134242377e+01 1.433378431118562921e-06
2.973701614412232175e+01 7.905742803167331267e-07
2.996413347439450092e+01 1.411531820130296086e-06
3.019298541991724250e+01 1.141664180392969385e-06
3.042358522886523176e+01 1.236655897872194435e-06
3.065594625059649658e+01 9.194933701402935698e-07
3.089008193642516886e+01 9.634448935637328962e-07
3.112600584040018958e+01 9.556875740882204312e-07
3.136373162008992921e+01 1.198742245536349829e-06
3.160327303737282278e+01 1.089331482706625328e-06
3.184464395923409441e+01 1.131208819602197207e-06
3.208785835856844670e+01 1.465364797008167804e-06
3.233293031498900660e+01 1.066015599700204851e-06
3.257987401564231078e+01 7.691128617368188581e-07
3.282870375602964685e+01 7.159160487114946313e-07
3.307943394083464739e+01 9.941761403683996159e-07
3.333207908475711889e+01 6.574110386867209127e-07
3.358665381335332967e+01 1.025981361313909609e-06
3.384317286388262858e+01 1.018188927266748052e-06
3.410165108616060081e+01 8.267130318349570161e-07
3.436210344341879619e+01 9.115657960521094662e-07
3.462454501317083100e+01 8.145659116703882606e-07
3.488899098808531107e+01 8.537665342105233966e-07
3.515545667686525633e+01 8.917575895951948865e-07
3.542395750513435360e+01 9.286825639586701508e-07
3.569450901632996676e+01 1.316660293833942996e-06
3.596712687260290409e+01 1.045130970419085499e-06
3.624182685572413476e+01 7.346129964133190974e-07
3.651862486799832652e+01 5.579799633103419091e-07
3.679753693318444618e+01 8.509877549103841602e-07
3.707857919742345842e+01 6.343382434873872380e-07
3.736176793017290265e+01 5.036808846241083263e-07
3.764711952514880267e+01 1.166167104418549733e-06
3.793465050127463911e+01 7.435510510195017277e-07
3.822437750363764764e+01 9.434233022592687123e-07
3.851631730445244273e+01 6.505749551773438799e-07
3.881048680403189621e+01 8.073826942879797664e-07
3.910690303176554039e+01 9.212624603497348834e-07
3.940558314710532528e+01 7.162784472841708554e-07
3.970654444055901422e+01 7.887733805652262176e-07
4.000980433469116804e+01 8.216710702499210832e-07
4.031538038513167521e+01 6.606949316904339351e-07
4.062329028159209088e+01 4.627328781359180559e-07
4.093355184888959997e+01 6.129813399943893240e-07
4.124618304797896684e+01 6.069743404069170187e-07
4.156120197699230800e+01 6.411907996260029549e-07
4.187862687228675185e+01 3.743043264793076545e-07
4.219847610950009198e+01 4.831955358867138882e-07
4.252076820461459761e+01 5.156164063056052455e-07
4.284552181502894541e+01 5.119892256925977861e-07
4.317275574063820898e+01 5.082748006140478854e-07
4.350248892492221842e+01 6.125011675568810272e-07
4.383474045604216940e+01 5.359102551662265740e-07
4.416952956794561658e+01 8.152611780007593063e-07
4.450687564148002906e+01 5.983387561852608593e-07
4.484679820551461660e+01 7.683503007442829251e-07
4.518931693807093097e+01 6.583725717968270223e-07
4.553445166746195127e+01 5.504780523778887851e-07
4.588222237343995147e+01 6.492145864734234835e-07
4.623264918835322135e+01 4.405740100533655323e-07
4.658575239831141346e+01 4.370192140377320746e-07
4.694155244435995655e+01 3.671898560463957548e-07
4.730006992366332952e+01 5.627499095086804690e-07
4.766132559069743735e+01 3.618871567313359493e-07
4.802534035845116023e+01 4.893985227802236076e-07
4.839213529963691940e+01 4.861970155349123945e-07
4.876173164791060799e+01 3.530272156349854364e-07
4.913415079910075178e+01 5.099906908615313894e-07
4.950941431244714153e+01 3.481092769080369276e-07
4.988754391184892256e+01 4.713882961822046226e-07
5.026856148712214889e+01 2.184252736928218739e-07
5.065248909526700771e+01 4.017115975875591059e-07
5.103934896174460789e+01 2.762448544273836252e-07
5.142916348176368757e+01 4.568639618237144459e-07
5.182195522157707757e+01 2.718170652279104162e-07
5.221774691978801286e+01 5.100711910535079116e-07
5.261656148866648408e+01 2.679983883852602769e-07
5.301842201547557920e+01 4.137087798441537049e-07
5.342335176380803574e+01 2.346737597786147611e-07
5.383137417493298926e+01 4.951843837208809773e-07
5.424251286915296077e+01 4.042105165234753182e-07
5.465679164717121807e+01 3.722996834342198269e-07
5.507423449146955363e+01 5.401335103742444947e-07
5.549486556769667800e+01 3.952144586845766617e-07
5.591870922606719319e+01 8.400836307692496485e-08
5.634579000277113892e+01 3.339754583094550880e-07
5.677613262139447414e+01 3.861550545669019097e-07
5.720976199435020249e+01 2.734926678139623812e-07
5.764670322432060345e+01 2.718893345759632409e-07
5.808698160571049129e+01 2.427663468236360734e-07
5.853062262611141620e+01 3.478336194969056952e-07
5.897765196777716312e+01 3.986648891456409074e-07
5.942809550911043459e+01 1.054044017381428989e-07
5.988197932616098740e+01 1.308916527095057795e-07
6.033932969413523040e+01 2.074217141880150671e-07
6.080017308891720518e+01 1.547860836610078134e-07
6.126453618860131201e+01 1.278998656751018427e-07
6.173244587503663183e+01 2.030451306995878817e-07
6.220392923538312857e+01 2.015090155340148957e-07
6.267901356367983112e+01 3.497734749172768505e-07
6.315772636242475357e+01 2.726431475614824893e-07
6.364009534416704383e+01 1.723535085080430806e-07
6.412614843311123991e+01 3.174913887521201777e-07
6.461591376673376885e+01 1.452693549190312663e-07
6.510941969741192281e+01 2.884018882218501394e-07
6.560669479406510618e+01 2.150978375990676278e-07
6.610776784380868776e+01 1.424086136570445563e-07
6.661266785362042242e+01 2.352438894172692414e-07
6.712142405201964834e+01 3.032658039757055740e-07
6.763406589075952979e+01 2.083944527416125286e-07
6.815062304653176284e+01 2.528508250869573744e-07
6.867112542268469610e+01 1.596247585731909514e-07
6.919560315095429814e+01 3.619809149718021143e-07
6.972408659320856827e+01 2.469472610357981417e-07
7.025660634320522036e+01 2.004992761129171114e-07
7.079319322836265371e+01 1.770690716153168424e-07
7.133387831154462333e+01 1.317861479154283863e-07
7.187869289285829666e+01 2.180560192443889039e-07
7.242766851146639340e+01 8.654294584233085076e-08
7.298083694741293925e+01 1.501365554970531114e-07
7.353823022346294636e+01 1.490599145744493457e-07
7.409988060695627610e+01 1.902750500240051230e-07
7.466582061167545703e+01 1.048512020788812752e-07
7.523608299972798363e+01 3.331154467216194014e-07
7.581070078344298224e+01 1.858367001936982192e-07
7.638970722728217311e+01 1.435315184289801699e-07
7.697313584976564016e+01 1.831668015955836012e-07
7.756102042541199637e+01 2.019512235321668402e-07
7.815339498669379736e+01 1.002777362786124710e-07
7.875029382600763483e+01 1.990333864435116428e-07
7.935175149765926506e+01 2.565965936043057406e-07
7.995780281986401405e+01 2.156733183074690329e-07
8.056848287676226050e+01 1.554951500034483954e-07
8.118382702045050792e+01 1.158350138313355462e-07
8.180387087302804616e+01 1.723086546393302249e-07
8.242865032865888963e+01 9.502829673844919711e-08
8.305820155564990159e+01 1.698540016547037508e-07
8.369256099854430886e+01 2.245091876136453061e-07
8.433176538023161584e+01 1.113448105596206470e-07
8.497585170407356259e+01 1.105069042292386748e-07
8.562485725604614117e+01 1.281299084261153365e-07
8.627881960689798291e+01 7.256797290305211581e-08
8.693777661432541493e+01 1.981541821965727763e-07
8.760176642516411505e+01 1.430692577783728814e-07
8.827082747759727965e+01 1.950123719113430191e-07
8.894499850338092983e+01 1.408762827539916067e-07
8.962431853008587268e+01 8.731293822780323367e-08
9.030882688335715613e+01 1.214071084346016645e-07
9.099856318919067633e+01 6.889150861672805825e-08
9.169356737622699427e+01 1.195025069062613715e-07
9.239387967806285928e+01 6.792947803803308876e-08
9.309954063558021176e+01 1.009977870484411232e-07
9.381059109929316264e+01 6.681991519858667082e-08
9.452707223171287865e+01 1.160371283164725226e-07
9.524902550973044413e+01 2.303454956622221219e-07
9.597649272701789869e+01 9.785506352175510536e-08
9.670951599644754992e+01 1.456111603345244566e-07
9.744813775253007293e+01 1.284879187714746164e-07
9.819240075387101285e+01 1.756375809505725997e-07
9.894234808564596051e+01 1.425099032218205539e-07
9.969802316209487003e+01 7.865212753448302337e-08
1.004594697290351206e+02 1.245826765589654731e-07
1.012267318663940330e+02 1.238743396426081631e-07
1.019998539907607551e+02 7.686291829481283331e-08
1.027788808579573896e+02 7.626411272854648109e-08
1.035638575656300304e+02 7.575910625060697711e-08
1.043548295558592258e+02 0.000000000000000000e+00
1.051518426177907060e+02 5.946383039927621812e-08
1.059549428902863042e+02 1.183331865643685812e-07
1.067641768645947025e+02 1.174127186838987328e-07
1.075795913870428819e+02 8.739411240948071837e-08
1.084012336617479093e+02 8.676016236509599851e-08
1.092291512533496842e+02 5.733164866237959312e-08
1.100633920897645339e+02 5.700309983652387508e-08
1.109040044649596268e+02 5.662612951898198209e-08
1.117510370417487309e+02 7.018351477869763673e-08
1.126045388546091885e+02 2.786291148772695515e-08
1.134645593125205778e+02 6.900846333606851781e-08
1.143311482018251581e+02 5.483813039718394597e-08
1.152043556891097040e+02 2.720085446807532305e-08
1.160842323241099052e+02 9.441207028903593890e-08
1.169708290426363391e+02 4.019834758421528823e-08
1.178641971695234076e+02 7.979076019162626794e-08
1.187643884216004722e+02 1.055593610152742656e-07
1.196714549106856964e+02 3.934356525197061819e-08
1.205854491466028264e+02 9.092762523085631009e-08
1.215064240402207503e+02 2.577200870230906001e-08
1.224344329065167187e+02 5.118829162175166892e-08
1.233695294676628009e+02 7.624058144309997101e-08
1.243117678561356172e+02 6.292099711021954067e-08
1.252612026178502873e+02 7.492931405597537457e-08
1.262178887153177698e+02 3.719872286654655331e-08
1.271818815308268711e+02 3.689258273939519387e-08
1.281532368696502999e+02 7.331910962427178682e-08
1.291320109632751496e+02 7.268373428132033334e-08
1.301182604726581644e+02 4.816149942961128647e-08
1.311120424915058038e+02 1.195031940256318229e-07
1.321134145495791472e+02 7.118023977961759453e-08
1.331224346160248615e+02 5.888146901463126026e-08
1.341391611027304975e+02 8.176035941939519927e-08
1.351636528677061619e+02 3.483684996200858182e-08
1.361959692184915980e+02 5.746407815607678164e-08
1.372361699155896986e+02 6.855911936254388579e-08
1.382843151759259683e+02 4.525076768043327397e-08
1.393404656763344747e+02 2.254224859651426168e-08
1.404046825570703732e+02 2.226098262822873057e-08
1.414770274253492062e+02 4.423345098118240002e-08
1.425575623589134011e+02 1.100841237653887396e-08
1.436463499096261103e+02 4.361535209501337661e-08
1.447434531070921366e+02 3.249623618066771819e-08
1.458489354623067129e+02 4.299505471862934958e-08
1.469628609713321055e+02 6.398416699191736945e-08
1.480852941190023273e+02 6.348809087751541445e-08
1.492162998826563580e+02 4.193670415506373277e-08
1.503559437358994160e+02 3.129337390976150491e-08
1.515042916523934196e+02 2.066445712386482977e-08
1.526614101096758418e+02 2.052252393772862423e-08
1.538273660930082656e+02 2.038108967903337638e-08
1.550022270992544691e+02 1.011262900415320452e-08
1.561860611407872170e+02 1.000430777193440069e-08
1.573789367494260318e+02 3.980344578526819350e-08
1.585809229804039546e+02 4.941334703856604728e-08
1.597920894163653998e+02 3.925871184512908673e-08
1.610125061713944206e+02 3.898677815415300078e-08
1.622422438950733863e+02 4.823616056579118891e-08
1.634813737765729229e+02 5.753116566123401748e-08
1.647299675487729473e+02 0.000000000000000000e+00
1.659880974924153065e+02 1.888488943816339817e-08
1.672558364402883058e+02 6.562164977085726346e-08
1.685332577814427282e+02 3.720939437014489360e-08
1.698204354654404540e+02 6.464733711577208075e-08
1.711174440066350826e+02 1.831127897823951902e-08
1.724243584884858365e+02 2.725502748442813839e-08
1.737412545679041500e+02 9.020747452965424207e-09
1.750682084796334834e+02 5.369177749437529310e-08
1.764052970406620489e+02 5.324711060089662322e-08
1.777525976546700690e+02 4.401603240739218783e-08
1.791101883165108575e+02 1.745116818845651182e-08
1.804781476167256642e+02 1.739840661157483618e-08
1.818565547460933089e+02 1.722591484910581943e-08
1.832454895002142905e+02 3.416654240392899925e-08
1.846450322841304228e+02 0.000000000000000000e+00
1.860552641169795152e+02 2.522488953887763643e-08
1.874762666366852955e+02 8.332756418348961409e-09
1.889081221046837413e+02 2.485420322704317525e-08
1.903509134106845408e+02 8.206831217036349938e-09
1.918047240774702118e+02 2.454807331185697669e-08
1.932696382657309186e+02 1.621001396588259027e-08
1.947457407789366925e+02 5.637903862155013998e-08
1.962331170682464574e+02 2.391702346557936787e-08
1.977318532374547715e+02 3.167588567725805559e-08
1.992420360479763985e+02 7.866406605118801752e-09
