1.003818764619345688e-01 0.000000000000000000e+00
1.011485459784472879e-01 0.000000000000000000e+00
1.019210709558087680e-01 0.000000000000000000e+00
1.026994961152724595e-01 0.000000000000000000e+00
1.034838665196517182e-01 0.000000000000000000e+00
1.042742275759283854e-01 0.000000000000000000e+00
1.050706250378814766e-01 0.000000000000000000e+00
1.058731050087358544e-01 0.000000000000000000e+00
1.066817139438310941e-01 0.000000000000000000e+00
1.074964986533107902e-01 0.000000000000000000e+00
1.083175063048323894e-01 0.000000000000000000e+00
1.091447844262976724e-01 0.000000000000000000e+00
1.099783809086041647e-01 0.000000000000000000e+00
1.108183440084175297e-01 0.000000000000000000e+00
1.116647223509651676e-01 0.000000000000000000e+00
1.125175649328510052e-01 0.000000000000000000e+00
1.133769211248920050e-01 0.000000000000000000e+00
1.142428406749761566e-01 0.000000000000000000e+00
1.151153737109424230e-01 0.000000000000000000e+00
1.159945707434826001e-01 0.000000000000000000e+00
1.168804826690653942e-01 0.000000000000000000e+00
1.177731607728827179e-01 0.000000000000000000e+00
1.186726567318187042e-01 0.000000000000000000e+00
1.195790226174411192e-01 0.000000000000000000e+00
1.204923108990159364e-01 0.000000000000000000e+00
1.214125744465446438e-01 0.000000000000000000e+00
1.223398665338249064e-01 0.000000000000000000e+00
1.232742408415345714e-01 0.000000000000000000e+00
1.242157514603392660e-01 0.000000000000000000e+00
1.251644528940235868e-01 0.000000000000000000e+00
1.261204000626464650e-01 0.000000000000000000e+00
1.270836483057203870e-01 0.000000000000000000e+00
1.280542533854148735e-01 0.000000000000000000e+00
1.290322714897847722e-01 0.000000000000000000e+00
1.300177592360227119e-01 0.000000000000000000e+00
1.310107736737369521e-01 0.000000000000000000e+00
1.320113722882536866e-01 0.000000000000000000e+00
1.330196130039449920e-01 0.000000000000000000e+00
1.340355541875820067e-01 0.000000000000000000e+00
1.350592546517138115e-01 0.000000000000000000e+00
1.360907736580721228e-01 0.000000000000000000e+00
1.371301709210017705e-01 0.000000000000000000e+00
1.381775066109176553e-01 0.000000000000000000e+00
1.392328413577879620e-01 0.000000000000000000e+00
1.402962362546441299e-01 0.000000000000000000e+00
1.413677528611173018e-01 0.000000000000000000e+00
1.424474532070021393e-01 0.000000000000000000e+00
1.435353997958477290e-01 0.000000000000000000e+00
1.446316556085757710e-01 0.000000000000000000e+00
1.457362841071265513e-01 0.000000000000000000e+00
1.468493492381329202e-01 0.000000000000000000e+00
1.479709154366219692e-01 0.000000000000000000e+00
1.491010476297450760e-01 0.000000000000000000e+00
1.502398112405367581e-01 0.000000000000000000e+00
1.513872721917017827e-01 0.000000000000000000e+00
1.525434969094315862e-01 0.000000000000000000e+00
1.537085523272495868e-01 0.000000000000000000e+00
1.548825058898858631e-01 0.000000000000000000e+00
1.560654255571816418e-01 0.000000000000000000e+00
1.572573798080234009e-01 0.000000000000000000e+00
1.584584376443071152e-01 0.000000000000000000e+00
1.596686685949328388e-01 0.000000000000000000e+00
1.608881427198295411e-01 0.000000000000000000e+00
1.621169306140110011e-01 0.000000000000000000e+00
1.633551034116623724e-01 0.000000000000000000e+00
1.646027327902583326e-01 0.000000000000000000e+00
1.658598909747124317e-01 0.000000000000000000e+00
1.671266507415579139e-01 0.000000000000000000e+00
1.684030854231611252e-01 0.000000000000000000e+00
1.696892689119663122e-01 0.000000000000000000e+00
1.709852756647735894e-01 0.000000000000000000e+00
1.722911807070489909e-01 0.000000000000000000e+00
1.736070596372676911e-01 0.000000000000000000e+00
1.749329886312905313e-01 0.000000000000000000e+00
1.762690444467736595e-01 0.000000000000000000e+00
1.776153044276120585e-01 0.000000000000000000e+00
1.789718465084169652e-01 0.000000000000000000e+00
1.803387492190275665e-01 0.000000000000000000e+00
1.817160916890568911e-01 0.000000000000000000e+00
1.831039536524727285e-01 0.000000000000000000e+00
1.845024154522134641e-01 0.000000000000000000e+00
1.859115580448389149e-01 0.000000000000000000e+00
1.873314630052169971e-01 0.000000000000000000e+00
1.887622125312461430e-01 0.000000000000000000e+00
1.902038894486135501e-01 0.000000000000000000e+00
1.916565772155901515e-01 0.000000000000000000e+00
1.931203599278616956e-01 0.000000000000000000e+00
1.945953223233973239e-01 0.000000000000000000e+00
1.960815497873548141e-01 0.000000000000000000e+00
1.975791283570236256e-01 0.000000000000000000e+00
1.990881447268055271e-01 0.000000000000000000e+00
2.006086862532332482e-01 0.000000000000000000e+00
2.021408409600277400e-01 0.000000000000000000e+00
2.036846975431935991e-01 0.000000000000000000e+00
2.052403453761537377e-01 0.000000000000000000e+00
2.068078745149232178e-01 0.000000000000000000e+00
2.083873757033224972e-01 0.000000000000000000e+00
2.099789403782307273e-01 0.000000000000000000e+00
2.115826606748788530e-01 0.000000000000000000e+00
2.131986294321833453e-01 0.000000000000000000e+00
2.148269401981205418e-01 0.000000000000000000e+00
2.164676872351422587e-01 0.000000000000000000e+00
2.181209655256325375e-01 0.000000000000000000e+00
2.197868707774061070e-01 0.000000000000000000e+00
2.214654994292489798e-01 0.000000000000000000e+00
2.231569486565012084e-01 0.000000000000000000e+00
2.248613163766823297e-01 0.000000000000000000e+00
2.265787012551598312e-01 0.000000000000000000e+00
2.283092027108608313e-01 0.000000000000000000e+00
2.300529209220272819e-01 0.000000000000000000e+00
2.318099568320156068e-01 0.000000000000000000e+00
2.335804121551398604e-01 0.000000000000000000e+00
2.353643893825602684e-01 0.000000000000000000e+00
2.371619917882162865e-01 0.000000000000000000e+00
2.389733234348050406e-01 0.000000000000000000e+00
2.407984891798055638e-01 0.000000000000000000e+00
2.426375946815489959e-01 0.000000000000000000e+00
2.444907464053350243e-01 0.000000000000000000e+00
2.463580516295952316e-01 0.000000000000000000e+00
2.482396184521032390e-01 0.000000000000000000e+00
2.501355557962327558e-01 0.000000000000000000e+00
2.520459734172627586e-01 0.000000000000000000e+00
2.539709819087314635e-01 0.000000000000000000e+00
2.559106927088385386e-01 0.000000000000000000e+00
2.578652181068959992e-01 0.000000000000000000e+00
2.598346712498288968e-01 0.000000000000000000e+00
2.618191661487251354e-01 0.000000000000000000e+00
2.638188176854358025e-01 0.000000000000000000e+00
2.658337416192252944e-01 0.000000000000000000e+00
2.678640545934727890e-01 0.000000000000000000e+00
2.699098741424248438e-01 0.000000000000000000e+00
2.719713186979990649e-01 0.000000000000000000e+00
2.740485075966404560e-01 0.000000000000000000e+00
2.761415610862294479e-01 0.000000000000000000e+00
2.782506003330433297e-01 0.000000000000000000e+00
2.803757474287703610e-01 0.000000000000000000e+00
2.825171253975775620e-01 0.000000000000000000e+00
2.846748582032325170e-01 0.000000000000000000e+00
2.868490707562799669e-01 0.000000000000000000e+00
2.890398889212724143e-01 0.000000000000000000e+00
2.912474395240567393e-01 0.000000000000000000e+00
2.934718503591156602e-01 0.000000000000000000e+00
2.957132501969662597e-01 0.000000000000000000e+00
2.979717687916139113e-01 0.000000000000000000e+00
3.002475368880643813e-01 0.000000000000000000e+00
3.025406862298920529e-01 0.000000000000000000e+00
3.048513495668665474e-01 0.000000000000000000e+00
3.071796606626379655e-01 0.000000000000000000e+00
3.095257543024800828e-01 0.000000000000000000e+00
3.118897663010932186e-01 0.000000000000000000e+00
3.142718335104664473e-01 0.000000000000000000e+00
3.166720938277997055e-01 0.000000000000000000e+00
3.190906862034871283e-01 0.000000000000000000e+00
3.215277506491602821e-01 0.000000000000000000e+00
3.239834282457938475e-01 0.000000000000000000e+00
3.264578611518724749e-01 0.000000000000000000e+00
3.289511926116204799e-01 0.000000000000000000e+00
3.314635669632940984e-01 0.000000000000000000e+00
3.339951296475371922e-01 0.000000000000000000e+00
3.365460272158006805e-01 0.000000000000000000e+00
3.391164073388266975e-01 0.000000000000000000e+00
3.417064188151969217e-01 0.000000000000000000e+00
3.443162115799464074e-01 0.000000000000000000e+00
3.469459367132436967e-01 0.000000000000000000e+00
3.495957464491361577e-01 0.000000000000000000e+00
3.522657941843635454e-01 0.000000000000000000e+00
3.549562344872373987e-01 0.000000000000000000e+00
3.576672231065893826e-01 0.000000000000000000e+00
3.603989169807875204e-01 0.000000000000000000e+00
3.631514742468208712e-01 0.000000000000000000e+00
3.659250542494547620e-01 0.000000000000000000e+00
3.687198175504546316e-01 0.000000000000000000e+00
3.715359259378811507e-01 0.000000000000000000e+00
3.743735424354559527e-01 0.000000000000000000e+00
3.772328313119991394e-01 0.000000000000000000e+00
3.801139580909387861e-01 0.000000000000000000e+00
3.830170895598929426e-01 0.000000000000000000e+00
3.859423937803250215e-01 0.000000000000000000e+00
3.888900400972727933e-01 0.000000000000000000e+00
3.918601991491514891e-01 0.000000000000000000e+00
3.948530428776324541e-01 0.000000000000000000e+00
3.978687445375965748e-01 0.000000000000000000e+00
4.009074787071638113e-01 0.000000000000000000e+00
4.039694212977997800e-01 0.000000000000000000e+00
4.070547495644989411e-01 0.000000000000000000e+00
4.101636421160458901e-01 0.000000000000000000e+00
4.132962789253552538e-01 0.000000000000000000e+00
4.164528413398899120e-01 0.000000000000000000e+00
4.196335120921593775e-01 0.000000000000000000e+00
4.228384753102979454e-01 0.000000000000000000e+00
4.260679165287238890e-01 0.000000000000000000e+00
4.293220226988802568e-01 0.000000000000000000e+00
4.326009822000570493e-01 0.000000000000000000e+00
4.359049848502964952e-01 0.000000000000000000e+00
4.392342219173819284e-01 0.000000000000000000e+00
4.425888861299096533e-01 0.000000000000000000e+00
4.459691716884466306e-01 0.000000000000000000e+00
4.493752742767720409e-01 0.000000000000000000e+00
4.528073910732057783e-01 0.000000000000000000e+00
4.562657207620228750e-01 0.000000000000000000e+00
4.597504635449554122e-01 0.000000000000000000e+00
4.632618211527818053e-01 0.000000000000000000e+00
4.667999968570054614e-01 0.000000000000000000e+00
4.703651954816218117e-01 0.000000000000000000e+00
4.739576234149754375e-01 0.000000000000000000e+00
4.775774886217079018e-01 0.000000000000000000e+00
4.812250006547968972e-01 0.000000000000000000e+00
4.849003706676870973e-01 0.000000000000000000e+00
4.886038114265137677e-01 0.000000000000000000e+00
4.923355373224197473e-01 0.000000000000000000e+00
4.960957643839665199e-01 0.000000000000000000e+00
4.998847102896398775e-01 0.000000000000000000e+00
5.037025943804516182e-01 0.000000000000000000e+00
5.075496376726369441e-01 0.000000000000000000e+00
5.114260628704487832e-01 0.000000000000000000e+00
5.153320943790506981e-01 0.000000000000000000e+00
5.192679583175066060e-01 0.000000000000000000e+00
5.232338825318720854e-01 0.000000000000000000e+00
5.272300966083831586e-01 0.000000000000000000e+00
5.312568318867476602e-01 0.000000000000000000e+00
5.353143214735371913e-01 0.000000000000000000e+00
5.394028002556814361e-01 0.000000000000000000e+00
5.435225049140661735e-01 0.000000000000000000e+00
5.476736739372339846e-01 0.000000000000000000e+00
5.518565476351910970e-01 0.000000000000000000e+00
5.560713681533180353e-01 0.000000000000000000e+00
5.603183794863880740e-01 0.000000000000000000e+00
5.645978274926913842e-01 0.000000000000000000e+00
5.689099599082683145e-01 0.000000000000000000e+00
5.732550263612503638e-01 0.000000000000000000e+00
5.776332783863111775e-01 0.000000000000000000e+00
5.820449694392276774e-01 0.000000000000000000e+00
5.864903549115527692e-01 0.000000000000000000e+00
5.909696921454001828e-01 0.000000000000000000e+00
5.954832404483410002e-01 0.000000000000000000e+00
6.000312611084158698e-01 0.000000000000000000e+00
6.046140174092602404e-01 0.000000000000000000e+00
6.092317746453459471e-01 0.000000000000000000e+00
6.138848001373393704e-01 0.000000000000000000e+00
6.185733632475765020e-01 0.000000000000000000e+00
6.232977353956554722e-01 0.000000000000000000e+00
6.280581900741497581e-01 0.000000000000000000e+00
6.328550028644405190e-01 0.000000000000000000e+00
6.376884514526697245e-01 0.000000000000000000e+00
6.425588156458151845e-01 0.000000000000000000e+00
6.474663773878889250e-01 0.000000000000000000e+00
6.524114207762584661e-01 0.000000000000000000e+00
6.573942320780932214e-01 0.000000000000000000e+00
6.624150997469364643e-01 0.000000000000000000e+00
6.674743144394041927e-01 0.000000000000000000e+00
6.725721690320105584e-01 0.000000000000000000e+00
6.777089586381226383e-01 0.000000000000000000e+00
6.828849806250443244e-01 0.000000000000000000e+00
6.881005346312309978e-01 0.000000000000000000e+00
6.933559225836360973e-01 0.000000000000000000e+00
6.986514487151883612e-01 0.000000000000000000e+00
7.039874195824046277e-01 0.000000000000000000e+00
7.093641440831359724e-01 0.000000000000000000e+00
7.147819334744500708e-01 0.000000000000000000e+00
7.202411013906493409e-01 0.000000000000000000e+00
7.257419638614276414e-01 0.000000000000000000e+00
7.312848393301645267e-01 0.000000000000000000e+00
7.368700486723602783e-01 0.000000000000000000e+00
7.424979152142111571e-01 0.000000000000000000e+00
7.481687647513268757e-01 0.000000000000000000e+00
7.538829255675907337e-01 0.000000000000000000e+00
7.596407284541633054e-01 0.000000000000000000e+00
7.654425067286326767e-01 0.000000000000000000e+00
7.712885962543096774e-01 0.000000000000000000e+00
7.771793354596711056e-01 0.000000000000000000e+00
7.831150653579508347e-01 0.000000000000000000e+00
7.890961295668817987e-01 0.000000000000000000e+00
7.951228743285869704e-01 0.000000000000000000e+00
8.011956485296237718e-01 0.000000000000000000e+00
8.073148037211809180e-01 0.000000000000000000e+00
8.134806941394295832e-01 0.000000000000000000e+00
8.196936767260303291e-01 0.000000000000000000e+00
8.259541111487957998e-01 0.000000000000000000e+00
8.322623598225118435e-01 0.000000000000000000e+00
8.386187879299183967e-01 0.000000000000000000e+00
8.450237634428487965e-01 0.000000000000000000e+00
8.514776571435325181e-01 5.879320846119304801e-05
8.579808426460586723e-01 6.309111105740859704e-04
8.645336964180048156e-01 5.017295118601213660e-03
8.711365978022310719e-01 2.810776395282832060e-02
8.777899290388395670e-01 1.077661496386883161e-01
8.844940752873023948e-01 3.110436483932920160e-01
8.912494246487583371e-01 7.167331890607122613e-01
8.980563681884800031e-01 1.384125237552966237e+00
9.049152999585122759e-01 2.280278889665367625e+00
9.118266170204843979e-01 3.338189612432471698e+00
9.187907194685952517e-01 4.435683689198610224e+00
9.258080104527748322e-01 5.456683887015000067e+00
9.328788962020224673e-01 6.282539631949811465e+00
9.400037860479233398e-01 6.884833915271039828e+00
9.471830924483448655e-01 7.244951089814877676e+00
9.544172310113129276e-01 7.384293795721979414e+00
9.617066205190725192e-01 7.315212281966715580e+00
9.690516829523299069e-01 7.089557530263086882e+00
9.764528435146813123e-01 6.747964473421872889e+00
9.839105306572277776e-01 6.324075690745836198e+00
9.914251761033785471e-01 5.862883631594884903e+00
9.989972148738428537e-01 5.372626945080781979e+00
1.006627085311812886e+00 4.885451574408284259e+00
1.014315229108340155e+00 4.417896264503847981e+00
1.022062091327904820e+00 3.971941126105494657e+00
1.029868120434179746e+00 3.560758525241135786e+00
1.037733768315991956e+00 3.186275236744625428e+00
1.045659490313482376e+00 2.840309629118815682e+00
1.053645745244466525e+00 2.525116438808379993e+00
1.061692995430993491e+00 2.244456995876996430e+00
1.069801706726111412e+00 1.990944577158773265e+00
1.077972348540833902e+00 1.767490909798514531e+00
1.086205393871315206e+00 1.572333111279468731e+00
1.094501319326231403e+00 1.395232882010237097e+00
1.102860605154371676e+00 1.241593292315171349e+00
1.111283735272438733e+00 1.102286077447373058e+00
1.119771197293064180e+00 9.841192448175738461e-01
1.128323482553034385e+00 8.773211878322073609e-01
1.136941086141734836e+00 7.828476286805836626e-01
1.145624506929811659e+00 6.975803062116000541e-01
1.154374247598049186e+00 6.250222903705445754e-01
1.163190814666471562e+00 5.605125894767302164e-01
1.172074718523663961e+00 5.018463755140039062e-01
1.181026473456318726e+00 4.513523575495319573e-01
1.190046597679009999e+00 4.068695538192219630e-01
1.199135613364188391e+00 3.648392609125274411e-01
1.208294046672413469e+00 3.297796930245938674e-01
1.217522427782810501e+00 2.966810939125536506e-01
1.226821290923763907e+00 2.690815139786549848e-01
1.236191174403842963e+00 2.443777306842545016e-01
1.245632620642964428e+00 2.211627010689216355e-01
1.255146176203792763e+00 1.997804921369897568e-01
1.264732391823380597e+00 1.820592296004534816e-01
1.274391822445051226e+00 1.654696245664301069e-01
1.284125027250524465e+00 1.508794832287614907e-01
1.293932569692285650e+00 1.369601452266712982e-01
1.303815017526205322e+00 1.250906046282970752e-01
1.313772942844406266e+00 1.147474307726858017e-01
1.323806922108381467e+00 1.058298971289784035e-01
1.333917536182366304e+00 9.627814094036887815e-02
1.344105370366962093e+00 8.888174978052472419e-02
1.354371014433021658e+00 8.143874997570593743e-02
1.364715062655789790e+00 7.465461412776933092e-02
1.375138113849305288e+00 6.910490221783140152e-02
1.385640771401068339e+00 6.307983438635765550e-02
1.396223643306966578e+00 5.860876478678857249e-02
1.406887342206475600e+00 5.392373067634798067e-02
1.417632485418122146e+00 4.994391678758815928e-02
1.428459694975221517e+00 4.661004783379277261e-02
1.439369597661886768e+00 4.326817081115171687e-02
1.450362825049312576e+00 3.991067310756695602e-02
1.461440013532337545e+00 3.696330772058693814e-02
1.472601804366283851e+00 3.427015667225096623e-02
1.483848843704080878e+00 3.198238058740071610e-02
1.495181782633669076e+00 2.969692821319604159e-02
1.506601277215691814e+00 2.776093644113283854e-02
1.518107988521476326e+00 2.602325834067926308e-02
1.529702582671299993e+00 2.423561200061048401e-02
1.541385730872953275e+00 2.253041159643808661e-02
1.553158109460597069e+00 2.082140232282737868e-02
1.565020399933912287e+00 1.947484532840903712e-02
1.576973288997555844e+00 1.830917996374318082e-02
1.589017468600909977e+00 1.709930903963534712e-02
1.601153635978140644e+00 1.589930878471663978e-02
1.613382493688560348e+00 1.478253199257395165e-02
1.625704749657298942e+00 1.418359281997344165e-02
1.638121117216285949e+00 1.296747388483858107e-02
1.650632315145542872e+00 1.221548771228861408e-02
1.663239067714795461e+00 1.146822839179712644e-02
1.675942104725400839e+00 1.088853950085444215e-02
1.688742161552594379e+00 1.038380048914594456e-02
1.701639979188063201e+00 9.516390646167351836e-03
1.714636304282838086e+00 8.967108814451599588e-03
1.727731889190519565e+00 8.537401778481864059e-03
1.740927492010831301e+00 8.111055683009283507e-03
1.754223876633505208e+00 7.596713571923344351e-03
1.767621812782504076e+00 7.155952871239065413e-03
1.781122076060578596e+00 6.684306061488469800e-03
1.794725447994169887e+00 6.398169930935710022e-03
1.808432716078648639e+00 5.933209479219295375e-03
1.822244673823904648e+00 5.606565482144174398e-03
1.836162120800284292e+00 5.363461052094514389e-03
1.850185862684873506e+00 5.143359769453860128e-03
1.864316711308142471e+00 4.761661212584234436e-03
1.878555484700939138e+00 4.491653815815039620e-03
1.892903007141845784e+00 4.356120827297639032e-03
1.907360109204898402e+00 4.123394704389028720e-03
1.921927627807664241e+00 3.731001446175117101e-03
1.936606406259693713e+00 3.570828195242417569e-03
1.951397294311338904e+00 3.323773984548782263e-03
1.966301148202944216e+00 3.330471559145508319e-03
1.981318830714416501e+00 3.088468238929568000e-03
1.996451211215167332e+00 2.957589410307203629e-03
2.011699165714443627e+00 2.830049433601177812e-03
2.027063576912038645e+00 2.688079020318019739e-03
2.042545334249390443e+00 2.491130427023522699e-03
2.058145333961072687e+00 2.379394965509408488e-03
2.073864479126675597e+00 2.316152378317499431e-03
2.089703679723088570e+00 2.122436385139831599e-03
2.105663852677174930e+00 2.064600568116210528e-03
2.121745921918852140e+00 1.950860718446486121e-03
2.137950818434581013e+00 1.853174845826085137e-03
2.154279480321258600e+00 1.743195492674874322e-03
2.170732852840524529e+00 1.667133927066389481e-03
2.187311888473481680e+00 1.579382739741459112e-03
2.204017546975835184e+00 1.636355692610683360e-03
2.220850795433451541e+00 1.466666491352441089e-03
2.237812608318344942e+00 1.419756928374709456e-03
2.254903967545088150e+00 1.372293895629636768e-03
2.272125862527654583e+00 1.251490331519122551e-03
2.289479290236696052e+00 1.218830848764867157e-03
2.306965255257257041e+00 1.138867331100969996e-03
2.324584769846928634e+00 1.128842750759291884e-03
2.342338853994450965e+00 1.017939940632446756e-03
2.360228535478756218e+00 9.771059001599639599e-04
2.378254849928468584e+00 9.235002612240755240e-04
2.396418840881856305e+00 9.217629938763521099e-04
2.414721559847241572e+00 8.486298532286378577e-04
2.433164066363873168e+00 8.794946072915427702e-04
2.451747428063260070e+00 7.699732205076061748e-04
2.470472720730979344e+00 7.767715566383443524e-04
2.489341028368951214e+00 7.457934243542775404e-04
2.508353443258192428e+00 7.127036290376543995e-04
2.527511066022048780e+00 6.960922240766991877e-04
2.546815005689907707e+00 6.631045763871651821e-04
2.566266379761402039e+00 6.385742131451094608e-04
2.585866314271100030e+00 6.185657194965879166e-04
2.605615943853691441e+00 5.086916821440478709e-04
2.625516411809674544e+00 5.448683444226168392e-04
2.645568870171534748e+00 5.116324323309940671e-04
2.665774479770441019e+00 5.042789543181418026e-04
2.686134410303444575e+00 4.537199334509502135e-04
2.706649840401191387e+00 4.526639612520772437e-04
2.727321957696154264e+00 4.365082264929707567e-04
2.748151958891383195e+00 4.548865202303922339e-04
2.769141049829782819e+00 4.067719679814396855e-04
2.790290445563917920e+00 3.874651449343716105e-04
2.811601370426352720e+00 3.827726777312753163e-04
2.833075058100528398e+00 3.683247492396964410e-04
2.854712751692177974e+00 3.440810013292529388e-04
2.876515703801291846e+00 3.387615373865533654e-04
2.898485176594628676e+00 2.854006657354303230e-04
2.920622441878783171e+00 3.116799198254192643e-04
2.942928781173810293e+00 2.980595300491888804e-04
2.965405485787410811e+00 2.789770229564995712e-04
2.988053856889687943e+00 2.726383412915242446e-04
3.010875205588466663e+00 2.658973198080456790e-04
3.033870853005199208e+00 2.489339895700378477e-04
3.057042130351439457e+00 2.142300528909881797e-04
3.080390379005908841e+00 2.186570176005572731e-04
3.103916950592149782e+00 2.205578066479415536e-04
3.127623207056766663e+00 2.078617800955664258e-04
3.151510520748272093e+00 1.988547672578411273e-04
3.175580274496530464e+00 2.091846402346915512e-04
3.199833861692807702e+00 1.860277959519497355e-04
3.224272686370440510e+00 2.001918104619780821e-04
3.248898163286108698e+00 1.712012625439277632e-04
3.273711718001736770e+00 1.608516541291457017e-04
3.298714786967021251e+00 1.657656777021419457e-04
3.323908817602584165e+00 1.663985462883591415e-04
3.349295268383767343e+00 1.520278467682726871e-04
3.374875608925059112e+00 1.536345137105120764e-04
3.400651320065169791e+00 1.367933224294429976e-04
3.426623893952761790e+00 1.371508854890670802e-04
3.452794834132823176e+00 1.370343908190725418e-04
3.479165655633714493e+00 1.247409902630132743e-04
3.505737885054867498e+00 1.112740875718814198e-04
3.532513060655161574e+00 1.281575649126945847e-04
3.559492732441974283e+00 1.188042793094345046e-04
3.586678462260907807e+00 1.061511323386323696e-04
3.614071823886209955e+00 1.109828528727916524e-04
3.641674403111871072e+00 1.148803335797081519e-04
3.669487797843431487e+00 9.818815103042025539e-05
3.697513618190481299e+00 9.577106285688721809e-05
3.725753486559869376e+00 8.451348751355713398e-05
3.754209037749625999e+00 8.134887491508538881e-05
3.782881919043597829e+00 8.573635514257122857e-05
3.811773790306809850e+00 8.219306243124159051e-05
3.840886324081555170e+00 7.545154136655647561e-05
3.870221205684216237e+00 6.597550857236117634e-05
3.899780133302832574e+00 7.712338427918476701e-05
3.929564818095400369e+00 6.737508880991527089e-05
3.959576984288936341e+00 7.003446997372536967e-05
3.989818369279292121e+00 6.007744148509276764e-05
4.020290723731728910e+00 7.287557691918426913e-05
4.050995811682269299e+00 6.147876544388188589e-05
4.081935410639808026e+00 6.410061671589593446e-05
4.113111311689019445e+00 4.456075634048675503e-05
4.144525319594036361e+00 6.237074389896243658e-05
4.176179252902931793e+00 5.551515909409720302e-05
4.208074944052993871e+00 5.509123833422759591e-05
4.240214239476800984e+00 5.320840712039742184e-05
4.272598999709120271e+00 4.290172164967363393e-05
4.305231099494601921e+00 4.730737579216408962e-05
4.338112427896314571e+00 5.416347361156028517e-05
4.371244888405103168e+00 4.945658873154258389e-05
4.404630399049775491e+00 3.946934908728521961e-05
4.438270892508145771e+00 3.847677553601712192e-05
4.472168316218908757e+00 3.608825028042446153e-05
4.506324632494379756e+00 4.693886399826922065e-05
4.540741818634090876e+00 3.519772496759081710e-05
4.575421867039255019e+00 3.697882077953568397e-05
4.610366785328114503e+00 3.498679835798666044e-05
4.645578596452149434e+00 3.608878738287436599e-05
4.681059338813191140e+00 3.447499870758791786e-05
4.716811066381425555e+00 3.120595747523337272e-05
4.752835848814294550e+00 3.297526875048715106e-05
4.789135771576313871e+00 3.270169805669502565e-05
4.825712936059790792e+00 2.370064384526792610e-05
4.862569459706477915e+00 2.352049347508914566e-05
4.899707476130153339e+00 2.750917292016640640e-05
4.937129135240129862e+00 2.506943901843054678e-05
4.974836603365720755e+00 2.361357631250639018e-05
5.012832063381637226e+00 2.937162538178865606e-05
5.051117714834363781e+00 2.046791693183372675e-05
5.089695774069483036e+00 2.831927192092162929e-05
5.128568474359980200e+00 2.413411437181687394e-05
5.167738066035535205e+00 1.788428487360561468e-05
5.207206816612779399e+00 2.015013049955383947e-05
5.246977010926572760e+00 1.910480648492635233e-05
5.287050951262264320e+00 1.689518033210373851e-05
5.327430957488979324e+00 1.706065523086299824e-05
5.368119367193910918e+00 1.809760599699893931e-05
5.409118535817638573e+00 1.969707780146997972e-05
5.450430836790491895e+00 2.011657057386992200e-05
5.492058661669943831e+00 1.711047239206973678e-05
5.534004420279054592e+00 1.726639003346999585e-05
5.576270540845982282e+00 1.489082456558533944e-05
5.618859470144546009e+00 1.896627923839898922e-05
5.661773673635872584e+00 1.273130657899547580e-05
5.705015635611118796e+00 1.647482305517007119e-05
5.748587859335287931e+00 1.471131760670857418e-05
5.792492867192146733e+00 1.460505394525394074e-05
5.836733200830237500e+00 1.261326457663689449e-05
5.881311421310018162e+00 1.438951777579763551e-05
5.926230109252122347e+00 1.083704559984404513e-05
5.971491864986748332e+00 1.311696936438653860e-05
6.017099308704191074e+00 9.113093119784058764e-06
6.063055080606527092e+00 1.265946580555973126e-05
6.109361841060454879e+00 1.000051517636892033e-05
6.156022270751298819e+00 9.673005656593015969e-06
6.203039070838196167e+00 9.092058421714523534e-06
6.250414963110467070e+00 9.518414869307853957e-06
6.298152690145174759e+00 7.967514175410256826e-06
6.346255015465900762e+00 1.036533225525993101e-05
6.394724723702712943e+00 8.574744895003429796e-06
6.443564620753374328e+00 7.536674983537307487e-06
6.492777533945774948e+00 9.895476146931020533e-06
6.542366312201600920e+00 8.147239712873935306e-06
6.592333826201270064e+00 7.600150371944302142e-06
6.642682968550095879e+00 7.076884522690648990e-06
6.693416653945753581e+00 6.559717873267182136e-06
6.744537819347007357e+00 5.567709101591142546e-06
6.796049424143726370e+00 5.539578104352187467e-06
6.847954450328215259e+00 8.467700843774145797e-06
6.900255902667822738e+00 8.394094142608549077e-06
6.952956808878900219e+00 4.959540981945771595e-06
7.006060219802071387e+00 7.378453866222456157e-06
7.059569209578839377e+00 5.993835377844298733e-06
7.113486875829561740e+00 5.943580052730397567e-06
7.167816339832755901e+00 6.334299175286960086e-06
7.222560746705797285e+00 6.071997030873538384e-06
7.277723265586987011e+00 4.305858194145931394e-06
7.333307089819009583e+00 4.704210104068579191e-06
7.389315437133804565e+00 3.815993785944969628e-06
7.445751549838826477e+00 5.474205114060173808e-06
7.502618695004750649e+00 4.800191483616619582e-06
7.559920164654601038e+00 3.935576966462926951e-06
7.617659275954320464e+00 5.758166665949568697e-06
7.675839371404808986e+00 4.693013495270705946e-06
7.734463819035411802e+00 5.065795137065514075e-06
7.793536012598893947e+00 4.618210125201157073e-06
7.853059371767910690e+00 5.585328263484156673e-06
7.913037342332964741e+00 4.355371407967109170e-06
7.973473396401889346e+00 4.712022132281090611e-06
8.034371032600834184e+00 3.507454826044190252e-06
8.095733776276818006e+00 5.226571102126131315e-06
8.157565179701792957e+00 3.073180651991895777e-06
8.219868822278293408e+00 2.667756714657031174e-06
8.282648310746649756e+00 3.404443888640525394e-06
8.345907279393774303e+00 2.064913546140566101e-06
8.409649390263549407e+00 3.354582344354334150e-06
8.473878333368830340e+00 3.698896207427420627e-06
8.538597826905046873e+00 3.670015464501250163e-06
8.603811617465460415e+00 3.094126607247062365e-06
8.669523480258041204e+00 2.349697700571251141e-06
8.735737219324033020e+00 3.232208170006922736e-06
8.802456667758143283e+00 3.026645742762686756e-06
8.869685687930459750e+00 2.122331042883041318e-06
8.937428171710028124e+00 2.628208173693661953e-06
9.005688040690165153e+00 2.260971393712554529e-06
9.074469246415468149e+00 3.106801099857927819e-06
9.143775770610570675e+00 2.054033089546201373e-06
9.213611625410646155e+00 2.209031051589592135e-06
9.283980853593664762e+00 2.193496119516281244e-06
9.354887528814433750e+00 3.015285560223604718e-06
9.426335755840423047e+00 2.161472157404847107e-06
9.498329670789374291e+00 1.980306935822277749e-06
9.570873441368757284e+00 1.474081136050796956e-06
9.643971267117024126e+00 3.734590970978311894e-06
9.717627379646726737e+00 2.097602321391683167e-06
9.791846042889485346e+00 1.119701379648258535e-06
9.866631553342816829e+00 1.429335863851105258e-06
9.941988240318867298e+00 1.890104175003738295e-06
1.001792046619502941e+01 1.720187182835788103e-06
1.009443262666647811e+01 1.710191498943535011e-06
1.017152915100063915e+01 1.384743258385259870e-06
1.024921450229360431e+01 1.987245889865890998e-06
1.032749317772848840e+01 2.730906176792920180e-06
1.040636970883577561e+01 1.054233842505320108e-06
1.048584866175564301e+01 1.045358907421426516e-06
1.056593463750229134e+01 2.225150747641267945e-06
1.064663227223031328e+01 1.323481465032104994e-06
1.072794623750306187e+01 1.605233845658218245e-06
1.080988124056310262e+01 1.014625838618393255e-06
1.089244202460468713e+01 4.318324116412409794e-07
1.097563336904835118e+01 1.998546450446728299e-06
1.105946008981760897e+01 1.274104479740178314e-06
1.114392703961772924e+01 1.688914525389211537e-06
1.122903910821665363e+01 9.762860904005485600e-07
1.131480122272806810e+01 1.660316411905375661e-06
1.140121834789663069e+01 4.123008817113775228e-07
1.148829548638539144e+01 6.817284067564291072e-07
1.157603767906538295e+01 2.029527950398260245e-06
1.166445000530744025e+01 1.209476853656802285e-06
1.175353758327623055e+01 1.467164403821863205e-06
1.184330557022655483e+01 7.927436817850076913e-07
1.193375916280191262e+01 1.049656340544387971e-06
1.202490359733531022e+01 1.041969379981879669e-06
1.211674415015240314e+01 7.771478788204977072e-07
1.220928613787693706e+01 6.401192555424403110e-07
1.230253491773851593e+01 8.914371652035580910e-07
1.239649588788276091e+01 1.391691097215352991e-06
1.249117448768377869e+01 1.127910955913818176e-06
1.258657619805906158e+01 9.952820454889224612e-07
1.268270654178675727e+01 0.000000000000000000e+00
1.277957108382539175e+01 7.349835360552358091e-07
1.287717543163603651e+01 4.856802260130511015e-07
1.297552523550690928e+01 1.207555288600234335e-06
1.307462618888047245e+01 5.979504277071989163e-07
1.317448402868301116e+01 8.318017590442205713e-07
1.327510453565674453e+01 1.180464454083872548e-06
1.337649353469450197e+01 5.861163378502952521e-07
1.347865689517689169e+01 5.805711477539830379e-07
1.358160053131209644e+01 3.453001750457317864e-07
1.368533040247822186e+01 1.145006039422371112e-06
1.378985251356829522e+01 5.685038123726360509e-07
1.389517291533790910e+01 1.127200801109457438e-06
1.400129770475546920e+01 8.954313972367626531e-07
1.410823302535516532e+01 5.551146835350149075e-07
1.421598506759258740e+01 2.207990138923612652e-07
1.432456006920312142e+01 2.186432242996530455e-07
1.443396431556304549e+01 6.517003467454543509e-07
1.454420414005338102e+01 8.612875428713454753e-07
1.465528592442653633e+01 6.419920786560003501e-07
1.476721609917572842e+01 5.304998680848954554e-07
1.488000114390725059e+01 6.307888020735445829e-07
1.499364758771559814e+01 6.268122622845078706e-07
1.510816200956140420e+01 5.186732426450429387e-07
1.522355103865231740e+01 5.150822715118300444e-07
1.533982135482673925e+01 5.108276092359457236e-07
1.545697968894052465e+01 4.054470929311919244e-07
1.557503282325665950e+01 5.024481189976884556e-07
1.569398759183785330e+01 3.999420459620371780e-07
1.581385088094217650e+01 1.982048107395696847e-07
1.593462962942168204e+01 7.870719416603253058e-07
1.605633082912410003e+01 6.831543431290986779e-07
1.617896152529763043e+01 4.837478203351597741e-07
1.630252881699875189e+01 0.000000000000000000e+00
1.642703985750318907e+01 7.633767318858670230e-07
1.655250185472002045e+01 1.898432228463511909e-07
1.667892207160893037e+01 5.632291431969405697e-07
1.680630782660069400e+01 1.862435996425531169e-07
1.693466649402079582e+01 3.704500028798009917e-07
1.706400550451636988e+01 1.834364513905834327e-07
1.719433234548630907e+01 9.119997177386149995e-08
1.732565456151473171e+01 7.231385552403417886e-07
1.745797975480775932e+01 1.797184086244076410e-07
1.759131558563357700e+01 3.555624886153889324e-07
1.772566977276590450e+01 3.535545830436471722e-07
1.786105009393079257e+01 2.631378738820399978e-07
1.799746438625691525e+01 1.741115269303694141e-07
1.813492054672925491e+01 2.588751840020478604e-07
1.827342653264623351e+01 1.716892499160549883e-07
1.841299036208040008e+01 2.554480857119779538e-07
1.855362011434253589e+01 2.535588988045481848e-07
1.869532393044939056e+01 4.194373852873764077e-07
1.883811001359499926e+01 3.324709424139539889e-07
1.898198662962550998e+01 4.955299116855570601e-07
1.912696210751772696e+01 0.000000000000000000e+00
1.927304483986123529e+01 8.159322325798468576e-08
1.942024328334427707e+01 3.232683170870596793e-07
1.956856595924331188e+01 4.005850232014881351e-07
1.971802145391628613e+01 2.382569233669831911e-07
1.986861841929972172e+01 3.156158145264078675e-07
2.002036557340952783e+01 3.131198781894138996e-07
2.017327170084572430e+01 2.332908099351841323e-07
2.032734565330098775e+01 3.081377474842786847e-07
2.048259635007306656e+01 2.287510422365635453e-07
2.063903277858106478e+01 1.518576762456330150e-07
2.079666399488577966e+01 2.262258230906921056e-07
2.095549912421395078e+01 1.500382756555930207e-07
2.111554736148649880e+01 2.964254577711264065e-07
2.127681797185082857e+01 4.418602431552877103e-07
2.143932029121715743e+01 2.923684945785951367e-07
2.160306372679898601e+01 0.000000000000000000e+00
2.176805775765772211e+01 3.599235363426584158e-07
2.193431193525134404e+01 1.429777366757179596e-07
2.210183588398740895e+01 1.419206980383822463e-07
2.227063930178012185e+01 1.408739426714485191e-07
2.244073196061181008e+01 1.396191305400346396e-07
2.261212370709861119e+01 2.769935834991280556e-07
2.278482446306047393e+01 2.064422822728388750e-07
2.295884422609555031e+01 6.836420003816915763e-08
2.313419307015891846e+01 1.351952378488001227e-07
2.331088114614578188e+01 1.342382035784137949e-07
2.348891868247912029e+01 1.998543148653181237e-07
2.366831598570178841e+01 1.326431929070133490e-07
2.384908344107317646e+01 6.546362255518465000e-08
2.403123151317036843e+01 1.953966229259993850e-07
2.421477074649395789e+01 1.939901938355765262e-07
2.439971176607850367e+01 1.284616771034189331e-07
2.458606527810756148e+01 1.273934629964969033e-07
2.477384207053348675e+01 6.340035102686726436e-08
2.496305301370191287e+01 1.254999383815039758e-07
2.515370906098105408e+01 1.869960846657757607e-07
2.534582124939582215e+01 1.236384592559370227e-07
2.553940070026671805e+01 1.225383915225370578e-07
2.573445861985366534e+01 6.078042015924838191e-08
2.593100630000469309e+01 2.413618757425892428e-07
2.612905511880966003e+01 6.000807695614398751e-08
2.632861654125893835e+01 1.786405758369911184e-07
2.652970211990708549e+01 5.888042545875632812e-08
2.673232349554165310e+01 0.000000000000000000e+00
2.693649239785701255e+01 1.748849330396156672e-07
2.714222064613342411e+01 5.786971844054883463e-08
2.734952014992126834e+01 5.737038016314909938e-08
2.755840290973046081e+01 1.704803214803849174e-07
2.776888101772517103e+01 1.127014993881298936e-07
2.798096665842379238e+01 1.121222571232775546e-07
2.819467210940434398e+01 2.777430337319936852e-07
2.841000974201522311e+01 5.494084226700214718e-08
2.862699202209135763e+01 0.000000000000000000e+00
2.884563151067587228e+01 2.173194684428835831e-07
2.906594086474717642e+01 5.387534050396170084e-08
2.928793283795175029e+01 1.069960001387934165e-07
2.951162028134242377e+01 0.000000000000000000e+00
2.973701614412232175e+01 5.279982976887843952e-08
2.996413347439450092e+01 0.000000000000000000e+00
3.019298541991724250e+01 5.192681833843405945e-08
3.042358522886523176e+01 5.168889223347859595e-08
3.065594625059649658e+01 1.020372533687792395e-07
3.089008193642516886e+01 0.000000000000000000e+00
3.112600584040018958e+01 1.007135062662127334e-07
3.136373162008992921e+01 1.499459465360826003e-07
3.160327303737282278e+01 1.485179981557676910e-07
3.184464395923409441e+01 1.474860519821626289e-07
3.208785835856844670e+01 4.897343915082219905e-08
3.233293031498900660e+01 1.454569678049270614e-07
3.257987401564231078e+01 1.441175003424078874e-07
3.282870375602964685e+01 9.558559765543814479e-08
3.307943394083464739e+01 9.458429994637119235e-08
3.333207908475711889e+01 0.000000000000000000e+00
3.358665381335332967e+01 1.863105787788626878e-07
3.384317286388262858e+01 0.000000000000000000e+00
3.410165108616060081e+01 1.834357160375353959e-07
3.436210344341879619e+01 0.000000000000000000e+00
3.462454501317083100e+01 4.537850674077305471e-08
3.488899098808531107e+01 4.475012275764458711e-08
3.515545667686525633e+01 0.000000000000000000e+00
3.542395750513435360e+01 1.768858213881737582e-07
3.569450901632996676e+01 4.385373468724831266e-08
3.596712687260290409e+01 0.000000000000000000e+00
3.624182685572413476e+01 8.639005374921579747e-08
3.651862486799832652e+01 8.570277002958638043e-08
3.679753693318444618e+01 4.267458513195637106e-08
3.707857919742345842e+01 0.000000000000000000e+00
3.736176793017290265e+01 8.390350118827042134e-08
3.764711952514880267e+01 4.170081209600717137e-08
3.793465050127463911e+01 0.000000000000000000e+00
3.822437750363764764e+01 8.181775835048985310e-08
3.851631730445244273e+01 0.000000000000000000e+00
3.881048680403189621e+01 8.078673428626250903e-08
3.910690303176554039e+01 1.204202501091447176e-07
3.940558314710532528e+01 0.000000000000000000e+00
3.970654444055901422e+01 0.000000000000000000e+00
4.000980433469116804e+01 3.900915147794294020e-08
4.031538038513167521e+01 3.892869743473811508e-08
4.062329028159209088e+01 7.725638746753222443e-08
4.093355184888959997e+01 0.000000000000000000e+00
4.124618304797896684e+01 7.595941363566334113e-08
4.156120197699230800e+01 0.000000000000000000e+00
4.187862687228675185e+01 3.753799089281868306e-08
4.219847610950009198e+01 7.425346605685915741e-08
4.252076820461459761e+01 3.688653010118944812e-08
4.284552181502894541e+01 7.296793761583427703e-08
4.317275574063820898e+01 3.633579152115174938e-08
4.350248892492221842e+01 0.000000000000000000e+00
4.383474045604216940e+01 3.569427769262774887e-08
4.416952956794561658e+01 0.000000000000000000e+00
4.450687564148002906e+01 0.000000000000000000e+00
4.484679820551461660e+01 0.000000000000000000e+00
4.518931693807093097e+01 1.388008854032636310e-07
4.553445166746195127e+01 6.861433679721009482e-08
4.588222237343995147e+01 0.000000000000000000e+00
4.623264918835322135e+01 3.386967637651683305e-08
4.658575239831141346e+01 0.000000000000000000e+00
4.694155244435995655e+01 6.666652955825693880e-08
4.730006992366332952e+01 0.000000000000000000e+00
4.766132559069743735e+01 6.579975768596724894e-08
4.802534035845116023e+01 0.000000000000000000e+00
4.839213529963691940e+01 0.000000000000000000e+00
4.876173164791060799e+01 3.206334435245171079e-08
4.913415079910075178e+01 0.000000000000000000e+00
4.950941431244714153e+01 0.000000000000000000e+00
4.988754391184892256e+01 6.283853473250958110e-08
5.026856148712214889e+01 0.000000000000000000e+00
5.065248909526700771e+01 0.000000000000000000e+00
5.103934896174460789e+01 6.144345911379973715e-08
5.142916348176368757e+01 3.044204626861751740e-08
5.182195522157707757e+01 3.012290961141872091e-08
5.221774691978801286e+01 0.000000000000000000e+00
5.261656148866648408e+01 0.000000000000000000e+00
5.301842201547557920e+01 5.896912814969352345e-08
5.342335176380803574e+01 5.867721341609368734e-08
5.383137417493298926e+01 2.909563380508903384e-08
5.424251286915296077e+01 0.000000000000000000e+00
5.465679164717121807e+01 0.000000000000000000e+00
5.507423449146955363e+01 0.000000000000000000e+00
5.549486556769667800e+01 2.831343263994276746e-08
5.591870922606719319e+01 0.000000000000000000e+00
5.634579000277113892e+01 2.786779702055761530e-08
5.677613262139447414e+01 0.000000000000000000e+00
5.720976199435020249e+01 2.737766451707977018e-08
5.764670322432060345e+01 2.720530009707242166e-08
5.808698160571049129e+01 2.703353606948426009e-08
5.853062262611141620e+01 0.000000000000000000e+00
5.897765196777716312e+01 0.000000000000000000e+00
5.942809550911043459e+01 2.645423398424506640e-08
5.988197932616098740e+01 0.000000000000000000e+00
6.033932969413523040e+01 0.000000000000000000e+00
6.080017308891720518e+01 0.000000000000000000e+00
6.126453618860131201e+01 0.000000000000000000e+00
6.173244587503663183e+01 2.537385445328616046e-08
6.220392923538312857e+01 5.029346498761681350e-08
6.267901356367983112e+01 9.996246933406187925e-08
6.315772636242475357e+01 2.473187008635344490e-08
6.364009534416704383e+01 0.000000000000000000e+00
6.412614843311123991e+01 0.000000000000000000e+00
6.461591376673376885e+01 0.000000000000000000e+00
6.510941969741192281e+01 4.817509669446460890e-08
6.560669479406510618e+01 4.772837628343020398e-08
6.610776784380868776e+01 2.363923831884503946e-08
6.661266785362042242e+01 2.359867790801350407e-08
6.712142405201964834e+01 0.000000000000000000e+00
6.763406589075952979e+01 0.000000000000000000e+00
6.815062304653176284e+01 0.000000000000000000e+00
6.867112542268469610e+01 2.272769380506963622e-08
6.919560315095429814e+01 2.265319189035587250e-08
6.972408659320856827e+01 0.000000000000000000e+00
7.025660634320522036e+01 0.000000000000000000e+00
7.079319322836265371e+01 0.000000000000000000e+00
7.133387831154462333e+01 0.000000000000000000e+00
7.187869289285829666e+01 0.000000000000000000e+00
7.242766851146639340e+01 2.169617293982470494e-08
7.298083694741293925e+01 0.000000000000000000e+00
7.353823022346294636e+01 2.133366577264649074e-08
7.409988060695627610e+01 0.000000000000000000e+00
7.466582061167545703e+01 4.197181230923561542e-08
7.523608299972798363e+01 0.000000000000000000e+00
7.581070078344298224e+01 0.000000000000000000e+00
7.638970722728217311e+01 0.000000000000000000e+00
7.697313584976564016e+01 0.000000000000000000e+00
7.756102042541199637e+01 0.000000000000000000e+00
7.815339498669379736e+01 4.010901056950587961e-08
7.875029382600763483e+01 0.000000000000000000e+00
7.935175149765926506e+01 0.000000000000000000e+00
7.995780281986401405e+01 1.962464911619039390e-08
8.056848287676226050e+01 0.000000000000000000e+00
8.118382702045050792e+01 0.000000000000000000e+00
8.180387087302804616e+01 0.000000000000000000e+00
8.242865032865888963e+01 1.893582684539199867e-08
8.305820155564990159e+01 1.893166276285406701e-08
8.369256099854430886e+01 0.000000000000000000e+00
8.433176538023161584e+01 0.000000000000000000e+00
8.497585170407356259e+01 1.838946974393222665e-08
8.562485725604614117e+01 0.000000000000000000e+00
8.627881960689798291e+01 0.000000000000000000e+00
8.693777661432541493e+01 1.803503759946114917e-08
8.760176642516411505e+01 0.000000000000000000e+00
8.827082747759727965e+01 0.000000000000000000e+00
8.894499850338092983e+01 0.000000000000000000e+00
8.962431853008587268e+01 1.743472396810116105e-08
9.030882688335715613e+01 0.000000000000000000e+00
9.099856318919067633e+01 1.718105561768564558e-08
9.169356737622699427e+01 0.000000000000000000e+00
9.239387967806285928e+01 1.689922280781990035e-08
9.309954063558021176e+01 3.363425178505516192e-08
9.381059109929316264e+01 0.000000000000000000e+00
9.452707223171287865e+01 3.314626770888534132e-08
9.524902550973044413e+01 0.000000000000000000e+00
9.597649272701789869e+01 1.636062265969331241e-08
9.670951599644754992e+01 0.000000000000000000e+00
9.744813775253007293e+01 0.000000000000000000e+00
9.819240075387101285e+01 1.597531152333969919e-08
9.894234808564596051e+01 1.581364984595918655e-08
9.969802316209487003e+01 0.000000000000000000e+00
1.004594697290351206e+02 0.000000000000000000e+00
1.012267318663940330e+02 0.000000000000000000e+00
1.019998539907607551e+02 0.000000000000000000e+00
1.027788808579573896e+02 0.000000000000000000e+00
1.035638575656300304e+02 1.511762140709672843e-08
1.043548295558592258e+02 1.500536042649635536e-08
1.051518426177907060e+02 0.000000000000000000e+00
1.059549428902863042e+02 1.483096357237010843e-08
1.067641768645947025e+02 1.462372532586604784e-08
1.075795913870428819e+02 0.000000000000000000e+00
1.084012336617479093e+02 0.000000000000000000e+00
1.092291512533496842e+02 2.875680894544915849e-08
1.100633920897645339e+02 1.421032851788878496e-08
1.109040044649596268e+02 0.000000000000000000e+00
1.117510370417487309e+02 0.000000000000000000e+00
1.126045388546091885e+02 1.389686385468655297e-08
1.134645593125205778e+02 0.000000000000000000e+00
1.143311482018251581e+02 1.371953288353725765e-08
1.152043556891097040e+02 1.362352481023586460e-08
1.160842323241099052e+02 1.346564713708174382e-08
1.169708290426363391e+02 0.000000000000000000e+00
1.178641971695234076e+02 0.000000000000000000e+00
1.187643884216004722e+02 0.000000000000000000e+00
1.196714549106856964e+02 1.307596400587006657e-08
1.205854491466028264e+02 1.298331389891802327e-08
1.215064240402207503e+02 0.000000000000000000e+00
1.224344329065167187e+02 1.279936256178559650e-08
1.233695294676628009e+02 0.000000000000000000e+00
1.243117678561356172e+02 0.000000000000000000e+00
1.252612026178502873e+02 1.247453932025197337e-08
1.262178887153177698e+02 1.243483609179291005e-08
1.271818815308268711e+02 0.000000000000000000e+00
1.281532368696502999e+02 1.221325554278434418e-08
1.291320109632751496e+02 2.429878945303657800e-08
1.301182604726581644e+02 0.000000000000000000e+00
1.311120424915058038e+02 1.191511802991882072e-08
1.321134145495791472e+02 0.000000000000000000e+00
1.331224346160248615e+02 1.175332139190944997e-08
1.341391611027304975e+02 0.000000000000000000e+00
1.351636528677061619e+02 0.000000000000000000e+00
1.361959692184915980e+02 0.000000000000000000e+00
1.372361699155896986e+02 0.000000000000000000e+00
1.382843151759259683e+02 0.000000000000000000e+00
1.393404656763344747e+02 0.000000000000000000e+00
1.404046825570703732e+02 0.000000000000000000e+00
1.414770274253492062e+02 0.000000000000000000e+00
1.425575623589134011e+02 0.000000000000000000e+00
1.436463499096261103e+02 0.000000000000000000e+00
1.447434531070921366e+02 0.000000000000000000e+00
1.458489354623067129e+02 1.071492847734649164e-08
1.469628609713321055e+02 0.000000000000000000e+00
1.480852941190023273e+02 0.000000000000000000e+00
1.492162998826563580e+02 0.000000000000000000e+00
1.503559437358994160e+02 0.000000000000000000e+00
1.515042916523934196e+02 0.000000000000000000e+00
1.526614101096758418e+02 0.000000000000000000e+00
1.538273660930082656e+02 0.000000000000000000e+00
1.550022270992544691e+02 0.000000000000000000e+00
1.561860611407872170e+02 1.004831780799034843e-08
1.573789367494260318e+02 0.000000000000000000e+00
1.585809229804039546e+02 1.971055921638561618e-08
1.597920894163653998e+02 9.794155574624904460e-09
1.610125061713944206e+02 0.000000000000000000e+00
1.622422438950733863e+02 0.000000000000000000e+00
1.634813737765729229e+02 0.000000000000000000e+00
1.647299675487729473e+02 0.000000000000000000e+00
1.659880974924153065e+02 0.000000000000000000e+00
1.672558364402883058e+02 0.000000000000000000e+00
1.685332577814427282e+02 0.000000000000000000e+00
1.698204354654404540e+02 0.000000000000000000e+00
1.711174440066350826e+02 9.157703134441509087e-09
1.724243584884858365e+02 0.000000000000000000e+00
1.737412545679041500e+02 9.016294305592537330e-09
1.750682084796334834e+02 0.000000000000000000e+00
1.764052970406620489e+02 0.000000000000000000e+00
1.777525976546700690e+02 0.000000000000000000e+00
1.791101883165108575e+02 8.720664142356107125e-09
1.804781476167256642e+02 1.732067348251383549e-08
1.818565547460933089e+02 0.000000000000000000e+00
1.832454895002142905e+02 0.000000000000000000e+00
1.846450322841304228e+02 0.000000000000000000e+00
1.860552641169795152e+02 0.000000000000000000e+00
1.874762666366852955e+02 0.000000000000000000e+00
1.889081221046837413e+02 0.000000000000000000e+00
1.903509134106845408e+02 8.240779892468461091e-09
1.918047240774702118e+02 0.000000000000000000e+00
1.932696382657309186e+02 0.000000000000000000e+00
1.947457407789366925e+02 8.053019018017696557e-09
1.962331170682464574e+02 0.000000000000000000e+00
1.977318532374547715e+02 0.000000000000000000e+00
1.992420360479763985e+02 7.834041385353792009e-09
