1.003818764619345688e-01 0.000000000000000000e+00
1.011485459784472879e-01 0.000000000000000000e+00
1.019210709558087680e-01 0.000000000000000000e+00
1.026994961152724595e-01 0.000000000000000000e+00
1.034838665196517182e-01 0.000000000000000000e+00
1.042742275759283854e-01 0.000000000000000000e+00
1.050706250378814766e-01 0.000000000000000000e+00
1.058731050087358544e-01 0.000000000000000000e+00
1.066817139438310941e-01 0.000000000000000000e+00
1.074964986533107902e-01 0.000000000000000000e+00
1.083175063048323894e-01 0.000000000000000000e+00
1.091447844262976724e-01 0.000000000000000000e+00
1.099783809086041647e-01 0.000000000000000000e+00
1.108183440084175297e-01 0.000000000000000000e+00
1.116647223509651676e-01 0.000000000000000000e+00
1.125175649328510052e-01 0.000000000000000000e+00
1.133769211248920050e-01 0.000000000000000000e+00
1.142428406749761566e-01 0.000000000000000000e+00
1.151153737109424230e-01 0.000000000000000000e+00
1.159945707434826001e-01 0.000000000000000000e+00
1.168804826690653942e-01 0.000000000000000000e+00
1.177731607728827179e-01 0.000000000000000000e+00
1.186726567318187042e-01 0.000000000000000000e+00
1.195790226174411192e-01 0.000000000000000000e+00
1.204923108990159364e-01 0.000000000000000000e+00
1.214125744465446438e-01 0.000000000000000000e+00
1.223398665338249064e-01 0.000000000000000000e+00
1.232742408415345714e-01 0.000000000000000000e+00
1.242157514603392660e-01 0.000000000000000000e+00
1.251644528940235868e-01 0.000000000000000000e+00
1.261204000626464650e-01 0.000000000000000000e+00
1.270836483057203870e-01 0.000000000000000000e+00
1.280542533854148735e-01 0.000000000000000000e+00
1.290322714897847722e-01 0.000000000000000000e+00
1.300177592360227119e-01 0.000000000000000000e+00
1.310107736737369521e-01 0.000000000000000000e+00
1.320113722882536866e-01 0.000000000000000000e+00
1.330196130039449920e-01 0.000000000000000000e+00
1.340355541875820067e-01 0.000000000000000000e+00
1.350592546517138115e-01 0.000000000000000000e+00
1.360907736580721228e-01 0.000000000000000000e+00
1.371301709210017705e-01 0.000000000000000000e+00
1.381775066109176553e-01 0.000000000000000000e+00
1.392328413577879620e-01 0.000000000000000000e+00
1.402962362546441299e-01 0.000000000000000000e+00
1.413677528611173018e-01 0.000000000000000000e+00
1.424474532070021393e-01 0.000000000000000000e+00
1.435353997958477290e-01 0.000000000000000000e+00
1.446316556085757710e-01 0.000000000000000000e+00
1.457362841071265513e-01 0.000000000000000000e+00
1.468493492381329202e-01 0.000000000000000000e+00
1.479709154366219692e-01 0.000000000000000000e+00
1.491010476297450760e-01 0.000000000000000000e+00
1.502398112405367581e-01 0.000000000000000000e+00
1.513872721917017827e-01 0.000000000000000000e+00
1.525434969094315862e-01 0.000000000000000000e+00
1.537085523272495868e-01 0.000000000000000000e+00
1.548825058898858631e-01 0.000000000000000000e+00
1.560654255571816418e-01 0.000000000000000000e+00
1.572573798080234009e-01 0.000000000000000000e+00
1.584584376443071152e-01 0.000000000000000000e+00
1.596686685949328388e-01 0.000000000000000000e+00
1.608881427198295411e-01 0.000000000000000000e+00
1.621169306140110011e-01 0.000000000000000000e+00
1.633551034116623724e-01 0.000000000000000000e+00
1.646027327902583326e-01 0.000000000000000000e+00
1.658598909747124317e-01 0.000000000000000000e+00
1.671266507415579139e-01 0.000000000000000000e+00
1.684030854231611252e-01 0.000000000000000000e+00
1.696892689119663122e-01 0.000000000000000000e+00
1.709852756647735894e-01 0.000000000000000000e+00
1.722911807070489909e-01 0.000000000000000000e+00
1.736070596372676911e-01 0.000000000000000000e+00
1.749329886312905313e-01 0.000000000000000000e+00
1.762690444467736595e-01 0.000000000000000000e+00
1.776153044276120585e-01 0.000000000000000000e+00
1.789718465084169652e-01 0.000000000000000000e+00
1.803387492190275665e-01 0.000000000000000000e+00
1.817160916890568911e-01 0.000000000000000000e+00
1.831039536524727285e-01 0.000000000000000000e+00
1.845024154522134641e-01 0.000000000000000000e+00
1.859115580448389149e-01 0.000000000000000000e+00
1.873314630052169971e-01 0.000000000000000000e+00
1.887622125312461430e-01 0.000000000000000000e+00
1.902038894486135501e-01 0.000000000000000000e+00
1.916565772155901515e-01 0.000000000000000000e+00
1.931203599278616956e-01 0.000000000000000000e+00
1.945953223233973239e-01 0.000000000000000000e+00
1.960815497873548141e-01 0.000000000000000000e+00
1.975791283570236256e-01 0.000000000000000000e+00
1.990881447268055271e-01 0.000000000000000000e+00
2.006086862532332482e-01 0.000000000000000000e+00
2.021408409600277400e-01 0.000000000000000000e+00
2.036846975431935991e-01 0.000000000000000000e+00
2.052403453761537377e-01 0.000000000000000000e+00
2.068078745149232178e-01 0.000000000000000000e+00
2.083873757033224972e-01 0.000000000000000000e+00
2.099789403782307273e-01 0.000000000000000000e+00
2.115826606748788530e-01 0.000000000000000000e+00
2.131986294321833453e-01 0.000000000000000000e+00
2.148269401981205418e-01 0.000000000000000000e+00
2.164676872351422587e-01 0.000000000000000000e+00
2.181209655256325375e-01 0.000000000000000000e+00
2.197868707774061070e-01 0.000000000000000000e+00
2.214654994292489798e-01 0.000000000000000000e+00
2.231569486565012084e-01 0.000000000000000000e+00
2.248613163766823297e-01 0.000000000000000000e+00
2.265787012551598312e-01 0.000000000000000000e+00
2.283092027108608313e-01 0.000000000000000000e+00
2.300529209220272819e-01 0.000000000000000000e+00
2.318099568320156068e-01 0.000000000000000000e+00
2.335804121551398604e-01 0.000000000000000000e+00
2.353643893825602684e-01 0.000000000000000000e+00
2.371619917882162865e-01 0.000000000000000000e+00
2.389733234348050406e-01 0.000000000000000000e+00
2.407984891798055638e-01 0.000000000000000000e+00
2.426375946815489959e-01 0.000000000000000000e+00
2.444907464053350243e-01 0.000000000000000000e+00
2.463580516295952316e-01 0.000000000000000000e+00
2.482396184521032390e-01 0.000000000000000000e+00
2.501355557962327558e-01 0.000000000000000000e+00
2.520459734172627586e-01 0.000000000000000000e+00
2.539709819087314635e-01 0.000000000000000000e+00
2.559106927088385386e-01 0.000000000000000000e+00
2.578652181068959992e-01 0.000000000000000000e+00
2.598346712498288968e-01 0.000000000000000000e+00
2.618191661487251354e-01 0.000000000000000000e+00
2.638188176854358025e-01 0.000000000000000000e+00
2.658337416192252944e-01 0.000000000000000000e+00
2.678640545934727890e-01 0.000000000000000000e+00
2.699098741424248438e-01 0.000000000000000000e+00
2.719713186979990649e-01 0.000000000000000000e+00
2.740485075966404560e-01 0.000000000000000000e+00
2.761415610862294479e-01 0.000000000000000000e+00
2.782506003330433297e-01 0.000000000000000000e+00
2.803757474287703610e-01 0.000000000000000000e+00
2.825171253975775620e-01 0.000000000000000000e+00
2.846748582032325170e-01 0.000000000000000000e+00
2.868490707562799669e-01 0.000000000000000000e+00
2.890398889212724143e-01 0.000000000000000000e+00
2.912474395240567393e-01 0.000000000000000000e+00
2.934718503591156602e-01 0.000000000000000000e+00
2.957132501969662597e-01 0.000000000000000000e+00
2.979717687916139113e-01 0.000000000000000000e+00
3.002475368880643813e-01 0.000000000000000000e+00
3.025406862298920529e-01 0.000000000000000000e+00
3.048513495668665474e-01 0.000000000000000000e+00
3.071796606626379655e-01 0.000000000000000000e+00
3.095257543024800828e-01 0.000000000000000000e+00
3.118897663010932186e-01 0.000000000000000000e+00
3.142718335104664473e-01 0.000000000000000000e+00
3.166720938277997055e-01 0.000000000000000000e+00
3.190906862034871283e-01 0.000000000000000000e+00
3.215277506491602821e-01 0.000000000000000000e+00
3.239834282457938475e-01 0.000000000000000000e+00
3.264578611518724749e-01 0.000000000000000000e+00
3.289511926116204799e-01 0.000000000000000000e+00
3.314635669632940984e-01 0.000000000000000000e+00
3.339951296475371922e-01 0.000000000000000000e+00
3.365460272158006805e-01 0.000000000000000000e+00
3.391164073388266975e-01 0.000000000000000000e+00
3.417064188151969217e-01 0.000000000000000000e+00
3.443162115799464074e-01 0.000000000000000000e+00
3.469459367132436967e-01 0.000000000000000000e+00
3.495957464491361577e-01 0.000000000000000000e+00
3.522657941843635454e-01 0.000000000000000000e+00
3.549562344872373987e-01 0.000000000000000000e+00
3.576672231065893826e-01 0.000000000000000000e+00
3.603989169807875204e-01 0.000000000000000000e+00
3.631514742468208712e-01 0.000000000000000000e+00
3.659250542494547620e-01 0.000000000000000000e+00
3.687198175504546316e-01 0.000000000000000000e+00
3.715359259378811507e-01 0.000000000000000000e+00
3.743735424354559527e-01 0.000000000000000000e+00
3.772328313119991394e-01 0.000000000000000000e+00
3.801139580909387861e-01 0.000000000000000000e+00
3.830170895598929426e-01 0.000000000000000000e+00
3.859423937803250215e-01 0.000000000000000000e+00
3.888900400972727933e-01 0.000000000000000000e+00
3.918601991491514891e-01 0.000000000000000000e+00
3.948530428776324541e-01 0.000000000000000000e+00
3.978687445375965748e-01 0.000000000000000000e+00
4.009074787071638113e-01 0.000000000000000000e+00
4.039694212977997800e-01 0.000000000000000000e+00
4.070547495644989411e-01 0.000000000000000000e+00
4.101636421160458901e-01 0.000000000000000000e+00
4.132962789253552538e-01 0.000000000000000000e+00
4.164528413398899120e-01 0.000000000000000000e+00
4.196335120921593775e-01 0.000000000000000000e+00
4.228384753102979454e-01 0.000000000000000000e+00
4.260679165287238890e-01 0.000000000000000000e+00
4.293220226988802568e-01 0.000000000000000000e+00
4.326009822000570493e-01 0.000000000000000000e+00
4.359049848502964952e-01 0.000000000000000000e+00
4.392342219173819284e-01 0.000000000000000000e+00
4.425888861299096533e-01 0.000000000000000000e+00
4.459691716884466306e-01 0.000000000000000000e+00
4.493752742767720409e-01 0.000000000000000000e+00
4.528073910732057783e-01 0.000000000000000000e+00
4.562657207620228750e-01 0.000000000000000000e+00
4.597504635449554122e-01 0.000000000000000000e+00
4.632618211527818053e-01 0.000000000000000000e+00
4.667999968570054614e-01 0.000000000000000000e+00
4.703651954816218117e-01 0.000000000000000000e+00
4.739576234149754375e-01 0.000000000000000000e+00
4.775774886217079018e-01 0.000000000000000000e+00
4.812250006547968972e-01 0.000000000000000000e+00
4.849003706676870973e-01 0.000000000000000000e+00
4.886038114265137677e-01 0.000000000000000000e+00
4.923355373224197473e-01 0.000000000000000000e+00
4.960957643839665199e-01 0.000000000000000000e+00
4.998847102896398775e-01 0.000000000000000000e+00
5.037025943804516182e-01 0.000000000000000000e+00
5.075496376726369441e-01 0.000000000000000000e+00
5.114260628704487832e-01 0.000000000000000000e+00
5.153320943790506981e-01 0.000000000000000000e+00
5.192679583175066060e-01 0.000000000000000000e+00
5.232338825318720854e-01 0.000000000000000000e+00
5.272300966083831586e-01 0.000000000000000000e+00
5.312568318867476602e-01 0.000000000000000000e+00
5.353143214735371913e-01 0.000000000000000000e+00
5.394028002556814361e-01 0.000000000000000000e+00
5.435225049140661735e-01 0.000000000000000000e+00
5.476736739372339846e-01 0.000000000000000000e+00
5.518565476351910970e-01 0.000000000000000000e+00
5.560713681533180353e-01 0.000000000000000000e+00
5.603183794863880740e-01 0.000000000000000000e+00
5.645978274926913842e-01 0.000000000000000000e+00
5.689099599082683145e-01 0.000000000000000000e+00
5.732550263612503638e-01 0.000000000000000000e+00
5.776332783863111775e-01 0.000000000000000000e+00
5.820449694392276774e-01 0.000000000000000000e+00
5.864903549115527692e-01 0.000000000000000000e+00
5.909696921454001828e-01 0.000000000000000000e+00
5.954832404483410002e-01 0.000000000000000000e+00
6.000312611084158698e-01 0.000000000000000000e+00
6.046140174092602404e-01 0.000000000000000000e+00
6.092317746453459471e-01 0.000000000000000000e+00
6.138848001373393704e-01 0.000000000000000000e+00
6.185733632475765020e-01 0.000000000000000000e+00
6.232977353956554722e-01 0.000000000000000000e+00
6.280581900741497581e-01 0.000000000000000000e+00
6.328550028644405190e-01 0.000000000000000000e+00
6.376884514526697245e-01 0.000000000000000000e+00
6.425588156458151845e-01 0.000000000000000000e+00
6.474663773878889250e-01 0.000000000000000000e+00
6.524114207762584661e-01 0.000000000000000000e+00
6.573942320780932214e-01 0.000000000000000000e+00
6.624150997469364643e-01 0.000000000000000000e+00
6.674743144394041927e-01 0.000000000000000000e+00
6.725721690320105584e-01 0.000000000000000000e+00
6.777089586381226383e-01 0.000000000000000000e+00
6.828849806250443244e-01 0.000000000000000000e+00
6.881005346312309978e-01 0.000000000000000000e+00
6.933559225836360973e-01 0.000000000000000000e+00
6.986514487151883612e-01 0.000000000000000000e+00
7.039874195824046277e-01 0.000000000000000000e+00
7.093641440831359724e-01 0.000000000000000000e+00
7.147819334744500708e-01 0.000000000000000000e+00
7.202411013906493409e-01 0.000000000000000000e+00
7.257419638614276414e-01 0.000000000000000000e+00
7.312848393301645267e-01 0.000000000000000000e+00
7.368700486723602783e-01 0.000000000000000000e+00
7.424979152142111571e-01 0.000000000000000000e+00
7.481687647513268757e-01 0.000000000000000000e+00
7.538829255675907337e-01 0.000000000000000000e+00
7.596407284541633054e-01 0.000000000000000000e+00
7.654425067286326767e-01 0.000000000000000000e+00
7.712885962543096774e-01 0.000000000000000000e+00
7.771793354596711056e-01 0.000000000000000000e+00
7.831150653579508347e-01 0.000000000000000000e+00
7.890961295668817987e-01 0.000000000000000000e+00
7.951228743285869704e-01 0.000000000000000000e+00
8.011956485296237718e-01 0.000000000000000000e+00
8.073148037211809180e-01 0.000000000000000000e+00
8.134806941394295832e-01 0.000000000000000000e+00
8.196936767260303291e-01 0.000000000000000000e+00
8.259541111487957998e-01 1.096758839913463227e-05
8.322623598225118435e-01 1.269106657614150352e-04
8.386187879299183967e-01 9.056094420999739620e-04
8.450237634428487965e-01 3.946765025345734708e-03
8.514776571435325181e-01 1.452422063713972034e-02
8.579808426460586723e-01 4.510812428729801121e-02
8.645336964180048156e-01 1.171965160364672187e-01
8.711365978022310719e-01 2.609988347308923040e-01
8.777899290388395670e-01 5.094194123663199347e-01
8.844940752873023948e-01 8.937722806206221948e-01
8.912494246487583371e-01 1.422439810627423418e+00
8.980563681884800031e-01 2.075225971748888565e+00
9.049152999585122759e-01 2.814214244090866401e+00
9.118266170204843979e-01 3.584522815304087562e+00
9.187907194685952517e-01 4.330809234326518542e+00
9.258080104527748322e-01 4.996325631982693416e+00
9.328788962020224673e-01 5.546754424171719933e+00
9.400037860479233398e-01 5.946690668742849795e+00
9.471830924483448655e-01 6.205655799224873981e+00
9.544172310113129276e-01 6.318233393746963245e+00
9.617066205190725192e-01 6.299870517170126583e+00
9.690516829523299069e-01 6.171566967682021065e+00
9.764528435146813123e-01 5.953586148249220500e+00
9.839105306572277776e-01 5.678291845439227714e+00
9.914251761033785471e-01 5.350835692202950078e+00
9.989972148738428537e-01 5.003186641925522871e+00
1.006627085311812886e+00 4.636594999684447771e+00
1.014315229108340155e+00 4.273857681366497907e+00
1.022062091327904820e+00 3.919744021126952305e+00
1.029868120434179746e+00 3.579021786322750032e+00
1.037733768315991956e+00 3.254357667733223991e+00
1.045659490313482376e+00 2.956863399205039933e+00
1.053645745244466525e+00 2.679959994497059572e+00
1.061692995430993491e+00 2.421062236343773044e+00
1.069801706726111412e+00 2.186149027221051089e+00
1.077972348540833902e+00 1.970715821893534780e+00
1.086205393871315206e+00 1.776963972032765016e+00
1.094501319326231403e+00 1.603708978091635151e+00
1.102860605154371676e+00 1.448816860727342393e+00
1.111283735272438733e+00 1.304676113590886644e+00
1.119771197293064180e+00 1.176497907970200263e+00
1.128323482553034385e+00 1.063326496876215499e+00
1.136941086141734836e+00 9.599789113911698646e-01
1.145624506929811659e+00 8.707685473526086684e-01
1.154374247598049186e+00 7.865123996737709566e-01
1.163190814666471562e+00 7.139712032035517852e-01
1.172074718523663961e+00 6.484680648888915266e-01
1.181026473456318726e+00 5.877953658648787938e-01
1.190046597679009999e+00 5.366143312011456556e-01
1.199135613364188391e+00 4.870721676039118098e-01
1.208294046672413469e+00 4.449315593777510847e-01
1.217522427782810501e+00 4.040553574141763082e-01
1.226821290923763907e+00 3.717730443604948531e-01
1.236191174403842963e+00 3.380743456049823403e-01
1.245632620642964428e+00 3.101414647507291789e-01
1.255146176203792763e+00 2.828823071838513781e-01
1.264732391823380597e+00 2.616788252116386548e-01
1.274391822445051226e+00 2.395054950652739101e-01
1.284125027250524465e+00 2.209013315436560987e-01
1.293932569692285650e+00 2.027546731381164868e-01
1.303815017526205322e+00 1.875802311887423690e-01
1.313772942844406266e+00 1.722773117752640915e-01
1.323806922108381467e+00 1.597225566549403952e-01
1.333917536182366304e+00 1.477396829297144276e-01
1.344105370366962093e+00 1.368708028261720333e-01
1.354371014433021658e+00 1.268150910625082950e-01
1.364715062655789790e+00 1.180864574951398654e-01
1.375138113849305288e+00 1.089755251321444518e-01
1.385640771401068339e+00 1.023981056893491365e-01
1.396223643306966578e+00 9.488530763594191231e-02
1.406887342206475600e+00 8.875129212414017976e-02
1.417632485418122146e+00 8.271598490793066749e-02
1.428459694975221517e+00 7.721965632162149096e-02
1.439369597661886768e+00 7.212442811105207463e-02
1.450362825049312576e+00 6.775619433151103266e-02
1.461440013532337545e+00 6.311063724530614760e-02
1.472601804366283851e+00 5.979372515373928415e-02
1.483848843704080878e+00 5.557277041841518495e-02
1.495181782633669076e+00 5.252378084345575571e-02
1.506601277215691814e+00 4.893894623528146498e-02
1.518107988521476326e+00 4.610304123493379896e-02
1.529702582671299993e+00 4.303838367654703317e-02
1.541385730872953275e+00 4.060514585028188184e-02
1.553158109460597069e+00 3.819384320081499473e-02
1.565020399933912287e+00 3.598935793258892929e-02
1.576973288997555844e+00 3.415620387159071236e-02
1.589017468600909977e+00 3.170103086852728985e-02
1.601153635978140644e+00 3.021413924127317949e-02
1.613382493688560348e+00 2.870844603390626873e-02
1.625704749657298942e+00 2.732966349230077363e-02
1.638121117216285949e+00 2.561245250866483678e-02
1.650632315145542872e+00 2.437154822121988945e-02
1.663239067714795461e+00 2.298806528458618992e-02
1.675942104725400839e+00 2.171582503028657296e-02
1.688742161552594379e+00 2.081178238652933374e-02
1.701639979188063201e+00 1.972285753832953709e-02
1.714636304282838086e+00 1.873107418737922011e-02
1.727731889190519565e+00 1.771265526460243100e-02
1.740927492010831301e+00 1.659552804623343203e-02
1.754223876633505208e+00 1.598134309588189472e-02
1.767621812782504076e+00 1.536872494387308760e-02
1.781122076060578596e+00 1.411841986637174008e-02
1.794725447994169887e+00 1.359667601824147802e-02
1.808432716078648639e+00 1.297152347949080339e-02
1.822244673823904648e+00 1.253281994352541812e-02
1.836162120800284292e+00 1.185909665615000538e-02
1.850185862684873506e+00 1.119320736048825919e-02
1.864316711308142471e+00 1.080620816983308106e-02
1.878555484700939138e+00 1.028133072501735169e-02
1.892903007141845784e+00 1.006981294874832733e-02
1.907360109204898402e+00 9.405490451429314794e-03
1.921927627807664241e+00 8.994989285633131840e-03
1.936606406259693713e+00 8.701997995541964348e-03
1.951397294311338904e+00 8.072145061763090490e-03
1.966301148202944216e+00 7.907631235776070577e-03
1.981318830714416501e+00 7.360818614162072636e-03
1.996451211215167332e+00 7.188470796461385315e-03
2.011699165714443627e+00 6.882945119628348582e-03
2.027063576912038645e+00 6.751334058838733693e-03
2.042545334249390443e+00 6.336132498014350641e-03
2.058145333961072687e+00 5.988303265927509555e-03
2.073864479126675597e+00 5.974202080842908394e-03
2.089703679723088570e+00 5.651441622239803189e-03
2.105663852677174930e+00 5.289511205068360075e-03
2.121745921918852140e+00 5.215871682959884355e-03
2.137950818434581013e+00 5.057625050343799063e-03
2.154279480321258600e+00 4.789702533736367451e-03
2.170732852840524529e+00 4.629889102777548504e-03
2.187311888473481680e+00 4.448140495020460120e-03
2.204017546975835184e+00 4.150448809901091662e-03
2.220850795433451541e+00 3.981234588885871652e-03
2.237812608318344942e+00 4.021971345796943216e-03
2.254903967545088150e+00 3.747781635818577418e-03
2.272125862527654583e+00 3.702344483879305322e-03
2.289479290236696052e+00 3.540964254577753153e-03
2.306965255257257041e+00 3.514328682751283184e-03
2.324584769846928634e+00 3.287142923054922703e-03
2.342338853994450965e+00 3.056823566673095779e-03
2.360228535478756218e+00 3.031754793189359466e-03
2.378254849928468584e+00 2.865674168859606331e-03
2.396418840881856305e+00 2.795168243436597921e-03
2.414721559847241572e+00 2.582083668824839470e-03
2.433164066363873168e+00 2.619686829050443724e-03
2.451747428063260070e+00 2.602452047280375252e-03
2.470472720730979344e+00 2.434804624607888462e-03
2.489341028368951214e+00 2.361165102499413176e-03
2.508353443258192428e+00 2.166882108000456851e-03
2.527511066022048780e+00 2.220153251653396356e-03
2.546815005689907707e+00 2.104210174291115849e-03
2.566266379761402039e+00 1.966331920130566339e-03
2.585866314271100030e+00 1.936562751618629494e-03
2.605615943853691441e+00 1.933429154933162400e-03
2.625516411809674544e+00 1.881724809622956334e-03
2.645568870171534748e+00 1.778316119002543985e-03
2.665774479770441019e+00 1.793984102429879235e-03
2.686134410303444575e+00 1.652972251583862632e-03
2.706649840401191387e+00 1.690575411809467103e-03
2.727321957696154264e+00 1.544863165935249751e-03
2.748151958891383195e+00 1.471223643826774247e-03
2.769141049829782819e+00 1.419519298516568181e-03
2.790290445563917920e+00 1.411685306802900556e-03
2.811601370426352720e+00 1.394450525032831867e-03
2.833075058100528398e+00 1.327078196295290551e-03
2.854712751692177974e+00 1.250305077501348170e-03
2.876515703801291846e+00 1.239337489102213452e-03
2.898485176594628676e+00 1.300442624468820798e-03
2.920622441878783171e+00 1.234637094074012920e-03
2.942928781173810293e+00 1.167264765336471603e-03
2.965405485787410811e+00 1.162564370308271072e-03
2.988053856889687943e+00 1.201734328876608981e-03
3.010875205588466663e+00 1.065422873058792909e-03
3.033870853005199208e+00 1.060722478030592377e-03
3.057042130351439457e+00 9.949169476357844991e-04
3.080390379005908841e+00 9.369454089546443544e-04
3.103916950592149782e+00 9.980505443212515926e-04
3.127623207056766663e+00 9.526133923819796049e-04
3.151510520748272093e+00 8.554718951325013341e-04
3.175580274496530464e+00 8.805406686162376480e-04
3.199833861692807702e+00 7.630307929112237035e-04
3.224272686370440510e+00 7.943667597658940959e-04
3.248898163286108698e+00 7.865327680522265792e-04
3.273711718001736770e+00 7.614639945684902652e-04
3.298714786967021251e+00 7.755651796530918605e-04
3.323908817602584165e+00 7.160268426292181691e-04
3.349295268383767343e+00 6.909580691454818551e-04
3.374875608925059112e+00 7.034924558873500121e-04
3.400651320065169791e+00 6.815572790890807916e-04
3.426623893952761790e+00 6.204521437224735534e-04
3.452794834132823176e+00 5.953833702387372395e-04
3.479165655633714493e+00 5.844157818396026292e-04
3.505737885054867498e+00 5.812821851541355358e-04
3.532513060655161574e+00 5.280110415011959228e-04
3.559492732441974283e+00 5.233106464729953911e-04
3.586678462260907807e+00 5.374118315575969864e-04
3.614071823886209955e+00 5.013754696747260622e-04
3.641674403111871072e+00 5.374118315575969864e-04
3.669487797843431487e+00 5.154766547593277659e-04
3.697513618190481299e+00 5.374118315575969864e-04
3.725753486559869376e+00 4.904078812755914519e-04
3.754209037749625999e+00 4.512379227072534885e-04
3.782881919043597829e+00 5.170434531020613126e-04
3.811773790306809850e+00 4.105011657961819783e-04
3.840886324081555170e+00 4.402703343081188240e-04
3.870221205684216237e+00 3.995335773970473681e-04
3.899780133302832574e+00 4.418371326508523707e-04
3.929564818095400369e+00 4.324363425944512530e-04
3.959576984288936341e+00 3.290276519740390122e-04
3.989818369279292121e+00 3.932663840261132896e-04
4.020290723731728910e+00 3.948331823688467821e-04
4.050995811682269299e+00 3.462624337441077009e-04
4.081935410639808026e+00 3.603636188287093504e-04
4.113111311689019445e+00 3.885659889979127036e-04
4.144525319594036361e+00 3.117928702039702692e-04
4.176179252902931793e+00 3.180600635749043477e-04
4.208074944052993871e+00 3.196268619176378945e-04
4.240214239476800984e+00 3.399952403731736224e-04
4.272598999709120271e+00 2.976916851193686197e-04
4.305231099494601921e+00 2.992584834621021123e-04
4.338112427896314571e+00 3.023920801475691515e-04
4.371244888405103168e+00 2.882908950629675020e-04
4.404630399049775491e+00 2.820237016920334235e-04
4.438270892508145771e+00 2.600885248937641488e-04
4.472168316218908757e+00 2.945580884339015805e-04
4.506324632494379756e+00 2.663557182646982273e-04
4.540741818634090876e+00 2.600885248937641488e-04
4.575421867039255019e+00 2.459873398091624993e-04
4.610366785328114503e+00 2.444205414664289526e-04
4.645578596452149434e+00 2.428537431236954330e-04
4.681059338813191140e+00 2.491209364946295386e-04
4.716811066381425555e+00 1.927161961562228322e-04
4.752835848814294550e+00 2.162181712972256265e-04
4.789135771576313871e+00 2.318861547245608227e-04
4.825712936059790792e+00 2.240521630108932246e-04
4.862569459706477915e+00 2.146513729544921069e-04
4.899707476130153339e+00 2.021169862126239499e-04
4.937129135240129862e+00 1.880158011280222733e-04
4.974836603365720755e+00 2.146513729544921069e-04
5.012832063381637226e+00 2.350197514100278620e-04
5.051117714834363781e+00 1.848822044425552341e-04
5.089695774069483036e+00 1.786150110716211556e-04
5.128568474359980200e+00 2.099509779262915480e-04
5.167738066035535205e+00 1.707810193579535846e-04
5.207206816612779399e+00 1.739146160434205967e-04
5.246977010926572760e+00 1.504126409024178295e-04
5.287050951262264320e+00 1.535462375878848687e-04
5.327430957488979324e+00 1.676474226724865453e-04
5.368119367193910918e+00 1.864490027852887537e-04
5.409118535817638573e+00 1.378782541605496725e-04
5.450430836790491895e+00 1.864490027852887537e-04
5.492058661669943831e+00 1.457122458742172706e-04
5.534004420279054592e+00 1.504126409024178295e-04
5.576270540845982282e+00 1.457122458742172706e-04
5.618859470144546009e+00 1.316110607896155940e-04
5.661773673635872584e+00 1.535462375878848687e-04
5.705015635611118796e+00 1.425786491887502314e-04
5.748587859335287931e+00 1.206434723904809567e-04
5.792492867192146733e+00 1.394450525032831921e-04
5.836733200830237500e+00 1.519794392451513491e-04
5.881311421310018162e+00 1.206434723904809567e-04
5.926230109252122347e+00 1.222102707332144763e-04
5.971491864986748332e+00 1.159430773622804114e-04
6.017099308704191074e+00 1.128094806768133721e-04
6.063055080606527092e+00 8.460711050761003248e-05
6.109361841060454879e+00 1.112426823340798525e-04
6.156022270751298819e+00 1.128094806768133721e-04
6.203039070838196167e+00 9.714149724947817590e-05
6.250414963110467070e+00 7.363952210847539512e-05
6.298152690145174759e+00 9.557469890674465628e-05
6.346255015465900762e+00 1.081090856486128133e-04
6.394724723702712943e+00 1.112426823340798525e-04
6.443564620753374328e+00 8.930750553581057779e-05
6.492777533945774948e+00 8.304031216487651286e-05
6.542366312201600920e+00 7.990671547940947361e-05
6.592333826201270064e+00 9.087430387854409741e-05
6.642682968550095879e+00 9.557469890674465628e-05
6.693416653945753581e+00 1.002750939349452151e-04
6.744537819347007357e+00 8.774070719307705817e-05
6.796049424143726370e+00 7.207272376574187550e-05
6.847954450328215259e+00 9.087430387854409741e-05
6.900255902667822738e+00 9.244110222127761704e-05
6.952956808878900219e+00 6.267193370934075777e-05
7.006060219802071387e+00 6.580553039480779702e-05
7.059569209578839377e+00 7.207272376574187550e-05
7.113486875829561740e+00 8.460711050761003248e-05
7.167816339832755901e+00 7.833991713667595399e-05
7.222560746705797285e+00 9.714149724947817590e-05
7.277723265586987011e+00 6.737232873754131664e-05
7.333307089819009583e+00 6.737232873754131664e-05
7.389315437133804565e+00 6.267193370934075777e-05
7.445751549838826477e+00 6.893912708027483626e-05
7.502618695004750649e+00 5.327114365293964682e-05
7.559920164654601038e+00 7.520632045120891475e-05
7.617659275954320464e+00 6.267193370934075777e-05
7.675839371404808986e+00 7.363952210847539512e-05
7.734463819035411802e+00 5.170434531020612719e-05
7.793536012598893947e+00 6.267193370934075777e-05
7.853059371767910690e+00 7.363952210847539512e-05
7.913037342332964741e+00 6.267193370934075777e-05
7.973473396401889346e+00 4.073675691107149662e-05
8.034371032600834184e+00 4.073675691107149662e-05
8.095733776276818006e+00 5.013754696747260757e-05
8.157565179701792957e+00 7.207272376574187550e-05
8.219868822278293408e+00 3.603636188287093775e-05
8.282648310746649756e+00 5.953833702387372530e-05
8.345907279393774303e+00 5.640474033840668606e-05
8.409649390263549407e+00 5.327114365293964682e-05
8.473878333368830340e+00 5.327114365293964682e-05
8.538597826905046873e+00 3.133596685467037889e-05
8.603811617465460415e+00 4.543715193927204871e-05
8.669523480258041204e+00 5.640474033840668606e-05
8.735737219324033020e+00 4.073675691107149662e-05
8.802456667758143283e+00 4.543715193927204871e-05
8.869685687930459750e+00 4.387035359653852908e-05
8.937428171710028124e+00 3.446956354013741813e-05
9.005688040690165153e+00 4.857074862473908795e-05
9.074469246415468149e+00 3.760316022560445737e-05
9.143775770610570675e+00 5.327114365293964682e-05
9.213611625410646155e+00 5.013754696747260757e-05
9.283980853593664762e+00 5.170434531020612719e-05
9.354887528814433750e+00 3.916995856833797700e-05
9.426335755840423047e+00 5.327114365293964682e-05
9.498329670789374291e+00 2.820237016920334303e-05
9.570873441368757284e+00 4.073675691107149662e-05
9.643971267117024126e+00 4.387035359653852908e-05
9.717627379646726737e+00 4.700395028200556833e-05
9.791846042889485346e+00 2.976916851193686265e-05
9.866631553342816829e+00 3.290276519740389851e-05
9.941988240318867298e+00 2.506877348373630379e-05
1.001792046619502941e+01 1.880158011280222869e-05
1.009443262666647811e+01 4.857074862473908795e-05
1.017152915100063915e+01 2.663557182646982341e-05
1.024921450229360431e+01 3.916995856833797700e-05
1.032749317772848840e+01 2.193517679826926454e-05
1.040636970883577561e+01 4.543715193927204871e-05
1.048584866175564301e+01 3.290276519740389851e-05
1.056593463750229134e+01 4.543715193927204871e-05
1.064663227223031328e+01 2.820237016920334303e-05
1.072794623750306187e+01 2.820237016920334303e-05
1.080988124056310262e+01 2.820237016920334303e-05
1.089244202460468713e+01 2.976916851193686265e-05
1.097563336904835118e+01 3.290276519740389851e-05
1.105946008981760897e+01 3.133596685467037889e-05
1.114392703961772924e+01 2.663557182646982341e-05
1.122903910821665363e+01 2.663557182646982341e-05
1.131480122272806810e+01 4.230355525380501624e-05
1.140121834789663069e+01 2.350197514100278416e-05
1.148829548638539144e+01 2.820237016920334303e-05
1.157603767906538295e+01 2.036837845553574831e-05
1.166445000530744025e+01 9.400790056401114343e-06
1.175353758327623055e+01 3.290276519740389851e-05
1.184330557022655483e+01 1.723478177006870906e-05
1.193375916280191262e+01 2.193517679826926454e-05
1.202490359733531022e+01 3.603636188287093775e-05
1.211674415015240314e+01 1.410118508460167152e-05
1.220928613787693706e+01 2.193517679826926454e-05
1.230253491773851593e+01 3.133596685467037889e-05
1.239649588788276091e+01 2.193517679826926454e-05
1.249117448768377869e+01 2.820237016920334303e-05
1.258657619805906158e+01 1.880158011280222869e-05
1.268270654178675727e+01 3.133596685467037889e-05
1.277957108382539175e+01 2.976916851193686265e-05
1.287717543163603651e+01 1.723478177006870906e-05
1.297552523550690928e+01 1.880158011280222869e-05
1.307462618888047245e+01 2.193517679826926454e-05
1.317448402868301116e+01 2.663557182646982341e-05
1.327510453565674453e+01 1.723478177006870906e-05
1.337649353469450197e+01 1.880158011280222869e-05
1.347865689517689169e+01 1.880158011280222869e-05
1.358160053131209644e+01 2.036837845553574831e-05
1.368533040247822186e+01 1.566798342733518944e-05
1.378985251356829522e+01 2.193517679826926454e-05
1.389517291533790910e+01 1.880158011280222869e-05
1.400129770475546920e+01 2.350197514100278416e-05
1.410823302535516532e+01 1.410118508460167152e-05
1.421598506759258740e+01 2.506877348373630379e-05
1.432456006920312142e+01 3.133596685467037889e-05
1.443396431556304549e+01 1.723478177006870906e-05
1.454420414005338102e+01 1.253438674186815189e-05
1.465528592442653633e+01 2.193517679826926454e-05
1.476721609917572842e+01 7.833991713667594721e-06
1.488000114390725059e+01 1.566798342733518944e-05
1.499364758771559814e+01 1.096758839913463227e-05
1.510816200956140420e+01 1.566798342733518944e-05
1.522355103865231740e+01 1.723478177006870906e-05
1.533982135482673925e+01 7.833991713667594721e-06
1.545697968894052465e+01 1.253438674186815189e-05
1.557503282325665950e+01 1.880158011280222869e-05
1.569398759183785330e+01 1.253438674186815189e-05
1.581385088094217650e+01 1.096758839913463227e-05
1.593462962942168204e+01 9.400790056401114343e-06
1.605633082912410003e+01 1.253438674186815189e-05
1.617896152529763043e+01 1.723478177006870906e-05
1.630252881699875189e+01 1.566798342733518944e-05
1.642703985750318907e+01 7.833991713667594721e-06
1.655250185472002045e+01 1.410118508460167152e-05
1.667892207160893037e+01 7.833991713667594721e-06
1.680630782660069400e+01 1.723478177006870906e-05
1.693466649402079582e+01 7.833991713667594721e-06
1.706400550451636988e+01 1.096758839913463227e-05
1.719433234548630907e+01 1.880158011280222869e-05
1.732565456151473171e+01 9.400790056401114343e-06
1.745797975480775932e+01 1.566798342733518944e-05
1.759131558563357700e+01 1.253438674186815189e-05
1.772566977276590450e+01 1.410118508460167152e-05
1.786105009393079257e+01 1.253438674186815189e-05
1.799746438625691525e+01 9.400790056401114343e-06
1.813492054672925491e+01 6.267193370934075947e-06
1.827342653264623351e+01 9.400790056401114343e-06
1.841299036208040008e+01 6.267193370934075947e-06
1.855362011434253589e+01 1.096758839913463227e-05
1.869532393044939056e+01 7.833991713667594721e-06
1.883811001359499926e+01 1.410118508460167152e-05
1.898198662962550998e+01 9.400790056401114343e-06
1.912696210751772696e+01 1.096758839913463227e-05
1.927304483986123529e+01 9.400790056401114343e-06
1.942024328334427707e+01 1.253438674186815189e-05
1.956856595924331188e+01 7.833991713667594721e-06
1.971802145391628613e+01 7.833991713667594721e-06
1.986861841929972172e+01 1.253438674186815189e-05
2.002036557340952783e+01 1.566798342733518944e-05
2.017327170084572430e+01 9.400790056401114343e-06
2.032734565330098775e+01 4.700395028200557172e-06
2.048259635007306656e+01 3.133596685467037973e-06
2.063903277858106478e+01 1.566798342733518944e-05
2.079666399488577966e+01 4.700395028200557172e-06
2.095549912421395078e+01 1.253438674186815189e-05
2.111554736148649880e+01 7.833991713667594721e-06
2.127681797185082857e+01 6.267193370934075947e-06
2.143932029121715743e+01 3.133596685467037973e-06
2.160306372679898601e+01 4.700395028200557172e-06
2.176805775765772211e+01 4.700395028200557172e-06
2.193431193525134404e+01 7.833991713667594721e-06
2.210183588398740895e+01 7.833991713667594721e-06
2.227063930178012185e+01 4.700395028200557172e-06
2.244073196061181008e+01 1.566798342733518987e-06
2.261212370709861119e+01 7.833991713667594721e-06
2.278482446306047393e+01 7.833991713667594721e-06
2.295884422609555031e+01 6.267193370934075947e-06
2.313419307015891846e+01 1.096758839913463227e-05
2.331088114614578188e+01 9.400790056401114343e-06
2.348891868247912029e+01 1.253438674186815189e-05
2.366831598570178841e+01 7.833991713667594721e-06
2.384908344107317646e+01 7.833991713667594721e-06
2.403123151317036843e+01 1.566798342733518987e-06
2.421477074649395789e+01 6.267193370934075947e-06
2.439971176607850367e+01 1.566798342733518944e-05
2.458606527810756148e+01 1.096758839913463227e-05
2.477384207053348675e+01 7.833991713667594721e-06
2.496305301370191287e+01 9.400790056401114343e-06
2.515370906098105408e+01 7.833991713667594721e-06
2.534582124939582215e+01 1.096758839913463227e-05
2.553940070026671805e+01 4.700395028200557172e-06
2.573445861985366534e+01 6.267193370934075947e-06
2.593100630000469309e+01 9.400790056401114343e-06
2.612905511880966003e+01 1.410118508460167152e-05
2.632861654125893835e+01 4.700395028200557172e-06
2.652970211990708549e+01 4.700395028200557172e-06
2.673232349554165310e+01 1.566798342733518987e-06
2.693649239785701255e+01 1.566798342733518987e-06
2.714222064613342411e+01 7.833991713667594721e-06
2.734952014992126834e+01 1.566798342733518987e-06
2.755840290973046081e+01 9.400790056401114343e-06
2.776888101772517103e+01 7.833991713667594721e-06
2.798096665842379238e+01 9.400790056401114343e-06
2.819467210940434398e+01 6.267193370934075947e-06
2.841000974201522311e+01 9.400790056401114343e-06
2.862699202209135763e+01 7.833991713667594721e-06
2.884563151067587228e+01 9.400790056401114343e-06
2.906594086474717642e+01 6.267193370934075947e-06
2.928793283795175029e+01 9.400790056401114343e-06
2.951162028134242377e+01 7.833991713667594721e-06
2.973701614412232175e+01 1.566798342733518987e-06
2.996413347439450092e+01 9.400790056401114343e-06
3.019298541991724250e+01 1.096758839913463227e-05
3.042358522886523176e+01 3.133596685467037973e-06
3.065594625059649658e+01 1.096758839913463227e-05
3.089008193642516886e+01 3.133596685467037973e-06
3.112600584040018958e+01 4.700395028200557172e-06
3.136373162008992921e+01 4.700395028200557172e-06
3.160327303737282278e+01 3.133596685467037973e-06
3.184464395923409441e+01 9.400790056401114343e-06
3.208785835856844670e+01 1.566798342733518987e-06
3.233293031498900660e+01 4.700395028200557172e-06
3.257987401564231078e+01 3.133596685467037973e-06
3.282870375602964685e+01 4.700395028200557172e-06
3.307943394083464739e+01 4.700395028200557172e-06
3.333207908475711889e+01 3.133596685467037973e-06
3.358665381335332967e+01 9.400790056401114343e-06
3.384317286388262858e+01 7.833991713667594721e-06
3.410165108616060081e+01 6.267193370934075947e-06
3.436210344341879619e+01 6.267193370934075947e-06
3.462454501317083100e+01 9.400790056401114343e-06
3.488899098808531107e+01 6.267193370934075947e-06
3.515545667686525633e+01 1.566798342733518987e-06
3.542395750513435360e+01 0.000000000000000000e+00
3.569450901632996676e+01 3.133596685467037973e-06
3.596712687260290409e+01 4.700395028200557172e-06
3.624182685572413476e+01 7.833991713667594721e-06
3.651862486799832652e+01 3.133596685467037973e-06
3.679753693318444618e+01 3.133596685467037973e-06
3.707857919742345842e+01 1.566798342733518987e-06
3.736176793017290265e+01 6.267193370934075947e-06
3.764711952514880267e+01 3.133596685467037973e-06
3.793465050127463911e+01 3.133596685467037973e-06
3.822437750363764764e+01 7.833991713667594721e-06
3.851631730445244273e+01 4.700395028200557172e-06
3.881048680403189621e+01 9.400790056401114343e-06
3.910690303176554039e+01 3.133596685467037973e-06
3.940558314710532528e+01 4.700395028200557172e-06
3.970654444055901422e+01 1.566798342733518987e-06
4.000980433469116804e+01 4.700395028200557172e-06
4.031538038513167521e+01 4.700395028200557172e-06
4.062329028159209088e+01 7.833991713667594721e-06
4.093355184888959997e+01 1.566798342733518987e-06
4.124618304797896684e+01 4.700395028200557172e-06
4.156120197699230800e+01 3.133596685467037973e-06
4.187862687228675185e+01 4.700395028200557172e-06
4.219847610950009198e+01 4.700395028200557172e-06
4.252076820461459761e+01 3.133596685467037973e-06
4.284552181502894541e+01 4.700395028200557172e-06
4.317275574063820898e+01 1.566798342733518987e-06
4.350248892492221842e+01 3.133596685467037973e-06
4.383474045604216940e+01 1.566798342733518987e-06
4.416952956794561658e+01 3.133596685467037973e-06
4.450687564148002906e+01 6.267193370934075947e-06
4.484679820551461660e+01 1.566798342733518987e-06
4.518931693807093097e+01 6.267193370934075947e-06
4.553445166746195127e+01 7.833991713667594721e-06
4.588222237343995147e+01 4.700395028200557172e-06
4.623264918835322135e+01 3.133596685467037973e-06
4.658575239831141346e+01 0.000000000000000000e+00
4.694155244435995655e+01 4.700395028200557172e-06
4.730006992366332952e+01 6.267193370934075947e-06
4.766132559069743735e+01 1.566798342733518987e-06
4.802534035845116023e+01 6.267193370934075947e-06
4.839213529963691940e+01 1.253438674186815189e-05
4.876173164791060799e+01 6.267193370934075947e-06
4.913415079910075178e+01 3.133596685467037973e-06
4.950941431244714153e+01 7.833991713667594721e-06
4.988754391184892256e+01 4.700395028200557172e-06
5.026856148712214889e+01 4.700395028200557172e-06
5.065248909526700771e+01 3.133596685467037973e-06
5.103934896174460789e+01 4.700395028200557172e-06
5.142916348176368757e+01 1.566798342733518987e-06
5.182195522157707757e+01 9.400790056401114343e-06
5.221774691978801286e+01 6.267193370934075947e-06
5.261656148866648408e+01 1.566798342733518987e-06
5.301842201547557920e+01 3.133596685467037973e-06
5.342335176380803574e+01 3.133596685467037973e-06
5.383137417493298926e+01 1.566798342733518987e-06
5.424251286915296077e+01 6.267193370934075947e-06
5.465679164717121807e+01 1.566798342733518987e-06
5.507423449146955363e+01 6.267193370934075947e-06
5.549486556769667800e+01 3.133596685467037973e-06
5.591870922606719319e+01 1.566798342733518987e-06
5.634579000277113892e+01 4.700395028200557172e-06
5.677613262139447414e+01 6.267193370934075947e-06
5.720976199435020249e+01 6.267193370934075947e-06
5.764670322432060345e+01 3.133596685467037973e-06
5.808698160571049129e+01 3.133596685467037973e-06
5.853062262611141620e+01 4.700395028200557172e-06
5.897765196777716312e+01 1.566798342733518987e-06
5.942809550911043459e+01 1.566798342733518987e-06
5.988197932616098740e+01 3.133596685467037973e-06
6.033932969413523040e+01 1.566798342733518987e-06
6.080017308891720518e+01 4.700395028200557172e-06
6.126453618860131201e+01 0.000000000000000000e+00
6.173244587503663183e+01 3.133596685467037973e-06
6.220392923538312857e+01 1.566798342733518987e-06
6.267901356367983112e+01 3.133596685467037973e-06
6.315772636242475357e+01 1.566798342733518987e-06
6.364009534416704383e+01 3.133596685467037973e-06
6.412614843311123991e+01 7.833991713667594721e-06
6.461591376673376885e+01 4.700395028200557172e-06
6.510941969741192281e+01 3.133596685467037973e-06
6.560669479406510618e+01 1.566798342733518987e-06
6.610776784380868776e+01 3.133596685467037973e-06
6.661266785362042242e+01 4.700395028200557172e-06
6.712142405201964834e+01 3.133596685467037973e-06
6.763406589075952979e+01 1.566798342733518987e-06
6.815062304653176284e+01 1.566798342733518987e-06
6.867112542268469610e+01 6.267193370934075947e-06
6.919560315095429814e+01 0.000000000000000000e+00
6.972408659320856827e+01 1.566798342733518987e-06
7.025660634320522036e+01 1.566798342733518987e-06
7.079319322836265371e+01 1.566798342733518987e-06
7.133387831154462333e+01 0.000000000000000000e+00
7.187869289285829666e+01 1.566798342733518987e-06
7.242766851146639340e+01 4.700395028200557172e-06
7.298083694741293925e+01 1.566798342733518987e-06
7.353823022346294636e+01 4.700395028200557172e-06
7.409988060695627610e+01 3.133596685467037973e-06
7.466582061167545703e+01 1.566798342733518987e-06
7.523608299972798363e+01 0.000000000000000000e+00
7.581070078344298224e+01 0.000000000000000000e+00
7.638970722728217311e+01 0.000000000000000000e+00
7.697313584976564016e+01 1.566798342733518987e-06
7.756102042541199637e+01 0.000000000000000000e+00
7.815339498669379736e+01 3.133596685467037973e-06
7.875029382600763483e+01 6.267193370934075947e-06
7.935175149765926506e+01 3.133596685467037973e-06
7.995780281986401405e+01 0.000000000000000000e+00
8.056848287676226050e+01 1.566798342733518987e-06
8.118382702045050792e+01 3.133596685467037973e-06
8.180387087302804616e+01 9.400790056401114343e-06
8.242865032865888963e+01 0.000000000000000000e+00
8.305820155564990159e+01 1.566798342733518987e-06
8.369256099854430886e+01 6.267193370934075947e-06
8.433176538023161584e+01 3.133596685467037973e-06
8.497585170407356259e+01 3.133596685467037973e-06
8.562485725604614117e+01 0.000000000000000000e+00
8.627881960689798291e+01 1.566798342733518987e-06
8.693777661432541493e+01 3.133596685467037973e-06
8.760176642516411505e+01 0.000000000000000000e+00
8.827082747759727965e+01 1.566798342733518987e-06
8.894499850338092983e+01 1.566798342733518987e-06
8.962431853008587268e+01 9.400790056401114343e-06
9.030882688335715613e+01 1.566798342733518987e-06
9.099856318919067633e+01 1.566798342733518987e-06
9.169356737622699427e+01 0.000000000000000000e+00
9.239387967806285928e+01 3.133596685467037973e-06
9.309954063558021176e+01 1.566798342733518987e-06
9.381059109929316264e+01 1.566798342733518987e-06
9.452707223171287865e+01 3.133596685467037973e-06
9.524902550973044413e+01 1.566798342733518987e-06
9.597649272701789869e+01 0.000000000000000000e+00
9.670951599644754992e+01 0.000000000000000000e+00
9.744813775253007293e+01 1.566798342733518987e-06
9.819240075387101285e+01 0.000000000000000000e+00
9.894234808564596051e+01 3.133596685467037973e-06
9.969802316209487003e+01 0.000000000000000000e+00
1.004594697290351206e+02 1.566798342733518987e-06
1.012267318663940330e+02 1.566798342733518987e-06
1.019998539907607551e+02 1.566798342733518987e-06
1.027788808579573896e+02 7.833991713667594721e-06
1.035638575656300304e+02 4.700395028200557172e-06
1.043548295558592258e+02 0.000000000000000000e+00
1.051518426177907060e+02 1.566798342733518987e-06
1.059549428902863042e+02 3.133596685467037973e-06
1.067641768645947025e+02 3.133596685467037973e-06
1.075795913870428819e+02 0.000000000000000000e+00
1.084012336617479093e+02 1.566798342733518987e-06
1.092291512533496842e+02 3.133596685467037973e-06
1.100633920897645339e+02 1.566798342733518987e-06
1.109040044649596268e+02 0.000000000000000000e+00
1.117510370417487309e+02 3.133596685467037973e-06
1.126045388546091885e+02 3.133596685467037973e-06
1.134645593125205778e+02 0.000000000000000000e+00
1.143311482018251581e+02 1.566798342733518987e-06
1.152043556891097040e+02 1.566798342733518987e-06
1.160842323241099052e+02 1.566798342733518987e-06
1.169708290426363391e+02 1.566798342733518987e-06
1.178641971695234076e+02 0.000000000000000000e+00
1.187643884216004722e+02 3.133596685467037973e-06
1.196714549106856964e+02 3.133596685467037973e-06
1.205854491466028264e+02 3.133596685467037973e-06
1.215064240402207503e+02 0.000000000000000000e+00
1.224344329065167187e+02 4.700395028200557172e-06
1.233695294676628009e+02 3.133596685467037973e-06
1.243117678561356172e+02 0.000000000000000000e+00
1.252612026178502873e+02 6.267193370934075947e-06
1.262178887153177698e+02 1.566798342733518987e-06
1.271818815308268711e+02 0.000000000000000000e+00
1.281532368696502999e+02 4.700395028200557172e-06
1.291320109632751496e+02 4.700395028200557172e-06
1.301182604726581644e+02 1.566798342733518987e-06
1.311120424915058038e+02 1.566798342733518987e-06
1.321134145495791472e+02 4.700395028200557172e-06
1.331224346160248615e+02 0.000000000000000000e+00
1.341391611027304975e+02 1.566798342733518987e-06
1.351636528677061619e+02 1.566798342733518987e-06
1.361959692184915980e+02 1.566798342733518987e-06
1.372361699155896986e+02 1.566798342733518987e-06
1.382843151759259683e+02 6.267193370934075947e-06
1.393404656763344747e+02 1.566798342733518987e-06
1.404046825570703732e+02 0.000000000000000000e+00
1.414770274253492062e+02 4.700395028200557172e-06
1.425575623589134011e+02 3.133596685467037973e-06
1.436463499096261103e+02 0.000000000000000000e+00
1.447434531070921366e+02 0.000000000000000000e+00
1.458489354623067129e+02 3.133596685467037973e-06
1.469628609713321055e+02 1.566798342733518987e-06
1.480852941190023273e+02 1.566798342733518987e-06
1.492162998826563580e+02 4.700395028200557172e-06
1.503559437358994160e+02 0.000000000000000000e+00
1.515042916523934196e+02 0.000000000000000000e+00
1.526614101096758418e+02 4.700395028200557172e-06
1.538273660930082656e+02 1.566798342733518987e-06
1.550022270992544691e+02 1.566798342733518987e-06
1.561860611407872170e+02 1.566798342733518987e-06
1.573789367494260318e+02 0.000000000000000000e+00
1.585809229804039546e+02 0.000000000000000000e+00
1.597920894163653998e+02 1.566798342733518987e-06
1.610125061713944206e+02 0.000000000000000000e+00
1.622422438950733863e+02 0.000000000000000000e+00
1.634813737765729229e+02 0.000000000000000000e+00
1.647299675487729473e+02 0.000000000000000000e+00
1.659880974924153065e+02 4.700395028200557172e-06
1.672558364402883058e+02 0.000000000000000000e+00
1.685332577814427282e+02 1.566798342733518987e-06
1.698204354654404540e+02 1.566798342733518987e-06
1.711174440066350826e+02 0.000000000000000000e+00
1.724243584884858365e+02 1.566798342733518987e-06
1.737412545679041500e+02 1.566798342733518987e-06
1.750682084796334834e+02 1.566798342733518987e-06
1.764052970406620489e+02 3.133596685467037973e-06
1.777525976546700690e+02 0.000000000000000000e+00
1.791101883165108575e+02 1.566798342733518987e-06
1.804781476167256642e+02 4.700395028200557172e-06
1.818565547460933089e+02 0.000000000000000000e+00
1.832454895002142905e+02 0.000000000000000000e+00
1.846450322841304228e+02 1.566798342733518987e-06
1.860552641169795152e+02 1.566798342733518987e-06
1.874762666366852955e+02 0.000000000000000000e+00
1.889081221046837413e+02 1.566798342733518987e-06
1.903509134106845408e+02 3.133596685467037973e-06
1.918047240774702118e+02 0.000000000000000000e+00
1.932696382657309186e+02 1.566798342733518987e-06
1.947457407789366925e+02 1.566798342733518987e-06
1.962331170682464574e+02 3.133596685467037973e-06
1.977318532374547715e+02 0.000000000000000000e+00
1.992420360479763985e+02 3.133596685467037973e-06
