1.007314577357746395e-06 0.000000000000000000e+00
1.022050738157085172e-06 0.000000000000000000e+00
1.037002476532669867e-06 0.000000000000000000e+00
1.052172946202215323e-06 0.000000000000000000e+00
1.067565347019664431e-06 0.000000000000000000e+00
1.083182925650115004e-06 0.000000000000000000e+00
1.099028976254630445e-06 0.000000000000000000e+00
1.115106841185069142e-06 0.000000000000000000e+00
1.131419911689071041e-06 0.000000000000000000e+00
1.147971628625360671e-06 0.000000000000000000e+00
1.164765483189517368e-06 0.000000000000000000e+00
1.181805017650363486e-06 0.000000000000000000e+00
1.199093826097117550e-06 0.000000000000000000e+00
1.216635555197484504e-06 0.000000000000000000e+00
1.234433904966839137e-06 0.000000000000000000e+00
1.252492629548650261e-06 0.000000000000000000e+00
1.270815538006331790e-06 0.000000000000000000e+00
1.289406495126678695e-06 0.000000000000000000e+00
1.308269422235049389e-06 0.000000000000000000e+00
1.327408298022475615e-06 0.000000000000000000e+00
1.346827159384875163e-06 0.000000000000000000e+00
1.366530102274545501e-06 0.000000000000000000e+00
1.386521282564099480e-06 0.000000000000000000e+00
1.406804916923053165e-06 0.000000000000000000e+00
1.427385283707237743e-06 0.000000000000000000e+00
1.448266723861210011e-06 0.000000000000000000e+00
1.469453641833875500e-06 0.000000000000000000e+00
1.490950506507507443e-06 0.000000000000000000e+00
1.512761852140349597e-06 0.000000000000000000e+00
1.534892279323007713e-06 0.000000000000000000e+00
1.557346455948839277e-06 0.000000000000000000e+00
1.580129118198540584e-06 0.000000000000000000e+00
1.603245071539124057e-06 0.000000000000000000e+00
1.626699191737521068e-06 0.000000000000000000e+00
1.650496425889018006e-06 0.000000000000000000e+00
1.674641793460717854e-06 0.000000000000000000e+00
1.699140387350285004e-06 0.000000000000000000e+00
1.723997374960176362e-06 0.000000000000000000e+00
1.749217999287573916e-06 0.000000000000000000e+00
1.774807580030276668e-06 0.000000000000000000e+00
1.800771514708768779e-06 0.000000000000000000e+00
1.827115279804697280e-06 0.000000000000000000e+00
1.853844431916002885e-06 0.000000000000000000e+00
1.880964608928956931e-06 0.000000000000000000e+00
1.908481531207346938e-06 0.000000000000000000e+00
1.936401002799041579e-06 0.000000000000000000e+00
1.964728912660223922e-06 0.000000000000000000e+00
1.993471235897532631e-06 0.000000000000000000e+00
2.022634035028363983e-06 0.000000000000000000e+00
2.052223461259617184e-06 0.000000000000000000e+00
2.082245755785148092e-06 0.000000000000000000e+00
2.112707251102209193e-06 0.000000000000000000e+00
2.143614372347129500e-06 0.000000000000000000e+00
2.174973638650549482e-06 0.000000000000000000e+00
2.206791664512488845e-06 0.000000000000000000e+00
2.239075161197503816e-06 0.000000000000000000e+00
2.271830938150279099e-06 0.000000000000000000e+00
2.305065904431925127e-06 0.000000000000000000e+00
2.338787070177269020e-06 0.000000000000000000e+00
2.373001548073486551e-06 0.000000000000000000e+00
2.407716554860357156e-06 0.000000000000000000e+00
2.442939412852465149e-06 0.000000000000000000e+00
2.478677551483661393e-06 0.000000000000000000e+00
2.514938508874134382e-06 0.000000000000000000e+00
2.551729933420407560e-06 0.000000000000000000e+00
2.589059585408571160e-06 0.000000000000000000e+00
2.626935338651142886e-06 0.000000000000000000e+00
2.665365182147868279e-06 0.000000000000000000e+00
2.704357221770799593e-06 0.000000000000000000e+00
2.743919681974044932e-06 7.394692786360224469e-07
2.784060907528531530e-06 0.000000000000000000e+00
2.824789365282124550e-06 0.000000000000000000e+00
2.866113645945515583e-06 0.000000000000000000e+00
2.908042465904237457e-06 0.000000000000000000e+00
2.950584669057176779e-06 0.000000000000000000e+00
2.993749228681978078e-06 0.000000000000000000e+00
3.037545249327753744e-06 0.000000000000000000e+00
3.081981968735482214e-06 0.000000000000000000e+00
3.127068759786475975e-06 0.000000000000000000e+00
3.172815132479376366e-06 0.000000000000000000e+00
3.219230735936073713e-06 0.000000000000000000e+00
3.266325360436955554e-06 0.000000000000000000e+00
3.314108939485928916e-06 0.000000000000000000e+00
3.362591551905666001e-06 0.000000000000000000e+00
3.411783423963506540e-06 0.000000000000000000e+00
3.461694931528425492e-06 0.000000000000000000e+00
3.512336602259591695e-06 0.000000000000000000e+00
3.563719117826939279e-06 0.000000000000000000e+00
3.615853316164192712e-06 0.000000000000000000e+00
3.668750193754886335e-06 0.000000000000000000e+00
3.722420907951824327e-06 0.000000000000000000e+00
3.776876779330440196e-06 0.000000000000000000e+00
3.832129294076616543e-06 0.000000000000000000e+00
3.888190106409436032e-06 0.000000000000000000e+00
3.945071041039351476e-06 0.000000000000000000e+00
4.002784095662330252e-06 0.000000000000000000e+00
4.061341443490488050e-06 0.000000000000000000e+00
4.120755435819757446e-06 0.000000000000000000e+00
4.181038604635077492e-06 0.000000000000000000e+00
4.242203665253731971e-06 0.000000000000000000e+00
4.304263519007363188e-06 0.000000000000000000e+00
4.367231255963177964e-06 0.000000000000000000e+00
4.431120157684998909e-06 0.000000000000000000e+00
4.495943700034715789e-06 0.000000000000000000e+00
4.561715556014673132e-06 0.000000000000000000e+00
4.628449598651681045e-06 0.000000000000000000e+00
4.696159903923217583e-06 7.910992789739102884e-07
4.764860753726407982e-06 0.000000000000000000e+00
4.834566638890456673e-06 0.000000000000000000e+00
4.905292262233144501e-06 0.000000000000000000e+00
4.977052541662067912e-06 0.000000000000000000e+00
5.049862613321183391e-06 0.000000000000000000e+00
5.123737834783442357e-06 0.000000000000000000e+00
5.198693788290112811e-06 0.000000000000000000e+00
5.274746284037485708e-06 0.000000000000000000e+00
5.351911363511645367e-06 0.000000000000000000e+00
5.430205302872061158e-06 0.000000000000000000e+00
5.509644616384671335e-06 0.000000000000000000e+00
5.590246059905150172e-06 0.000000000000000000e+00
5.672026634413175810e-06 0.000000000000000000e+00
5.755003589598407766e-06 0.000000000000000000e+00
5.839194427498865285e-06 0.000000000000000000e+00
5.924616906192589155e-06 0.000000000000000000e+00
6.011289043543310338e-06 0.000000000000000000e+00
6.099229121000858101e-06 0.000000000000000000e+00
6.188455687457219067e-06 0.000000000000000000e+00
6.278987563159001034e-06 0.000000000000000000e+00
6.370843843677115559e-06 0.000000000000000000e+00
6.464043903934519574e-06 0.000000000000000000e+00
6.558607402292915576e-06 0.000000000000000000e+00
6.654554284699240485e-06 0.000000000000000000e+00
6.751904788892758010e-06 0.000000000000000000e+00
6.850679448673746411e-06 0.000000000000000000e+00
6.950899098234648166e-06 0.000000000000000000e+00
7.052584876554509078e-06 0.000000000000000000e+00
7.155758231857769887e-06 0.000000000000000000e+00
7.260440926138285322e-06 0.000000000000000000e+00
7.366655039749465955e-06 0.000000000000000000e+00
7.474422976061624485e-06 0.000000000000000000e+00
7.583767466187464127e-06 0.000000000000000000e+00
7.694711573776648474e-06 8.240385578585772311e-07
7.807278699880527707e-06 0.000000000000000000e+00
7.921492587888051990e-06 0.000000000000000000e+00
8.037377328533902904e-06 0.000000000000000000e+00
8.154957364979827154e-06 0.000000000000000000e+00
8.274257497970363489e-06 0.000000000000000000e+00
8.395302891063997905e-06 0.000000000000000000e+00
8.518119075940805925e-06 0.000000000000000000e+00
8.642731957787742387e-06 0.000000000000000000e+00
8.769167820762752732e-06 0.000000000000000000e+00
8.897453333538822177e-06 0.000000000000000000e+00
9.027615554929046979e-06 0.000000000000000000e+00
9.159681939594091512e-06 0.000000000000000000e+00
9.293680343833127217e-06 0.000000000000000000e+00
9.429639031459405388e-06 0.000000000000000000e+00
9.567586679761874957e-06 0.000000000000000000e+00
9.707552385554009091e-06 0.000000000000000000e+00
9.849565671311038320e-06 0.000000000000000000e+00
9.993656491397055546e-06 0.000000000000000000e+00
1.013985523838319066e-05 0.000000000000000000e+00
1.028819274945820828e-05 0.000000000000000000e+00
1.043870031293285345e-05 8.339957512083031058e-07
1.059140967483941058e-05 0.000000000000000000e+00
1.074635304562781570e-05 0.000000000000000000e+00
1.090356310695962130e-05 0.000000000000000000e+00
1.106307301860147234e-05 8.491691623501610950e-07
1.122491642541938768e-05 0.000000000000000000e+00
1.138912746447533417e-05 0.000000000000000000e+00
1.155574077222762343e-05 0.000000000000000000e+00
1.172479149183668274e-05 0.000000000000000000e+00
1.189631528057766575e-05 0.000000000000000000e+00
1.207034831736151717e-05 0.000000000000000000e+00
1.224692731036608570e-05 0.000000000000000000e+00
1.242608950477883701e-05 7.906230584614703229e-07
1.260787269065282000e-05 9.223701468807300027e-07
1.279231521087761615e-05 0.000000000000000000e+00
1.297945596926691007e-05 0.000000000000000000e+00
1.316933443876425501e-05 0.000000000000000000e+00
1.336199066976900349e-05 0.000000000000000000e+00
1.355746529858402446e-05 0.000000000000000000e+00
1.375579955598694823e-05 0.000000000000000000e+00
1.395703527592680112e-05 0.000000000000000000e+00
1.416121490434794070e-05 0.000000000000000000e+00
1.436838150814300096e-05 8.668516327742443363e-07
1.457857878423685134e-05 0.000000000000000000e+00
1.479185106880345199e-05 0.000000000000000000e+00
1.500824334661750401e-05 0.000000000000000000e+00
1.522780126054295324e-05 0.000000000000000000e+00
1.545057112116022781e-05 0.000000000000000000e+00
1.567659991653442197e-05 0.000000000000000000e+00
1.590593532212629987e-05 0.000000000000000000e+00
1.613862571084830798e-05 0.000000000000000000e+00
1.637472016326773407e-05 7.902205014755156233e-07
1.661426847795909308e-05 9.209501921549536725e-07
1.685732118200790824e-05 0.000000000000000000e+00
1.710392954166825580e-05 0.000000000000000000e+00
1.735414557317622482e-05 0.000000000000000000e+00
1.760802205372142312e-05 1.739997239959814226e-06
1.786561253257912133e-05 0.000000000000000000e+00
1.812697134240526785e-05 0.000000000000000000e+00
1.839215361069663454e-05 8.214265845923756288e-07
1.866121527141864113e-05 0.000000000000000000e+00
1.893421307680336196e-05 0.000000000000000000e+00
1.921120460932004300e-05 0.000000000000000000e+00
1.949224829382077500e-05 0.000000000000000000e+00
1.977740340986387761e-05 0.000000000000000000e+00
2.006673010421750834e-05 0.000000000000000000e+00
2.036028940354616632e-05 0.000000000000000000e+00
2.065814322728284870e-05 0.000000000000000000e+00
2.096035440068960072e-05 0.000000000000000000e+00
2.126698666810886848e-05 0.000000000000000000e+00
2.157810470640895772e-05 0.000000000000000000e+00
2.189377413862611608e-05 8.443789795981156894e-07
2.221406154780615261e-05 0.000000000000000000e+00
2.253903449104850828e-05 8.241170145030736907e-07
2.286876151375590824e-05 3.186134599498681029e-06
2.320331216409237394e-05 3.440607735573138000e-06
2.354275700765275634e-05 0.000000000000000000e+00
2.388716764234696154e-05 1.721842070403515388e-06
2.423661671350176551e-05 7.994789184482102389e-07
2.459117792918370451e-05 7.519518190225860153e-07
2.495092607574596845e-05 8.498792859911474881e-07
2.531593703360290548e-05 0.000000000000000000e+00
2.568628779323518389e-05 0.000000000000000000e+00
2.606205647142909086e-05 1.698610086362762277e-06
2.644332232775353569e-05 8.862816791290646552e-07
2.683016578127791539e-05 9.825549943433781876e-07
2.722266842753457623e-05 0.000000000000000000e+00
2.762091305572953733e-05 1.770114168768063369e-06
2.802498366620500994e-05 1.774762698117595845e-06
2.843496548815710749e-05 0.000000000000000000e+00
2.885094499761305602e-05 8.515687530267163432e-07
2.927300993567130672e-05 0.000000000000000000e+00
2.970124932700842990e-05 1.602250976804248186e-06
3.013575349865669028e-05 0.000000000000000000e+00
3.057661409905651831e-05 2.547544854837109995e-06
3.102392411738757062e-05 9.247822593035319690e-07
3.147777790318254023e-05 1.766933137404344311e-06
3.193827118622811437e-05 7.911830667266987079e-07
3.240550109675684740e-05 1.745370272705467906e-06
3.287956618593440767e-05 0.000000000000000000e+00
3.336056644664672153e-05 8.238930886917484942e-07
3.384860333459122246e-05 8.896725480222094984e-07
3.434377978967633887e-05 0.000000000000000000e+00
3.484620025773432989e-05 1.805650892707573504e-06
3.535597071255176533e-05 8.222088061854684634e-07
3.587319867822214914e-05 8.537575273621936894e-07
3.639799325182551120e-05 2.584736023836253522e-06
3.693046512643996819e-05 8.966340918568200090e-07
3.747072661448980061e-05 0.000000000000000000e+00
3.801889167143510757e-05 8.398074390243987591e-07
3.857507591980808783e-05 8.894434376027807559e-07
3.913939667360083957e-05 9.255845356410654447e-07
3.971197296301003197e-05 8.465851665684471462e-07
4.029292555954340905e-05 3.419025204310429267e-06
4.088237700149384478e-05 3.360125114296635667e-06
4.148045161978584190e-05 5.067819973631085631e-06
4.208727556420020056e-05 8.513702618593411037e-07
4.270297682998246060e-05 3.192454836272454072e-06
4.332768528484041656e-05 1.696803029512170412e-06
4.396153269633657363e-05 2.476645974801173147e-06
4.460465275968148065e-05 1.742695591189031551e-06
4.525718112593374049e-05 6.114910362380411600e-06
4.591925543061214606e-05 3.250082199739987815e-06
4.659101532272679944e-05 4.391952824905308407e-06
4.727260249423485881e-05 8.813083638290709644e-07
4.796416070992705924e-05 1.662592491871969330e-06
4.866583583775139729e-05 1.881272303745277503e-06
4.937777587958068129e-05 4.216081684717119492e-06
5.010013100243003903e-05 4.350038286815295506e-06
5.083305357013104394e-05 1.649072840665847056e-06
5.157669817546942586e-05 2.574400042158875658e-06
5.233122167279269528e-05 2.377117620654966151e-06
5.309678321109477598e-05 8.478734454162244573e-07
5.387354426758486257e-05 2.497105596348824430e-06
5.466166868174736750e-05 6.702488754420560605e-06
5.546132268989970656e-05 1.768181500596124725e-06
5.627267496025611541e-05 7.546743490741893387e-06
5.709589662850433445e-05 2.287435182784040636e-06
5.793116133390256831e-05 3.490183170224327988e-06
5.877864525590445873e-05 1.767578789592675998e-06
5.963852715132014786e-05 4.891548371819832083e-06
6.051098839202098770e-05 5.114786223053481058e-06
6.139621300319531559e-05 2.485549716811519921e-06
6.229438770216440984e-05 5.092870545248567073e-06
6.320570193776625569e-05 9.434719800758908801e-06
6.413034793031522577e-05 4.401877336193580167e-06
6.506852071214624727e-05 5.731079102510600635e-06
6.602041816875254946e-05 3.331908753261051437e-06
6.698624108052483167e-05 5.854785127600172167e-06
6.796619316510112173e-05 8.951933753572792205e-06
6.896048112033645924e-05 9.441515570573872114e-06
6.996931466790075197e-05 4.181148589494828653e-06
7.099290659751453627e-05 8.544009207343746196e-06
7.203147281183210093e-05 3.140141847708622347e-06
7.308523237198127171e-05 8.581122700523401630e-06
7.415440754376880113e-05 3.422694475690304574e-06
7.523922384456230034e-05 6.882505282553723289e-06
7.633991009085798322e-05 4.317313528415214801e-06
7.745669844654403443e-05 1.739663348029034672e-06
7.858982447186987452e-05 9.489422616165209569e-06
7.973952717313235366e-05 1.155570927195714090e-05
8.090604905308844213e-05 9.359652846815318960e-06
8.208963616210531388e-05 1.149065651417328977e-05
8.329053815005926136e-05 1.023047330011577146e-05
8.450900831899321307e-05 1.572814167960584828e-05
8.574530367654471233e-05 1.179122270070602361e-05
8.699968499015579544e-05 1.188076323671793652e-05
8.827241684207600455e-05 9.633339723467982258e-06
8.956376768516928206e-05 1.246099816582880968e-05
9.087400989953808253e-05 6.979937827284562384e-06
9.220341984997565236e-05 1.097190422620800568e-05
9.355227794425856618e-05 9.351118180211907753e-06
9.492086869229200176e-05 9.033874780762572344e-06
9.630948076612052004e-05 8.496021113922423419e-06
9.771840706081696753e-05 9.773286916024792294e-06
9.914794475626126477e-05 1.182639347632371611e-05
1.005983953798237853e-04 1.164490644455314742e-05
1.020700648699655904e-04 1.537805712977410427e-05
1.035632636407687597e-04 1.278717041713873541e-05
1.050783066474109812e-04 2.010692453634872409e-05
1.066155134525979928e-04 7.330028712295648471e-06
1.081752082939678623e-04 8.183135827489630885e-06
1.097577201524810103e-04 1.276454885626930027e-05
1.113633828218114799e-04 1.187773867315197106e-05
1.129925349787524514e-04 1.876788118678205584e-05
1.146455202546524122e-04 2.008738962591877082e-05
1.163226873078960100e-04 1.729818485421710740e-05
1.180243898974451611e-04 1.989378431186185301e-05
1.197509869574565813e-04 2.104659761943139404e-05
1.215028426729902278e-04 2.141502260766907419e-05
1.232803265568256602e-04 2.004512684686692204e-05
1.250838135274020277e-04 1.419861457591894427e-05
1.269136839878983120e-04 1.884542623970164230e-05
1.287703239064704949e-04 2.405767191659294196e-05
1.306541248976624296e-04 2.139747298679342059e-05
1.325654843050077343e-04 2.785109372589699269e-05
1.345048052848400299e-04 2.072201174906242562e-05
1.364724968913292474e-04 2.168807758645025787e-05
1.384689741627621927e-04 2.998802023691224177e-05
1.404946582090848791e-04 2.774461360010189518e-05
1.425499763007259256e-04 3.397072262663900291e-05
1.446353619587192093e-04 2.020073286293004003e-05
1.467512550461446904e-04 2.409277383332795444e-05
1.488981018609075767e-04 2.146905535432261752e-05
1.510763552298740415e-04 2.421757860285562536e-05
1.532864746043846919e-04 2.864938150341020875e-05
1.555289261571648411e-04 3.981324557312890939e-05
1.578041828806525388e-04 3.183857543382433131e-05
1.601127246867655807e-04 2.747498513839996857e-05
1.624550385081275565e-04 3.420645133221188303e-05
1.648316184007743760e-04 2.900996698593332534e-05
1.672429656483644480e-04 2.836646436255101135e-05
1.696895888679122988e-04 4.051853512597906540e-05
1.721720041170694284e-04 4.227402285011223285e-05
1.746907350029746578e-04 4.708381411884909326e-05
1.772463127926964107e-04 4.062105608941903484e-05
1.798392765252914858e-04 5.851950734935771605e-05
1.824701731255023301e-04 4.045802125542793726e-05
1.851395575191181560e-04 3.313689510069705636e-05
1.878479927500234016e-04 4.555534566543452857e-05
1.905960500989583640e-04 4.675762681806154613e-05
1.933843092040179166e-04 4.067222496236726301e-05
1.962133581829122986e-04 4.395348679751361249e-05
1.990837937570166219e-04 5.160524933359655290e-05
2.019962213772354674e-04 4.937279843199300053e-05
2.049512553517080502e-04 5.813872623369989077e-05
2.079495189753827666e-04 4.223288082725677311e-05
2.109916446614860312e-04 7.357415895960452330e-05
2.140782740749153025e-04 5.434803992680632939e-05
2.172100582675831029e-04 6.955585884878901024e-05
2.203876578157409004e-04 6.393212700734334658e-05
2.236117429593125589e-04 6.388512119617969500e-05
2.268829937432654382e-04 5.844050097950409306e-05
2.302021001610499618e-04 6.604589773088432258e-05
2.335697623001375500e-04 6.658735582584242828e-05
2.369866904896872481e-04 6.625817458052607608e-05
2.404536054503736029e-04 5.710007171550516268e-05
2.439712384464053064e-04 7.264726628724252507e-05
2.475403314397682953e-04 8.298812623423527620e-05
2.511616372467252397e-04 7.588477446357159561e-05
2.548359196966041608e-04 8.265588283272881046e-05
2.585639537929108195e-04 7.138087788849957732e-05
2.623465258767969681e-04 7.520608157233208465e-05
2.661844337929207853e-04 9.327066023697001514e-05
2.700784870577335392e-04 9.401743397658259352e-05
2.740295070302274432e-04 1.001019902165503129e-04
2.780383270851830317e-04 9.224698014529821390e-05
2.821057927889492317e-04 9.378408049681565635e-05
2.862327620777956505e-04 1.103397955230420418e-04
2.904201054388746463e-04 9.792299531844298225e-05
2.946687060938298270e-04 1.033628165267982057e-04
2.989794601850906614e-04 1.147056143693523555e-04
3.033532769648932068e-04 1.204976707367961234e-04
3.077910789870644693e-04 1.405854799710017555e-04
3.122938023016148465e-04 1.251889894967280522e-04
3.168623966521748672e-04 1.143465145255457107e-04
3.214978256763214920e-04 1.059106739095718174e-04
3.262010671088352832e-04 1.377479995020535180e-04
3.309731129879294278e-04 1.446094504241997802e-04
3.358149698644983172e-04 1.241153964427892955e-04
3.407276590144247153e-04 1.397556662694193351e-04
3.457122166539945761e-04 1.415746705521964209e-04
3.507696941584621721e-04 1.490813766437142280e-04
3.559011582838125906e-04 1.488961117125918194e-04
3.611076913917697336e-04 1.527539065522118722e-04
3.663903916780945468e-04 2.020568525748426929e-04
3.717503734042235672e-04 1.612102186713852356e-04
3.771887671322965234e-04 1.802767895871656902e-04
3.827067199636210743e-04 1.764553365537970420e-04
3.883053957806278109e-04 1.624625628136298384e-04
3.939859754923634438e-04 1.796371414581467792e-04
3.997496572835757900e-04 2.046785661074408940e-04
4.055976568674428710e-04 1.988373477982065425e-04
4.115312077419982194e-04 2.299327934018069203e-04
4.175515614503096931e-04 2.290648366696856149e-04
4.236599878444621044e-04 2.039532644170453512e-04
4.298577753534026991e-04 2.385522475314240712e-04
4.361462312547055922e-04 2.369688055563516573e-04
4.425266819503099677e-04 2.542495662757136149e-04
4.490004732462949798e-04 2.571656990780880154e-04
4.555689706367449152e-04 2.598637865060838821e-04
4.622335595917678795e-04 2.574027619168086701e-04
4.689956458497289947e-04 2.683794795915348474e-04
4.758566557137573587e-04 2.783181674488244468e-04
4.828180363525911688e-04 3.034838012202857637e-04
4.898812561058241101e-04 3.031917221809136130e-04
4.970478047936164332e-04 3.148303534803096313e-04
5.043191940309384863e-04 3.342689730379696210e-04
5.116969575464099624e-04 3.252330294064240406e-04
5.191826515058036015e-04 3.525163603354534081e-04
5.267778548402823023e-04 3.472278759747602045e-04
5.344841695794364314e-04 3.816795448853694118e-04
5.423032211891959213e-04 3.364823118392574141e-04
5.502366589146830784e-04 4.035698274917806617e-04
5.582861561280821026e-04 3.994083957152688973e-04
5.664534106815980689e-04 3.885249666824302389e-04
5.747401452655780119e-04 4.051451794253737399e-04
5.831481077718731528e-04 4.059406020098175181e-04
5.916790716625150177e-04 4.306893008869213855e-04
6.003348363437854612e-04 4.680323808541673298e-04
6.091172275457593099e-04 4.406436848805951644e-04
6.180280977073986624e-04 4.972057472442765677e-04
6.270693263672821134e-04 4.839663083742989230e-04
6.362428205600491327e-04 5.151979387482414751e-04
6.455505152186439503e-04 5.056453017640299844e-04
6.549943735824441653e-04 5.458374421031398759e-04
6.645763876113594060e-04 5.143632281830064473e-04
6.742985784059895953e-04 5.096920719725940747e-04
6.841629966339280410e-04 5.706959869217234594e-04
6.941717229623012905e-04 5.962573433276815993e-04
7.043268684966375818e-04 5.780180730898053882e-04
7.146305752261537716e-04 6.415719738988658093e-04
7.250850164755591855e-04 6.844261300270934991e-04
7.356923973634661631e-04 6.357796442450889705e-04
7.464549552675084527e-04 7.507919626093602795e-04
7.573749602962638432e-04 6.671549108133240568e-04
7.684547157680783917e-04 7.598729123393878262e-04
7.796965586969000200e-04 7.385167146194203218e-04
7.911028602852150432e-04 8.055311715472756890e-04
8.026760264241967037e-04 8.066336155629180889e-04
8.144184982011735876e-04 8.553801179653180552e-04
8.263327524145182117e-04 8.362343549067509504e-04
8.384213020960696238e-04 9.202217759433642874e-04
8.506866970411987609e-04 9.033228489601739927e-04
8.631315243466263941e-04 1.008225812510719693e-03
8.757584089561128160e-04 9.997967175107648399e-04
8.885700142141259548e-04 1.013169602468885723e-03
9.015690424276124899e-04 1.011623457234324527e-03
9.147582354359855934e-04 1.018864676168267178e-03
9.281403751894502958e-04 1.076587067015351545e-03
9.417182843357926750e-04 1.066088678000458702e-03
9.554948268157498550e-04 1.123313708972535109e-03
9.694729084670909193e-04 1.173357256396534518e-03
9.836554776375358057e-04 1.219833259911048441e-03
9.980455258066377351e-04 1.228867214180084065e-03
1.012646088216768818e-03 1.289821381811907417e-03
1.027460244513331029e-03 1.306751240308195094e-03
1.042491119394335121e-03 1.374759111968909759e-03
1.057741883269483008e-03 1.364351523843051811e-03
1.073215752928889568e-03 1.414204328885460601e-03
1.088915992221590676e-03 1.486575945349608019e-03
1.104845912743975152e-03 1.569151671776946103e-03
1.121008874538287218e-03 1.632481333229374078e-03
1.137408286801349505e-03 1.573299381988091123e-03
1.154047608603650608e-03 1.641205429922391488e-03
1.170930349618958498e-03 1.770734146145832785e-03
1.188060070864600760e-03 1.767143648480898202e-03
1.205440385452578823e-03 1.792612755817530809e-03
1.223074959351669062e-03 1.911412820849850034e-03
1.240967512160670149e-03 1.900547689926964995e-03
1.259121817892969479e-03 1.977491522447222694e-03
1.277541705772578928e-03 2.144511918711686140e-03
1.296231061041821023e-03 2.070978205636574837e-03
1.315193825780830526e-03 2.182199980857190726e-03
1.334433999739039704e-03 2.267573077138045241e-03
1.353955641178836806e-03 2.307995093710683496e-03
1.373762867731557558e-03 2.460038490201809595e-03
1.393859857266002006e-03 2.457183430294384695e-03
1.414250848769661902e-03 2.518978494835180486e-03
1.434940143242830791e-03 2.588361468457827611e-03
1.455932104605802378e-03 2.731319398325171739e-03
1.477231160619335180e-03 2.724418613456925167e-03
1.498841803818583198e-03 2.849474157725629710e-03
1.520768592460694252e-03 2.897267309393412177e-03
1.543016151486264424e-03 2.990519890537230406e-03
1.565589173494862183e-03 3.078307672606871853e-03
1.588492419734820627e-03 3.156122281653125222e-03
1.611730721107509446e-03 3.257666893258719804e-03
1.635308979186304770e-03 3.435925021123157740e-03
1.659232167250456391e-03 3.445482764094733811e-03
1.683505331334086540e-03 3.461209437487192987e-03
1.708133591290531429e-03 3.689949026444530253e-03
1.733122141872251928e-03 3.748038044797668156e-03
1.758476253826548024e-03 3.859940782213063058e-03
1.784201275007297766e-03 3.908061968013866981e-03
1.810302631502959912e-03 4.167956106780736601e-03
1.836785828781082024e-03 4.167164437275657635e-03
1.863656452849546050e-03 4.397874832183235050e-03
1.890920171434809418e-03 4.502675305804804476e-03
1.918582735177376281e-03 4.711664819830110006e-03
1.946649978844760404e-03 4.775604306307145580e-03
1.975127822562192971e-03 4.890066114734918819e-03
2.004022273061330760e-03 5.092672204653497618e-03
2.033339424947239182e-03 5.113145201237241644e-03
2.063085461983904783e-03 5.163411535876884229e-03
2.093266658398552568e-03 5.549355665219390596e-03
2.123889380205049200e-03 5.754955064423579285e-03
2.154960086546662233e-03 5.758815306821465398e-03
2.186485331058465528e-03 5.938188898656873368e-03
2.218471763249677507e-03 6.127058504202592334e-03
2.250926129906210237e-03 6.351009946520261816e-03
2.283855276513755035e-03 6.602612551522270452e-03
2.317266148701670452e-03 6.678037758680466056e-03
2.351165793708002646e-03 6.991367636890146592e-03
2.385561361865933504e-03 7.262449989432200916e-03
2.420460108111972646e-03 7.392373510229950997e-03
2.455869393516222493e-03 7.630448597415687845e-03
2.491796686835016060e-03 7.565175611098994696e-03
2.528249566086279189e-03 7.974600811878831616e-03
2.565235720147935120e-03 8.276553372726954197e-03
2.602762950379688793e-03 8.408431387699854057e-03
2.640839172268547377e-03 8.694971169814512402e-03
2.679472417098398805e-03 9.046187456707190100e-03
2.718670833644028229e-03 9.278097581767105750e-03
2.758442689889907193e-03 9.584982707217297448e-03
2.798796374774128060e-03 9.756383596008970024e-03
2.839740399957860553e-03 1.008714448083356842e-02
2.881283401620680397e-03 1.028735969685493079e-02
2.923434142282172084e-03 1.063079193246867574e-02
2.966201512650174822e-03 1.086676998059010746e-02
3.009594533496064584e-03 1.141153745207639306e-02
3.053622357557481213e-03 1.167610777251948569e-02
3.098294271468879195e-03 1.208253405410264318e-02
3.143619697720323632e-03 1.232559818704748351e-02
3.189608196644948181e-03 1.265401944003489640e-02
3.236269468435472654e-03 1.286725443796547796e-02
3.283613355190242132e-03 1.333394027748887982e-02
3.331649842989180092e-03 1.403023670231942979e-02
3.380389064000117842e-03 1.428679006457245909e-02
3.429841298615938713e-03 1.451347585227824068e-02
3.480016977622979804e-03 1.519336806146691712e-02
3.530926684401169621e-03 1.542393683882681971e-02
3.582581157156337903e-03 1.591039956793608226e-02
3.634991291185188551e-03 1.639461744024125339e-02
3.688168141173409249e-03 1.712301170079807630e-02
3.742122923527388314e-03 1.720877250309110068e-02
3.796867018740064399e-03 1.805674254198769146e-02
3.852411973791368318e-03 1.829315451703904596e-02
3.908769504583781314e-03 1.893069276977151633e-02
3.965951498413539285e-03 1.939852780401124521e-02
4.023970016477973477e-03 2.014186137486831743e-02
4.082837296419535369e-03 2.063598524957489799e-02
4.142565754907045691e-03 2.121740119044305747e-02
4.203167990254684516e-03 2.207749080011831011e-02
4.264656785079329153e-03 2.268013907464108692e-02
4.327045108996732496e-03 2.329323525750462073e-02
4.390346121357163733e-03 2.383959909135674807e-02
4.454573174021066520e-03 2.458766785963560977e-02
4.519739814175307083e-03 2.524469229925666025e-02
4.585859787190652362e-03 2.609411829419743326e-02
4.652947039521022898e-03 2.707925326750948089e-02
4.721015721645172719e-03 2.721351738985613652e-02
4.790080191051398172e-03 2.831115998278651777e-02
4.860155015265908013e-03 2.896177570764007711e-02
4.931254974925513949e-03 2.993804509870929068e-02
5.003395066895245311e-03 3.109815181430177627e-02
5.076590507431592153e-03 3.146540606434567594e-02
5.150856735392015176e-03 3.244335721060725986e-02
5.226209415491405927e-03 3.374031099839529257e-02
5.302664441606197258e-03 3.458150067469661915e-02
5.380237940126798846e-03 3.512126026803660123e-02
5.458946273359080274e-03 3.642199549358488692e-02
5.538806042975618141e-03 3.760639745264877237e-02
5.619834093517418402e-03 3.859187386786107343e-02
5.702047515946887662e-03 3.978203647914116403e-02
5.785463651252769832e-03 4.109396737428897689e-02
5.870100094107807975e-03 4.205643672692675750e-02
5.955974696579945799e-03 4.330338163685441832e-02
6.043105571897777403e-03 4.480934012898944024e-02
6.131511098271129161e-03 4.591492203807179262e-02
6.221209922767501413e-03 4.653228096607171099e-02
6.312220965245229562e-03 4.850914552856538942e-02
6.404563422344185068e-03 5.018611911617618798e-02
6.498256771534847293e-03 5.103830512018445870e-02
6.593320775226632624e-03 5.259037406223513594e-02
6.689775484936302287e-03 5.426637832777964771e-02
6.787641245517349146e-03 5.581588395370667977e-02
6.886938699451285520e-03 5.783550690476931683e-02
6.987688791201676804e-03 5.929341922819651722e-02
7.089912771631883687e-03 6.088857473080337007e-02
7.193632202487441896e-03 6.279959727354683663e-02
7.298868960943985865e-03 6.448802465740319234e-02
7.405645244221747622e-03 6.595822569880567532e-02
7.513983574267524279e-03 6.790682099406451788e-02
7.623906802505158418e-03 6.988225700873310076e-02
7.735438114655511510e-03 7.167559278938692713e-02
7.848601035626932149e-03 7.384573513778659726e-02
7.963419434477297248e-03 7.592155877022764565e-02
8.079917529448633201e-03 7.764300388966639821e-02
8.198119893075363901e-03 7.975359983523906682e-02
8.318051457367329690e-03 8.261211246216840220e-02
8.439737519068589433e-03 8.503240861994185162e-02
8.563203744993197475e-03 8.772071364006062133e-02
8.688476177438994585e-03 9.011609662420375089e-02
8.815581239680625458e-03 9.224012420980798321e-02
8.944545741542919010e-03 9.460008310003753529e-02
9.075396885055757312e-03 9.763449678102543994e-02
9.208162270191742882e-03 1.003951707439458829e-01
9.342869900687746781e-03 1.034241884410379703e-01
9.479548189951631648e-03 1.059316747370437212e-01
9.618225967055414258e-03 1.088567338734500595e-01
9.758932482816042031e-03 1.121251064637692335e-01
9.901697415965211163e-03 1.147166525762711720e-01
1.004655087940936609e-02 1.181030922496848629e-01
1.019352342658132529e-02 1.208065187155753645e-01
1.034264605788479466e-02 1.241669811216623703e-01
1.049395022723317167e-02 1.278712113738679768e-01
1.064746784868404739e-02 1.313844307811518342e-01
1.080323130317069162e-02 1.349095122755730181e-01
1.096127344533204089e-02 1.393580188473454995e-01
1.112162761044262552e-02 1.427408215548237047e-01
1.128432762144389832e-02 1.460366839677340600e-01
1.144940779607831957e-02 1.500932053047794590e-01
1.161690295412791743e-02 1.547323260760850305e-01
1.178684842475873247e-02 1.583265074333518041e-01
1.195928005397260338e-02 1.623300243044487612e-01
1.213423421216807546e-02 1.663668368730602809e-01
1.231174780181190642e-02 1.709980512927782859e-01
1.249185826522275326e-02 1.750312755175351398e-01
1.267460359246871601e-02 1.808623710150649710e-01
1.286002232938048169e-02 1.841717740852300833e-01
1.304815358568169395e-02 1.891970940082694230e-01
1.323903704323815475e-02 1.943689090487231985e-01
1.343271296442782523e-02 1.995056608920443564e-01
1.362922220063325987e-02 2.040760240473935283e-01
1.382860620085816714e-02 2.096821502976417007e-01
1.403090702047014339e-02 2.154421899429742882e-01
1.423616733007130805e-02 2.201932330957312445e-01
1.444443042449857981e-02 2.260046965646571593e-01
1.465574023195573977e-02 2.322111538847785595e-01
1.487014132327909091e-02 2.374368762572644787e-01
1.508767892133859936e-02 2.438586683567854352e-01
1.530839891057655597e-02 2.488498897321258785e-01
1.553234784668586221e-02 2.553435842446369342e-01
1.575957296642989391e-02 2.616439617917559191e-01
1.599012219760591325e-02 2.684088086513271021e-01
1.622404416915432246e-02 2.747989848444807315e-01
1.646138822141588604e-02 2.808511451623231236e-01
1.670220441653878785e-02 2.878742100795591563e-01
1.694654354903812193e-02 2.935044018229154839e-01
1.719445715650983614e-02 3.004607249289330539e-01
1.744599753050134552e-02 3.088514531932106677e-01
1.770121772754117140e-02 3.138501609978175400e-01
1.796017158032999633e-02 3.213116261949366947e-01
1.822291370909545627e-02 3.293283910876272369e-01
1.848949953311290750e-02 3.365264108814256527e-01
1.875998528239484348e-02 3.439672156587433305e-01
1.903442800955138653e-02 3.518990828281642891e-01
1.931288560182404385e-02 3.585578667471714942e-01
1.959541679329573904e-02 3.668335634670840673e-01
1.988208117727942315e-02 3.758347330433299827e-01
2.017293921888785313e-02 3.831026029814802447e-01
2.046805226778721648e-02 3.912400732497332001e-01
2.076748257113746748e-02 3.986981917441169698e-01
2.107129328672195656e-02 4.069520679378513250e-01
2.137954849626895817e-02 4.161581298786664052e-01
2.169231321896825798e-02 4.236651740305449332e-01
2.200965342518549500e-02 4.304323454530749049e-01
2.233163605037693372e-02 4.394981226743460700e-01
2.265832900920797255e-02 4.470207282382794856e-01
2.298980120987820924e-02 4.568407501686931882e-01
2.332612256865596728e-02 4.646053213438988694e-01
2.366736402462540564e-02 4.716491042187160310e-01
2.401359755464953921e-02 4.812108563147590723e-01
2.436489618855210842e-02 4.883792900666972248e-01
2.472133402452138251e-02 4.981984850807109066e-01
2.508298624473948024e-02 5.054387937323822078e-01
2.544992913124037581e-02 5.146433278314366255e-01
2.582224008199964643e-02 5.222596702830301085e-01
2.619999762725981618e-02 5.299253832111149309e-01
2.658328144609457128e-02 5.395420083540828360e-01
2.697217238321500399e-02 5.469785024163429377e-01
2.736675246602199296e-02 5.556403001155486576e-01
2.776710492190802293e-02 5.630513163983305036e-01
2.817331419581196525e-02 5.708538614196968508e-01
2.858546596803071549e-02 5.792190475289662466e-01
2.900364717229148709e-02 5.858079704529033371e-01
2.942794601408853586e-02 5.919764300343866026e-01
2.985845198928783334e-02 5.993757754717835562e-01
3.029525590300423746e-02 6.060487171883728319e-01
3.073844988875476525e-02 6.118269425283758833e-01
3.118812742789181178e-02 6.181626574014486009e-01
3.164438336932094697e-02 6.236517990676798684e-01
3.210731394950710332e-02 6.294011855815886403e-01
3.257701681277337669e-02 6.373754505649028568e-01
3.305359103189667302e-02 6.417457394142910276e-01
3.353713712900491944e-02 6.466406637033056404e-01
3.402775709677986760e-02 6.514172022236165427e-01
3.452555441996989216e-02 6.562861903270070796e-01
3.503063409721780125e-02 6.610418668138386966e-01
3.554310266320785672e-02 6.636697870265607646e-01
3.606306821113659800e-02 6.664289619775470852e-01
3.659064041551268742e-02 6.707372498529923233e-01
3.712593055529017638e-02 6.738366968699343040e-01
3.766905153734019518e-02 6.762182845207340698e-01
3.822011792026586141e-02 6.783101202191803569e-01
3.877924593856579838e-02 6.790756320581494698e-01
3.934655352715126647e-02 6.808138442500398790e-01
3.992216034622142473e-02 6.803860597879116678e-01
4.050618780650300232e-02 6.798291387725835522e-01
4.109875909485918161e-02 6.795032997623310367e-01
4.169999920027268880e-02 6.789375761040243873e-01
4.231003494020939976e-02 6.785245272398583438e-01
4.292899498736767183e-02 6.753489525149112271e-01
4.355700989681852986e-02 6.717106361523780267e-01
4.419421213354333272e-02 6.690213153188495632e-01
4.484073610037424273e-02 6.651459575739250285e-01
4.549671816634325017e-02 6.597601195880761216e-01
4.616229669544590075e-02 6.546347393721905217e-01
4.683761207582605446e-02 6.510967924917061556e-01
4.752280674938759442e-02 6.447977428302831271e-01
4.821802524183890076e-02 6.383079407161804664e-01
4.892341419317729201e-02 6.301406013497804492e-01
4.963912238861947074e-02 6.230052293213342862e-01
5.036530078998391335e-02 6.151141295150271970e-01
5.110210256753291991e-02 6.070081804844562612e-01
5.184968313228033310e-02 5.987581303734919036e-01
5.260820016877179595e-02 5.890439471434147922e-01
5.337781366834442459e-02 5.786879645397827732e-01
5.415868596287337633e-02 5.688309663928681204e-01
5.495098175901209220e-02 5.573363921973626400e-01
5.575486817293295871e-02 5.465073895136172144e-01
5.657051476557670155e-02 5.347369621565730702e-01
5.739809357841744314e-02 5.242995786206707809e-01
5.823777916975050178e-02 5.103617396942411455e-01
5.908974865151148115e-02 4.981947663774499713e-01
5.995418172663402601e-02 4.865832720473146633e-01
6.083126072695378000e-02 4.744015817252145162e-01
6.172117065166692756e-02 4.608839311623070811e-01
6.262409920635149396e-02 4.477496914705791919e-01
6.354023684255963311e-02 4.354621106379888418e-01
6.446977679798857053e-02 4.217517099005036463e-01
6.541291513723962447e-02 4.073543268994881394e-01
6.636985079317377079e-02 3.937785108094480346e-01
6.734078560887135634e-02 3.788932413694007795e-01
6.832592438020634873e-02 3.642418358123708511e-01
6.932547489904344884e-02 3.500058570247573386e-01
7.033964799706662885e-02 3.361295955293711613e-01
7.136865759024910161e-02 3.222439072927898995e-01
7.241272072397386683e-02 3.097238836377626536e-01
7.347205761881472896e-02 2.966159139647600029e-01
7.454689171698605787e-02 2.834290060943516765e-01
7.563744972947292200e-02 2.699271897252171759e-01
7.674396168385075323e-02 2.581228314802566648e-01
7.786666097280373067e-02 2.449971458383976286e-01
7.900578440335370711e-02 2.318859113292741636e-01
8.016157224680930948e-02 2.211264235532301170e-01
8.133426828944512188e-02 2.094597335005790595e-01
8.252411988392280295e-02 1.971420382636958346e-01
8.373137800146458753e-02 1.859899579507140188e-01
8.495629728478951148e-02 1.750373725970585104e-01
8.619913610182416974e-02 1.640441187375446808e-01
8.746015660019958171e-02 1.542933143344606406e-01
8.873962476254521059e-02 1.445286134619656881e-01
9.003781046259135001e-02 1.357245283706813854e-01
9.135498752209281204e-02 1.267944939484430267e-01
9.269143376858551830e-02 1.179169371983369990e-01
9.404743109398709666e-02 1.096959861308415135e-01
9.542326551405566626e-02 1.027383225507873810e-01
9.681922722871832976e-02 9.535377910489091502e-02
9.823561068328180712e-02 8.864847887128257664e-02
9.967271463053854752e-02 8.167279255835355189e-02
1.011308421937818502e-01 7.498417346368795033e-02
1.026103009307428732e-01 6.920361258836298102e-02
1.041114028984620882e-01 6.364106314332171332e-02
1.056344647191106989e-01 5.835150576130394146e-02
1.071798076467749272e-01 5.394425340251789852e-02
1.087477576352164632e-01 4.972498443233361320e-02
1.103386454066249411e-01 4.452170572390913572e-02
1.119528065213763607e-01 4.027423898493765614e-02
1.135905814488113175e-01 3.654769274861257439e-02
1.152523156390488634e-01 3.316212882632206538e-02
1.169383595958513322e-01 2.975433301565461389e-02
1.186490689505550755e-01 2.725728783792680590e-02
1.203848045370820297e-01 2.481251529847963710e-02
1.221459324680493619e-01 2.212323235800244675e-02
1.239328242119927120e-01 2.012397567954878064e-02
1.257458566717180592e-01 1.805908366390540989e-02
1.275854122638007682e-01 1.662054262538848609e-02
1.294518789992479824e-01 1.488668551825430078e-02
1.313456505653393669e-01 1.345623139165998995e-02
1.332671264086667806e-01 1.197161054919898895e-02
1.352167118193882689e-01 1.076532315686651656e-02
1.371948180167144593e-01 9.434309966053469956e-03
1.392018622356449853e-01 8.187641192679808583e-03
1.412382678149749493e-01 7.123751475421884367e-03
1.433044642865885510e-01 6.064601625324751374e-03
1.454008874660580042e-01 5.225850730637639566e-03
1.475279795445689213e-01 4.501599974399768563e-03
1.496861891821906210e-01 4.051585287173823692e-03
1.518759716025095408e-01 3.479539734260664232e-03
1.540977886886484571e-01 2.916126709588259466e-03
1.563521090806899994e-01 2.507070462959298633e-03
1.586394082745251621e-01 2.027831764076934874e-03
1.609601687221475785e-01 1.691685043317813376e-03
1.633148799334157020e-01 1.440511055410257984e-03
1.657040385793039361e-01 1.251600183463660995e-03
1.681281485966627243e-01 1.117870029068928446e-03
1.705877212945126620e-01 9.974503945565137489e-04
1.730832754618936153e-01 8.629325466026069921e-04
1.756153374772900788e-01 7.191577775944468396e-04
1.781844414196588344e-01 5.741335578171769980e-04
1.807911291810806731e-01 4.855649918726874601e-04
1.834359505810595203e-01 4.250458978127904012e-04
1.861194634824935024e-01 3.412465601063336741e-04
1.888422339093434044e-01 3.331429666565871085e-04
1.916048361660226684e-01 2.603837550212219115e-04
1.944078529585322457e-01 2.129867490585527303e-04
1.972518755173693905e-01 1.834435144541217574e-04
2.001375037222342945e-01 1.676591865625709629e-04
2.030653462285595678e-01 1.479793416003863924e-04
2.060360205958922664e-01 1.446351011163590468e-04
2.090501534181542498e-01 1.401569181816822473e-04
2.121083804558061281e-01 1.105206126757900443e-04
2.152113467699467153e-01 7.959282630700779558e-05
2.183597068583738310e-01 5.893738683386622420e-05
2.215541247936348435e-01 4.990172198207229405e-05
2.247952743630967642e-01 5.244516594143757614e-05
2.280838392110661195e-01 3.044998857356286334e-05
2.314205129829886298e-01 2.144162687286947414e-05
2.348059994717557053e-01 1.854393517636371779e-05
2.382410127661539478e-01 9.088219345081328558e-06
2.417262774014859450e-01 4.548705907061155462e-06
2.452625285123926357e-01 3.942630096729839234e-06
2.488505119879133587e-01 1.389070158238646796e-06
2.524909846288141413e-01 1.431286229757301115e-06
2.561847143072163990e-01 6.293299656804566291e-07
2.599324801285612385e-01 8.082988256628103001e-07
2.637350725959437536e-01 3.706473548405301535e-07
2.675932937768518149e-01 6.787542588948635748e-07
2.715079574723419098e-01 7.124330870675872029e-07
2.754798893886922229e-01 1.652224032275630208e-06
2.795099273115665417e-01 7.187476503447369560e-07
2.835989212827238481e-01 1.114502586824924055e-06
2.877477337793156176e-01 9.267420591638272398e-07
2.919572398958056869e-01 3.216984168734604811e-07
2.962283275285499951e-01 2.982115776482574736e-07
3.005618975630770517e-01 2.375656999820262470e-07
3.049588640641094361e-01 1.841009016864044251e-07
3.094201544683645166e-01 3.552050043172261716e-07
3.139467097801742490e-01 4.520640699299684605e-07
3.185394847699682952e-01 0.000000000000000000e+00
3.231994481756618187e-01 0.000000000000000000e+00
3.279275829069857595e-01 3.395650759482456463e-07
3.327248862528096596e-01 3.004007895196980905e-07
3.375923700914967296e-01 1.767597166839431107e-07
3.425310611043355102e-01 1.982237365639265947e-07
3.475420009920930919e-01 3.810950780815912731e-07
3.526262466947382990e-01 6.962913581414027267e-07
3.577848706143795243e-01 1.527223660806487467e-07
3.630189608414602365e-01 0.000000000000000000e+00
3.683296213842673361e-01 3.314333594529908438e-07
3.737179724017970495e-01 2.087877085019402659e-07
3.791851504400235440e-01 3.414547844824270526e-07
3.847323086716280538e-01 0.000000000000000000e+00
3.903606171392344226e-01 1.666788642237427897e-07
3.960712630021998581e-01 0.000000000000000000e+00
4.018654507870196846e-01 3.169639253222335126e-07
4.077444026413942213e-01 1.650034374451981436e-07
4.137093585920117444e-01 1.695974399118348696e-07
4.197615768061020436e-01 0.000000000000000000e+00
4.259023338568176942e-01 1.548620012120041453e-07
4.321329249924989457e-01 1.756807561426589416e-07
4.384546644098730739e-01 0.000000000000000000e+00
4.448688855312545876e-01 0.000000000000000000e+00
4.513769412858005814e-01 0.000000000000000000e+00
4.579802043948769108e-01 2.873309674141033765e-07
4.646800676616025250e-01 0.000000000000000000e+00
4.714779442646297447e-01 1.537160897548877832e-07
4.783752680562199933e-01 0.000000000000000000e+00
4.853734938646802610e-01 1.332878215832129235e-07
4.924740978012259740e-01 0.000000000000000000e+00
4.996785775713332711e-01 0.000000000000000000e+00
5.069884527906421967e-01 0.000000000000000000e+00
5.144052653054848045e-01 0.000000000000000000e+00
5.219305795181032881e-01 0.000000000000000000e+00
5.295659827166210309e-01 0.000000000000000000e+00
5.373130854098444598e-01 0.000000000000000000e+00
5.451735216669637563e-01 0.000000000000000000e+00
5.531489494622203740e-01 0.000000000000000000e+00
5.612410510246160777e-01 0.000000000000000000e+00
5.694515331927409996e-01 0.000000000000000000e+00
5.777821277747927642e-01 0.000000000000000000e+00
5.862345919138574057e-01 0.000000000000000000e+00
5.948107084585388948e-01 0.000000000000000000e+00
6.035122863390113279e-01 3.908852881640894940e-08
6.123411609485660545e-01 0.000000000000000000e+00
6.212991945307471120e-01 0.000000000000000000e+00
6.303882765721491310e-01 0.000000000000000000e+00
6.396103242009565371e-01 0.000000000000000000e+00
6.489672825913188614e-01 0.000000000000000000e+00
6.584611253736400993e-01 0.000000000000000000e+00
6.680938550508692675e-01 0.000000000000000000e+00
6.778675034208790917e-01 0.000000000000000000e+00
6.877841320050279705e-01 0.000000000000000000e+00
6.978458324829910353e-01 0.000000000000000000e+00
7.080547271339473481e-01 0.000000000000000000e+00
7.184129692842258219e-01 0.000000000000000000e+00
7.289227437615020122e-01 0.000000000000000000e+00
7.395862673556312661e-01 0.000000000000000000e+00
7.504057892862305845e-01 0.000000000000000000e+00
7.613835916771003465e-01 0.000000000000000000e+00
7.725219900375829285e-01 0.000000000000000000e+00
7.838233337509639131e-01 0.000000000000000000e+00
7.952900065700201360e-01 0.000000000000000000e+00
8.069244271198189322e-01 0.000000000000000000e+00
8.187290494078659497e-01 0.000000000000000000e+00
8.307063633417219872e-01 0.000000000000000000e+00
8.428588952541931079e-01 0.000000000000000000e+00
8.551892084361969459e-01 0.000000000000000000e+00
8.676999036774298846e-01 0.000000000000000000e+00
8.803936198149451275e-01 0.000000000000000000e+00
8.932730342897515774e-01 0.000000000000000000e+00
9.063408637115548672e-01 0.000000000000000000e+00
9.195998644317645576e-01 0.000000000000000000e+00
9.330528331248839624e-01 0.000000000000000000e+00
9.467026073783977314e-01 0.000000000000000000e+00
9.605520662912966356e-01 0.000000000000000000e+00
9.746041310813593483e-01 0.000000000000000000e+00
9.888617657013079043e-01 0.000000000000000000e+00
1.003327977463987608e+00 0.000000000000000000e+00
1.018005817676691738e+00 0.000000000000000000e+00
1.032898382284756833e+00 0.000000000000000000e+00
1.048008812524582556e+00 0.000000000000000000e+00
1.063340295586204576e+00 0.000000000000000000e+00
1.078896065285554151e+00 0.000000000000000000e+00
1.094679402746554064e+00 0.000000000000000000e+00
1.110693637093196573e+00 0.000000000000000000e+00
1.126942146151747481e+00 0.000000000000000000e+00
1.143428357163212006e+00 0.000000000000000000e+00
1.160155747506234292e+00 0.000000000000000000e+00
1.177127845430572251e+00 0.000000000000000000e+00
1.194348230801292043e+00 0.000000000000000000e+00
1.211820535853858960e+00 0.000000000000000000e+00
1.229548445960276570e+00 0.000000000000000000e+00
1.247535700406424475e+00 0.000000000000000000e+00
1.265786093180771843e+00 0.000000000000000000e+00
1.284303473774632387e+00 0.000000000000000000e+00
1.303091747994127747e+00 0.000000000000000000e+00
1.322154878784016940e+00 0.000000000000000000e+00
1.341496887063592158e+00 0.000000000000000000e+00
1.361121852574798563e+00 0.000000000000000000e+00
1.381033914742754831e+00 0.000000000000000000e+00
1.401237273548869178e+00 0.000000000000000000e+00
1.421736190416730938e+00 0.000000000000000000e+00
1.442534989110953791e+00 0.000000000000000000e+00
1.463638056649171126e+00 0.000000000000000000e+00
1.485049844227375182e+00 0.000000000000000000e+00
1.506774868158797354e+00 0.000000000000000000e+00
1.528817710826510190e+00 0.000000000000000000e+00
1.551183021649976457e+00 0.000000000000000000e+00
1.573875518065741108e+00 0.000000000000000000e+00
1.596899986522452686e+00 0.000000000000000000e+00
1.620261283490457949e+00 0.000000000000000000e+00
1.643964336486162914e+00 0.000000000000000000e+00
1.668014145111373026e+00 0.000000000000000000e+00
1.692415782107839384e+00 0.000000000000000000e+00
1.717174394427236628e+00 0.000000000000000000e+00
1.742295204316796964e+00 0.000000000000000000e+00
1.767783510420810167e+00 0.000000000000000000e+00
1.793644688898253126e+00 0.000000000000000000e+00
1.819884194556769419e+00 0.000000000000000000e+00
1.846507562003222080e+00 0.000000000000000000e+00
1.873520406811094663e+00 0.000000000000000000e+00
1.900928426704969088e+00 0.000000000000000000e+00
1.928737402762316089e+00 0.000000000000000000e+00
1.956953200632883583e+00 0.000000000000000000e+00
1.985581771775920767e+00 0.000000000000000000e+00
