1.007314577357746395e-06 0.000000000000000000e+00
1.022050738157085172e-06 0.000000000000000000e+00
1.037002476532669867e-06 0.000000000000000000e+00
1.052172946202215323e-06 0.000000000000000000e+00
1.067565347019664431e-06 0.000000000000000000e+00
1.083182925650115004e-06 0.000000000000000000e+00
1.099028976254630445e-06 0.000000000000000000e+00
1.115106841185069142e-06 0.000000000000000000e+00
1.131419911689071041e-06 0.000000000000000000e+00
1.147971628625360671e-06 0.000000000000000000e+00
1.164765483189517368e-06 0.000000000000000000e+00
1.181805017650363486e-06 0.000000000000000000e+00
1.199093826097117550e-06 0.000000000000000000e+00
1.216635555197484504e-06 0.000000000000000000e+00
1.234433904966839137e-06 0.000000000000000000e+00
1.252492629548650261e-06 0.000000000000000000e+00
1.270815538006331790e-06 0.000000000000000000e+00
1.289406495126678695e-06 0.000000000000000000e+00
1.308269422235049389e-06 0.000000000000000000e+00
1.327408298022475615e-06 0.000000000000000000e+00
1.346827159384875163e-06 0.000000000000000000e+00
1.366530102274545501e-06 0.000000000000000000e+00
1.386521282564099480e-06 0.000000000000000000e+00
1.406804916923053165e-06 0.000000000000000000e+00
1.427385283707237743e-06 0.000000000000000000e+00
1.448266723861210011e-06 0.000000000000000000e+00
1.469453641833875500e-06 0.000000000000000000e+00
1.490950506507507443e-06 0.000000000000000000e+00
1.512761852140349597e-06 0.000000000000000000e+00
1.534892279323007713e-06 0.000000000000000000e+00
1.557346455948839277e-06 0.000000000000000000e+00
1.580129118198540584e-06 0.000000000000000000e+00
1.603245071539124057e-06 0.000000000000000000e+00
1.626699191737521068e-06 0.000000000000000000e+00
1.650496425889018006e-06 0.000000000000000000e+00
1.674641793460717854e-06 0.000000000000000000e+00
1.699140387350285004e-06 0.000000000000000000e+00
1.723997374960176362e-06 0.000000000000000000e+00
1.749217999287573916e-06 0.000000000000000000e+00
1.774807580030276668e-06 0.000000000000000000e+00
1.800771514708768779e-06 0.000000000000000000e+00
1.827115279804697280e-06 0.000000000000000000e+00
1.853844431916002885e-06 0.000000000000000000e+00
1.880964608928956931e-06 0.000000000000000000e+00
1.908481531207346938e-06 0.000000000000000000e+00
1.936401002799041579e-06 0.000000000000000000e+00
1.964728912660223922e-06 0.000000000000000000e+00
1.993471235897532631e-06 0.000000000000000000e+00
2.022634035028363983e-06 0.000000000000000000e+00
2.052223461259617184e-06 0.000000000000000000e+00
2.082245755785148092e-06 0.000000000000000000e+00
2.112707251102209193e-06 0.000000000000000000e+00
2.143614372347129500e-06 0.000000000000000000e+00
2.174973638650549482e-06 0.000000000000000000e+00
2.206791664512488845e-06 0.000000000000000000e+00
2.239075161197503816e-06 0.000000000000000000e+00
2.271830938150279099e-06 0.000000000000000000e+00
2.305065904431925127e-06 0.000000000000000000e+00
2.338787070177269020e-06 0.000000000000000000e+00
2.373001548073486551e-06 0.000000000000000000e+00
2.407716554860357156e-06 0.000000000000000000e+00
2.442939412852465149e-06 0.000000000000000000e+00
2.478677551483661393e-06 0.000000000000000000e+00
2.514938508874134382e-06 0.000000000000000000e+00
2.551729933420407560e-06 0.000000000000000000e+00
2.589059585408571160e-06 0.000000000000000000e+00
2.626935338651142886e-06 0.000000000000000000e+00
2.665365182147868279e-06 0.000000000000000000e+00
2.704357221770799593e-06 0.000000000000000000e+00
2.743919681974044932e-06 0.000000000000000000e+00
2.784060907528531530e-06 0.000000000000000000e+00
2.824789365282124550e-06 0.000000000000000000e+00
2.866113645945515583e-06 0.000000000000000000e+00
2.908042465904237457e-06 0.000000000000000000e+00
2.950584669057176779e-06 0.000000000000000000e+00
2.993749228681978078e-06 0.000000000000000000e+00
3.037545249327753744e-06 0.000000000000000000e+00
3.081981968735482214e-06 0.000000000000000000e+00
3.127068759786475975e-06 0.000000000000000000e+00
3.172815132479376366e-06 0.000000000000000000e+00
3.219230735936073713e-06 0.000000000000000000e+00
3.266325360436955554e-06 0.000000000000000000e+00
3.314108939485928916e-06 0.000000000000000000e+00
3.362591551905666001e-06 0.000000000000000000e+00
3.411783423963506540e-06 0.000000000000000000e+00
3.461694931528425492e-06 0.000000000000000000e+00
3.512336602259591695e-06 0.000000000000000000e+00
3.563719117826939279e-06 0.000000000000000000e+00
3.615853316164192712e-06 0.000000000000000000e+00
3.668750193754886335e-06 0.000000000000000000e+00
3.722420907951824327e-06 0.000000000000000000e+00
3.776876779330440196e-06 0.000000000000000000e+00
3.832129294076616543e-06 0.000000000000000000e+00
3.888190106409436032e-06 0.000000000000000000e+00
3.945071041039351476e-06 0.000000000000000000e+00
4.002784095662330252e-06 0.000000000000000000e+00
4.061341443490488050e-06 0.000000000000000000e+00
4.120755435819757446e-06 0.000000000000000000e+00
4.181038604635077492e-06 0.000000000000000000e+00
4.242203665253731971e-06 0.000000000000000000e+00
4.304263519007363188e-06 0.000000000000000000e+00
4.367231255963177964e-06 0.000000000000000000e+00
4.431120157684998909e-06 0.000000000000000000e+00
4.495943700034715789e-06 0.000000000000000000e+00
4.561715556014673132e-06 0.000000000000000000e+00
4.628449598651681045e-06 0.000000000000000000e+00
4.696159903923217583e-06 0.000000000000000000e+00
4.764860753726407982e-06 0.000000000000000000e+00
4.834566638890456673e-06 0.000000000000000000e+00
4.905292262233144501e-06 0.000000000000000000e+00
4.977052541662067912e-06 0.000000000000000000e+00
5.049862613321183391e-06 0.000000000000000000e+00
5.123737834783442357e-06 0.000000000000000000e+00
5.198693788290112811e-06 0.000000000000000000e+00
5.274746284037485708e-06 0.000000000000000000e+00
5.351911363511645367e-06 0.000000000000000000e+00
5.430205302872061158e-06 0.000000000000000000e+00
5.509644616384671335e-06 0.000000000000000000e+00
5.590246059905150172e-06 0.000000000000000000e+00
5.672026634413175810e-06 0.000000000000000000e+00
5.755003589598407766e-06 0.000000000000000000e+00
5.839194427498865285e-06 0.000000000000000000e+00
5.924616906192589155e-06 0.000000000000000000e+00
6.011289043543310338e-06 0.000000000000000000e+00
6.099229121000858101e-06 0.000000000000000000e+00
6.188455687457219067e-06 0.000000000000000000e+00
6.278987563159001034e-06 0.000000000000000000e+00
6.370843843677115559e-06 0.000000000000000000e+00
6.464043903934519574e-06 0.000000000000000000e+00
6.558607402292915576e-06 0.000000000000000000e+00
6.654554284699240485e-06 0.000000000000000000e+00
6.751904788892758010e-06 0.000000000000000000e+00
6.850679448673746411e-06 0.000000000000000000e+00
6.950899098234648166e-06 0.000000000000000000e+00
7.052584876554509078e-06 0.000000000000000000e+00
7.155758231857769887e-06 0.000000000000000000e+00
7.260440926138285322e-06 0.000000000000000000e+00
7.366655039749465955e-06 9.399490549718713685e-07
7.474422976061624485e-06 0.000000000000000000e+00
7.583767466187464127e-06 0.000000000000000000e+00
7.694711573776648474e-06 0.000000000000000000e+00
7.807278699880527707e-06 0.000000000000000000e+00
7.921492587888051990e-06 0.000000000000000000e+00
8.037377328533902904e-06 0.000000000000000000e+00
8.154957364979827154e-06 7.287745050298279116e-07
8.274257497970363489e-06 0.000000000000000000e+00
8.395302891063997905e-06 0.000000000000000000e+00
8.518119075940805925e-06 0.000000000000000000e+00
8.642731957787742387e-06 0.000000000000000000e+00
8.769167820762752732e-06 0.000000000000000000e+00
8.897453333538822177e-06 0.000000000000000000e+00
9.027615554929046979e-06 0.000000000000000000e+00
9.159681939594091512e-06 0.000000000000000000e+00
9.293680343833127217e-06 0.000000000000000000e+00
9.429639031459405388e-06 0.000000000000000000e+00
9.567586679761874957e-06 0.000000000000000000e+00
9.707552385554009091e-06 0.000000000000000000e+00
9.849565671311038320e-06 0.000000000000000000e+00
9.993656491397055546e-06 0.000000000000000000e+00
1.013985523838319066e-05 0.000000000000000000e+00
1.028819274945820828e-05 0.000000000000000000e+00
1.043870031293285345e-05 0.000000000000000000e+00
1.059140967483941058e-05 9.524904565016675327e-07
1.074635304562781570e-05 0.000000000000000000e+00
1.090356310695962130e-05 0.000000000000000000e+00
1.106307301860147234e-05 0.000000000000000000e+00
1.122491642541938768e-05 0.000000000000000000e+00
1.138912746447533417e-05 0.000000000000000000e+00
1.155574077222762343e-05 0.000000000000000000e+00
1.172479149183668274e-05 0.000000000000000000e+00
1.189631528057766575e-05 0.000000000000000000e+00
1.207034831736151717e-05 0.000000000000000000e+00
1.224692731036608570e-05 0.000000000000000000e+00
1.242608950477883701e-05 0.000000000000000000e+00
1.260787269065282000e-05 0.000000000000000000e+00
1.279231521087761615e-05 0.000000000000000000e+00
1.297945596926691007e-05 0.000000000000000000e+00
1.316933443876425501e-05 0.000000000000000000e+00
1.336199066976900349e-05 0.000000000000000000e+00
1.355746529858402446e-05 0.000000000000000000e+00
1.375579955598694823e-05 0.000000000000000000e+00
1.395703527592680112e-05 0.000000000000000000e+00
1.416121490434794070e-05 0.000000000000000000e+00
1.436838150814300096e-05 0.000000000000000000e+00
1.457857878423685134e-05 0.000000000000000000e+00
1.479185106880345199e-05 0.000000000000000000e+00
1.500824334661750401e-05 0.000000000000000000e+00
1.522780126054295324e-05 0.000000000000000000e+00
1.545057112116022781e-05 0.000000000000000000e+00
1.567659991653442197e-05 8.305629565231891929e-07
1.590593532212629987e-05 0.000000000000000000e+00
1.613862571084830798e-05 7.274024161417936242e-07
1.637472016326773407e-05 0.000000000000000000e+00
1.661426847795909308e-05 0.000000000000000000e+00
1.685732118200790824e-05 0.000000000000000000e+00
1.710392954166825580e-05 0.000000000000000000e+00
1.735414557317622482e-05 7.826032368806359279e-07
1.760802205372142312e-05 0.000000000000000000e+00
1.786561253257912133e-05 8.631339971819540266e-07
1.812697134240526785e-05 0.000000000000000000e+00
1.839215361069663454e-05 0.000000000000000000e+00
1.866121527141864113e-05 0.000000000000000000e+00
1.893421307680336196e-05 0.000000000000000000e+00
1.921120460932004300e-05 9.031150212770030084e-07
1.949224829382077500e-05 0.000000000000000000e+00
1.977740340986387761e-05 0.000000000000000000e+00
2.006673010421750834e-05 0.000000000000000000e+00
2.036028940354616632e-05 0.000000000000000000e+00
2.065814322728284870e-05 0.000000000000000000e+00
2.096035440068960072e-05 0.000000000000000000e+00
2.126698666810886848e-05 0.000000000000000000e+00
2.157810470640895772e-05 0.000000000000000000e+00
2.189377413862611608e-05 7.742951891085716873e-07
2.221406154780615261e-05 7.253485868382334654e-07
2.253903449104850828e-05 0.000000000000000000e+00
2.286876151375590824e-05 0.000000000000000000e+00
2.320331216409237394e-05 0.000000000000000000e+00
2.354275700765275634e-05 7.056148950652463114e-07
2.388716764234696154e-05 8.491880312036440320e-07
2.423661671350176551e-05 8.896206795888103701e-07
2.459117792918370451e-05 0.000000000000000000e+00
2.495092607574596845e-05 7.790648284405511331e-07
2.531593703360290548e-05 0.000000000000000000e+00
2.568628779323518389e-05 0.000000000000000000e+00
2.606205647142909086e-05 1.708099091635276603e-06
2.644332232775353569e-05 9.312437691784013711e-07
2.683016578127791539e-05 9.153337220097715639e-07
2.722266842753457623e-05 6.036558981219994686e-07
2.762091305572953733e-05 0.000000000000000000e+00
2.802498366620500994e-05 0.000000000000000000e+00
2.843496548815710749e-05 0.000000000000000000e+00
2.885094499761305602e-05 8.657498374110131797e-07
2.927300993567130672e-05 0.000000000000000000e+00
2.970124932700842990e-05 0.000000000000000000e+00
3.013575349865669028e-05 8.116020728994680853e-07
3.057661409905651831e-05 1.453860303569551158e-06
3.102392411738757062e-05 1.597836350739540351e-06
3.147777790318254023e-05 0.000000000000000000e+00
3.193827118622811437e-05 0.000000000000000000e+00
3.240550109675684740e-05 1.698402423478096434e-06
3.287956618593440767e-05 9.807326724009810820e-07
3.336056644664672153e-05 0.000000000000000000e+00
3.384860333459122246e-05 0.000000000000000000e+00
3.434377978967633887e-05 1.695865130212625460e-06
3.484620025773432989e-05 6.897032822801997521e-07
3.535597071255176533e-05 8.994373688757294117e-07
3.587319867822214914e-05 1.937156963968862660e-06
3.639799325182551120e-05 9.308636491401438384e-07
3.693046512643996819e-05 0.000000000000000000e+00
3.747072661448980061e-05 0.000000000000000000e+00
3.801889167143510757e-05 0.000000000000000000e+00
3.857507591980808783e-05 0.000000000000000000e+00
3.913939667360083957e-05 1.790800376159040980e-06
3.971197296301003197e-05 0.000000000000000000e+00
4.029292555954340905e-05 0.000000000000000000e+00
4.088237700149384478e-05 1.659272656761284051e-06
4.148045161978584190e-05 0.000000000000000000e+00
4.208727556420020056e-05 9.475035137045815591e-07
4.270297682998246060e-05 8.060217196990897517e-07
4.332768528484041656e-05 8.762554563850194286e-07
4.396153269633657363e-05 3.324281733236026789e-06
4.460465275968148065e-05 8.274864909640117240e-07
4.525718112593374049e-05 0.000000000000000000e+00
4.591925543061214606e-05 1.743452113946405741e-06
4.659101532272679944e-05 8.020330075299522960e-07
4.727260249423485881e-05 7.241444985812106445e-07
4.796416070992705924e-05 1.559265170754330817e-06
4.866583583775139729e-05 1.896106301614010403e-06
4.937777587958068129e-05 8.457655843623539228e-07
5.010013100243003903e-05 8.040163587091295177e-07
5.083305357013104394e-05 8.572303065084536078e-07
5.157669817546942586e-05 2.383034099246242660e-06
5.233122167279269528e-05 1.745813578723010168e-06
5.309678321109477598e-05 8.959113333834774361e-07
5.387354426758486257e-05 8.995420324385671169e-07
5.466166868174736750e-05 5.964338849629897332e-06
5.546132268989970656e-05 0.000000000000000000e+00
5.627267496025611541e-05 9.879159127286154270e-07
5.709589662850433445e-05 0.000000000000000000e+00
5.793116133390256831e-05 9.209086434445003978e-07
5.877864525590445873e-05 1.774550996304714628e-06
5.963852715132014786e-05 8.955297459634032577e-07
6.051098839202098770e-05 4.672420619243973317e-06
6.139621300319531559e-05 5.136677653307107490e-06
6.229438770216440984e-05 9.653891830413774984e-07
6.320570193776625569e-05 3.244272285570025383e-06
6.413034793031522577e-05 3.472843124154058952e-06
6.506852071214624727e-05 8.403995001202594291e-07
6.602041816875254946e-05 3.495878700110638686e-06
6.698624108052483167e-05 2.088889064679045726e-06
6.796619316510112173e-05 1.708355611969881570e-06
6.896048112033645924e-05 4.280763627423684226e-06
6.996931466790075197e-05 2.464490454069781294e-06
7.099290659751453627e-05 9.868997605987035182e-06
7.203147281183210093e-05 1.786277573636808491e-06
7.308523237198127171e-05 6.991687054319302577e-07
7.415440754376880113e-05 5.404803609718588209e-06
7.523922384456230034e-05 2.524981987191357822e-06
7.633991009085798322e-05 1.920247995116256105e-06
7.745669844654403443e-05 2.432287694177395410e-06
7.858982447186987452e-05 3.442936924027945526e-06
7.973952717313235366e-05 2.560608753073205650e-06
8.090604905308844213e-05 0.000000000000000000e+00
8.208963616210531388e-05 1.768467219713752607e-06
8.329053815005926136e-05 4.425201316249256924e-06
8.450900831899321307e-05 3.828490815021022608e-06
8.574530367654471233e-05 5.386279082352806725e-06
8.699968499015579544e-05 3.703467634234619976e-06
8.827241684207600455e-05 7.626784576812983423e-06
8.956376768516928206e-05 3.484220042072380760e-06
9.087400989953808253e-05 4.040111800282650767e-06
9.220341984997565236e-05 4.327968325561301716e-06
9.355227794425856618e-05 1.720325604691758032e-06
9.492086869229200176e-05 5.270768023439393414e-06
9.630948076612052004e-05 9.573532003156925616e-06
9.771840706081696753e-05 5.075333070781321221e-06
9.914794475626126477e-05 6.091042014367739294e-06
1.005983953798237853e-04 4.814449622700125909e-06
1.020700648699655904e-04 3.912117638611855119e-06
1.035632636407687597e-04 6.830634457301662560e-06
1.050783066474109812e-04 8.611314939585952105e-06
1.066155134525979928e-04 6.648051084166305540e-06
1.081752082939678623e-04 3.569788156723644308e-06
1.097577201524810103e-04 1.155623401469539238e-05
1.113633828218114799e-04 5.008363105031291597e-06
1.129925349787524514e-04 9.673664369650390908e-06
1.146455202546524122e-04 6.807403278339864839e-06
1.163226873078960100e-04 4.307897239896273214e-06
1.180243898974451611e-04 3.657002108154574527e-06
1.197509869574565813e-04 1.182868143125701522e-05
1.215028426729902278e-04 7.060601470793756520e-06
1.232803265568256602e-04 8.823249303870743396e-06
1.250838135274020277e-04 5.687072433640077805e-06
1.269136839878983120e-04 4.003081952757393584e-06
1.287703239064704949e-04 1.471581633953560251e-05
1.306541248976624296e-04 4.322235538305878682e-06
1.325654843050077343e-04 1.084870261595626616e-05
1.345048052848400299e-04 9.597311110019905551e-06
1.364724968913292474e-04 1.349662114684415550e-05
1.384689741627621927e-04 1.144145177691539532e-05
1.404946582090848791e-04 2.051428539927547493e-05
1.425499763007259256e-04 5.874426784707860135e-06
1.446353619587192093e-04 1.418155334228531906e-05
1.467512550461446904e-04 1.167091204713677857e-05
1.488981018609075767e-04 1.225614733176411956e-05
1.510763552298740415e-04 1.238146526596388077e-05
1.532864746043846919e-04 1.850616048882010808e-05
1.555289261571648411e-04 1.482773432301595347e-05
1.578041828806525388e-04 1.335123228449533891e-05
1.601127246867655807e-04 1.559191920104815662e-05
1.624550385081275565e-04 1.499315750100114664e-05
1.648316184007743760e-04 1.928585725150089411e-05
1.672429656483644480e-04 2.125573253613937156e-05
1.696895888679122988e-04 1.415202885433254095e-05
1.721720041170694284e-04 1.834434732195754013e-05
1.746907350029746578e-04 2.306299049346378211e-05
1.772463127926964107e-04 1.321183788265308555e-05
1.798392765252914858e-04 1.475241103894020150e-05
1.824701731255023301e-04 2.041579655749565356e-05
1.851395575191181560e-04 1.494300809353166261e-05
1.878479927500234016e-04 2.064729469843069138e-05
1.905960500989583640e-04 2.667697922264315036e-05
1.933843092040179166e-04 2.460996607987037902e-05
1.962133581829122986e-04 1.701371177621997932e-05
1.990837937570166219e-04 2.385720015258774659e-05
2.019962213772354674e-04 1.984185333340075219e-05
2.049512553517080502e-04 2.279821267133363909e-05
2.079495189753827666e-04 2.642281430466501393e-05
2.109916446614860312e-04 2.979020743617935256e-05
2.140782740749153025e-04 2.973605084186439423e-05
2.172100582675831029e-04 2.725927151958334457e-05
2.203876578157409004e-04 2.845537080248537707e-05
2.236117429593125589e-04 3.243056347457422338e-05
2.268829937432654382e-04 2.765798894149885470e-05
2.302021001610499618e-04 2.714040066893281335e-05
2.335697623001375500e-04 3.296884106133537079e-05
2.369866904896872481e-04 3.567388421215060313e-05
2.404536054503736029e-04 3.568705887992016458e-05
2.439712384464053064e-04 3.284631999346532272e-05
2.475403314397682953e-04 3.856863563878099765e-05
2.511616372467252397e-04 3.101648388997193785e-05
2.548359196966041608e-04 4.936045428306357465e-05
2.585639537929108195e-04 3.620689956926488855e-05
2.623465258767969681e-04 4.651836262264645995e-05
2.661844337929207853e-04 5.286941514587176552e-05
2.700784870577335392e-04 4.312786994099943434e-05
2.740295070302274432e-04 5.140528198430280375e-05
2.780383270851830317e-04 4.236425384800031482e-05
2.821057927889492317e-04 5.493087801025970285e-05
2.862327620777956505e-04 4.835899286560891555e-05
2.904201054388746463e-04 4.777877442021471164e-05
2.946687060938298270e-04 4.494696505709695213e-05
2.989794601850906614e-04 5.723498212554268416e-05
3.033532769648932068e-04 5.639057634785639688e-05
3.077910789870644693e-04 3.468122567806318046e-05
3.122938023016148465e-04 5.919510796902682439e-05
3.168623966521748672e-04 7.269974757469453437e-05
3.214978256763214920e-04 6.848727112539463354e-05
3.262010671088352832e-04 6.718511939450304748e-05
3.309731129879294278e-04 6.617775725410684595e-05
3.358149698644983172e-04 6.372221313968093727e-05
3.407276590144247153e-04 6.381771703682031594e-05
3.457122166539945761e-04 7.112526884353939779e-05
3.507696941584621721e-04 7.217851987614449269e-05
3.559011582838125906e-04 7.695592676750091473e-05
3.611076913917697336e-04 7.197064058071480546e-05
3.663903916780945468e-04 8.187535926639497898e-05
3.717503734042235672e-04 9.283440187570626899e-05
3.771887671322965234e-04 9.046663254076615522e-05
3.827067199636210743e-04 7.974575469771948253e-05
3.883053957806278109e-04 9.492576217424617772e-05
3.939859754923634438e-04 9.885211160515898780e-05
3.997496572835757900e-04 8.021305018782600804e-05
4.055976568674428710e-04 9.294360755971334894e-05
4.115312077419982194e-04 1.033666562900097092e-04
4.175515614503096931e-04 8.682628378515326627e-05
4.236599878444621044e-04 9.397494982216107273e-05
4.298577753534026991e-04 1.192192801707631609e-04
4.361462312547055922e-04 1.217481891649857187e-04
4.425266819503099677e-04 1.047798675205131701e-04
4.490004732462949798e-04 1.299311841052465508e-04
4.555689706367449152e-04 1.479266379654733564e-04
4.622335595917678795e-04 1.341170531072270614e-04
4.689956458497289947e-04 1.192594090773077585e-04
4.758566557137573587e-04 1.479682285241772598e-04
4.828180363525911688e-04 1.354585706269369812e-04
4.898812561058241101e-04 1.505691178761567534e-04
4.970478047936164332e-04 1.150718377035580609e-04
5.043191940309384863e-04 1.374452731598356623e-04
5.116969575464099624e-04 1.406729190388805858e-04
5.191826515058036015e-04 1.638818660944782522e-04
5.267778548402823023e-04 1.491536521446142028e-04
5.344841695794364314e-04 1.948275286270892968e-04
5.423032211891959213e-04 1.788819444229715599e-04
5.502366589146830784e-04 1.844129676490089439e-04
5.582861561280821026e-04 2.044723357086930527e-04
5.664534106815980689e-04 1.863742155763424503e-04
5.747401452655780119e-04 1.985936847016534217e-04
5.831481077718731528e-04 2.000651655859804771e-04
5.916790716625150177e-04 2.417397121139877971e-04
6.003348363437854612e-04 2.061652298367899424e-04
6.091172275457593099e-04 2.359425678136904334e-04
6.180280977073986624e-04 2.343019450057940952e-04
6.270693263672821134e-04 2.481291851433244816e-04
6.362428205600491327e-04 2.134222477388342254e-04
6.455505152186439503e-04 2.744599713869362839e-04
6.549943735824441653e-04 2.641885613311744123e-04
6.645763876113594060e-04 2.773939718229841925e-04
6.742985784059895953e-04 2.434594055626772876e-04
6.841629966339280410e-04 2.908478680762884797e-04
6.941717229623012905e-04 2.822987717776951374e-04
7.043268684966375818e-04 2.957659778049343230e-04
7.146305752261537716e-04 2.997022730761884500e-04
7.250850164755591855e-04 3.291945729409163283e-04
7.356923973634661631e-04 2.921311678206319016e-04
7.464549552675084527e-04 3.534266166751725701e-04
7.573749602962638432e-04 3.484653168357907901e-04
7.684547157680783917e-04 3.598800445620382264e-04
7.796965586969000200e-04 3.806832622349001771e-04
7.911028602852150432e-04 3.574280530759631333e-04
8.026760264241967037e-04 3.643121953658539649e-04
8.144184982011735876e-04 3.800069115446758484e-04
8.263327524145182117e-04 4.093628589885482346e-04
8.384213020960696238e-04 4.326338318274162227e-04
8.506866970411987609e-04 4.391775416777912852e-04
8.631315243466263941e-04 4.588940987827300980e-04
8.757584089561128160e-04 4.346105497273359056e-04
8.885700142141259548e-04 4.592664664198832427e-04
9.015690424276124899e-04 4.752588244532322966e-04
9.147582354359855934e-04 4.808026089596395590e-04
9.281403751894502958e-04 5.271017578369544118e-04
9.417182843357926750e-04 5.236547300003649777e-04
9.554948268157498550e-04 5.729520338572224175e-04
9.694729084670909193e-04 5.502571985538627641e-04
9.836554776375358057e-04 5.957567182675588399e-04
9.980455258066377351e-04 5.986541288302000934e-04
1.012646088216768818e-03 5.935783188649653439e-04
1.027460244513331029e-03 6.287096927129316943e-04
1.042491119394335121e-03 6.609689772735656251e-04
1.057741883269483008e-03 6.723019452836774372e-04
1.073215752928889568e-03 6.940672171407029139e-04
1.088915992221590676e-03 7.289122908081475992e-04
1.104845912743975152e-03 7.372966093213160826e-04
1.121008874538287218e-03 7.503057719097451549e-04
1.137408286801349505e-03 7.473844381655106277e-04
1.154047608603650608e-03 8.489011643942700027e-04
1.170930349618958498e-03 8.477929903139445542e-04
1.188060070864600760e-03 8.791099376682691901e-04
1.205440385452578823e-03 8.954166081814121398e-04
1.223074959351669062e-03 8.984382628718455945e-04
1.240967512160670149e-03 9.282861614876839655e-04
1.259121817892969479e-03 9.153963623148238292e-04
1.277541705772578928e-03 9.687884463117661313e-04
1.296231061041821023e-03 1.068079568576327720e-03
1.315193825780830526e-03 1.048766517184545211e-03
1.334433999739039704e-03 1.053173730179329240e-03
1.353955641178836806e-03 1.122856892323340202e-03
1.373762867731557558e-03 1.086739201622240799e-03
1.393859857266002006e-03 1.204718001146609522e-03
1.414250848769661902e-03 1.211452256737774067e-03
1.434940143242830791e-03 1.246665571578072732e-03
1.455932104605802378e-03 1.247130616826652846e-03
1.477231160619335180e-03 1.301317040772010302e-03
1.498841803818583198e-03 1.341415361017756153e-03
1.520768592460694252e-03 1.400660931364370795e-03
1.543016151486264424e-03 1.428724751243689792e-03
1.565589173494862183e-03 1.515490019170616029e-03
1.588492419734820627e-03 1.471259466636827638e-03
1.611730721107509446e-03 1.552913005799750820e-03
1.635308979186304770e-03 1.604663057037681749e-03
1.659232167250456391e-03 1.640116270867805672e-03
1.683505331334086540e-03 1.703106415981808482e-03
1.708133591290531429e-03 1.691482227968721603e-03
1.733122141872251928e-03 1.769831099407951410e-03
1.758476253826548024e-03 1.802619191334842380e-03
1.784201275007297766e-03 1.840181358286959758e-03
1.810302631502959912e-03 1.969692723435759098e-03
1.836785828781082024e-03 1.990494473834372117e-03
1.863656452849546050e-03 2.036580184153039680e-03
1.890920171434809418e-03 2.160293924035518870e-03
1.918582735177376281e-03 2.178050838144653025e-03
1.946649978844760404e-03 2.285856692739883424e-03
1.975127822562192971e-03 2.324092441180859898e-03
2.004022273061330760e-03 2.345435834188101289e-03
2.033339424947239182e-03 2.419861883254302744e-03
2.063085461983904783e-03 2.472943983774439532e-03
2.093266658398552568e-03 2.612531466721124823e-03
2.123889380205049200e-03 2.628891076959906717e-03
2.154960086546662233e-03 2.735061571273217536e-03
2.186485331058465528e-03 2.822164420169146707e-03
2.218471763249677507e-03 2.997963178554218476e-03
2.250926129906210237e-03 3.012491664534645581e-03
2.283855276513755035e-03 3.073416294535042011e-03
2.317266148701670452e-03 3.150361829467144235e-03
2.351165793708002646e-03 3.337717773455596473e-03
2.385561361865933504e-03 3.353525384137536012e-03
2.420460108111972646e-03 3.585187826893027237e-03
2.455869393516222493e-03 3.516945100879021770e-03
2.491796686835016060e-03 3.681001604508093907e-03
2.528249566086279189e-03 3.915770218554049699e-03
2.565235720147935120e-03 3.923992061900857115e-03
2.602762950379688793e-03 3.986243893530676957e-03
2.640839172268547377e-03 4.075955222643849567e-03
2.679472417098398805e-03 4.220110704602485739e-03
2.718670833644028229e-03 4.307286113182670281e-03
2.758442689889907193e-03 4.439675819575304890e-03
2.798796374774128060e-03 4.537152623687188725e-03
2.839740399957860553e-03 4.648444287837289433e-03
2.881283401620680397e-03 4.892087194076477803e-03
2.923434142282172084e-03 5.019016737986943533e-03
2.966201512650174822e-03 5.254799950920732883e-03
3.009594533496064584e-03 5.375699770844497016e-03
3.053622357557481213e-03 5.574623787103209771e-03
3.098294271468879195e-03 5.676942734091812437e-03
3.143619697720323632e-03 5.759863835116233594e-03
3.189608196644948181e-03 6.194998619602432900e-03
3.236269468435472654e-03 6.247092289997305779e-03
3.283613355190242132e-03 6.487687145670695786e-03
3.331649842989180092e-03 6.711371361221994854e-03
3.380389064000117842e-03 6.770665780674397886e-03
3.429841298615938713e-03 6.971717363118612974e-03
3.480016977622979804e-03 7.067650673594470974e-03
3.530926684401169621e-03 7.410816294782408310e-03
3.582581157156337903e-03 7.741325739932736032e-03
3.634991291185188551e-03 7.928185166537891904e-03
3.688168141173409249e-03 8.058775205048556919e-03
3.742122923527388314e-03 8.112894816209097540e-03
3.796867018740064399e-03 8.326494808670589082e-03
3.852411973791368318e-03 8.735147057090029282e-03
3.908769504583781314e-03 9.048887916948640531e-03
3.965951498413539285e-03 9.256113282646034890e-03
4.023970016477973477e-03 9.632620441919705415e-03
4.082837296419535369e-03 9.853541351232727313e-03
4.142565754907045691e-03 1.003219037157764525e-02
4.203167990254684516e-03 1.039521650403027637e-02
4.264656785079329153e-03 1.062202191884945891e-02
4.327045108996732496e-03 1.112511542885208198e-02
4.390346121357163733e-03 1.136432465380320979e-02
4.454573174021066520e-03 1.171084017364615835e-02
4.519739814175307083e-03 1.195852334910707700e-02
4.585859787190652362e-03 1.233836688958444422e-02
4.652947039521022898e-03 1.281852481536644231e-02
4.721015721645172719e-03 1.316009215469521841e-02
4.790080191051398172e-03 1.347479400001587446e-02
4.860155015265908013e-03 1.386858344042369608e-02
4.931254974925513949e-03 1.442392626430041500e-02
5.003395066895245311e-03 1.462856939200526951e-02
5.076590507431592153e-03 1.520393681240880812e-02
5.150856735392015176e-03 1.554331157527182386e-02
5.226209415491405927e-03 1.614696297512481157e-02
5.302664441606197258e-03 1.660783033444968027e-02
5.380237940126798846e-03 1.681445083323468773e-02
5.458946273359080274e-03 1.740058903233656501e-02
5.538806042975618141e-03 1.797610264540567410e-02
5.619834093517418402e-03 1.864164364095955220e-02
5.702047515946887662e-03 1.887213398326966635e-02
5.785463651252769832e-03 1.956161685844485382e-02
5.870100094107807975e-03 2.020454121129582753e-02
5.955974696579945799e-03 2.088810442003975060e-02
6.043105571897777403e-03 2.132400820857460397e-02
6.131511098271129161e-03 2.204324168989515997e-02
6.221209922767501413e-03 2.267119465346552690e-02
6.312220965245229562e-03 2.316686880472918972e-02
6.404563422344185068e-03 2.395002959190606351e-02
6.498256771534847293e-03 2.474303379605809206e-02
6.593320775226632624e-03 2.553638016941642622e-02
6.689775484936302287e-03 2.639590039242706992e-02
6.787641245517349146e-03 2.691162452316219270e-02
6.886938699451285520e-03 2.762793302476495086e-02
6.987688791201676804e-03 2.834500176225723117e-02
7.089912771631883687e-03 2.944017076074316452e-02
7.193632202487441896e-03 3.012521700823079032e-02
7.298868960943985865e-03 3.101917641495796282e-02
7.405645244221747622e-03 3.187518727910947092e-02
7.513983574267524279e-03 3.304437026279444245e-02
7.623906802505158418e-03 3.370619782995832453e-02
7.735438114655511510e-03 3.480912412697705766e-02
7.848601035626932149e-03 3.586472091951076191e-02
7.963419434477297248e-03 3.674003985084989959e-02
8.079917529448633201e-03 3.812338062468063893e-02
8.198119893075363901e-03 3.896643050005169778e-02
8.318051457367329690e-03 4.037397569660840235e-02
8.439737519068589433e-03 4.147219335467629275e-02
8.563203744993197475e-03 4.246388863941009256e-02
8.688476177438994585e-03 4.348167867761382199e-02
8.815581239680625458e-03 4.512139423351052558e-02
8.944545741542919010e-03 4.638173948302447280e-02
9.075396885055757312e-03 4.742263067483209332e-02
9.208162270191742882e-03 4.865041348034548213e-02
9.342869900687746781e-03 5.037110423035812828e-02
9.479548189951631648e-03 5.127851649971369025e-02
9.618225967055414258e-03 5.283704187197006685e-02
9.758932482816042031e-03 5.454851339419855560e-02
9.901697415965211163e-03 5.639084512516933517e-02
1.004655087940936609e-02 5.793695004726923808e-02
1.019352342658132529e-02 5.956534835112786697e-02
1.034264605788479466e-02 6.111767746652589650e-02
1.049395022723317167e-02 6.279791947082297154e-02
1.064746784868404739e-02 6.482714559996233250e-02
1.080323130317069162e-02 6.651440583215556535e-02
1.096127344533204089e-02 6.847934501303334920e-02
1.112162761044262552e-02 7.043667371077988459e-02
1.128432762144389832e-02 7.243139624195740756e-02
1.144940779607831957e-02 7.431351074694703129e-02
1.161690295412791743e-02 7.609033055403717494e-02
1.178684842475873247e-02 7.870801412728567481e-02
1.195928005397260338e-02 8.087964577083410489e-02
1.213423421216807546e-02 8.284566170312418487e-02
1.231174780181190642e-02 8.511857850830829852e-02
1.249185826522275326e-02 8.801762161579552990e-02
1.267460359246871601e-02 9.030841973649235410e-02
1.286002232938048169e-02 9.244716022440711833e-02
1.304815358568169395e-02 9.552029672148756867e-02
1.323903704323815475e-02 9.873537303387087960e-02
1.343271296442782523e-02 1.007273748736001312e-01
1.362922220063325987e-02 1.028903691066040682e-01
1.382860620085816714e-02 1.062189644195586646e-01
1.403090702047014339e-02 1.092894145387171834e-01
1.423616733007130805e-02 1.117317720485568461e-01
1.444443042449857981e-02 1.148784289003274145e-01
1.465574023195573977e-02 1.182628245959730928e-01
1.487014132327909091e-02 1.218009315224030803e-01
1.508767892133859936e-02 1.249024446638926505e-01
1.530839891057655597e-02 1.282716627291156652e-01
1.553234784668586221e-02 1.314317441075990578e-01
1.575957296642989391e-02 1.353567352648606947e-01
1.599012219760591325e-02 1.395363961554375309e-01
1.622404416915432246e-02 1.429433948925054321e-01
1.646138822141588604e-02 1.464632997008211979e-01
1.670220441653878785e-02 1.505339870738835184e-01
1.694654354903812193e-02 1.545535173647768767e-01
1.719445715650983614e-02 1.580971218616744611e-01
1.744599753050134552e-02 1.624635335002469760e-01
1.770121772754117140e-02 1.676553642083446483e-01
1.796017158032999633e-02 1.716950766546607998e-01
1.822291370909545627e-02 1.757362151544890616e-01
1.848949953311290750e-02 1.800262864407534691e-01
1.875998528239484348e-02 1.857512747931215902e-01
1.903442800955138653e-02 1.900637464410671884e-01
1.931288560182404385e-02 1.948525600053809537e-01
1.959541679329573904e-02 2.005167738599333005e-01
1.988208117727942315e-02 2.046884304708875835e-01
2.017293921888785313e-02 2.098620973634862108e-01
2.046805226778721648e-02 2.155870483708205165e-01
2.076748257113746748e-02 2.214348175054418055e-01
2.107129328672195656e-02 2.272837132911487978e-01
2.137954849626895817e-02 2.324289630707220555e-01
2.169231321896825798e-02 2.378643186541430921e-01
2.200965342518549500e-02 2.435479071481783664e-01
2.233163605037693372e-02 2.509781439024062477e-01
2.265832900920797255e-02 2.552406503487911205e-01
2.298980120987820924e-02 2.620652066983437112e-01
2.332612256865596728e-02 2.692822770548620182e-01
2.366736402462540564e-02 2.754347905893356763e-01
2.401359755464953921e-02 2.819190277155645408e-01
2.436489618855210842e-02 2.881996785009234840e-01
2.472133402452138251e-02 2.940196612739436333e-01
2.508298624473948024e-02 3.013762130281661955e-01
2.544992913124037581e-02 3.095069850846833281e-01
2.582224008199964643e-02 3.173461012984850615e-01
2.619999762725981618e-02 3.227740625862887680e-01
2.658328144609457128e-02 3.315388753637756869e-01
2.697217238321500399e-02 3.391587445387838073e-01
2.736675246602199296e-02 3.459933396229815661e-01
2.776710492190802293e-02 3.547071165842254348e-01
2.817331419581196525e-02 3.621748632406195934e-01
2.858546596803071549e-02 3.697360598056212977e-01
2.900364717229148709e-02 3.777826075001260442e-01
2.942794601408853586e-02 3.865129718036630080e-01
2.985845198928783334e-02 3.931898545467993333e-01
3.029525590300423746e-02 4.029511205410197805e-01
3.073844988875476525e-02 4.112757072840080852e-01
3.118812742789181178e-02 4.186483561302438150e-01
3.164438336932094697e-02 4.280723486774429820e-01
3.210731394950710332e-02 4.359299632660563195e-01
3.257701681277337669e-02 4.452972412999169904e-01
3.305359103189667302e-02 4.531835996828672553e-01
3.353713712900491944e-02 4.622263017787733297e-01
3.402775709677986760e-02 4.717575309190819577e-01
3.452555441996989216e-02 4.789623292764516593e-01
3.503063409721780125e-02 4.877039462400201697e-01
3.554310266320785672e-02 4.967392798098039797e-01
3.606306821113659800e-02 5.053774080218530473e-01
3.659064041551268742e-02 5.122983662159711349e-01
3.712593055529017638e-02 5.214865009270982510e-01
3.766905153734019518e-02 5.309632061514902857e-01
3.822011792026586141e-02 5.389835448326459888e-01
3.877924593856579838e-02 5.467304230084800709e-01
3.934655352715126647e-02 5.562414545071464600e-01
3.992216034622142473e-02 5.635290788023477049e-01
4.050618780650300232e-02 5.714243365333333546e-01
4.109875909485918161e-02 5.806954266234404249e-01
4.169999920027268880e-02 5.888664478529418433e-01
4.231003494020939976e-02 5.959271719485013108e-01
4.292899498736767183e-02 6.034735343437175326e-01
4.355700989681852986e-02 6.093383657345304849e-01
4.419421213354333272e-02 6.183774831866769572e-01
4.484073610037424273e-02 6.237047825074190088e-01
4.549671816634325017e-02 6.321046008354921364e-01
4.616229669544590075e-02 6.363836357984845593e-01
4.683761207582605446e-02 6.444106057071108395e-01
4.752280674938759442e-02 6.498962721919694374e-01
4.821802524183890076e-02 6.568941814990091332e-01
4.892341419317729201e-02 6.616613623767950703e-01
4.963912238861947074e-02 6.652986869154519090e-01
5.036530078998391335e-02 6.710034056134521752e-01
5.110210256753291991e-02 6.764025823475495747e-01
5.184968313228033310e-02 6.796087562284605088e-01
5.260820016877179595e-02 6.820082618336973379e-01
5.337781366834442459e-02 6.872114912982887347e-01
5.415868596287337633e-02 6.900557585610859190e-01
5.495098175901209220e-02 6.923458781396479855e-01
5.575486817293295871e-02 6.928530498416500816e-01
5.657051476557670155e-02 6.969172457224765971e-01
5.739809357841744314e-02 6.967248721411936074e-01
5.823777916975050178e-02 6.972748795574266190e-01
5.908974865151148115e-02 6.982783076762016927e-01
5.995418172663402601e-02 6.962520014967944482e-01
6.083126072695378000e-02 6.948502396311513341e-01
6.172117065166692756e-02 6.953727084389537128e-01
6.262409920635149396e-02 6.913597935927572324e-01
6.354023684255963311e-02 6.875071385401994029e-01
6.446977679798857053e-02 6.846631512213393611e-01
6.541291513723962447e-02 6.798094435831362192e-01
6.636985079317377079e-02 6.751991356418980406e-01
6.734078560887135634e-02 6.705220109189226063e-01
6.832592438020634873e-02 6.637613635731000050e-01
6.932547489904344884e-02 6.569342905935405819e-01
7.033964799706662885e-02 6.511216060364586333e-01
7.136865759024910161e-02 6.419136554047656373e-01
7.241272072397386683e-02 6.340285424327583019e-01
7.347205761881472896e-02 6.248286319922888854e-01
7.454689171698605787e-02 6.156169778368995038e-01
7.563744972947292200e-02 6.057635912932763933e-01
7.674396168385075323e-02 5.964252543042235510e-01
7.786666097280373067e-02 5.853887818921782449e-01
7.900578440335370711e-02 5.737136241062624764e-01
8.016157224680930948e-02 5.617700202531673570e-01
8.133426828944512188e-02 5.497287574112450503e-01
8.252411988392280295e-02 5.380595213699272961e-01
8.373137800146458753e-02 5.257734497333640400e-01
8.495629728478951148e-02 5.123444735884824519e-01
8.619913610182416974e-02 4.986952439047175889e-01
8.746015660019958171e-02 4.843963723984365255e-01
8.873962476254521059e-02 4.705778984173442647e-01
9.003781046259135001e-02 4.550048804105081834e-01
9.135498752209281204e-02 4.421935591074432348e-01
9.269143376858551830e-02 4.268835875820480297e-01
9.404743109398709666e-02 4.112080713761395168e-01
9.542326551405566626e-02 3.970575674012578049e-01
9.681922722871832976e-02 3.811377205639431831e-01
9.823561068328180712e-02 3.654202934501512012e-01
9.967271463053854752e-02 3.510967693737295781e-01
1.011308421937818502e-01 3.365630323235659915e-01
1.026103009307428732e-01 3.221409736456441464e-01
1.041114028984620882e-01 3.078617975370832038e-01
1.056344647191106989e-01 2.934402123687097075e-01
1.071798076467749272e-01 2.790906202859769758e-01
1.087477576352164632e-01 2.645797410868411803e-01
1.103386454066249411e-01 2.509122790751760479e-01
1.119528065213763607e-01 2.374100445746011034e-01
1.135905814488113175e-01 2.245703996852409789e-01
1.152523156390488634e-01 2.121170062965775094e-01
1.169383595958513322e-01 1.988360626174158208e-01
1.186490689505550755e-01 1.873335296975437991e-01
1.203848045370820297e-01 1.760826174445104531e-01
1.221459324680493619e-01 1.648531894122004793e-01
1.239328242119927120e-01 1.545343702435560962e-01
1.257458566717180592e-01 1.446578344118496506e-01
1.275854122638007682e-01 1.341637050807196474e-01
1.294518789992479824e-01 1.243903167114681907e-01
1.313456505653393669e-01 1.152703412584146908e-01
1.332671264086667806e-01 1.066373798085792218e-01
1.352167118193882689e-01 9.823019146572688209e-02
1.371948180167144593e-01 9.069414623864964498e-02
1.392018622356449853e-01 8.315842350353003232e-02
1.412382678149749493e-01 7.624129491996932406e-02
1.433044642865885510e-01 6.974117988771795507e-02
1.454008874660580042e-01 6.385947565745395127e-02
1.475279795445689213e-01 5.782190891673109900e-02
1.496861891821906210e-01 5.261684222634740310e-02
1.518759716025095408e-01 4.755267097165805784e-02
1.540977886886484571e-01 4.299576149825090621e-02
1.563521090806899994e-01 3.896689599372581830e-02
1.586394082745251621e-01 3.534014481765249127e-02
1.609601687221475785e-01 3.156259046929119072e-02
1.633148799334157020e-01 2.841459135996595928e-02
1.657040385793039361e-01 2.532486010645650792e-02
1.681281485966627243e-01 2.242763309690596826e-02
1.705877212945126620e-01 2.008096681959558455e-02
1.730832754618936153e-01 1.774667326633056624e-02
1.756153374772900788e-01 1.585072775962266534e-02
1.781844414196588344e-01 1.420349648550046397e-02
1.807911291810806731e-01 1.247380762399430409e-02
1.834359505810595203e-01 1.101386883294044883e-02
1.861194634824935024e-01 9.636751263702874465e-03
1.888422339093434044e-01 8.419985885511347898e-03
1.916048361660226684e-01 7.414563107969012953e-03
1.944078529585322457e-01 6.531300187577694129e-03
1.972518755173693905e-01 5.482480096803428633e-03
2.001375037222342945e-01 4.741263960372270325e-03
2.030653462285595678e-01 3.882170786306610860e-03
2.060360205958922664e-01 3.313508543647964051e-03
2.090501534181542498e-01 2.796978891129574957e-03
2.121083804558061281e-01 2.388503555333937409e-03
2.152113467699467153e-01 2.061026942140752657e-03
2.183597068583738310e-01 1.704013558044355616e-03
2.215541247936348435e-01 1.514436652130287568e-03
2.247952743630967642e-01 1.216548708086766977e-03
2.280838392110661195e-01 1.048326897909897292e-03
2.314205129829886298e-01 9.101546090494210721e-04
2.348059994717557053e-01 7.010646486498144656e-04
2.382410127661539478e-01 6.068972382948972831e-04
2.417262774014859450e-01 5.150751182818835662e-04
2.452625285123926357e-01 4.538785943719755812e-04
2.488505119879133587e-01 3.543534874566260217e-04
2.524909846288141413e-01 2.972153765348859865e-04
2.561847143072163990e-01 2.566077800462631558e-04
2.599324801285612385e-01 1.942038698881555102e-04
2.637350725959437536e-01 1.470774472716661438e-04
2.675932937768518149e-01 1.173248783932212005e-04
2.715079574723419098e-01 9.872054040536205096e-05
2.754798893886922229e-01 8.431639888695269442e-05
2.795099273115665417e-01 6.513088723808868412e-05
2.835989212827238481e-01 5.260686497258092382e-05
2.877477337793156176e-01 4.733461804234033270e-05
2.919572398958056869e-01 4.131215235023002021e-05
2.962283275285499951e-01 2.287965407831866666e-05
3.005618975630770517e-01 2.508628983833428541e-05
3.049588640641094361e-01 2.222142867379441495e-05
3.094201544683645166e-01 1.949276019032024088e-05
3.139467097801742490e-01 1.140200543699471323e-05
3.185394847699682952e-01 7.416609999026306958e-06
3.231994481756618187e-01 9.008844047612287346e-06
3.279275829069857595e-01 5.535541601980708523e-06
3.327248862528096596e-01 4.101916268340416395e-06
3.375923700914967296e-01 1.855797224915841003e-06
3.425310611043355102e-01 6.110669046534138921e-07
3.475420009920930919e-01 1.513611406853035953e-06
3.526262466947382990e-01 9.160516478879561192e-07
3.577848706143795243e-01 1.575367641317006339e-07
3.630189608414602365e-01 8.813251122330152382e-07
3.683296213842673361e-01 4.035730245951918585e-07
3.737179724017970495e-01 5.178934502501608133e-07
3.791851504400235440e-01 4.782008721393944326e-07
3.847323086716280538e-01 2.159441870774679472e-07
3.903606171392344226e-01 1.647669930231750167e-07
3.960712630021998581e-01 1.586973992903231629e-07
4.018654507870196846e-01 0.000000000000000000e+00
4.077444026413942213e-01 3.266190647581253402e-07
4.137093585920117444e-01 3.357396640541955630e-07
4.197615768061020436e-01 2.907009128661878052e-07
4.259023338568176942e-01 3.416946467874507470e-07
4.321329249924989457e-01 0.000000000000000000e+00
4.384546644098730739e-01 0.000000000000000000e+00
4.448688855312545876e-01 0.000000000000000000e+00
4.513769412858005814e-01 0.000000000000000000e+00
4.579802043948769108e-01 1.479385615615586054e-07
4.646800676616025250e-01 2.929519248639134972e-07
4.714779442646297447e-01 0.000000000000000000e+00
4.783752680562199933e-01 0.000000000000000000e+00
4.853734938646802610e-01 1.277704912827104211e-07
4.924740978012259740e-01 0.000000000000000000e+00
4.996785775713332711e-01 0.000000000000000000e+00
5.069884527906421967e-01 0.000000000000000000e+00
5.144052653054848045e-01 0.000000000000000000e+00
5.219305795181032881e-01 0.000000000000000000e+00
5.295659827166210309e-01 0.000000000000000000e+00
5.373130854098444598e-01 0.000000000000000000e+00
5.451735216669637563e-01 0.000000000000000000e+00
5.531489494622203740e-01 0.000000000000000000e+00
5.612410510246160777e-01 0.000000000000000000e+00
5.694515331927409996e-01 0.000000000000000000e+00
5.777821277747927642e-01 0.000000000000000000e+00
5.862345919138574057e-01 0.000000000000000000e+00
5.948107084585388948e-01 0.000000000000000000e+00
6.035122863390113279e-01 3.418138735592598515e-08
6.123411609485660545e-01 0.000000000000000000e+00
6.212991945307471120e-01 0.000000000000000000e+00
6.303882765721491310e-01 0.000000000000000000e+00
6.396103242009565371e-01 0.000000000000000000e+00
6.489672825913188614e-01 0.000000000000000000e+00
6.584611253736400993e-01 0.000000000000000000e+00
6.680938550508692675e-01 0.000000000000000000e+00
6.778675034208790917e-01 0.000000000000000000e+00
6.877841320050279705e-01 0.000000000000000000e+00
6.978458324829910353e-01 0.000000000000000000e+00
7.080547271339473481e-01 0.000000000000000000e+00
7.184129692842258219e-01 0.000000000000000000e+00
7.289227437615020122e-01 0.000000000000000000e+00
7.395862673556312661e-01 0.000000000000000000e+00
7.504057892862305845e-01 0.000000000000000000e+00
7.613835916771003465e-01 0.000000000000000000e+00
7.725219900375829285e-01 0.000000000000000000e+00
7.838233337509639131e-01 0.000000000000000000e+00
7.952900065700201360e-01 0.000000000000000000e+00
8.069244271198189322e-01 0.000000000000000000e+00
8.187290494078659497e-01 0.000000000000000000e+00
8.307063633417219872e-01 0.000000000000000000e+00
8.428588952541931079e-01 0.000000000000000000e+00
8.551892084361969459e-01 0.000000000000000000e+00
8.676999036774298846e-01 0.000000000000000000e+00
8.803936198149451275e-01 0.000000000000000000e+00
8.932730342897515774e-01 0.000000000000000000e+00
9.063408637115548672e-01 0.000000000000000000e+00
9.195998644317645576e-01 0.000000000000000000e+00
9.330528331248839624e-01 0.000000000000000000e+00
9.467026073783977314e-01 0.000000000000000000e+00
9.605520662912966356e-01 0.000000000000000000e+00
9.746041310813593483e-01 0.000000000000000000e+00
9.888617657013079043e-01 0.000000000000000000e+00
1.003327977463987608e+00 0.000000000000000000e+00
1.018005817676691738e+00 0.000000000000000000e+00
1.032898382284756833e+00 0.000000000000000000e+00
1.048008812524582556e+00 0.000000000000000000e+00
1.063340295586204576e+00 0.000000000000000000e+00
1.078896065285554151e+00 0.000000000000000000e+00
1.094679402746554064e+00 0.000000000000000000e+00
1.110693637093196573e+00 0.000000000000000000e+00
1.126942146151747481e+00 0.000000000000000000e+00
1.143428357163212006e+00 0.000000000000000000e+00
1.160155747506234292e+00 0.000000000000000000e+00
1.177127845430572251e+00 0.000000000000000000e+00
1.194348230801292043e+00 0.000000000000000000e+00
1.211820535853858960e+00 0.000000000000000000e+00
1.229548445960276570e+00 0.000000000000000000e+00
1.247535700406424475e+00 0.000000000000000000e+00
1.265786093180771843e+00 0.000000000000000000e+00
1.284303473774632387e+00 0.000000000000000000e+00
1.303091747994127747e+00 0.000000000000000000e+00
1.322154878784016940e+00 0.000000000000000000e+00
1.341496887063592158e+00 0.000000000000000000e+00
1.361121852574798563e+00 0.000000000000000000e+00
1.381033914742754831e+00 0.000000000000000000e+00
1.401237273548869178e+00 0.000000000000000000e+00
1.421736190416730938e+00 0.000000000000000000e+00
1.442534989110953791e+00 0.000000000000000000e+00
1.463638056649171126e+00 0.000000000000000000e+00
1.485049844227375182e+00 0.000000000000000000e+00
1.506774868158797354e+00 0.000000000000000000e+00
1.528817710826510190e+00 0.000000000000000000e+00
1.551183021649976457e+00 0.000000000000000000e+00
1.573875518065741108e+00 0.000000000000000000e+00
1.596899986522452686e+00 0.000000000000000000e+00
1.620261283490457949e+00 0.000000000000000000e+00
1.643964336486162914e+00 0.000000000000000000e+00
1.668014145111373026e+00 0.000000000000000000e+00
1.692415782107839384e+00 0.000000000000000000e+00
1.717174394427236628e+00 0.000000000000000000e+00
1.742295204316796964e+00 0.000000000000000000e+00
1.767783510420810167e+00 0.000000000000000000e+00
1.793644688898253126e+00 0.000000000000000000e+00
1.819884194556769419e+00 0.000000000000000000e+00
1.846507562003222080e+00 0.000000000000000000e+00
1.873520406811094663e+00 0.000000000000000000e+00
1.900928426704969088e+00 0.000000000000000000e+00
1.928737402762316089e+00 0.000000000000000000e+00
1.956953200632883583e+00 0.000000000000000000e+00
1.985581771775920767e+00 0.000000000000000000e+00
