1.007314577357746395e-06 0.000000000000000000e+00
1.022050738157085172e-06 0.000000000000000000e+00
1.037002476532669867e-06 0.000000000000000000e+00
1.052172946202215323e-06 0.000000000000000000e+00
1.067565347019664431e-06 0.000000000000000000e+00
1.083182925650115004e-06 0.000000000000000000e+00
1.099028976254630445e-06 0.000000000000000000e+00
1.115106841185069142e-06 0.000000000000000000e+00
1.131419911689071041e-06 0.000000000000000000e+00
1.147971628625360671e-06 0.000000000000000000e+00
1.164765483189517368e-06 0.000000000000000000e+00
1.181805017650363486e-06 0.000000000000000000e+00
1.199093826097117550e-06 0.000000000000000000e+00
1.216635555197484504e-06 0.000000000000000000e+00
1.234433904966839137e-06 0.000000000000000000e+00
1.252492629548650261e-06 0.000000000000000000e+00
1.270815538006331790e-06 0.000000000000000000e+00
1.289406495126678695e-06 0.000000000000000000e+00
1.308269422235049389e-06 0.000000000000000000e+00
1.327408298022475615e-06 0.000000000000000000e+00
1.346827159384875163e-06 0.000000000000000000e+00
1.366530102274545501e-06 0.000000000000000000e+00
1.386521282564099480e-06 0.000000000000000000e+00
1.406804916923053165e-06 0.000000000000000000e+00
1.427385283707237743e-06 0.000000000000000000e+00
1.448266723861210011e-06 0.000000000000000000e+00
1.469453641833875500e-06 0.000000000000000000e+00
1.490950506507507443e-06 0.000000000000000000e+00
1.512761852140349597e-06 0.000000000000000000e+00
1.534892279323007713e-06 0.000000000000000000e+00
1.557346455948839277e-06 0.000000000000000000e+00
1.580129118198540584e-06 0.000000000000000000e+00
1.603245071539124057e-06 0.000000000000000000e+00
1.626699191737521068e-06 0.000000000000000000e+00
1.650496425889018006e-06 0.000000000000000000e+00
1.674641793460717854e-06 0.000000000000000000e+00
1.699140387350285004e-06 0.000000000000000000e+00
1.723997374960176362e-06 0.000000000000000000e+00
1.749217999287573916e-06 0.000000000000000000e+00
1.774807580030276668e-06 0.000000000000000000e+00
1.800771514708768779e-06 0.000000000000000000e+00
1.827115279804697280e-06 0.000000000000000000e+00
1.853844431916002885e-06 0.000000000000000000e+00
1.880964608928956931e-06 0.000000000000000000e+00
1.908481531207346938e-06 0.000000000000000000e+00
1.936401002799041579e-06 0.000000000000000000e+00
1.964728912660223922e-06 0.000000000000000000e+00
1.993471235897532631e-06 0.000000000000000000e+00
2.022634035028363983e-06 0.000000000000000000e+00
2.052223461259617184e-06 0.000000000000000000e+00
2.082245755785148092e-06 0.000000000000000000e+00
2.112707251102209193e-06 0.000000000000000000e+00
2.143614372347129500e-06 0.000000000000000000e+00
2.174973638650549482e-06 0.000000000000000000e+00
2.206791664512488845e-06 0.000000000000000000e+00
2.239075161197503816e-06 0.000000000000000000e+00
2.271830938150279099e-06 0.000000000000000000e+00
2.305065904431925127e-06 0.000000000000000000e+00
2.338787070177269020e-06 0.000000000000000000e+00
2.373001548073486551e-06 0.000000000000000000e+00
2.407716554860357156e-06 0.000000000000000000e+00
2.442939412852465149e-06 0.000000000000000000e+00
2.478677551483661393e-06 0.000000000000000000e+00
2.514938508874134382e-06 0.000000000000000000e+00
2.551729933420407560e-06 0.000000000000000000e+00
2.589059585408571160e-06 0.000000000000000000e+00
2.626935338651142886e-06 0.000000000000000000e+00
2.665365182147868279e-06 0.000000000000000000e+00
2.704357221770799593e-06 0.000000000000000000e+00
2.743919681974044932e-06 0.000000000000000000e+00
2.784060907528531530e-06 0.000000000000000000e+00
2.824789365282124550e-06 0.000000000000000000e+00
2.866113645945515583e-06 0.000000000000000000e+00
2.908042465904237457e-06 0.000000000000000000e+00
2.950584669057176779e-06 0.000000000000000000e+00
2.993749228681978078e-06 0.000000000000000000e+00
3.037545249327753744e-06 0.000000000000000000e+00
3.081981968735482214e-06 0.000000000000000000e+00
3.127068759786475975e-06 0.000000000000000000e+00
3.172815132479376366e-06 0.000000000000000000e+00
3.219230735936073713e-06 0.000000000000000000e+00
3.266325360436955554e-06 0.000000000000000000e+00
3.314108939485928916e-06 0.000000000000000000e+00
3.362591551905666001e-06 0.000000000000000000e+00
3.411783423963506540e-06 0.000000000000000000e+00
3.461694931528425492e-06 0.000000000000000000e+00
3.512336602259591695e-06 0.000000000000000000e+00
3.563719117826939279e-06 0.000000000000000000e+00
3.615853316164192712e-06 0.000000000000000000e+00
3.668750193754886335e-06 0.000000000000000000e+00
3.722420907951824327e-06 0.000000000000000000e+00
3.776876779330440196e-06 8.208352256592613336e-07
3.832129294076616543e-06 0.000000000000000000e+00
3.888190106409436032e-06 0.000000000000000000e+00
3.945071041039351476e-06 0.000000000000000000e+00
4.002784095662330252e-06 0.000000000000000000e+00
4.061341443490488050e-06 0.000000000000000000e+00
4.120755435819757446e-06 0.000000000000000000e+00
4.181038604635077492e-06 0.000000000000000000e+00
4.242203665253731971e-06 0.000000000000000000e+00
4.304263519007363188e-06 8.208352256592613336e-07
4.367231255963177964e-06 0.000000000000000000e+00
4.431120157684998909e-06 0.000000000000000000e+00
4.495943700034715789e-06 0.000000000000000000e+00
4.561715556014673132e-06 0.000000000000000000e+00
4.628449598651681045e-06 1.641670451318522667e-06
4.696159903923217583e-06 8.208352256592613336e-07
4.764860753726407982e-06 0.000000000000000000e+00
4.834566638890456673e-06 0.000000000000000000e+00
4.905292262233144501e-06 0.000000000000000000e+00
4.977052541662067912e-06 8.208352256592613336e-07
5.049862613321183391e-06 0.000000000000000000e+00
5.123737834783442357e-06 0.000000000000000000e+00
5.198693788290112811e-06 1.641670451318522667e-06
5.274746284037485708e-06 0.000000000000000000e+00
5.351911363511645367e-06 0.000000000000000000e+00
5.430205302872061158e-06 0.000000000000000000e+00
5.509644616384671335e-06 0.000000000000000000e+00
5.590246059905150172e-06 0.000000000000000000e+00
5.672026634413175810e-06 0.000000000000000000e+00
5.755003589598407766e-06 8.208352256592613336e-07
5.839194427498865285e-06 8.208352256592613336e-07
5.924616906192589155e-06 0.000000000000000000e+00
6.011289043543310338e-06 0.000000000000000000e+00
6.099229121000858101e-06 0.000000000000000000e+00
6.188455687457219067e-06 0.000000000000000000e+00
6.278987563159001034e-06 8.208352256592613336e-07
6.370843843677115559e-06 0.000000000000000000e+00
6.464043903934519574e-06 8.208352256592613336e-07
6.558607402292915576e-06 1.641670451318522667e-06
6.654554284699240485e-06 8.208352256592613336e-07
6.751904788892758010e-06 0.000000000000000000e+00
6.850679448673746411e-06 0.000000000000000000e+00
6.950899098234648166e-06 0.000000000000000000e+00
7.052584876554509078e-06 8.208352256592613336e-07
7.155758231857769887e-06 0.000000000000000000e+00
7.260440926138285322e-06 0.000000000000000000e+00
7.366655039749465955e-06 0.000000000000000000e+00
7.474422976061624485e-06 0.000000000000000000e+00
7.583767466187464127e-06 0.000000000000000000e+00
7.694711573776648474e-06 8.208352256592613336e-07
7.807278699880527707e-06 1.641670451318522667e-06
7.921492587888051990e-06 0.000000000000000000e+00
8.037377328533902904e-06 0.000000000000000000e+00
8.154957364979827154e-06 8.208352256592613336e-07
8.274257497970363489e-06 0.000000000000000000e+00
8.395302891063997905e-06 0.000000000000000000e+00
8.518119075940805925e-06 0.000000000000000000e+00
8.642731957787742387e-06 0.000000000000000000e+00
8.769167820762752732e-06 0.000000000000000000e+00
8.897453333538822177e-06 0.000000000000000000e+00
9.027615554929046979e-06 0.000000000000000000e+00
9.159681939594091512e-06 8.208352256592613336e-07
9.293680343833127217e-06 0.000000000000000000e+00
9.429639031459405388e-06 0.000000000000000000e+00
9.567586679761874957e-06 1.641670451318522667e-06
9.707552385554009091e-06 8.208352256592613336e-07
9.849565671311038320e-06 0.000000000000000000e+00
9.993656491397055546e-06 2.462505676977783895e-06
1.013985523838319066e-05 0.000000000000000000e+00
1.028819274945820828e-05 0.000000000000000000e+00
1.043870031293285345e-05 8.208352256592613336e-07
1.059140967483941058e-05 0.000000000000000000e+00
1.074635304562781570e-05 1.641670451318522667e-06
1.090356310695962130e-05 0.000000000000000000e+00
1.106307301860147234e-05 8.208352256592613336e-07
1.122491642541938768e-05 0.000000000000000000e+00
1.138912746447533417e-05 0.000000000000000000e+00
1.155574077222762343e-05 1.641670451318522667e-06
1.172479149183668274e-05 0.000000000000000000e+00
1.189631528057766575e-05 8.208352256592613336e-07
1.207034831736151717e-05 8.208352256592613336e-07
1.224692731036608570e-05 8.208352256592613336e-07
1.242608950477883701e-05 2.462505676977783895e-06
1.260787269065282000e-05 8.208352256592613336e-07
1.279231521087761615e-05 8.208352256592613336e-07
1.297945596926691007e-05 0.000000000000000000e+00
1.316933443876425501e-05 0.000000000000000000e+00
1.336199066976900349e-05 2.462505676977783895e-06
1.355746529858402446e-05 8.208352256592613336e-07
1.375579955598694823e-05 0.000000000000000000e+00
1.395703527592680112e-05 0.000000000000000000e+00
1.416121490434794070e-05 0.000000000000000000e+00
1.436838150814300096e-05 1.641670451318522667e-06
1.457857878423685134e-05 8.208352256592613336e-07
1.479185106880345199e-05 0.000000000000000000e+00
1.500824334661750401e-05 8.208352256592613336e-07
1.522780126054295324e-05 1.641670451318522667e-06
1.545057112116022781e-05 8.208352256592613336e-07
1.567659991653442197e-05 8.208352256592613336e-07
1.590593532212629987e-05 1.641670451318522667e-06
1.613862571084830798e-05 8.208352256592613336e-07
1.637472016326773407e-05 1.641670451318522667e-06
1.661426847795909308e-05 4.104176128296306774e-06
1.685732118200790824e-05 2.462505676977783895e-06
1.710392954166825580e-05 8.208352256592613336e-07
1.735414557317622482e-05 1.641670451318522667e-06
1.760802205372142312e-05 2.462505676977783895e-06
1.786561253257912133e-05 2.462505676977783895e-06
1.812697134240526785e-05 3.283340902637045334e-06
1.839215361069663454e-05 2.462505676977783895e-06
1.866121527141864113e-05 3.283340902637045334e-06
1.893421307680336196e-05 2.462505676977783895e-06
1.921120460932004300e-05 1.641670451318522667e-06
1.949224829382077500e-05 1.641670451318522667e-06
1.977740340986387761e-05 2.462505676977783895e-06
2.006673010421750834e-05 8.208352256592613336e-07
2.036028940354616632e-05 5.745846579614829653e-06
2.065814322728284870e-05 1.641670451318522667e-06
2.096035440068960072e-05 4.925011353955567790e-06
2.126698666810886848e-05 1.641670451318522667e-06
2.157810470640895772e-05 4.925011353955567790e-06
2.189377413862611608e-05 4.925011353955567790e-06
2.221406154780615261e-05 6.566681805274090669e-06
2.253903449104850828e-05 3.283340902637045334e-06
2.286876151375590824e-05 8.208352256592613336e-07
2.320331216409237394e-05 4.104176128296306774e-06
2.354275700765275634e-05 8.208352256592613336e-07
2.388716764234696154e-05 3.283340902637045334e-06
2.423661671350176551e-05 6.566681805274090669e-06
2.459117792918370451e-05 2.462505676977783895e-06
2.495092607574596845e-05 6.566681805274090669e-06
2.531593703360290548e-05 2.462505676977783895e-06
2.568628779323518389e-05 1.641670451318522667e-06
2.606205647142909086e-05 4.925011353955567790e-06
2.644332232775353569e-05 2.462505676977783895e-06
2.683016578127791539e-05 4.104176128296306774e-06
2.722266842753457623e-05 4.925011353955567790e-06
2.762091305572953733e-05 4.925011353955567790e-06
2.802498366620500994e-05 2.462505676977783895e-06
2.843496548815710749e-05 5.745846579614829653e-06
2.885094499761305602e-05 1.641670451318522667e-06
2.927300993567130672e-05 7.387517030933352532e-06
2.970124932700842990e-05 6.566681805274090669e-06
3.013575349865669028e-05 5.745846579614829653e-06
3.057661409905651831e-05 7.387517030933352532e-06
3.102392411738757062e-05 6.566681805274090669e-06
3.147777790318254023e-05 1.149169315922965931e-05
3.193827118622811437e-05 8.208352256592613548e-06
3.240550109675684740e-05 8.208352256592613548e-06
3.287956618593440767e-05 4.925011353955567790e-06
3.336056644664672153e-05 1.067085793357039744e-05
3.384860333459122246e-05 9.029187482251875411e-06
3.434377978967633887e-05 9.029187482251875411e-06
3.484620025773432989e-05 5.745846579614829653e-06
3.535597071255176533e-05 5.745846579614829653e-06
3.587319867822214914e-05 9.029187482251875411e-06
3.639799325182551120e-05 9.029187482251875411e-06
3.693046512643996819e-05 5.745846579614829653e-06
3.747072661448980061e-05 9.850022707911135580e-06
3.801889167143510757e-05 1.313336361054818134e-05
3.857507591980808783e-05 8.208352256592613548e-06
3.913939667360083957e-05 7.387517030933352532e-06
3.971197296301003197e-05 1.395419883620744320e-05
4.029292555954340905e-05 1.067085793357039744e-05
4.088237700149384478e-05 1.477503406186670506e-05
4.148045161978584190e-05 1.477503406186670506e-05
4.208727556420020056e-05 1.231252838488891947e-05
4.270297682998246060e-05 1.559586928752596693e-05
4.332768528484041656e-05 1.149169315922965931e-05
4.396153269633657363e-05 1.559586928752596693e-05
4.460465275968148065e-05 1.149169315922965931e-05
4.525718112593374049e-05 1.641670451318522710e-05
4.591925543061214606e-05 1.231252838488891947e-05
4.659101532272679944e-05 1.559586928752596693e-05
4.727260249423485881e-05 1.395419883620744320e-05
4.796416070992705924e-05 1.641670451318522710e-05
4.866583583775139729e-05 9.850022707911135580e-06
4.937777587958068129e-05 1.970004541582227116e-05
5.010013100243003903e-05 1.559586928752596693e-05
5.083305357013104394e-05 1.559586928752596693e-05
5.157669817546942586e-05 1.395419883620744320e-05
5.233122167279269528e-05 2.134171586714079489e-05
5.309678321109477598e-05 1.559586928752596693e-05
5.387354426758486257e-05 1.887921019016301099e-05
5.466166868174736750e-05 1.970004541582227116e-05
5.546132268989970656e-05 2.052088064148153472e-05
5.627267496025611541e-05 1.723753973884448726e-05
5.709589662850433445e-05 1.805837496450375082e-05
5.793116133390256831e-05 1.970004541582227116e-05
5.877864525590445873e-05 2.790839767241488640e-05
5.963852715132014786e-05 1.887921019016301099e-05
6.051098839202098770e-05 2.298338631845931861e-05
6.139621300319531559e-05 2.380422154411857878e-05
6.229438770216440984e-05 2.052088064148153472e-05
6.320570193776625569e-05 2.216255109280005505e-05
6.413034793031522577e-05 2.708756244675562623e-05
6.506852071214624727e-05 3.529591470334824148e-05
6.602041816875254946e-05 3.201257380071119402e-05
6.698624108052483167e-05 1.887921019016301099e-05
6.796619316510112173e-05 3.447507947768897453e-05
6.896048112033645924e-05 4.596677263691863722e-05
6.996931466790075197e-05 2.790839767241488640e-05
7.099290659751453627e-05 2.872923289807414657e-05
7.203147281183210093e-05 3.775842038032602198e-05
7.308523237198127171e-05 4.268343173428158977e-05
7.415440754376880113e-05 3.037090334939267030e-05
7.523922384456230034e-05 4.104176128296306943e-05
7.633991009085798322e-05 3.940009083164454232e-05
7.745669844654403443e-05 4.678760786257789739e-05
7.858982447186987452e-05 3.693758515466676181e-05
7.973952717313235366e-05 4.842927831389641773e-05
8.090604905308844213e-05 3.611674992900750164e-05
8.208963616210531388e-05 5.089178399087420501e-05
8.329053815005926136e-05 5.335428966785198552e-05
8.450900831899321307e-05 5.581679534482977280e-05
8.574530367654471233e-05 3.447507947768897453e-05
8.699968499015579544e-05 5.417512489351125247e-05
8.827241684207600455e-05 4.514593741125937705e-05
8.956376768516928206e-05 4.596677263691863722e-05
9.087400989953808253e-05 3.857925560598528215e-05
9.220341984997565236e-05 6.238347715010386771e-05
9.355227794425856618e-05 6.895015895537794906e-05
9.492086869229200176e-05 7.633767598631130413e-05
9.630948076612052004e-05 6.156264192444460754e-05
9.771840706081696753e-05 5.992097147312608042e-05
9.914794475626126477e-05 7.387517030933352363e-05
1.005983953798237853e-04 6.074180669878534059e-05
1.020700648699655904e-04 7.633767598631130413e-05
1.035632636407687597e-04 7.715851121197056430e-05
1.050783066474109812e-04 7.387517030933352363e-05
1.066155134525979928e-04 7.962101688894834481e-05
1.081752082939678623e-04 7.387517030933352363e-05
1.097577201524810103e-04 8.044185211460761853e-05
1.113633828218114799e-04 8.044185211460761853e-05
1.129925349787524514e-04 1.058877441100447109e-04
1.146455202546524122e-04 9.357521572515579479e-05
1.163226873078960100e-04 8.126268734026687870e-05
1.180243898974451611e-04 1.058877441100447109e-04
1.197509869574565813e-04 1.017835679817484100e-04
1.215028426729902278e-04 9.850022707911135580e-05
1.232803265568256602e-04 8.372519301724465921e-05
1.250838135274020277e-04 9.521688617647431512e-05
1.269136839878983120e-04 1.206627781719114210e-04
1.287703239064704949e-04 1.214836133975706812e-04
1.306541248976624296e-04 1.042460736587261905e-04
1.325654843050077343e-04 1.198419429462521608e-04
1.345048052848400299e-04 1.280502952028447761e-04
1.364724968913292474e-04 1.296919656541632964e-04
1.384689741627621927e-04 1.436461644903707464e-04
1.404946582090848791e-04 1.379003179107558981e-04
1.425499763007259256e-04 1.485711758443263074e-04
1.446353619587192093e-04 1.198419429462521608e-04
1.467512550461446904e-04 1.543170224239411286e-04
1.488981018609075767e-04 1.510336815213040879e-04
1.510763552298740415e-04 1.633462099061930176e-04
1.532864746043846919e-04 1.756587382910819201e-04
1.555289261571648411e-04 1.641670451318522777e-04
1.578041828806525388e-04 1.649878803575115379e-04
1.601127246867655807e-04 1.879712666759708497e-04
1.624550385081275565e-04 1.781212439680597006e-04
1.648316184007743760e-04 1.920754428042671506e-04
1.672429656483644480e-04 1.887921019016301099e-04
1.696895888679122988e-04 2.060296416404746006e-04
1.721720041170694284e-04 2.052088064148153404e-04
1.746907350029746578e-04 2.134171586714079421e-04
1.772463127926964107e-04 2.101338177687709014e-04
1.798392765252914858e-04 2.150588291227264624e-04
1.824701731255023301e-04 2.249088518306376116e-04
1.851395575191181560e-04 2.388630506668450615e-04
1.878479927500234016e-04 2.109546529944301616e-04
1.905960500989583640e-04 2.413255563438228420e-04
1.933843092040179166e-04 2.454297324721191700e-04
1.962133581829122986e-04 2.372213802155265412e-04
1.990837937570166219e-04 2.766214710471710564e-04
2.019962213772354674e-04 2.848298233037637123e-04
2.049512553517080502e-04 2.758006358215117962e-04
2.079495189753827666e-04 3.234090789097489945e-04
2.109916446614860312e-04 3.012465278169489157e-04
2.140782740749153025e-04 2.766214710471710564e-04
2.172100582675831029e-04 3.201257380071119538e-04
2.203876578157409004e-04 3.209465732327712140e-04
2.236117429593125589e-04 3.422882890999119783e-04
2.268829937432654382e-04 3.406466186485934580e-04
2.302021001610499618e-04 3.578841583874379758e-04
2.335697623001375500e-04 3.964634139934232579e-04
2.369866904896872481e-04 3.767633685776009596e-04
2.404536054503736029e-04 3.940009083164454232e-04
2.439712384464053064e-04 4.276551525684751443e-04
2.475403314397682953e-04 4.104176128296306808e-04
2.511616372467252397e-04 4.309384934711121850e-04
2.548359196966041608e-04 4.506385388869344833e-04
2.585639537929108195e-04 4.670552434001196867e-04
2.623465258767969681e-04 4.563843854665493045e-04
2.661844337929207853e-04 4.728010899797345620e-04
2.700784870577335392e-04 4.916803001698976001e-04
2.740295070302274432e-04 4.588468911435270850e-04
2.780383270851830317e-04 5.072761694574235434e-04
2.821057927889492317e-04 5.688388113818681644e-04
2.862327620777956505e-04 5.893596920233496687e-04
2.904201054388746463e-04 5.983888795056015305e-04
2.946687060938298270e-04 5.713013170588459450e-04
2.989794601850906614e-04 5.622721295765939747e-04
3.033532769648932068e-04 5.885388567976904085e-04
3.077910789870644693e-04 6.246556067266978559e-04
3.122938023016148465e-04 6.484598282708165093e-04
3.168623966521748672e-04 6.796515668458683957e-04
3.214978256763214920e-04 7.428558792216315371e-04
3.262010671088352832e-04 7.321850212880611549e-04
3.309731129879294278e-04 7.165891520005352117e-04
3.358149698644983172e-04 7.699434416683871227e-04
3.407276590144247153e-04 7.986726745664613370e-04
3.457122166539945761e-04 8.290435779158539633e-04
3.507696941584621721e-04 8.569519755882688090e-04
3.559011582838125906e-04 8.528477994599725082e-04
3.611076913917697336e-04 8.741895153271133810e-04
3.663903916780945468e-04 9.168729470613949098e-04
3.717503734042235672e-04 9.291854754462838123e-04
3.771887671322965234e-04 9.390354981541949343e-04
3.827067199636210743e-04 9.899272821450692816e-04
3.883053957806278109e-04 1.010448162786550677e-03
3.939859754923634438e-04 1.091710850126817543e-03
3.997496572835757900e-04 1.083502497870224941e-03
4.055976568674428710e-04 1.095815026255113952e-03
4.115312077419982194e-04 1.137677622763736329e-03
4.175515614503096931e-04 1.173794372692743776e-03
4.236599878444621044e-04 1.273936270223173517e-03
4.298577753534026991e-04 1.190211077205928980e-03
4.361462312547055922e-04 1.273936270223173517e-03
4.425266819503099677e-04 1.339603088275914547e-03
4.490004732462949798e-04 1.379003179107559035e-03
4.555689706367449152e-04 1.422507446067499933e-03
4.622335595917678795e-04 1.484890923217603706e-03
4.689956458497289947e-04 1.468474218704418502e-03
4.758566557137573587e-04 1.534141036757159533e-03
4.828180363525911688e-04 1.535782707208478053e-03
4.898812561058241101e-04 1.622791241128359631e-03
4.970478047936164332e-04 1.658087155831707927e-03
5.043191940309384863e-04 1.787779121485871250e-03
5.116969575464099624e-04 1.779570769229278648e-03
5.191826515058036015e-04 1.864937632697841706e-03
5.267778548402823023e-04 1.864116797472182554e-03
5.344841695794364314e-04 1.967542035905249335e-03
5.423032211891959213e-04 1.993808763126345661e-03
5.502366589146830784e-04 1.990525422223708620e-03
5.582861561280821026e-04 2.164542490063472210e-03
5.664534106815980689e-04 2.158796643483857497e-03
5.747401452655780119e-04 2.209688427474731411e-03
5.831481077718731528e-04 2.304084478425546655e-03
5.916790716625150177e-04 2.403405540730317244e-03
6.003348363437854612e-04 2.467430688331739754e-03
6.091172275457593099e-04 2.487130733747561998e-03
6.180280977073986624e-04 2.476459875813991508e-03
6.270693263672821134e-04 2.700547892418969642e-03
6.362428205600491327e-04 2.680847847003147398e-03
6.455505152186439503e-04 2.771139721825666234e-03
6.549943735824441653e-04 2.842552386458022193e-03
6.645763876113594060e-04 2.899190017028511254e-03
6.742985784059895953e-04 2.989481891851029655e-03
6.841629966339280410e-04 3.131486385890082207e-03
6.941717229623012905e-04 3.314532641212097550e-03
7.043268684966375818e-04 3.446687112543238545e-03
7.146305752261537716e-04 3.493474720405816483e-03
7.250850164755591855e-04 3.471312169313016133e-03
7.356923973634661631e-04 3.647791742829757395e-03
7.464549552675084527e-04 3.725771089267387436e-03
7.573749602962638432e-04 3.866954748080780185e-03
7.684547157680783917e-04 3.989259196704010059e-03
7.796965586969000200e-04 4.219913895114262709e-03
7.911028602852150432e-04 4.142755383902292469e-03
8.026760264241967037e-04 4.402139315210618249e-03
8.144184982011735876e-04 4.532652116090440941e-03
8.263327524145182117e-04 4.553993831957581923e-03
8.384213020960696238e-04 4.598318934143181755e-03
8.506866970411987609e-04 4.927473859632545625e-03
8.631315243466263941e-04 5.126115984242086802e-03
8.757584089561128160e-04 5.059628330963687054e-03
8.885700142141259548e-04 5.225437046546857825e-03
9.015690424276124899e-04 5.540637773200013730e-03
9.147582354359855934e-04 5.722042358070711203e-03
9.281403751894502958e-04 5.841884301016963404e-03
9.417182843357926750e-04 6.055301459688370615e-03
9.554948268157498550e-04 6.106193243679245396e-03
9.694729084670909193e-04 6.267897783134119757e-03
9.836554776375358057e-04 6.534669231473379421e-03
9.980455258066377351e-04 6.716894651569735829e-03
1.012646088216768818e-03 7.033737048674210471e-03
1.027460244513331029e-03 7.156041497297440344e-03
1.042491119394335121e-03 7.194620752903425898e-03
1.057741883269483008e-03 7.348937775327367243e-03
1.073215752928889568e-03 7.719134462099693471e-03
1.088915992221590676e-03 7.947326654832968448e-03
1.104845912743975152e-03 8.271556568968376974e-03
1.121008874538287218e-03 8.616307363745266679e-03
1.137408286801349505e-03 8.466915352675281545e-03
1.154047608603650608e-03 8.874870459827934391e-03
1.170930349618958498e-03 9.093212629853297813e-03
1.188060070864600760e-03 9.406771686055135848e-03
1.205440385452578823e-03 9.743314128575432734e-03
1.223074959351669062e-03 9.996131378078485299e-03
1.240967512160670149e-03 1.031461544563427868e-02
1.259121817892969479e-03 1.068973714376056025e-02
1.277541705772578928e-03 1.098277531932091711e-02
1.296231061041821023e-03 1.103038376240915441e-02
1.315193825780830526e-03 1.160414758514497803e-02
1.334433999739039704e-03 1.194807754469620793e-02
1.353955641178836806e-03 1.240035775403446061e-02
1.373762867731557558e-03 1.279517949757656529e-02
1.393859857266002006e-03 1.298643410515517432e-02
1.414250848769661902e-03 1.318179288886207889e-02
1.434940143242830791e-03 1.406747409734842094e-02
1.455932104605802378e-03 1.418977854597165168e-02
1.477231160619335180e-03 1.467160882343363816e-02
1.498841803818583198e-03 1.504098467498030459e-02
1.520768592460694252e-03 1.547848985025669123e-02
1.543016151486264424e-03 1.582241980980792287e-02
1.565589173494862183e-03 1.623201658741189185e-02
1.588492419734820627e-03 1.681891377375826363e-02
1.611730721107509446e-03 1.752975707917918402e-02
1.635308979186304770e-03 1.789995376595151372e-02
1.659232167250456391e-03 1.848192594094393015e-02
1.683505331334086540e-03 1.887592684926037503e-02
1.708133591290531429e-03 1.936021963239933918e-02
1.733122141872251928e-03 2.007927129007685066e-02
1.758476253826548024e-03 2.039118867582737082e-02
1.784201275007297766e-03 2.150588291227264678e-02
1.810302631502959912e-03 2.214449271783555315e-02
1.836785828781082024e-03 2.235790987650695949e-02
1.863656452849546050e-03 2.327642449401967281e-02
1.890920171434809418e-03 2.389533425416675780e-02
1.918582735177376281e-03 2.477116543994518916e-02
1.946649978844760404e-03 2.531373752410595937e-02
1.975127822562192971e-03 2.583907206852788935e-02
2.004022273061330760e-03 2.666729481121808340e-02
2.033339424947239182e-03 2.758498859350513865e-02
2.063085461983904783e-03 2.817681079120546578e-02
2.093266658398552568e-03 2.894921673855082797e-02
2.123889380205049200e-03 3.019278210542461136e-02
2.154960086546662233e-03 3.088228369497839076e-02
2.186485331058465528e-03 3.148888092674058392e-02
2.218471763249677507e-03 3.266760031078728282e-02
2.250926129906210237e-03 3.344985628084055918e-02
2.283855276513755035e-03 3.438478760286645813e-02
2.317266148701670452e-03 3.549866100408607256e-02
2.351165793708002646e-03 3.651895918958053544e-02
2.385561361865933504e-03 3.750067811946901364e-02
2.420460108111972646e-03 3.888542714515618587e-02
2.455869393516222493e-03 3.984498352395186155e-02
2.491796686835016060e-03 4.080125656184490496e-02
2.528249566086279189e-03 4.172223368503459595e-02
2.565235720147935120e-03 4.328510395468982558e-02
2.602762950379688793e-03 4.476096569042518208e-02
2.640839172268547377e-03 4.559985929104894836e-02
2.679472417098398805e-03 4.731212157177416833e-02
2.718670833644028229e-03 4.838741571738779806e-02
2.758442689889907193e-03 4.992073591891929563e-02
2.798796374774128060e-03 5.105841354168303564e-02
2.839740399957860553e-03 5.239719579473328670e-02
2.881283401620680397e-03 5.408565385391438801e-02
2.923434142282172084e-03 5.566904500421110402e-02
2.966201512650174822e-03 5.756763688116097594e-02
3.009594533496064584e-03 5.918550311093537936e-02
3.053622357557481213e-03 6.028788481899576696e-02
3.098294271468879195e-03 6.201081795765455568e-02
3.143619697720323632e-03 6.391679735163535714e-02
3.189608196644948181e-03 6.592291864314660244e-02
3.236269468435472654e-03 6.774271033843318190e-02
3.283613355190242132e-03 6.943855591464521970e-02
3.331649842989180092e-03 7.142661883119194588e-02
3.380389064000117842e-03 7.319798124816463691e-02
3.429841298615938713e-03 7.522380258509168971e-02
3.480016977622979804e-03 7.744580354095130514e-02
3.530926684401169621e-03 7.986972996232311051e-02
3.582581157156337903e-03 8.169773000986628453e-02
3.634991291185188551e-03 8.385160164199619015e-02
3.688168141173409249e-03 8.609248180804596196e-02
3.742122923527388314e-03 8.846387477497556773e-02
3.796867018740064399e-03 9.068095071948123476e-02
3.852411973791368318e-03 9.389041645180895568e-02
3.908769504583781314e-03 9.654828091249363642e-02
3.965951498413539285e-03 9.943762090681423915e-02
4.023970016477973477e-03 1.016391009820323821e-01
4.082837296419535369e-03 1.047976749303692195e-01
4.142565754907045691e-03 1.069663215965609843e-01
4.203167990254684516e-03 1.106830634983461126e-01
4.264656785079329153e-03 1.134558448906231032e-01
4.327045108996732496e-03 1.161055009990512032e-01
4.390346121357163733e-03 1.195858423558464612e-01
4.454573174021066520e-03 1.225137616057730555e-01
4.519739814175307083e-03 1.261459574793152849e-01
4.585859787190652362e-03 1.291518560756794998e-01
4.652947039521022898e-03 1.330598525850432423e-01
4.721015721645172719e-03 1.362529016128577741e-01
4.790080191051398172e-03 1.400106852759258613e-01
4.860155015265908013e-03 1.436831020755253985e-01
4.931254974925513949e-03 1.471363558698739193e-01
5.003395066895245311e-03 1.510911399871002481e-01
5.076590507431592153e-03 1.549310071727342530e-01
5.150856735392015176e-03 1.595670845272577631e-01
5.226209415491405927e-03 1.631992804008000064e-01
5.302664441606197258e-03 1.678583411416419702e-01
5.380237940126798846e-03 1.722965972067815876e-01
5.458946273359080274e-03 1.768169367944871506e-01
5.538806042975618141e-03 1.815892727964700804e-01
5.619834093517418402e-03 1.857886658109428601e-01
5.702047515946887662e-03 1.897344207406869432e-01
5.785463651252769832e-03 1.959744101261486349e-01
5.870100094107807975e-03 1.996968978745133905e-01
5.955974696579945799e-03 2.048221930235298305e-01
6.043105571897777403e-03 2.099343548089357137e-01
6.131511098271129161e-03 2.144620819136721923e-01
6.221209922767501413e-03 2.205740210039310589e-01
6.312220965245229562e-03 2.255967117497400809e-01
6.404563422344185068e-03 2.308746822507291296e-01
6.498256771534847293e-03 2.365991871144768055e-01
6.593320775226632624e-03 2.426922469945455019e-01
6.689775484936302287e-03 2.487910527211938116e-01
6.787641245517349146e-03 2.534788426949338702e-01
6.886938699451285520e-03 2.594717606774721297e-01
6.987688791201676804e-03 2.653711034442852168e-01
7.089912771631883687e-03 2.721676191127438971e-01
7.193632202487441896e-03 2.785865505773993389e-01
7.298868960943985865e-03 2.843414263444964396e-01
7.405645244221747622e-03 2.914473968930286762e-01
7.513983574267524279e-03 2.967491716155618020e-01
7.623906802505158418e-03 3.045233020377806632e-01
7.735438114655511510e-03 3.104801032703899399e-01
7.848601035626932149e-03 3.183568380958162192e-01
7.963419434477297248e-03 3.236684628410573250e-01
8.079917529448633201e-03 3.298091311642142309e-01
8.198119893075363901e-03 3.370579270420111517e-01
8.318051457367329690e-03 3.438445926877619629e-01
8.439737519068589433e-03 3.506599875664108135e-01
8.563203744993197475e-03 3.579087834442077343e-01
8.688476177438994585e-03 3.652995838160437159e-01
8.815581239680625458e-03 3.735342027998574399e-01
8.944545741542919010e-03 3.815340629091326097e-01
9.075396885055757312e-03 3.869950796654436642e-01
9.208162270191742882e-03 3.942094004637629046e-01
9.342869900687746781e-03 4.026237823619959744e-01
9.479548189951631648e-03 4.103946294433122310e-01
9.618225967055414258e-03 4.177640880992810613e-01
9.758932482816042031e-03 4.242289863365734104e-01
9.901697415965211163e-03 4.320080417701462339e-01
1.004655087940936609e-02 4.400308852657398573e-01
1.019352342658132529e-02 4.471007390643430557e-01
1.034264605788479466e-02 4.539062839202839816e-01
1.049395022723317167e-02 4.627105625507052511e-01
1.064746784868404739e-02 4.683505213862100280e-01
1.080323130317069162e-02 4.765022360122321277e-01
1.096127344533204089e-02 4.836632025208835173e-01
1.112162761044262552e-02 4.893310697540607657e-01
1.128432762144389832e-02 4.959470016728743658e-01
1.144940779607831957e-02 5.029487261477478821e-01
1.161690295412791743e-02 5.092822907489347184e-01
1.178684842475873247e-02 5.168454665181592134e-01
1.195928005397260338e-02 5.233981941245970937e-01
1.213423421216807546e-02 5.303350726166434770e-01
1.231174780181190642e-02 5.367556457517502766e-01
1.249185826522275326e-02 5.417717698157539230e-01
1.267460359246871601e-02 5.484205351435940123e-01
1.286002232938048169e-02 5.551160880792965768e-01
1.304815358568169395e-02 5.600296077400929162e-01
1.323903704323815475e-02 5.642528049761098563e-01
1.343271296442782523e-02 5.709746246390334790e-01
1.362922220063325987e-02 5.763396036739424355e-01
1.382860620085816714e-02 5.805316091713842441e-01
1.403090702047014339e-02 5.848754691855730936e-01
1.423616733007130805e-02 5.888811450867903474e-01
1.444443042449857981e-02 5.933366386916687496e-01
1.465574023195573977e-02 5.963441789584843500e-01
1.487014132327909091e-02 6.012979195453379555e-01
1.508767892133859936e-02 6.037579627166387297e-01
1.530839891057655597e-02 6.053585914066743623e-01
1.553234784668586221e-02 6.109041541912282325e-01
1.575957296642989391e-02 6.120336234617353988e-01
1.599012219760591325e-02 6.146914879224201211e-01
1.622404416915432246e-02 6.169972140712969289e-01
1.646138822141588604e-02 6.171580977755262154e-01
1.670220441653878785e-02 6.189483394026890073e-01
1.694654354903812193e-02 6.201992922865937619e-01
1.719445715650983614e-02 6.201303421276384009e-01
1.744599753050134552e-02 6.205292680473087907e-01
1.770121772754117140e-02 6.190845980501484824e-01
1.796017158032999633e-02 6.178746869275267839e-01
1.822291370909545627e-02 6.173099522922731452e-01
1.848949953311290750e-02 6.146438794793318561e-01
1.875998528239484348e-02 6.114656054855792666e-01
1.903442800955138653e-02 6.099651186930741265e-01
1.931288560182404385e-02 6.072694958120090636e-01
1.959541679329573904e-02 6.040731634432918717e-01
1.988208117727942315e-02 5.996217740145417530e-01
2.017293921888785313e-02 5.952639598015166955e-01
2.046805226778721648e-02 5.920036022851981050e-01
2.076748257113746748e-02 5.876638464471376500e-01
2.107129328672195656e-02 5.846341436292292748e-01
2.137954849626895817e-02 5.800284371780551895e-01
2.169231321896825798e-02 5.734765304068429881e-01
2.200965342518549500e-02 5.679211175995810823e-01
2.233163605037693372e-02 5.606846342501690117e-01
2.265832900920797255e-02 5.533463673327752019e-01
2.298980120987820924e-02 5.465490308290908983e-01
2.332612256865596728e-02 5.390400301847599884e-01
2.366736402462540564e-02 5.324881234135476760e-01
2.401359755464953921e-02 5.246951137811387555e-01
2.436489618855210842e-02 5.166944328366378514e-01
2.472133402452138251e-02 5.074575740422941905e-01
2.508298624473948024e-02 4.989701378089774764e-01
2.544992913124037581e-02 4.911549656254756147e-01
2.582224008199964643e-02 4.808502002025492605e-01
2.619999762725981618e-02 4.727887774513496733e-01
2.658328144609457128e-02 4.633146972767904770e-01
2.697217238321500399e-02 4.532881949953626033e-01
2.736675246602199296e-02 4.434168305715843195e-01
2.776710492190802293e-02 4.348546983327325477e-01
2.817331419581196525e-02 4.230100460264694107e-01
2.858546596803071549e-02 4.153680700755816857e-01
2.900364717229148709e-02 4.046832579431750565e-01
2.942794601408853586e-02 3.940756043219804661e-01
2.985845198928783334e-02 3.847829287322919178e-01
3.029525590300423746e-02 3.740693873669872493e-01
3.073844988875476525e-02 3.643367440963454218e-01
3.118812742789181178e-02 3.539055700486675171e-01
3.164438336932094697e-02 3.447212447087660281e-01
3.210731394950710332e-02 3.333904352537656046e-01
3.257701681277337669e-02 3.233762455007225811e-01
3.305359103189667302e-02 3.135976354574438463e-01
3.353713712900491944e-02 3.029596109328998033e-01
3.402775709677986760e-02 2.932729344348948275e-01
3.452555441996989216e-02 2.837307249366059492e-01
3.503063409721780125e-02 2.745349079035452333e-01
3.554310266320785672e-02 2.642367091624241437e-01
3.606306821113659800e-02 2.547864332094090800e-01
3.659064041551268742e-02 2.452573570747307030e-01
3.712593055529017638e-02 2.358620770818347923e-01
3.766905153734019518e-02 2.258019205561548892e-01
3.822011792026586141e-02 2.174737263566160206e-01
3.877924593856579838e-02 2.082385092327236620e-01
3.934655352715126647e-02 1.995852642838237267e-01
3.992216034622142473e-02 1.920499969122717310e-01
4.050618780650300232e-02 1.841166244562749688e-01
4.109875909485918161e-02 1.764212942157193931e-01
4.169999920027268880e-02 1.689984812700826844e-01
4.231003494020939976e-02 1.611496548423288211e-01
4.292899498736767183e-02 1.541963596457692209e-01
4.355700989681852986e-02 1.466504214162836217e-01
4.419421213354333272e-02 1.397463763332635889e-01
4.484073610037424273e-02 1.325763806371299258e-01
4.549671816634325017e-02 1.260236530306920455e-01
4.616229669544590075e-02 1.198657471677962716e-01
4.683761207582605446e-02 1.138621583273244364e-01
4.752280674938759442e-02 1.076861940894641573e-01
4.821802524183890076e-02 1.024919487814923563e-01
4.892341419317729201e-02 9.663446861118786535e-02
4.963912238861947074e-02 9.127031041150458768e-02
5.036530078998391335e-02 8.618605702377112043e-02
5.110210256753291991e-02 8.122985393124050602e-02
5.184968313228033310e-02 7.679980621835746923e-02
5.260820016877179595e-02 7.269480925483549905e-02
5.337781366834442459e-02 6.892799640428515229e-02
5.415868596287337633e-02 6.485747452024087645e-02
5.495098175901209220e-02 6.147070837917076314e-02
5.575486817293295871e-02 5.813155068118888713e-02
5.657051476557670155e-02 5.432862108070952989e-02
5.739809357841744314e-02 5.088850064997156586e-02
5.823777916975050178e-02 4.740077177614536452e-02
5.908974865151148115e-02 4.421921444149006647e-02
5.995418172663402601e-02 4.168201275897728819e-02
6.083126072695378000e-02 3.950515774052892892e-02
6.172117065166692756e-02 3.665357616658865975e-02
6.262409920635149396e-02 3.432979164274728434e-02
6.354023684255963311e-02 3.224897434570105775e-02
6.446977679798857053e-02 2.993503984456760345e-02
6.541291513723962447e-02 2.825561097286875475e-02
6.636985079317377079e-02 2.568311337565262753e-02
6.734078560887135634e-02 2.400614700963075651e-02
6.832592438020634873e-02 2.197375899089842530e-02
6.932547489904344884e-02 2.057013075502108976e-02
7.033964799706662885e-02 1.900315630923755938e-02
7.136865759024910161e-02 1.728843152283536175e-02
7.241272072397386683e-02 1.603583696847932921e-02
7.347205761881472896e-02 1.481361331747269028e-02
7.454689171698605787e-02 1.362340224026676108e-02
7.563744972947292200e-02 1.265481667398883278e-02
7.674396168385075323e-02 1.154340577844619256e-02
7.786666097280373067e-02 1.062160782003084177e-02
7.900578440335370711e-02 9.727718259287906899e-03
8.016157224680930948e-02 8.837112039447607773e-03
8.133426828944512188e-02 8.072093609133176861e-03
8.252411988392280295e-02 7.232379173283751649e-03
8.373137800146458753e-02 6.555190112114861467e-03
8.495629728478951148e-02 5.868971863463718665e-03
8.619913610182416974e-02 5.401095784837939284e-03
8.746015660019958171e-02 4.920907177827271543e-03
8.873962476254521059e-02 4.290505724520958866e-03
9.003781046259135001e-02 4.017167594376425122e-03
9.135498752209281204e-02 3.573916572520423763e-03
9.269143376858551830e-02 3.239836635677104549e-03
9.404743109398709666e-02 3.004256925912896555e-03
9.542326551405566626e-02 2.676743670874851422e-03
9.681922722871832976e-02 2.302442807974227918e-03
9.823561068328180712e-02 2.084100637948864496e-03
9.967271463053854752e-02 1.643312121769841243e-03
1.011308421937818502e-01 1.475040900509692584e-03
1.026103009307428732e-01 1.305948844023884772e-03
1.041114028984620882e-01 1.145885975020328931e-03
1.056344647191106989e-01 1.066264958131380586e-03
1.071798076467749272e-01 7.814351348276167650e-04
1.087477576352164632e-01 6.049555613108756119e-04
1.103386454066249411e-01 5.080970046830828035e-04
1.119528065213763607e-01 3.603466640644157563e-04
1.135905814488113175e-01 2.733381301445340157e-04
1.152523156390488634e-01 2.429672267951413624e-04
1.169383595958513322e-01 2.150588291227264624e-04
1.186490689505550755e-01 1.781212439680597006e-04
1.203848045370820297e-01 1.411836588133929659e-04
1.221459324680493619e-01 1.099919202383410253e-04
1.239328242119927120e-01 1.058877441100447109e-04
1.257458566717180592e-01 9.111271004817801428e-05
1.275854122638007682e-01 8.044185211460761853e-05
1.294518789992479824e-01 6.402514760142238805e-05
1.313456505653393669e-01 5.089178399087420501e-05
1.332671264086667806e-01 4.596677263691863722e-05
1.352167118193882689e-01 2.462505676977783895e-05
1.371948180167144593e-01 1.723753973884448726e-05
1.392018622356449853e-01 9.850022707911135580e-06
1.412382678149749493e-01 6.566681805274090669e-06
1.433044642865885510e-01 9.850022707911135580e-06
1.454008874660580042e-01 8.208352256592613548e-06
1.475279795445689213e-01 2.462505676977783895e-06
1.496861891821906210e-01 9.850022707911135580e-06
1.518759716025095408e-01 5.745846579614829653e-06
1.540977886886484571e-01 9.029187482251875411e-06
1.563521090806899994e-01 5.745846579614829653e-06
1.586394082745251621e-01 6.566681805274090669e-06
1.609601687221475785e-01 4.925011353955567790e-06
1.633148799334157020e-01 8.208352256592613548e-06
1.657040385793039361e-01 4.925011353955567790e-06
1.681281485966627243e-01 6.566681805274090669e-06
1.705877212945126620e-01 8.208352256592613336e-07
1.730832754618936153e-01 2.462505676977783895e-06
1.756153374772900788e-01 8.208352256592613336e-07
1.781844414196588344e-01 1.641670451318522667e-06
1.807911291810806731e-01 4.104176128296306774e-06
1.834359505810595203e-01 3.283340902637045334e-06
1.861194634824935024e-01 2.462505676977783895e-06
1.888422339093434044e-01 1.641670451318522667e-06
1.916048361660226684e-01 1.641670451318522667e-06
1.944078529585322457e-01 2.462505676977783895e-06
1.972518755173693905e-01 2.462505676977783895e-06
2.001375037222342945e-01 1.641670451318522667e-06
2.030653462285595678e-01 2.462505676977783895e-06
2.060360205958922664e-01 1.641670451318522667e-06
2.090501534181542498e-01 1.641670451318522667e-06
2.121083804558061281e-01 2.462505676977783895e-06
2.152113467699467153e-01 0.000000000000000000e+00
2.183597068583738310e-01 3.283340902637045334e-06
2.215541247936348435e-01 8.208352256592613336e-07
2.247952743630967642e-01 8.208352256592613336e-07
2.280838392110661195e-01 2.462505676977783895e-06
2.314205129829886298e-01 0.000000000000000000e+00
2.348059994717557053e-01 1.641670451318522667e-06
2.382410127661539478e-01 8.208352256592613336e-07
2.417262774014859450e-01 1.641670451318522667e-06
2.452625285123926357e-01 8.208352256592613336e-07
2.488505119879133587e-01 0.000000000000000000e+00
2.524909846288141413e-01 1.641670451318522667e-06
2.561847143072163990e-01 0.000000000000000000e+00
2.599324801285612385e-01 1.641670451318522667e-06
2.637350725959437536e-01 8.208352256592613336e-07
2.675932937768518149e-01 0.000000000000000000e+00
2.715079574723419098e-01 8.208352256592613336e-07
2.754798893886922229e-01 0.000000000000000000e+00
2.795099273115665417e-01 0.000000000000000000e+00
2.835989212827238481e-01 1.641670451318522667e-06
2.877477337793156176e-01 0.000000000000000000e+00
2.919572398958056869e-01 8.208352256592613336e-07
2.962283275285499951e-01 0.000000000000000000e+00
3.005618975630770517e-01 8.208352256592613336e-07
3.049588640641094361e-01 0.000000000000000000e+00
3.094201544683645166e-01 0.000000000000000000e+00
3.139467097801742490e-01 0.000000000000000000e+00
3.185394847699682952e-01 0.000000000000000000e+00
3.231994481756618187e-01 0.000000000000000000e+00
3.279275829069857595e-01 0.000000000000000000e+00
3.327248862528096596e-01 0.000000000000000000e+00
3.375923700914967296e-01 0.000000000000000000e+00
3.425310611043355102e-01 0.000000000000000000e+00
3.475420009920930919e-01 0.000000000000000000e+00
3.526262466947382990e-01 0.000000000000000000e+00
3.577848706143795243e-01 0.000000000000000000e+00
3.630189608414602365e-01 8.208352256592613336e-07
3.683296213842673361e-01 0.000000000000000000e+00
3.737179724017970495e-01 0.000000000000000000e+00
3.791851504400235440e-01 0.000000000000000000e+00
3.847323086716280538e-01 0.000000000000000000e+00
3.903606171392344226e-01 0.000000000000000000e+00
3.960712630021998581e-01 0.000000000000000000e+00
4.018654507870196846e-01 0.000000000000000000e+00
4.077444026413942213e-01 0.000000000000000000e+00
4.137093585920117444e-01 0.000000000000000000e+00
4.197615768061020436e-01 0.000000000000000000e+00
4.259023338568176942e-01 0.000000000000000000e+00
4.321329249924989457e-01 0.000000000000000000e+00
4.384546644098730739e-01 0.000000000000000000e+00
4.448688855312545876e-01 0.000000000000000000e+00
4.513769412858005814e-01 0.000000000000000000e+00
4.579802043948769108e-01 0.000000000000000000e+00
4.646800676616025250e-01 0.000000000000000000e+00
4.714779442646297447e-01 0.000000000000000000e+00
4.783752680562199933e-01 0.000000000000000000e+00
4.853734938646802610e-01 0.000000000000000000e+00
4.924740978012259740e-01 0.000000000000000000e+00
4.996785775713332711e-01 0.000000000000000000e+00
5.069884527906421967e-01 0.000000000000000000e+00
5.144052653054848045e-01 0.000000000000000000e+00
5.219305795181032881e-01 0.000000000000000000e+00
5.295659827166210309e-01 0.000000000000000000e+00
5.373130854098444598e-01 0.000000000000000000e+00
5.451735216669637563e-01 0.000000000000000000e+00
5.531489494622203740e-01 0.000000000000000000e+00
5.612410510246160777e-01 0.000000000000000000e+00
5.694515331927409996e-01 0.000000000000000000e+00
5.777821277747927642e-01 0.000000000000000000e+00
5.862345919138574057e-01 0.000000000000000000e+00
5.948107084585388948e-01 0.000000000000000000e+00
6.035122863390113279e-01 0.000000000000000000e+00
6.123411609485660545e-01 0.000000000000000000e+00
6.212991945307471120e-01 0.000000000000000000e+00
6.303882765721491310e-01 0.000000000000000000e+00
6.396103242009565371e-01 0.000000000000000000e+00
6.489672825913188614e-01 0.000000000000000000e+00
6.584611253736400993e-01 0.000000000000000000e+00
6.680938550508692675e-01 0.000000000000000000e+00
6.778675034208790917e-01 0.000000000000000000e+00
6.877841320050279705e-01 0.000000000000000000e+00
6.978458324829910353e-01 0.000000000000000000e+00
7.080547271339473481e-01 0.000000000000000000e+00
7.184129692842258219e-01 0.000000000000000000e+00
7.289227437615020122e-01 0.000000000000000000e+00
7.395862673556312661e-01 0.000000000000000000e+00
7.504057892862305845e-01 0.000000000000000000e+00
7.613835916771003465e-01 0.000000000000000000e+00
7.725219900375829285e-01 0.000000000000000000e+00
7.838233337509639131e-01 0.000000000000000000e+00
7.952900065700201360e-01 0.000000000000000000e+00
8.069244271198189322e-01 0.000000000000000000e+00
8.187290494078659497e-01 0.000000000000000000e+00
8.307063633417219872e-01 0.000000000000000000e+00
8.428588952541931079e-01 0.000000000000000000e+00
8.551892084361969459e-01 0.000000000000000000e+00
8.676999036774298846e-01 0.000000000000000000e+00
8.803936198149451275e-01 0.000000000000000000e+00
8.932730342897515774e-01 0.000000000000000000e+00
9.063408637115548672e-01 0.000000000000000000e+00
9.195998644317645576e-01 0.000000000000000000e+00
9.330528331248839624e-01 0.000000000000000000e+00
9.467026073783977314e-01 0.000000000000000000e+00
9.605520662912966356e-01 0.000000000000000000e+00
9.746041310813593483e-01 0.000000000000000000e+00
9.888617657013079043e-01 0.000000000000000000e+00
1.003327977463987608e+00 0.000000000000000000e+00
1.018005817676691738e+00 0.000000000000000000e+00
1.032898382284756833e+00 0.000000000000000000e+00
1.048008812524582556e+00 0.000000000000000000e+00
1.063340295586204576e+00 0.000000000000000000e+00
1.078896065285554151e+00 0.000000000000000000e+00
1.094679402746554064e+00 0.000000000000000000e+00
1.110693637093196573e+00 0.000000000000000000e+00
1.126942146151747481e+00 0.000000000000000000e+00
1.143428357163212006e+00 0.000000000000000000e+00
1.160155747506234292e+00 0.000000000000000000e+00
1.177127845430572251e+00 0.000000000000000000e+00
1.194348230801292043e+00 0.000000000000000000e+00
1.211820535853858960e+00 0.000000000000000000e+00
1.229548445960276570e+00 0.000000000000000000e+00
1.247535700406424475e+00 0.000000000000000000e+00
1.265786093180771843e+00 0.000000000000000000e+00
1.284303473774632387e+00 0.000000000000000000e+00
1.303091747994127747e+00 0.000000000000000000e+00
1.322154878784016940e+00 0.000000000000000000e+00
1.341496887063592158e+00 0.000000000000000000e+00
1.361121852574798563e+00 0.000000000000000000e+00
1.381033914742754831e+00 0.000000000000000000e+00
1.401237273548869178e+00 0.000000000000000000e+00
1.421736190416730938e+00 0.000000000000000000e+00
1.442534989110953791e+00 0.000000000000000000e+00
1.463638056649171126e+00 0.000000000000000000e+00
1.485049844227375182e+00 0.000000000000000000e+00
1.506774868158797354e+00 0.000000000000000000e+00
1.528817710826510190e+00 0.000000000000000000e+00
1.551183021649976457e+00 0.000000000000000000e+00
1.573875518065741108e+00 0.000000000000000000e+00
1.596899986522452686e+00 0.000000000000000000e+00
1.620261283490457949e+00 0.000000000000000000e+00
1.643964336486162914e+00 0.000000000000000000e+00
1.668014145111373026e+00 0.000000000000000000e+00
1.692415782107839384e+00 0.000000000000000000e+00
1.717174394427236628e+00 0.000000000000000000e+00
1.742295204316796964e+00 0.000000000000000000e+00
1.767783510420810167e+00 0.000000000000000000e+00
1.793644688898253126e+00 0.000000000000000000e+00
1.819884194556769419e+00 0.000000000000000000e+00
1.846507562003222080e+00 0.000000000000000000e+00
1.873520406811094663e+00 0.000000000000000000e+00
1.900928426704969088e+00 0.000000000000000000e+00
1.928737402762316089e+00 0.000000000000000000e+00
1.956953200632883583e+00 0.000000000000000000e+00
1.985581771775920767e+00 0.000000000000000000e+00
