1.007314577357746395e-06 0.000000000000000000e+00
1.022050738157085172e-06 0.000000000000000000e+00
1.037002476532669867e-06 0.000000000000000000e+00
1.052172946202215323e-06 0.000000000000000000e+00
1.067565347019664431e-06 0.000000000000000000e+00
1.083182925650115004e-06 0.000000000000000000e+00
1.099028976254630445e-06 0.000000000000000000e+00
1.115106841185069142e-06 0.000000000000000000e+00
1.131419911689071041e-06 0.000000000000000000e+00
1.147971628625360671e-06 0.000000000000000000e+00
1.164765483189517368e-06 0.000000000000000000e+00
1.181805017650363486e-06 0.000000000000000000e+00
1.199093826097117550e-06 0.000000000000000000e+00
1.216635555197484504e-06 0.000000000000000000e+00
1.234433904966839137e-06 0.000000000000000000e+00
1.252492629548650261e-06 0.000000000000000000e+00
1.270815538006331790e-06 0.000000000000000000e+00
1.289406495126678695e-06 0.000000000000000000e+00
1.308269422235049389e-06 0.000000000000000000e+00
1.327408298022475615e-06 0.000000000000000000e+00
1.346827159384875163e-06 0.000000000000000000e+00
1.366530102274545501e-06 0.000000000000000000e+00
1.386521282564099480e-06 0.000000000000000000e+00
1.406804916923053165e-06 0.000000000000000000e+00
1.427385283707237743e-06 0.000000000000000000e+00
1.448266723861210011e-06 0.000000000000000000e+00
1.469453641833875500e-06 0.000000000000000000e+00
1.490950506507507443e-06 0.000000000000000000e+00
1.512761852140349597e-06 0.000000000000000000e+00
1.534892279323007713e-06 0.000000000000000000e+00
1.557346455948839277e-06 0.000000000000000000e+00
1.580129118198540584e-06 0.000000000000000000e+00
1.603245071539124057e-06 0.000000000000000000e+00
1.626699191737521068e-06 0.000000000000000000e+00
1.650496425889018006e-06 0.000000000000000000e+00
1.674641793460717854e-06 0.000000000000000000e+00
1.699140387350285004e-06 0.000000000000000000e+00
1.723997374960176362e-06 0.000000000000000000e+00
1.749217999287573916e-06 0.000000000000000000e+00
1.774807580030276668e-06 0.000000000000000000e+00
1.800771514708768779e-06 0.000000000000000000e+00
1.827115279804697280e-06 0.000000000000000000e+00
1.853844431916002885e-06 0.000000000000000000e+00
1.880964608928956931e-06 0.000000000000000000e+00
1.908481531207346938e-06 0.000000000000000000e+00
1.936401002799041579e-06 0.000000000000000000e+00
1.964728912660223922e-06 0.000000000000000000e+00
1.993471235897532631e-06 0.000000000000000000e+00
2.022634035028363983e-06 0.000000000000000000e+00
2.052223461259617184e-06 0.000000000000000000e+00
2.082245755785148092e-06 0.000000000000000000e+00
2.112707251102209193e-06 0.000000000000000000e+00
2.143614372347129500e-06 0.000000000000000000e+00
2.174973638650549482e-06 0.000000000000000000e+00
2.206791664512488845e-06 0.000000000000000000e+00
2.239075161197503816e-06 8.208352256592612277e-07
2.271830938150279099e-06 0.000000000000000000e+00
2.305065904431925127e-06 0.000000000000000000e+00
2.338787070177269020e-06 0.000000000000000000e+00
2.373001548073486551e-06 8.208352256592612277e-07
2.407716554860357156e-06 0.000000000000000000e+00
2.442939412852465149e-06 0.000000000000000000e+00
2.478677551483661393e-06 0.000000000000000000e+00
2.514938508874134382e-06 0.000000000000000000e+00
2.551729933420407560e-06 8.208352256592612277e-07
2.589059585408571160e-06 0.000000000000000000e+00
2.626935338651142886e-06 0.000000000000000000e+00
2.665365182147868279e-06 0.000000000000000000e+00
2.704357221770799593e-06 0.000000000000000000e+00
2.743919681974044932e-06 0.000000000000000000e+00
2.784060907528531530e-06 0.000000000000000000e+00
2.824789365282124550e-06 0.000000000000000000e+00
2.866113645945515583e-06 0.000000000000000000e+00
2.908042465904237457e-06 0.000000000000000000e+00
2.950584669057176779e-06 0.000000000000000000e+00
2.993749228681978078e-06 0.000000000000000000e+00
3.037545249327753744e-06 8.208352256592612277e-07
3.081981968735482214e-06 0.000000000000000000e+00
3.127068759786475975e-06 0.000000000000000000e+00
3.172815132479376366e-06 0.000000000000000000e+00
3.219230735936073713e-06 0.000000000000000000e+00
3.266325360436955554e-06 0.000000000000000000e+00
3.314108939485928916e-06 0.000000000000000000e+00
3.362591551905666001e-06 0.000000000000000000e+00
3.411783423963506540e-06 0.000000000000000000e+00
3.461694931528425492e-06 0.000000000000000000e+00
3.512336602259591695e-06 0.000000000000000000e+00
3.563719117826939279e-06 0.000000000000000000e+00
3.615853316164192712e-06 0.000000000000000000e+00
3.668750193754886335e-06 0.000000000000000000e+00
3.722420907951824327e-06 0.000000000000000000e+00
3.776876779330440196e-06 0.000000000000000000e+00
3.832129294076616543e-06 0.000000000000000000e+00
3.888190106409436032e-06 0.000000000000000000e+00
3.945071041039351476e-06 0.000000000000000000e+00
4.002784095662330252e-06 0.000000000000000000e+00
4.061341443490488050e-06 0.000000000000000000e+00
4.120755435819757446e-06 0.000000000000000000e+00
4.181038604635077492e-06 0.000000000000000000e+00
4.242203665253731971e-06 0.000000000000000000e+00
4.304263519007363188e-06 0.000000000000000000e+00
4.367231255963177964e-06 0.000000000000000000e+00
4.431120157684998909e-06 0.000000000000000000e+00
4.495943700034715789e-06 0.000000000000000000e+00
4.561715556014673132e-06 0.000000000000000000e+00
4.628449598651681045e-06 0.000000000000000000e+00
4.696159903923217583e-06 0.000000000000000000e+00
4.764860753726407982e-06 0.000000000000000000e+00
4.834566638890456673e-06 0.000000000000000000e+00
4.905292262233144501e-06 8.208352256592612277e-07
4.977052541662067912e-06 0.000000000000000000e+00
5.049862613321183391e-06 0.000000000000000000e+00
5.123737834783442357e-06 0.000000000000000000e+00
5.198693788290112811e-06 8.208352256592612277e-07
5.274746284037485708e-06 0.000000000000000000e+00
5.351911363511645367e-06 8.208352256592612277e-07
5.430205302872061158e-06 8.208352256592612277e-07
5.509644616384671335e-06 0.000000000000000000e+00
5.590246059905150172e-06 0.000000000000000000e+00
5.672026634413175810e-06 0.000000000000000000e+00
5.755003589598407766e-06 0.000000000000000000e+00
5.839194427498865285e-06 0.000000000000000000e+00
5.924616906192589155e-06 0.000000000000000000e+00
6.011289043543310338e-06 0.000000000000000000e+00
6.099229121000858101e-06 8.208352256592612277e-07
6.188455687457219067e-06 8.208352256592612277e-07
6.278987563159001034e-06 0.000000000000000000e+00
6.370843843677115559e-06 0.000000000000000000e+00
6.464043903934519574e-06 0.000000000000000000e+00
6.558607402292915576e-06 8.208352256592612277e-07
6.654554284699240485e-06 0.000000000000000000e+00
6.751904788892758010e-06 0.000000000000000000e+00
6.850679448673746411e-06 0.000000000000000000e+00
6.950899098234648166e-06 0.000000000000000000e+00
7.052584876554509078e-06 0.000000000000000000e+00
7.155758231857769887e-06 1.641670451318522455e-06
7.260440926138285322e-06 2.462505676977783471e-06
7.366655039749465955e-06 0.000000000000000000e+00
7.474422976061624485e-06 8.208352256592612277e-07
7.583767466187464127e-06 8.208352256592612277e-07
7.694711573776648474e-06 8.208352256592612277e-07
7.807278699880527707e-06 0.000000000000000000e+00
7.921492587888051990e-06 2.462505676977783471e-06
8.037377328533902904e-06 0.000000000000000000e+00
8.154957364979827154e-06 0.000000000000000000e+00
8.274257497970363489e-06 8.208352256592612277e-07
8.395302891063997905e-06 0.000000000000000000e+00
8.518119075940805925e-06 0.000000000000000000e+00
8.642731957787742387e-06 0.000000000000000000e+00
8.769167820762752732e-06 0.000000000000000000e+00
8.897453333538822177e-06 8.208352256592612277e-07
9.027615554929046979e-06 0.000000000000000000e+00
9.159681939594091512e-06 8.208352256592612277e-07
9.293680343833127217e-06 2.462505676977783471e-06
9.429639031459405388e-06 1.641670451318522455e-06
9.567586679761874957e-06 0.000000000000000000e+00
9.707552385554009091e-06 8.208352256592612277e-07
9.849565671311038320e-06 8.208352256592612277e-07
9.993656491397055546e-06 0.000000000000000000e+00
1.013985523838319066e-05 0.000000000000000000e+00
1.028819274945820828e-05 0.000000000000000000e+00
1.043870031293285345e-05 8.208352256592612277e-07
1.059140967483941058e-05 0.000000000000000000e+00
1.074635304562781570e-05 0.000000000000000000e+00
1.090356310695962130e-05 8.208352256592612277e-07
1.106307301860147234e-05 0.000000000000000000e+00
1.122491642541938768e-05 0.000000000000000000e+00
1.138912746447533417e-05 0.000000000000000000e+00
1.155574077222762343e-05 0.000000000000000000e+00
1.172479149183668274e-05 2.462505676977783471e-06
1.189631528057766575e-05 8.208352256592612277e-07
1.207034831736151717e-05 0.000000000000000000e+00
1.224692731036608570e-05 8.208352256592612277e-07
1.242608950477883701e-05 0.000000000000000000e+00
1.260787269065282000e-05 8.208352256592612277e-07
1.279231521087761615e-05 3.283340902637044911e-06
1.297945596926691007e-05 0.000000000000000000e+00
1.316933443876425501e-05 8.208352256592612277e-07
1.336199066976900349e-05 8.208352256592612277e-07
1.355746529858402446e-05 0.000000000000000000e+00
1.375579955598694823e-05 8.208352256592612277e-07
1.395703527592680112e-05 8.208352256592612277e-07
1.416121490434794070e-05 0.000000000000000000e+00
1.436838150814300096e-05 8.208352256592612277e-07
1.457857878423685134e-05 8.208352256592612277e-07
1.479185106880345199e-05 8.208352256592612277e-07
1.500824334661750401e-05 8.208352256592612277e-07
1.522780126054295324e-05 1.641670451318522455e-06
1.545057112116022781e-05 8.208352256592612277e-07
1.567659991653442197e-05 8.208352256592612277e-07
1.590593532212629987e-05 0.000000000000000000e+00
1.613862571084830798e-05 8.208352256592612277e-07
1.637472016326773407e-05 8.208352256592612277e-07
1.661426847795909308e-05 8.208352256592612277e-07
1.685732118200790824e-05 2.462505676977783471e-06
1.710392954166825580e-05 8.208352256592612277e-07
1.735414557317622482e-05 1.641670451318522455e-06
1.760802205372142312e-05 0.000000000000000000e+00
1.786561253257912133e-05 1.641670451318522455e-06
1.812697134240526785e-05 1.641670451318522455e-06
1.839215361069663454e-05 8.208352256592612277e-07
1.866121527141864113e-05 1.641670451318522455e-06
1.893421307680336196e-05 8.208352256592612277e-07
1.921120460932004300e-05 0.000000000000000000e+00
1.949224829382077500e-05 8.208352256592612277e-07
1.977740340986387761e-05 1.641670451318522455e-06
2.006673010421750834e-05 4.104176128296305927e-06
2.036028940354616632e-05 1.641670451318522455e-06
2.065814322728284870e-05 2.462505676977783471e-06
2.096035440068960072e-05 1.641670451318522455e-06
2.126698666810886848e-05 1.641670451318522455e-06
2.157810470640895772e-05 4.104176128296305927e-06
2.189377413862611608e-05 6.566681805274089822e-06
2.221406154780615261e-05 0.000000000000000000e+00
2.253903449104850828e-05 4.925011353955566943e-06
2.286876151375590824e-05 8.208352256592612277e-07
2.320331216409237394e-05 1.641670451318522455e-06
2.354275700765275634e-05 4.925011353955566943e-06
2.388716764234696154e-05 4.104176128296305927e-06
2.423661671350176551e-05 1.641670451318522455e-06
2.459117792918370451e-05 2.462505676977783471e-06
2.495092607574596845e-05 4.925011353955566943e-06
2.531593703360290548e-05 1.641670451318522455e-06
2.568628779323518389e-05 4.104176128296305927e-06
2.606205647142909086e-05 2.462505676977783471e-06
2.644332232775353569e-05 3.283340902637044911e-06
2.683016578127791539e-05 3.283340902637044911e-06
2.722266842753457623e-05 4.925011353955566943e-06
2.762091305572953733e-05 4.925011353955566943e-06
2.802498366620500994e-05 4.104176128296305927e-06
2.843496548815710749e-05 5.745846579614827959e-06
2.885094499761305602e-05 6.566681805274089822e-06
2.927300993567130672e-05 2.462505676977783471e-06
2.970124932700842990e-05 6.566681805274089822e-06
3.013575349865669028e-05 2.462505676977783471e-06
3.057661409905651831e-05 8.208352256592611854e-06
3.102392411738757062e-05 5.745846579614827959e-06
3.147777790318254023e-05 5.745846579614827959e-06
3.193827118622811437e-05 7.387517030933350838e-06
3.240550109675684740e-05 4.104176128296305927e-06
3.287956618593440767e-05 6.566681805274089822e-06
3.336056644664672153e-05 6.566681805274089822e-06
3.384860333459122246e-05 2.462505676977783471e-06
3.434377978967633887e-05 5.745846579614827959e-06
3.484620025773432989e-05 5.745846579614827959e-06
3.535597071255176533e-05 7.387517030933350838e-06
3.587319867822214914e-05 5.745846579614827959e-06
3.639799325182551120e-05 4.925011353955566943e-06
3.693046512643996819e-05 4.925011353955566943e-06
3.747072661448980061e-05 1.149169315922965592e-05
3.801889167143510757e-05 6.566681805274089822e-06
3.857507591980808783e-05 7.387517030933350838e-06
3.913939667360083957e-05 7.387517030933350838e-06
3.971197296301003197e-05 8.208352256592611854e-06
4.029292555954340905e-05 5.745846579614827959e-06
4.088237700149384478e-05 8.208352256592611854e-06
4.148045161978584190e-05 7.387517030933350838e-06
4.208727556420020056e-05 4.104176128296305927e-06
4.270297682998246060e-05 1.395419883620743981e-05
4.332768528484041656e-05 6.566681805274089822e-06
4.396153269633657363e-05 8.208352256592611854e-06
4.460465275968148065e-05 6.566681805274089822e-06
4.525718112593374049e-05 1.313336361054817964e-05
4.591925543061214606e-05 1.313336361054817964e-05
4.659101532272679944e-05 9.029187482251873717e-06
4.727260249423485881e-05 6.566681805274089822e-06
4.796416070992705924e-05 9.029187482251873717e-06
4.866583583775139729e-05 9.850022707911133886e-06
4.937777587958068129e-05 1.313336361054817964e-05
5.010013100243003903e-05 1.313336361054817964e-05
5.083305357013104394e-05 9.029187482251873717e-06
5.157669817546942586e-05 1.067085793357039575e-05
5.233122167279269528e-05 1.559586928752596354e-05
5.309678321109477598e-05 5.745846579614827959e-06
5.387354426758486257e-05 1.805837496450374743e-05
5.466166868174736750e-05 9.029187482251873717e-06
5.546132268989970656e-05 1.887921019016300760e-05
5.627267496025611541e-05 1.313336361054817964e-05
5.709589662850433445e-05 1.477503406186670168e-05
5.793116133390256831e-05 1.395419883620743981e-05
5.877864525590445873e-05 1.970004541582226777e-05
5.963852715132014786e-05 1.559586928752596354e-05
6.051098839202098770e-05 1.313336361054817964e-05
6.139621300319531559e-05 1.723753973884448388e-05
6.229438770216440984e-05 2.052088064148153133e-05
6.320570193776625569e-05 2.134171586714079150e-05
6.413034793031522577e-05 2.216255109280005167e-05
6.506852071214624727e-05 1.395419883620743981e-05
6.602041816875254946e-05 1.887921019016300760e-05
6.698624108052483167e-05 2.134171586714079150e-05
6.796619316510112173e-05 2.380422154411857539e-05
6.896048112033645924e-05 3.119173857505192708e-05
6.996931466790075197e-05 2.790839767241487963e-05
7.099290659751453627e-05 3.283340902637044742e-05
7.203147281183210093e-05 2.708756244675561946e-05
7.308523237198127171e-05 2.134171586714079150e-05
7.415440754376880113e-05 2.052088064148153133e-05
7.523922384456230034e-05 2.708756244675561946e-05
7.633991009085798322e-05 2.544589199543709573e-05
7.745669844654403443e-05 2.955006812373340335e-05
7.858982447186987452e-05 2.955006812373340335e-05
7.973952717313235366e-05 3.447507947768896775e-05
8.090604905308844213e-05 3.940009083164453554e-05
8.208963616210531388e-05 2.790839767241487963e-05
8.329053815005926136e-05 2.790839767241487963e-05
8.450900831899321307e-05 3.119173857505192708e-05
8.574530367654471233e-05 3.940009083164453554e-05
8.699968499015579544e-05 4.596677263691862367e-05
8.827241684207600455e-05 4.186259650862232283e-05
8.956376768516928206e-05 4.760844308823715079e-05
9.087400989953808253e-05 3.119173857505192708e-05
9.220341984997565236e-05 4.186259650862232283e-05
9.355227794425856618e-05 4.596677263691862367e-05
9.492086869229200176e-05 4.432510218560010333e-05
9.630948076612052004e-05 3.447507947768896775e-05
9.771840706081696753e-05 4.925011353955567112e-05
9.914794475626126477e-05 5.007094876521493129e-05
1.005983953798237853e-04 4.925011353955567112e-05
1.020700648699655904e-04 5.581679534482975925e-05
1.035632636407687597e-04 4.678760786257789062e-05
1.050783066474109812e-04 5.992097147312606687e-05
1.066155134525979928e-04 6.156264192444459399e-05
1.081752082939678623e-04 5.992097147312606687e-05
1.097577201524810103e-04 5.581679534482975925e-05
1.113633828218114799e-04 6.156264192444459399e-05
1.129925349787524514e-04 6.238347715010385416e-05
1.146455202546524122e-04 5.417512489351123891e-05
1.163226873078960100e-04 6.402514760142237449e-05
1.180243898974451611e-04 6.730848850405941517e-05
1.197509869574565813e-04 5.745846579614828637e-05
1.215028426729902278e-04 8.372519301724464565e-05
1.232803265568256602e-04 7.633767598631129058e-05
1.250838135274020277e-04 7.223349985801498974e-05
1.269136839878983120e-04 8.618769869422242616e-05
1.287703239064704949e-04 7.223349985801498974e-05
1.306541248976624296e-04 9.029187482251872700e-05
1.325654843050077343e-04 7.633767598631129058e-05
1.345048052848400299e-04 1.026044032074076431e-04
1.364724968913292474e-04 8.700853391988168633e-05
1.384689741627621927e-04 9.275438049949652106e-05
1.404946582090848791e-04 8.044185211460759142e-05
1.425499763007259256e-04 9.193354527383724734e-05
1.446353619587192093e-04 9.932106230477060242e-05
1.467512550461446904e-04 1.091710850126817380e-04
1.488981018609075767e-04 1.083502497870224778e-04
1.510763552298740415e-04 1.042460736587261770e-04
1.532864746043846919e-04 1.009627327560891228e-04
1.555289261571648411e-04 1.108127554640002583e-04
1.578041828806525388e-04 1.173794372692743532e-04
1.601127246867655807e-04 1.387211531364151312e-04
1.624550385081275565e-04 1.329753065568003100e-04
1.648316184007743760e-04 1.461086701673484998e-04
1.672429656483644480e-04 1.231252838488891880e-04
1.696895888679122988e-04 1.296919656541632693e-04
1.721720041170694284e-04 1.428253292647114591e-04
1.746907350029746578e-04 1.502128462956448007e-04
1.772463127926964107e-04 1.567795281009188820e-04
1.798392765252914858e-04 1.633462099061929905e-04
1.824701731255023301e-04 1.781212439680596735e-04
1.851395575191181560e-04 1.559586928752596218e-04
1.878479927500234016e-04 1.576003633265781422e-04
1.905960500989583640e-04 1.789420791937189337e-04
1.933843092040179166e-04 1.896129371272893430e-04
1.962133581829122986e-04 1.871504314503115625e-04
1.990837937570166219e-04 2.134171586714079150e-04
2.019962213772354674e-04 1.904337723529486031e-04
2.049512553517080502e-04 1.748379030654226328e-04
2.079495189753827666e-04 1.978212893838819447e-04
2.109916446614860312e-04 2.552797551800302378e-04
2.140782740749153025e-04 2.495339086004154166e-04
2.172100582675831029e-04 2.167004995740449557e-04
2.203876578157409004e-04 2.429672267951413082e-04
2.236117429593125589e-04 2.396838858925042675e-04
2.268829937432654382e-04 2.380422154411857472e-04
2.302021001610499618e-04 2.610256017596450590e-04
2.335697623001375500e-04 2.602047665339857988e-04
2.369866904896872481e-04 2.684131187905784005e-04
2.404536054503736029e-04 2.610256017596450590e-04
2.439712384464053064e-04 2.930381755603562598e-04
2.475403314397682953e-04 2.725172949188747014e-04
2.511616372467252397e-04 3.266924198123859809e-04
2.548359196966041608e-04 2.897548346577192191e-04
2.585639537929108195e-04 3.069923743965636827e-04
2.623465258767969681e-04 3.028881982682673818e-04
2.661844337929207853e-04 3.258715845867267208e-04
2.700784870577335392e-04 3.570633231617786072e-04
2.740295070302274432e-04 3.611674992900749080e-04
2.780383270851830317e-04 3.898967321881490681e-04
2.821057927889492317e-04 4.202676355375417486e-04
2.862327620777956505e-04 3.546008174848008267e-04
2.904201054388746463e-04 3.940009083164453690e-04
2.946687060938298270e-04 4.243718116658380494e-04
2.989794601850906614e-04 4.325801639224306511e-04
3.033532769648932068e-04 4.719802547540751935e-04
3.077910789870644693e-04 4.645927377231418519e-04
3.122938023016148465e-04 4.301176582454528706e-04
3.168623966521748672e-04 4.908594649442382316e-04
3.214978256763214920e-04 5.056344990061049146e-04
3.262010671088352832e-04 4.925011353955567519e-04
3.309731129879294278e-04 5.261553796475864188e-04
3.358149698644983172e-04 5.392887432581345815e-04
3.407276590144247153e-04 5.737638227358236170e-04
3.457122166539945761e-04 5.713013170588458365e-04
3.507696941584621721e-04 6.049555613108755035e-04
3.559011582838125906e-04 6.115222431161495848e-04
3.611076913917697336e-04 6.090597374391718043e-04
3.663903916780945468e-04 6.402514760142236907e-04
3.717503734042235672e-04 7.001724474873497915e-04
3.771887671322965234e-04 6.607723566557053034e-04
3.827067199636210743e-04 6.960682713590534906e-04
3.883053957806278109e-04 7.083807997439423932e-04
3.939859754923634438e-04 7.535267371552018109e-04
3.997496572835757900e-04 7.650184303144314532e-04
4.055976568674428710e-04 7.871809814072314778e-04
4.115312077419982194e-04 8.372519301724464565e-04
4.175515614503096931e-04 8.618769869422242616e-04
4.236599878444621044e-04 8.421769415264020175e-04
4.298577753534026991e-04 9.595563787956763301e-04
4.361462312547055922e-04 9.127687709330985005e-04
4.425266819503099677e-04 9.217979584153503624e-04
4.490004732462949798e-04 9.497063560877652081e-04
4.555689706367449152e-04 9.776147537601800538e-04
4.622335595917678795e-04 1.010448162786550461e-03
4.689956458497289947e-04 1.068727463808358041e-03
4.758566557137573587e-04 1.161481844307854549e-03
4.828180363525911688e-04 1.092531685352476694e-03
4.898812561058241101e-04 1.124544259153187733e-03
4.970478047936164332e-04 1.243565366873780782e-03
5.043191940309384863e-04 1.226327827134936210e-03
5.116969575464099624e-04 1.241923696422462262e-03
5.191826515058036015e-04 1.287890469059380831e-03
5.267778548402823023e-04 1.365869815497010656e-03
5.344841695794364314e-04 1.351094781435143973e-03
5.423032211891959213e-04 1.436461644903707030e-03
5.502366589146830784e-04 1.493920110699855459e-03
5.582861561280821026e-04 1.551378576496003671e-03
5.664534106815980689e-04 1.543991059465070221e-03
5.747401452655780119e-04 1.572720292363144435e-03
5.831481077718731528e-04 1.612120383194788923e-03
5.916790716625150177e-04 1.708978939822581840e-03
6.003348363437854612e-04 1.823075036189219112e-03
6.091172275457593099e-04 1.805016661224715388e-03
6.180280977073986624e-04 1.885458513339322885e-03
6.270693263672821134e-04 1.834566729348448754e-03
6.362428205600491327e-04 1.906800229206463649e-03
6.455505152186439503e-04 2.045521382342878943e-03
6.549943735824441653e-04 2.053729734599471328e-03
6.645763876113594060e-04 2.105442353816005044e-03
6.742985784059895953e-04 2.222821791085279140e-03
6.841629966339280410e-04 2.250730188757694202e-03
6.941717229623012905e-04 2.313113665907797975e-03
7.043268684966375818e-04 2.424747256597457358e-03
7.146305752261537716e-04 2.435418114531027849e-03
7.250850164755591855e-04 2.535560012061457806e-03
7.356923973634661631e-04 2.588914301729309825e-03
7.464549552675084527e-04 2.679206176551828661e-03
7.573749602962638432e-04 2.767856380923028759e-03
7.684547157680783917e-04 2.885235818192303289e-03
7.796965586969000200e-04 2.900831687479829123e-03
7.911028602852150432e-04 3.074848755319592279e-03
8.026760264241967037e-04 3.055148709903770035e-03
8.144184982011735876e-04 3.200436544845459193e-03
8.263327524145182117e-04 3.211928238004689053e-03
8.384213020960696238e-04 3.323561828694348436e-03
8.506866970411987609e-04 3.454074629574171128e-03
8.631315243466263941e-04 3.564887385038171576e-03
8.757584089561128160e-04 3.671595964373875181e-03
8.885700142141259548e-04 3.788975401643149710e-03
9.015690424276124899e-04 3.864492242403801646e-03
9.147582354359855934e-04 4.118130327132513147e-03
9.281403751894502958e-04 4.123876173712128293e-03
9.417182843357926750e-04 4.273268184782113427e-03
9.554948268157498550e-04 4.390647622051387956e-03
9.694729084670909193e-04 4.434972724236988656e-03
9.836554776375358057e-04 4.723906723669048235e-03
9.980455258066377351e-04 4.770694331531625740e-03
1.012646088216768818e-03 5.023511581034678306e-03
1.027460244513331029e-03 5.069478353671596875e-03
1.042491119394335121e-03 5.334608131559538668e-03
1.057741883269483008e-03 5.411766642771508908e-03
1.073215752928889568e-03 5.634212988925168739e-03
1.088915992221590676e-03 5.727788204650324615e-03
1.104845912743975152e-03 5.842705136242621472e-03
1.121008874538287218e-03 6.127534959546384642e-03
1.137408286801349505e-03 6.219468504820221781e-03
1.154047608603650608e-03 6.533848396247718751e-03
1.170930349618958498e-03 6.574069322305023041e-03
1.188060070864600760e-03 6.902403412568727109e-03
1.205440385452578823e-03 6.972995241975424134e-03
1.223074959351669062e-03 7.151116485943483266e-03
1.240967512160670149e-03 7.312000190172698692e-03
1.259121817892969479e-03 7.598471683927780600e-03
1.277541705772578928e-03 7.903822387873026684e-03
1.296231061041821023e-03 7.965385029797470220e-03
1.315193825780830526e-03 8.358565102888257034e-03
1.334433999739039704e-03 8.302748307543426909e-03
1.353955641178836806e-03 8.628619892130153304e-03
1.373762867731557558e-03 8.954491476716879700e-03
1.393859857266002006e-03 9.364909089546510218e-03
1.414250848769661902e-03 9.583251259571873640e-03
1.434940143242830791e-03 9.916510361189534786e-03
1.455932104605802378e-03 1.003142729278183078e-02
1.477231160619335180e-03 1.040080314432849894e-02
1.498841803818583198e-03 1.089658762062669164e-02
1.520768592460694252e-03 1.103777127944008569e-02
1.543016151486264424e-03 1.148348480697306342e-02
1.565589173494862183e-03 1.158444753972915318e-02
1.588492419734820627e-03 1.231006587921193961e-02
1.611730721107509446e-03 1.236259933365413226e-02
1.635308979186304770e-03 1.272458766816986740e-02
1.659232167250456391e-03 1.315716783209229697e-02
1.683505331334086540e-03 1.339028503617952816e-02
1.708133591290531429e-03 1.395830301233573663e-02
1.733122141872251928e-03 1.433917055704163335e-02
1.758476253826548024e-03 1.469459220975209354e-02
1.784201275007297766e-03 1.520843506101479149e-02
1.810302631502959912e-03 1.574690296904726616e-02
1.836785828781082024e-03 1.585607405405994874e-02
1.863656452849546050e-03 1.640849616092862964e-02
1.890920171434809418e-03 1.704218095513758066e-02
1.918582735177376281e-03 1.759624473245758117e-02
1.946649978844760404e-03 1.811501259507423620e-02
1.975127822562192971e-03 1.850490932726238380e-02
2.004022273061330760e-03 1.913366911011737947e-02
2.033339424947239182e-03 1.979690397245006256e-02
2.063085461983904783e-03 1.982317069967115888e-02
2.093266658398552568e-03 2.086316893058144314e-02
2.123889380205049200e-03 2.141887437835276325e-02
2.154960086546662233e-03 2.187936293994760875e-02
2.186485331058465528e-03 2.274206076211549021e-02
2.218471763249677507e-03 2.349230415836805683e-02
2.250926129906210237e-03 2.413830148096189274e-02
2.283855276513755035e-03 2.465871101402986390e-02
2.317266148701670452e-03 2.550335046123324706e-02
2.351165793708002646e-03 2.609599349415923225e-02
2.385561361865933504e-03 2.681504515183674373e-02
2.420460108111972646e-03 2.772206807619022675e-02
2.455869393516222493e-03 2.865125355163651230e-02
2.491796686835016060e-03 2.921434651643876543e-02
2.528249566086279189e-03 3.012957779304884301e-02
2.565235720147935120e-03 3.101772150721216273e-02
2.602762950379688793e-03 3.172281896605346624e-02
2.640839172268547377e-03 3.269632954368534988e-02
2.679472417098398805e-03 3.411965782497850680e-02
2.718670833644028229e-03 3.469998832951960710e-02
2.758442689889907193e-03 3.551261520292227358e-02
2.798796374774128060e-03 3.665603867226562701e-02
2.839740399957860553e-03 3.797265837422308249e-02
2.881283401620680397e-03 3.903399832100050426e-02
2.923434142282172084e-03 3.999930054637580029e-02
2.966201512650174822e-03 4.100236119213141600e-02
3.009594533496064584e-03 4.204564276394433947e-02
3.053622357557481213e-03 4.377432174918274160e-02
3.098294271468879195e-03 4.485946591750428203e-02
3.143619697720323632e-03 4.617280227855909830e-02
3.189608196644948181e-03 4.766261821313066277e-02
3.236269468435472654e-03 4.905311308539744841e-02
3.283613355190242132e-03 5.048629138939851602e-02
3.331649842989180092e-03 5.161576065990566148e-02
3.380389064000117842e-03 5.320161431587935169e-02
3.429841298615938713e-03 5.440003374534187891e-02
3.480016977622979804e-03 5.619684205430999779e-02
3.530926684401169621e-03 5.767434546049667043e-02
3.582581157156337903e-03 5.933653679245667195e-02
3.634991291185188551e-03 6.113580760710177198e-02
3.688168141173409249e-03 6.290142417749484960e-02
3.742122923527388314e-03 6.454884047539298508e-02
3.796867018740064399e-03 6.629557783559589246e-02
3.852411973791368318e-03 6.807268609914819690e-02
3.908769504583781314e-03 7.007880739065942832e-02
3.965951498413539285e-03 7.233692509644805424e-02
4.023970016477973477e-03 7.426999205287561356e-02
4.082837296419535369e-03 7.608157539590559848e-02
4.142565754907045691e-03 7.845953504464048267e-02
4.203167990254684516e-03 8.068728184707971152e-02
4.264656785079329153e-03 8.229037304279225584e-02
4.327045108996732496e-03 8.531433001412097594e-02
4.390346121357163733e-03 8.744439742470674903e-02
4.454573174021066520e-03 8.976571944287115024e-02
4.519739814175307083e-03 9.204107468839861639e-02
4.585859787190652362e-03 9.479579770571110175e-02
4.652947039521022898e-03 9.702929035472994401e-02
4.721015721645172719e-03 1.001131682975317932e-01
4.790080191051398172e-03 1.028145370251764140e-01
4.860155015265908013e-03 1.061947364844412628e-01
4.931254974925513949e-03 1.085439669002780660e-01
5.003395066895245311e-03 1.119167788425119714e-01
5.076590507431592153e-03 1.147273186551692747e-01
5.150856735392015176e-03 1.177463506151440464e-01
5.226209415491405927e-03 1.216379304199945999e-01
5.302664441606197258e-03 1.245863705505626667e-01
5.380237940126798846e-03 1.272187891192519127e-01
5.458946273359080274e-03 1.306006302489680637e-01
5.538806042975618141e-03 1.345176559458140519e-01
5.619834093517418402e-03 1.379093470982381275e-01
5.702047515946887662e-03 1.413281258131089679e-01
5.785463651252769832e-03 1.445909458351045118e-01
5.870100094107807975e-03 1.492237398487253897e-01
5.955974696579945799e-03 1.532720991816768630e-01
6.043105571897777403e-03 1.570257786686166668e-01
6.131511098271129161e-03 1.612727801261776839e-01
6.221209922767501413e-03 1.650190720960865443e-01
6.312220965245229562e-03 1.702855509039163662e-01
6.404563422344185068e-03 1.737281338403313113e-01
6.498256771534847293e-03 1.778208182754683897e-01
6.593320775226632624e-03 1.833672018952480220e-01
6.689775484936302287e-03 1.880878252780144311e-01
6.787641245517349146e-03 1.931326785749162556e-01
6.886938699451285520e-03 1.976366014581086017e-01
6.987688791201676804e-03 2.028300259308547515e-01
7.089912771631883687e-03 2.066280305199801604e-01
7.193632202487441896e-03 2.117516839985452703e-01
7.298868960943985865e-03 2.181279320314664094e-01
7.405645244221747622e-03 2.229437723004092931e-01
7.513983574267524279e-03 2.282939763012563628e-01
7.623906802505158418e-03 2.345635157548418004e-01
7.735438114655511510e-03 2.402543663743374469e-01
7.848601035626932149e-03 2.463851846747864838e-01
7.963419434477297248e-03 2.511090913984555528e-01
8.079917529448633201e-03 2.567900919952432748e-01
8.198119893075363901e-03 2.638558416177181898e-01
8.318051457367329690e-03 2.697757052651728049e-01
8.439737519068589433e-03 2.756102020491588145e-01
8.563203744993197475e-03 2.818592206221027796e-01
8.688476177438994585e-03 2.880688391042151020e-01
8.815581239680625458e-03 2.949909425621996539e-01
8.944545741542919010e-03 3.019237168781177538e-01
9.075396885055757312e-03 3.084501777573345205e-01
9.208162270191742882e-03 3.148395591538662441e-01
9.342869900687746781e-03 3.222221511734456034e-01
9.479548189951631648e-03 3.283923695647262830e-01
9.618225967055414258e-03 3.359112202317651175e-01
9.758932482816042031e-03 3.438158634548638126e-01
9.901697415965211163e-03 3.501658447605638380e-01
1.004655087940936609e-02 3.578316249329956955e-01
1.019352342658132529e-02 3.647332075103387750e-01
1.034264605788479466e-02 3.723160833249790080e-01
1.049395022723317167e-02 3.790534988571902519e-01
1.064746784868404739e-02 3.867003998194318837e-01
1.080323130317069162e-02 3.954102823989023019e-01
1.096127344533204089e-02 4.014229004268564105e-01
1.112162761044262552e-02 4.103700043865423641e-01
1.128432762144389832e-02 4.172641994468545001e-01
1.144940779607831957e-02 4.255037434420221865e-01
1.161690295412791743e-02 4.336718747725574752e-01
1.178684842475873247e-02 4.398412723286124759e-01
1.195928005397260338e-02 4.481522289884125043e-01
1.213423421216807546e-02 4.568867366246526784e-01
1.231174780181190642e-02 4.639533070823532723e-01
1.249185826522275326e-02 4.718242960611999104e-01
1.267460359246871601e-02 4.794597053302823708e-01
1.286002232938048169e-02 4.862266709306173329e-01
1.304815358568169395e-02 4.941945184660917478e-01
1.323903704323815475e-02 5.019185779395454183e-01
1.343271296442782523e-02 5.087610603806410614e-01
1.362922220063325987e-02 5.159959020596017742e-01
1.382860620085816714e-02 5.226028047909331287e-01
1.403090702047014339e-02 5.310032324903299905e-01
1.423616733007130805e-02 5.379442151585047682e-01
1.444443042449857981e-02 5.445929804863447465e-01
1.465574023195573977e-02 5.515930632907669606e-01
1.487014132327909091e-02 5.576360522220704663e-01
1.508767892133859936e-02 5.636700119658916153e-01
1.530839891057655597e-02 5.703934732992665957e-01
1.553234784668586221e-02 5.758889651350553862e-01
1.575957296642989391e-02 5.817341327769750547e-01
1.599012219760591325e-02 5.856486959681440618e-01
1.622404416915432246e-02 5.937971272532635014e-01
1.646138822141588604e-02 5.974523065131241983e-01
1.670220441653878785e-02 6.024282096510706896e-01
1.694654354903812193e-02 6.085056736618518203e-01
1.719445715650983614e-02 6.119679566436825313e-01
1.744599753050134552e-02 6.159744533801254640e-01
1.770121772754117140e-02 6.179969913761498290e-01
1.796017158032999633e-02 6.229105110369461684e-01
1.822291370909545627e-02 6.255191253840912680e-01
1.848949953311290750e-02 6.285882282928313414e-01
1.875998528239484348e-02 6.308307501293324293e-01
1.903442800955138653e-02 6.322351992004353605e-01
1.931288560182404385e-02 6.335165229876894566e-01
1.959541679329573904e-02 6.361866999767590292e-01
1.988208117727942315e-02 6.358493366990131124e-01
2.017293921888785313e-02 6.364091463229126777e-01
2.046805226778721648e-02 6.377610619395734926e-01
2.076748257113746748e-02 6.365495091465004363e-01
2.107129328672195656e-02 6.363065419197053707e-01
2.137954849626895817e-02 6.354356357452808357e-01
2.169231321896825798e-02 6.325183873532878032e-01
2.200965342518549500e-02 6.317492647468451183e-01
2.233163605037693372e-02 6.288870123149712388e-01
2.265832900920797255e-02 6.254509960603615859e-01
2.298980120987820924e-02 6.230081904287996242e-01
2.332612256865596728e-02 6.194564364073720242e-01
2.366736402462540564e-02 6.142876369913956580e-01
2.401359755464953921e-02 6.100242188293214518e-01
2.436489618855210842e-02 6.059610844623081194e-01
2.472133402452138251e-02 5.999435414230001040e-01
2.508298624473948024e-02 5.934761806800307182e-01
2.544992913124037581e-02 5.884674441330579597e-01
2.582224008199964643e-02 5.811152230168279420e-01
2.619999762725981618e-02 5.742801280927632979e-01
2.658328144609457128e-02 5.674827915890788832e-01
2.697217238321500399e-02 5.595223315706353562e-01
2.736675246602199296e-02 5.512023457233531376e-01
2.776710492190802293e-02 5.437647577436545143e-01
2.817331419581196525e-02 5.359701064407942361e-01
2.858546596803071549e-02 5.276123621731315660e-01
2.900364717229148709e-02 5.174914638407529521e-01
2.942794601408853586e-02 5.074986158035770245e-01
2.985845198928783334e-02 4.972907089372785028e-01
3.029525590300423746e-02 4.870302686165377537e-01
3.073844988875476525e-02 4.779411601628127393e-01
3.118812742789181178e-02 4.669928599229695165e-01
3.164438336932094697e-02 4.582764106616938338e-01
3.210731394950710332e-02 4.472928145071472517e-01
3.257701681277337669e-02 4.362279556652604029e-01
3.305359103189667302e-02 4.256884313677954945e-01
3.353713712900491944e-02 4.139874252260227205e-01
3.402775709677986760e-02 4.036670639338088562e-01
3.452555441996989216e-02 3.934829612890543560e-01
3.503063409721780125e-02 3.811794620916477139e-01
3.554310266320785672e-02 3.706185960783156541e-01
3.606306821113659800e-02 3.593682284754298184e-01
3.659064041551268742e-02 3.477238599642275552e-01
3.712593055529017638e-02 3.366803428382078578e-01
3.766905153734019518e-02 3.267030906703195514e-01
3.822011792026586141e-02 3.145678626941730283e-01
3.877924593856579838e-02 3.042745889644058455e-01
3.934655352715126647e-02 2.944015828701762594e-01
3.992216034622142473e-02 2.835099202609035474e-01
4.050618780650300232e-02 2.734727471215420702e-01
4.109875909485918161e-02 2.621862627687272518e-01
4.169999920027268880e-02 2.531119293490641242e-01
4.231003494020939976e-02 2.425100215744490917e-01
4.292899498736767183e-02 2.329037869285587592e-01
4.355700989681852986e-02 2.236562572762815226e-01
4.419421213354333272e-02 2.140738268519353227e-01
4.484073610037424273e-02 2.047089177623888090e-01
4.549671816634325017e-02 1.959973935124670608e-01
4.616229669544590075e-02 1.870453645414271726e-01
4.683761207582605446e-02 1.786851577680876046e-01
4.752280674938759442e-02 1.699063250296617977e-01
4.821802524183890076e-02 1.627281209812715679e-01
4.892341419317729201e-02 1.551247242859898068e-01
4.963912238861947074e-02 1.469155511941715453e-01
5.036530078998391335e-02 1.403308110139329656e-01
5.110210256753291991e-02 1.324860887623073857e-01
5.184968313228033310e-02 1.266680086828345375e-01
5.260820016877179595e-02 1.194134669584580033e-01
5.337781366834442459e-02 1.133163029022610097e-01
5.415868596287337633e-02 1.068891630853489871e-01
5.495098175901209220e-02 1.018319972600622847e-01
5.575486817293295871e-02 9.607547982251388174e-02
5.657051476557670155e-02 9.037395834508465953e-02
5.739809357841744314e-02 8.595458149013519844e-02
5.823777916975050178e-02 8.047304385318264364e-02
5.908974865151148115e-02 7.574174961248267279e-02
5.995418172663402601e-02 7.148243562653676386e-02
6.083126072695378000e-02 6.702694202165829229e-02
6.172117065166692756e-02 6.258376094516471255e-02
6.262409920635149396e-02 5.918468227570970741e-02
6.354023684255963311e-02 5.526273156750975690e-02
6.446977679798857053e-02 5.164613156325505855e-02
6.541291513723962447e-02 4.857702865451507535e-02
6.636985079317377079e-02 4.511146233178167653e-02
6.734078560887135634e-02 4.252501053572934481e-02
6.832592438020634873e-02 3.955440785406847543e-02
6.932547489904344884e-02 3.703033953516624704e-02
7.033964799706662885e-02 3.394810326281572782e-02
7.136865759024910161e-02 3.133128056341399903e-02
7.241272072397386683e-02 2.952462223173796599e-02
7.347205761881472896e-02 2.733545468490471489e-02
7.454689171698605787e-02 2.560020901786103781e-02
7.563744972947292200e-02 2.367535041369006957e-02
7.674396168385075323e-02 2.177429603106322345e-02
7.786666097280373067e-02 2.027134673288111602e-02
7.900578440335370711e-02 1.844909253191755541e-02
8.016157224680930948e-02 1.703889761423494492e-02
8.133426828944512188e-02 1.563116520222931211e-02
8.252411988392280295e-02 1.427924958556850768e-02
8.373137800146458753e-02 1.313746778667647559e-02
8.495629728478951148e-02 1.227066578838029512e-02
8.619913610182416974e-02 1.107717137027173018e-02
8.746015660019958171e-02 1.018164013907747571e-02
8.873962476254521059e-02 9.266408862467399865e-03
9.003781046259135001e-02 8.451319483387753975e-03
9.135498752209281204e-02 7.680555206493707050e-03
9.269143376858551830e-02 7.009932827130090950e-03
9.404743109398709666e-02 6.371323021567185454e-03
9.542326551405566626e-02 5.777038318189880658e-03
9.681922722871832976e-02 5.138428512626975163e-03
9.823561068328180712e-02 4.741965098633551742e-03
9.967271463053854752e-02 4.291326559746617801e-03
1.011308421937818502e-01 3.841508856085342361e-03
1.026103009307428732e-01 3.405645351260274886e-03
1.041114028984620882e-01 2.961573494178614593e-03
1.056344647191106989e-01 2.699727057193310274e-03
1.071798076467749272e-01 2.399301364602020401e-03
1.087477576352164632e-01 2.072608944789634637e-03
1.103386454066249411e-01 1.832925058897130234e-03
1.119528065213763607e-01 1.576824468491440845e-03
1.135905814488113175e-01 1.397061554072062542e-03
1.152523156390488634e-01 1.210731957847410159e-03
1.169383595958513322e-01 1.075294145613632122e-03
1.186490689505550755e-01 8.840395380350242862e-04
1.203848045370820297e-01 7.321850212880609381e-04
1.221459324680493619e-01 6.312222885319718289e-04
1.239328242119927120e-01 5.721221522845050967e-04
1.257458566717180592e-01 4.719802547540751935e-04
1.275854122638007682e-01 3.857925560598527673e-04
1.294518789992479824e-01 3.086340448478822030e-04
1.313456505653393669e-01 2.782631414984895225e-04
1.332671264086667806e-01 2.380422154411857472e-04
1.352167118193882689e-01 1.978212893838819447e-04
1.371948180167144593e-01 1.592420337778966625e-04
1.392018622356449853e-01 1.255877895258669685e-04
1.412382678149749493e-01 1.140960963666373126e-04
1.433044642865885510e-01 1.034252384330669168e-04
1.454008874660580042e-01 7.469600553499277024e-05
1.475279795445689213e-01 6.402514760142237449e-05
1.496861891821906210e-01 4.596677263691862367e-05
1.518759716025095408e-01 3.775842038032601521e-05
1.540977886886484571e-01 2.544589199543709573e-05
1.563521090806899994e-01 2.872923289807414318e-05
1.586394082745251621e-01 2.544589199543709573e-05
1.609601687221475785e-01 1.395419883620743981e-05
1.633148799334157020e-01 1.641670451318522371e-05
1.657040385793039361e-01 1.231252838488891778e-05
1.681281485966627243e-01 1.559586928752596354e-05
1.705877212945126620e-01 9.850022707911133886e-06
1.730832754618936153e-01 9.029187482251873717e-06
1.756153374772900788e-01 8.208352256592611854e-06
1.781844414196588344e-01 9.029187482251873717e-06
1.807911291810806731e-01 3.283340902637044911e-06
1.834359505810595203e-01 8.208352256592611854e-06
1.861194634824935024e-01 5.745846579614827959e-06
1.888422339093434044e-01 4.104176128296305927e-06
1.916048361660226684e-01 2.462505676977783471e-06
1.944078529585322457e-01 3.283340902637044911e-06
1.972518755173693905e-01 0.000000000000000000e+00
2.001375037222342945e-01 4.925011353955566943e-06
2.030653462285595678e-01 3.283340902637044911e-06
2.060360205958922664e-01 3.283340902637044911e-06
2.090501534181542498e-01 8.208352256592612277e-07
2.121083804558061281e-01 8.208352256592612277e-07
2.152113467699467153e-01 2.462505676977783471e-06
2.183597068583738310e-01 0.000000000000000000e+00
2.215541247936348435e-01 1.641670451318522455e-06
2.247952743630967642e-01 1.641670451318522455e-06
2.280838392110661195e-01 0.000000000000000000e+00
2.314205129829886298e-01 1.641670451318522455e-06
2.348059994717557053e-01 2.462505676977783471e-06
2.382410127661539478e-01 1.641670451318522455e-06
2.417262774014859450e-01 0.000000000000000000e+00
2.452625285123926357e-01 0.000000000000000000e+00
2.488505119879133587e-01 3.283340902637044911e-06
2.524909846288141413e-01 1.641670451318522455e-06
2.561847143072163990e-01 1.641670451318522455e-06
2.599324801285612385e-01 0.000000000000000000e+00
2.637350725959437536e-01 8.208352256592612277e-07
2.675932937768518149e-01 0.000000000000000000e+00
2.715079574723419098e-01 1.641670451318522455e-06
2.754798893886922229e-01 8.208352256592612277e-07
2.795099273115665417e-01 8.208352256592612277e-07
2.835989212827238481e-01 0.000000000000000000e+00
2.877477337793156176e-01 0.000000000000000000e+00
2.919572398958056869e-01 0.000000000000000000e+00
2.962283275285499951e-01 0.000000000000000000e+00
3.005618975630770517e-01 0.000000000000000000e+00
3.049588640641094361e-01 0.000000000000000000e+00
3.094201544683645166e-01 0.000000000000000000e+00
3.139467097801742490e-01 0.000000000000000000e+00
3.185394847699682952e-01 0.000000000000000000e+00
3.231994481756618187e-01 0.000000000000000000e+00
3.279275829069857595e-01 0.000000000000000000e+00
3.327248862528096596e-01 0.000000000000000000e+00
3.375923700914967296e-01 8.208352256592612277e-07
3.425310611043355102e-01 0.000000000000000000e+00
3.475420009920930919e-01 0.000000000000000000e+00
3.526262466947382990e-01 0.000000000000000000e+00
3.577848706143795243e-01 0.000000000000000000e+00
3.630189608414602365e-01 0.000000000000000000e+00
3.683296213842673361e-01 0.000000000000000000e+00
3.737179724017970495e-01 0.000000000000000000e+00
3.791851504400235440e-01 0.000000000000000000e+00
3.847323086716280538e-01 0.000000000000000000e+00
3.903606171392344226e-01 0.000000000000000000e+00
3.960712630021998581e-01 0.000000000000000000e+00
4.018654507870196846e-01 0.000000000000000000e+00
4.077444026413942213e-01 0.000000000000000000e+00
4.137093585920117444e-01 0.000000000000000000e+00
4.197615768061020436e-01 0.000000000000000000e+00
4.259023338568176942e-01 0.000000000000000000e+00
4.321329249924989457e-01 0.000000000000000000e+00
4.384546644098730739e-01 0.000000000000000000e+00
4.448688855312545876e-01 0.000000000000000000e+00
4.513769412858005814e-01 0.000000000000000000e+00
4.579802043948769108e-01 0.000000000000000000e+00
4.646800676616025250e-01 0.000000000000000000e+00
4.714779442646297447e-01 0.000000000000000000e+00
4.783752680562199933e-01 0.000000000000000000e+00
4.853734938646802610e-01 0.000000000000000000e+00
4.924740978012259740e-01 0.000000000000000000e+00
4.996785775713332711e-01 0.000000000000000000e+00
5.069884527906421967e-01 0.000000000000000000e+00
5.144052653054848045e-01 0.000000000000000000e+00
5.219305795181032881e-01 0.000000000000000000e+00
5.295659827166210309e-01 0.000000000000000000e+00
5.373130854098444598e-01 0.000000000000000000e+00
5.451735216669637563e-01 0.000000000000000000e+00
5.531489494622203740e-01 0.000000000000000000e+00
5.612410510246160777e-01 0.000000000000000000e+00
5.694515331927409996e-01 0.000000000000000000e+00
5.777821277747927642e-01 0.000000000000000000e+00
5.862345919138574057e-01 0.000000000000000000e+00
5.948107084585388948e-01 0.000000000000000000e+00
6.035122863390113279e-01 0.000000000000000000e+00
6.123411609485660545e-01 0.000000000000000000e+00
6.212991945307471120e-01 0.000000000000000000e+00
6.303882765721491310e-01 0.000000000000000000e+00
6.396103242009565371e-01 0.000000000000000000e+00
6.489672825913188614e-01 0.000000000000000000e+00
6.584611253736400993e-01 0.000000000000000000e+00
6.680938550508692675e-01 0.000000000000000000e+00
6.778675034208790917e-01 0.000000000000000000e+00
6.877841320050279705e-01 0.000000000000000000e+00
6.978458324829910353e-01 0.000000000000000000e+00
7.080547271339473481e-01 0.000000000000000000e+00
7.184129692842258219e-01 0.000000000000000000e+00
7.289227437615020122e-01 0.000000000000000000e+00
7.395862673556312661e-01 0.000000000000000000e+00
7.504057892862305845e-01 0.000000000000000000e+00
7.613835916771003465e-01 0.000000000000000000e+00
7.725219900375829285e-01 0.000000000000000000e+00
7.838233337509639131e-01 0.000000000000000000e+00
7.952900065700201360e-01 0.000000000000000000e+00
8.069244271198189322e-01 0.000000000000000000e+00
8.187290494078659497e-01 0.000000000000000000e+00
8.307063633417219872e-01 0.000000000000000000e+00
8.428588952541931079e-01 0.000000000000000000e+00
8.551892084361969459e-01 0.000000000000000000e+00
8.676999036774298846e-01 0.000000000000000000e+00
8.803936198149451275e-01 0.000000000000000000e+00
8.932730342897515774e-01 0.000000000000000000e+00
9.063408637115548672e-01 0.000000000000000000e+00
9.195998644317645576e-01 0.000000000000000000e+00
9.330528331248839624e-01 0.000000000000000000e+00
9.467026073783977314e-01 0.000000000000000000e+00
9.605520662912966356e-01 0.000000000000000000e+00
9.746041310813593483e-01 0.000000000000000000e+00
9.888617657013079043e-01 0.000000000000000000e+00
1.003327977463987608e+00 0.000000000000000000e+00
1.018005817676691738e+00 0.000000000000000000e+00
1.032898382284756833e+00 0.000000000000000000e+00
1.048008812524582556e+00 0.000000000000000000e+00
1.063340295586204576e+00 0.000000000000000000e+00
1.078896065285554151e+00 0.000000000000000000e+00
1.094679402746554064e+00 0.000000000000000000e+00
1.110693637093196573e+00 0.000000000000000000e+00
1.126942146151747481e+00 0.000000000000000000e+00
1.143428357163212006e+00 0.000000000000000000e+00
1.160155747506234292e+00 0.000000000000000000e+00
1.177127845430572251e+00 0.000000000000000000e+00
1.194348230801292043e+00 0.000000000000000000e+00
1.211820535853858960e+00 0.000000000000000000e+00
1.229548445960276570e+00 0.000000000000000000e+00
1.247535700406424475e+00 0.000000000000000000e+00
1.265786093180771843e+00 0.000000000000000000e+00
1.284303473774632387e+00 0.000000000000000000e+00
1.303091747994127747e+00 0.000000000000000000e+00
1.322154878784016940e+00 0.000000000000000000e+00
1.341496887063592158e+00 0.000000000000000000e+00
1.361121852574798563e+00 0.000000000000000000e+00
1.381033914742754831e+00 0.000000000000000000e+00
1.401237273548869178e+00 0.000000000000000000e+00
1.421736190416730938e+00 0.000000000000000000e+00
1.442534989110953791e+00 0.000000000000000000e+00
1.463638056649171126e+00 0.000000000000000000e+00
1.485049844227375182e+00 0.000000000000000000e+00
1.506774868158797354e+00 0.000000000000000000e+00
1.528817710826510190e+00 0.000000000000000000e+00
1.551183021649976457e+00 0.000000000000000000e+00
1.573875518065741108e+00 0.000000000000000000e+00
1.596899986522452686e+00 0.000000000000000000e+00
1.620261283490457949e+00 0.000000000000000000e+00
1.643964336486162914e+00 0.000000000000000000e+00
1.668014145111373026e+00 0.000000000000000000e+00
1.692415782107839384e+00 0.000000000000000000e+00
1.717174394427236628e+00 0.000000000000000000e+00
1.742295204316796964e+00 0.000000000000000000e+00
1.767783510420810167e+00 0.000000000000000000e+00
1.793644688898253126e+00 0.000000000000000000e+00
1.819884194556769419e+00 0.000000000000000000e+00
1.846507562003222080e+00 0.000000000000000000e+00
1.873520406811094663e+00 0.000000000000000000e+00
1.900928426704969088e+00 0.000000000000000000e+00
1.928737402762316089e+00 0.000000000000000000e+00
1.956953200632883583e+00 0.000000000000000000e+00
1.985581771775920767e+00 0.000000000000000000e+00
