1.007314577357746395e-06 0.000000000000000000e+00
1.022050738157085172e-06 0.000000000000000000e+00
1.037002476532669867e-06 0.000000000000000000e+00
1.052172946202215323e-06 0.000000000000000000e+00
1.067565347019664431e-06 0.000000000000000000e+00
1.083182925650115004e-06 0.000000000000000000e+00
1.099028976254630445e-06 0.000000000000000000e+00
1.115106841185069142e-06 0.000000000000000000e+00
1.131419911689071041e-06 0.000000000000000000e+00
1.147971628625360671e-06 0.000000000000000000e+00
1.164765483189517368e-06 0.000000000000000000e+00
1.181805017650363486e-06 0.000000000000000000e+00
1.199093826097117550e-06 0.000000000000000000e+00
1.216635555197484504e-06 0.000000000000000000e+00
1.234433904966839137e-06 0.000000000000000000e+00
1.252492629548650261e-06 0.000000000000000000e+00
1.270815538006331790e-06 0.000000000000000000e+00
1.289406495126678695e-06 0.000000000000000000e+00
1.308269422235049389e-06 0.000000000000000000e+00
1.327408298022475615e-06 0.000000000000000000e+00
1.346827159384875163e-06 0.000000000000000000e+00
1.366530102274545501e-06 0.000000000000000000e+00
1.386521282564099480e-06 0.000000000000000000e+00
1.406804916923053165e-06 0.000000000000000000e+00
1.427385283707237743e-06 0.000000000000000000e+00
1.448266723861210011e-06 0.000000000000000000e+00
1.469453641833875500e-06 0.000000000000000000e+00
1.490950506507507443e-06 0.000000000000000000e+00
1.512761852140349597e-06 0.000000000000000000e+00
1.534892279323007713e-06 0.000000000000000000e+00
1.557346455948839277e-06 0.000000000000000000e+00
1.580129118198540584e-06 0.000000000000000000e+00
1.603245071539124057e-06 0.000000000000000000e+00
1.626699191737521068e-06 0.000000000000000000e+00
1.650496425889018006e-06 0.000000000000000000e+00
1.674641793460717854e-06 0.000000000000000000e+00
1.699140387350285004e-06 0.000000000000000000e+00
1.723997374960176362e-06 0.000000000000000000e+00
1.749217999287573916e-06 0.000000000000000000e+00
1.774807580030276668e-06 0.000000000000000000e+00
1.800771514708768779e-06 0.000000000000000000e+00
1.827115279804697280e-06 0.000000000000000000e+00
1.853844431916002885e-06 0.000000000000000000e+00
1.880964608928956931e-06 0.000000000000000000e+00
1.908481531207346938e-06 0.000000000000000000e+00
1.936401002799041579e-06 0.000000000000000000e+00
1.964728912660223922e-06 0.000000000000000000e+00
1.993471235897532631e-06 0.000000000000000000e+00
2.022634035028363983e-06 0.000000000000000000e+00
2.052223461259617184e-06 0.000000000000000000e+00
2.082245755785148092e-06 0.000000000000000000e+00
2.112707251102209193e-06 0.000000000000000000e+00
2.143614372347129500e-06 0.000000000000000000e+00
2.174973638650549482e-06 0.000000000000000000e+00
2.206791664512488845e-06 0.000000000000000000e+00
2.239075161197503816e-06 0.000000000000000000e+00
2.271830938150279099e-06 0.000000000000000000e+00
2.305065904431925127e-06 0.000000000000000000e+00
2.338787070177269020e-06 0.000000000000000000e+00
2.373001548073486551e-06 0.000000000000000000e+00
2.407716554860357156e-06 0.000000000000000000e+00
2.442939412852465149e-06 0.000000000000000000e+00
2.478677551483661393e-06 0.000000000000000000e+00
2.514938508874134382e-06 0.000000000000000000e+00
2.551729933420407560e-06 0.000000000000000000e+00
2.589059585408571160e-06 0.000000000000000000e+00
2.626935338651142886e-06 0.000000000000000000e+00
2.665365182147868279e-06 0.000000000000000000e+00
2.704357221770799593e-06 0.000000000000000000e+00
2.743919681974044932e-06 0.000000000000000000e+00
2.784060907528531530e-06 0.000000000000000000e+00
2.824789365282124550e-06 0.000000000000000000e+00
2.866113645945515583e-06 0.000000000000000000e+00
2.908042465904237457e-06 0.000000000000000000e+00
2.950584669057176779e-06 0.000000000000000000e+00
2.993749228681978078e-06 0.000000000000000000e+00
3.037545249327753744e-06 0.000000000000000000e+00
3.081981968735482214e-06 0.000000000000000000e+00
3.127068759786475975e-06 8.830133278637507460e-07
3.172815132479376366e-06 0.000000000000000000e+00
3.219230735936073713e-06 0.000000000000000000e+00
3.266325360436955554e-06 0.000000000000000000e+00
3.314108939485928916e-06 0.000000000000000000e+00
3.362591551905666001e-06 0.000000000000000000e+00
3.411783423963506540e-06 0.000000000000000000e+00
3.461694931528425492e-06 0.000000000000000000e+00
3.512336602259591695e-06 0.000000000000000000e+00
3.563719117826939279e-06 0.000000000000000000e+00
3.615853316164192712e-06 0.000000000000000000e+00
3.668750193754886335e-06 0.000000000000000000e+00
3.722420907951824327e-06 0.000000000000000000e+00
3.776876779330440196e-06 0.000000000000000000e+00
3.832129294076616543e-06 0.000000000000000000e+00
3.888190106409436032e-06 0.000000000000000000e+00
3.945071041039351476e-06 0.000000000000000000e+00
4.002784095662330252e-06 0.000000000000000000e+00
4.061341443490488050e-06 0.000000000000000000e+00
4.120755435819757446e-06 0.000000000000000000e+00
4.181038604635077492e-06 0.000000000000000000e+00
4.242203665253731971e-06 0.000000000000000000e+00
4.304263519007363188e-06 0.000000000000000000e+00
4.367231255963177964e-06 0.000000000000000000e+00
4.431120157684998909e-06 0.000000000000000000e+00
4.495943700034715789e-06 0.000000000000000000e+00
4.561715556014673132e-06 0.000000000000000000e+00
4.628449598651681045e-06 0.000000000000000000e+00
4.696159903923217583e-06 0.000000000000000000e+00
4.764860753726407982e-06 0.000000000000000000e+00
4.834566638890456673e-06 0.000000000000000000e+00
4.905292262233144501e-06 0.000000000000000000e+00
4.977052541662067912e-06 0.000000000000000000e+00
5.049862613321183391e-06 0.000000000000000000e+00
5.123737834783442357e-06 0.000000000000000000e+00
5.198693788290112811e-06 0.000000000000000000e+00
5.274746284037485708e-06 0.000000000000000000e+00
5.351911363511645367e-06 0.000000000000000000e+00
5.430205302872061158e-06 0.000000000000000000e+00
5.509644616384671335e-06 0.000000000000000000e+00
5.590246059905150172e-06 0.000000000000000000e+00
5.672026634413175810e-06 0.000000000000000000e+00
5.755003589598407766e-06 0.000000000000000000e+00
5.839194427498865285e-06 0.000000000000000000e+00
5.924616906192589155e-06 0.000000000000000000e+00
6.011289043543310338e-06 0.000000000000000000e+00
6.099229121000858101e-06 0.000000000000000000e+00
6.188455687457219067e-06 0.000000000000000000e+00
6.278987563159001034e-06 0.000000000000000000e+00
6.370843843677115559e-06 0.000000000000000000e+00
6.464043903934519574e-06 0.000000000000000000e+00
6.558607402292915576e-06 0.000000000000000000e+00
6.654554284699240485e-06 0.000000000000000000e+00
6.751904788892758010e-06 0.000000000000000000e+00
6.850679448673746411e-06 0.000000000000000000e+00
6.950899098234648166e-06 0.000000000000000000e+00
7.052584876554509078e-06 0.000000000000000000e+00
7.155758231857769887e-06 0.000000000000000000e+00
7.260440926138285322e-06 0.000000000000000000e+00
7.366655039749465955e-06 0.000000000000000000e+00
7.474422976061624485e-06 0.000000000000000000e+00
7.583767466187464127e-06 0.000000000000000000e+00
7.694711573776648474e-06 0.000000000000000000e+00
7.807278699880527707e-06 0.000000000000000000e+00
7.921492587888051990e-06 0.000000000000000000e+00
8.037377328533902904e-06 0.000000000000000000e+00
8.154957364979827154e-06 6.509912368021293665e-07
8.274257497970363489e-06 0.000000000000000000e+00
8.395302891063997905e-06 0.000000000000000000e+00
8.518119075940805925e-06 0.000000000000000000e+00
8.642731957787742387e-06 0.000000000000000000e+00
8.769167820762752732e-06 0.000000000000000000e+00
8.897453333538822177e-06 0.000000000000000000e+00
9.027615554929046979e-06 0.000000000000000000e+00
9.159681939594091512e-06 8.449950663632748071e-07
9.293680343833127217e-06 0.000000000000000000e+00
9.429639031459405388e-06 0.000000000000000000e+00
9.567586679761874957e-06 0.000000000000000000e+00
9.707552385554009091e-06 0.000000000000000000e+00
9.849565671311038320e-06 7.636055026068825188e-07
9.993656491397055546e-06 0.000000000000000000e+00
1.013985523838319066e-05 0.000000000000000000e+00
1.028819274945820828e-05 0.000000000000000000e+00
1.043870031293285345e-05 0.000000000000000000e+00
1.059140967483941058e-05 0.000000000000000000e+00
1.074635304562781570e-05 0.000000000000000000e+00
1.090356310695962130e-05 0.000000000000000000e+00
1.106307301860147234e-05 0.000000000000000000e+00
1.122491642541938768e-05 0.000000000000000000e+00
1.138912746447533417e-05 0.000000000000000000e+00
1.155574077222762343e-05 0.000000000000000000e+00
1.172479149183668274e-05 0.000000000000000000e+00
1.189631528057766575e-05 0.000000000000000000e+00
1.207034831736151717e-05 0.000000000000000000e+00
1.224692731036608570e-05 0.000000000000000000e+00
1.242608950477883701e-05 0.000000000000000000e+00
1.260787269065282000e-05 0.000000000000000000e+00
1.279231521087761615e-05 0.000000000000000000e+00
1.297945596926691007e-05 0.000000000000000000e+00
1.316933443876425501e-05 0.000000000000000000e+00
1.336199066976900349e-05 0.000000000000000000e+00
1.355746529858402446e-05 0.000000000000000000e+00
1.375579955598694823e-05 0.000000000000000000e+00
1.395703527592680112e-05 6.395253962893054644e-07
1.416121490434794070e-05 0.000000000000000000e+00
1.436838150814300096e-05 0.000000000000000000e+00
1.457857878423685134e-05 0.000000000000000000e+00
1.479185106880345199e-05 0.000000000000000000e+00
1.500824334661750401e-05 8.071832290683408608e-07
1.522780126054295324e-05 0.000000000000000000e+00
1.545057112116022781e-05 0.000000000000000000e+00
1.567659991653442197e-05 0.000000000000000000e+00
1.590593532212629987e-05 0.000000000000000000e+00
1.613862571084830798e-05 0.000000000000000000e+00
1.637472016326773407e-05 8.057422703035287406e-07
1.661426847795909308e-05 9.597302679277374996e-07
1.685732118200790824e-05 0.000000000000000000e+00
1.710392954166825580e-05 1.672343108282486497e-06
1.735414557317622482e-05 8.437836199208000421e-07
1.760802205372142312e-05 8.729651620687395699e-07
1.786561253257912133e-05 0.000000000000000000e+00
1.812697134240526785e-05 9.483298766914075268e-07
1.839215361069663454e-05 9.378926356391028947e-07
1.866121527141864113e-05 9.261225395655318532e-07
1.893421307680336196e-05 0.000000000000000000e+00
1.921120460932004300e-05 0.000000000000000000e+00
1.949224829382077500e-05 0.000000000000000000e+00
1.977740340986387761e-05 0.000000000000000000e+00
2.006673010421750834e-05 9.297594219140212356e-07
2.036028940354616632e-05 0.000000000000000000e+00
2.065814322728284870e-05 0.000000000000000000e+00
2.096035440068960072e-05 1.609328287292189102e-06
2.126698666810886848e-05 0.000000000000000000e+00
2.157810470640895772e-05 0.000000000000000000e+00
2.189377413862611608e-05 1.629760228955946756e-06
2.221406154780615261e-05 0.000000000000000000e+00
2.253903449104850828e-05 0.000000000000000000e+00
2.286876151375590824e-05 8.633309210049527022e-07
2.320331216409237394e-05 0.000000000000000000e+00
2.354275700765275634e-05 0.000000000000000000e+00
2.388716764234696154e-05 8.136373131695752208e-07
2.423661671350176551e-05 0.000000000000000000e+00
2.459117792918370451e-05 0.000000000000000000e+00
2.495092607574596845e-05 0.000000000000000000e+00
2.531593703360290548e-05 0.000000000000000000e+00
2.568628779323518389e-05 0.000000000000000000e+00
2.606205647142909086e-05 2.204375907317382371e-06
2.644332232775353569e-05 0.000000000000000000e+00
2.683016578127791539e-05 0.000000000000000000e+00
2.722266842753457623e-05 7.972057952065871231e-07
2.762091305572953733e-05 0.000000000000000000e+00
2.802498366620500994e-05 1.683549107680249196e-06
2.843496548815710749e-05 0.000000000000000000e+00
2.885094499761305602e-05 7.961807666072086963e-07
2.927300993567130672e-05 8.286599607401939525e-07
2.970124932700842990e-05 0.000000000000000000e+00
3.013575349865669028e-05 1.797075113071233727e-06
3.057661409905651831e-05 0.000000000000000000e+00
3.102392411738757062e-05 0.000000000000000000e+00
3.147777790318254023e-05 2.618154460562376257e-06
3.193827118622811437e-05 0.000000000000000000e+00
3.240550109675684740e-05 8.527807821094079319e-07
3.287956618593440767e-05 1.769456720784502729e-06
3.336056644664672153e-05 1.693663308886751880e-06
3.384860333459122246e-05 1.691207789521826494e-06
3.434377978967633887e-05 1.511870158997019866e-06
3.484620025773432989e-05 0.000000000000000000e+00
3.535597071255176533e-05 0.000000000000000000e+00
3.587319867822214914e-05 0.000000000000000000e+00
3.639799325182551120e-05 1.664182402297429261e-06
3.693046512643996819e-05 8.444433940286419821e-07
3.747072661448980061e-05 7.674851036582532548e-07
3.801889167143510757e-05 0.000000000000000000e+00
3.857507591980808783e-05 8.885138972740570417e-07
3.913939667360083957e-05 0.000000000000000000e+00
3.971197296301003197e-05 8.841652913609476585e-07
4.029292555954340905e-05 0.000000000000000000e+00
4.088237700149384478e-05 2.572687363334457689e-06
4.148045161978584190e-05 7.788755157888411287e-07
4.208727556420020056e-05 1.655397875323415478e-06
4.270297682998246060e-05 8.562852001309534693e-07
4.332768528484041656e-05 1.676526718876176490e-06
4.396153269633657363e-05 2.646607694529163882e-06
4.460465275968148065e-05 3.507414612865442930e-06
4.525718112593374049e-05 1.679980509557972504e-06
4.591925543061214606e-05 1.637522756770199601e-06
4.659101532272679944e-05 2.512982666932982575e-06
4.727260249423485881e-05 1.680708179184431238e-06
4.796416070992705924e-05 1.717975682289142097e-06
4.866583583775139729e-05 0.000000000000000000e+00
4.937777587958068129e-05 1.607168655782745214e-06
5.010013100243003903e-05 8.090561115849656594e-07
5.083305357013104394e-05 9.420907749770319005e-07
5.157669817546942586e-05 2.494894177358457971e-06
5.233122167279269528e-05 5.025837416458999962e-06
5.309678321109477598e-05 2.523127145907808549e-06
5.387354426758486257e-05 7.971331047257592980e-07
5.466166868174736750e-05 1.844731427382348836e-06
5.546132268989970656e-05 1.709490225372034141e-06
5.627267496025611541e-05 1.647519265579279486e-06
5.709589662850433445e-05 2.622665509797997396e-06
5.793116133390256831e-05 1.655820113067102903e-06
5.877864525590445873e-05 4.717793082448526880e-06
5.963852715132014786e-05 4.425147270266689110e-06
6.051098839202098770e-05 5.384081872288826518e-06
6.139621300319531559e-05 4.548073992418901219e-06
6.229438770216440984e-05 6.165631997993838811e-06
6.320570193776625569e-05 5.744282319837574261e-06
6.413034793031522577e-05 4.313010761887192057e-06
6.506852071214624727e-05 2.422014865611923587e-06
6.602041816875254946e-05 2.260268054742813733e-06
6.698624108052483167e-05 0.000000000000000000e+00
6.796619316510112173e-05 4.230209146537021957e-06
6.896048112033645924e-05 3.323807953232805095e-06
6.996931466790075197e-05 2.550291399334990302e-06
7.099290659751453627e-05 4.311385925417254786e-06
7.203147281183210093e-05 1.602207474135383705e-06
7.308523237198127171e-05 3.920053122123729440e-06
7.415440754376880113e-05 2.560456961000847807e-06
7.523922384456230034e-05 1.762321477662920097e-06
7.633991009085798322e-05 3.427390322797322533e-06
7.745669844654403443e-05 8.955087410831611543e-07
7.858982447186987452e-05 3.449886505708879185e-06
7.973952717313235366e-05 5.168095655595471497e-06
8.090604905308844213e-05 2.739929058340691020e-06
8.208963616210531388e-05 5.681880201338086678e-06
8.329053815005926136e-05 3.612248820018215415e-06
8.450900831899321307e-05 8.335459493310358361e-06
8.574530367654471233e-05 3.348128586973274642e-06
8.699968499015579544e-05 7.829198715521787580e-06
8.827241684207600455e-05 1.508520596647305757e-06
8.956376768516928206e-05 6.064268173008912655e-06
9.087400989953808253e-05 6.880099298790344619e-06
9.220341984997565236e-05 6.803313042910724135e-06
9.355227794425856618e-05 9.540753899839498530e-06
9.492086869229200176e-05 3.418091339553248427e-06
9.630948076612052004e-05 5.081480755416592122e-06
9.771840706081696753e-05 7.823201342584893943e-06
9.914794475626126477e-05 4.731232053097814336e-06
1.005983953798237853e-04 6.760078351671531752e-06
1.020700648699655904e-04 9.802928983197693662e-06
1.035632636407687597e-04 9.456142338127247252e-06
1.050783066474109812e-04 1.159589093945104300e-05
1.066155134525979928e-04 8.203762737723616809e-06
1.081752082939678623e-04 1.333960041576824159e-05
1.097577201524810103e-04 1.220617618133062577e-05
1.113633828218114799e-04 8.936070977211496447e-06
1.129925349787524514e-04 1.051680680192596821e-05
1.146455202546524122e-04 1.090922439255705636e-05
1.163226873078960100e-04 5.771601097534798810e-06
1.180243898974451611e-04 1.210857461154565345e-05
1.197509869574565813e-04 9.285636747602407374e-06
1.215028426729902278e-04 9.251939988829090345e-06
1.232803265568256602e-04 1.823594074228252949e-05
1.250838135274020277e-04 1.535270025039383161e-05
1.269136839878983120e-04 1.560576479354570714e-05
1.287703239064704949e-04 1.489157539341165702e-05
1.306541248976624296e-04 1.664962307946205836e-05
1.325654843050077343e-04 1.977976263134236605e-05
1.345048052848400299e-04 9.572993762740328503e-06
1.364724968913292474e-04 1.623901117084254573e-05
1.384689741627621927e-04 1.384254118944391837e-05
1.404946582090848791e-04 1.467830168270852918e-05
1.425499763007259256e-04 1.772333816150456910e-05
1.446353619587192093e-04 2.031734777270936164e-05
1.467512550461446904e-04 1.999104402874825339e-05
1.488981018609075767e-04 1.202896487856100539e-05
1.510763552298740415e-04 1.790981440882710374e-05
1.532864746043846919e-04 1.860207747437059680e-05
1.555289261571648411e-04 2.082409635331690216e-05
1.578041828806525388e-04 1.386047659289166682e-05
1.601127246867655807e-04 1.892634048234307932e-05
1.624550385081275565e-04 2.933816215254899306e-05
1.648316184007743760e-04 2.619086663386128747e-05
1.672429656483644480e-04 2.730296775375890803e-05
1.696895888679122988e-04 2.318567422417959500e-05
1.721720041170694284e-04 2.024064773014507974e-05
1.746907350029746578e-04 2.563163823542564617e-05
1.772463127926964107e-04 1.702182437324889939e-05
1.798392765252914858e-04 2.083244595037628320e-05
1.824701731255023301e-04 2.530851285626478257e-05
1.851395575191181560e-04 3.258243432622253690e-05
1.878479927500234016e-04 3.439151698276751191e-05
1.905960500989583640e-04 2.398113076220474420e-05
1.933843092040179166e-04 3.185332109366808092e-05
1.962133581829122986e-04 3.670041123130639039e-05
1.990837937570166219e-04 2.832350201990533483e-05
2.019962213772354674e-04 3.032208887131959034e-05
2.049512553517080502e-04 2.624279105816261601e-05
2.079495189753827666e-04 3.383848005780401179e-05
2.109916446614860312e-04 3.515338520068094343e-05
2.140782740749153025e-04 3.144972719194019201e-05
2.172100582675831029e-04 4.256146190216648678e-05
2.203876578157409004e-04 2.976712969166817963e-05
2.236117429593125589e-04 3.360635570615326284e-05
2.268829937432654382e-04 4.636185706602470352e-05
2.302021001610499618e-04 3.582438272960209466e-05
2.335697623001375500e-04 4.089589873752087448e-05
2.369866904896872481e-04 4.791343164977571038e-05
2.404536054503736029e-04 5.192801245846558939e-05
2.439712384464053064e-04 5.177840771291242016e-05
2.475403314397682953e-04 5.592627047905955948e-05
2.511616372467252397e-04 3.809859708409264484e-05
2.548359196966041608e-04 6.688384009891604101e-05
2.585639537929108195e-04 4.882727266805158135e-05
2.623465258767969681e-04 5.688663735426080303e-05
2.661844337929207853e-04 4.980814600133151636e-05
2.700784870577335392e-04 4.786894115933149562e-05
2.740295070302274432e-04 6.917327691327233819e-05
2.780383270851830317e-04 6.925898908016791308e-05
2.821057927889492317e-04 6.233765485197650122e-05
2.862327620777956505e-04 6.176730408589839547e-05
2.904201054388746463e-04 6.733805932393330989e-05
2.946687060938298270e-04 6.556900149984776715e-05
2.989794601850906614e-04 7.027506574496838923e-05
3.033532769648932068e-04 7.365252500522174301e-05
3.077910789870644693e-04 7.511710012566095572e-05
3.122938023016148465e-04 7.448091781591711761e-05
3.168623966521748672e-04 8.511916300957554681e-05
3.214978256763214920e-04 8.704875726123884700e-05
3.262010671088352832e-04 9.231618838294017618e-05
3.309731129879294278e-04 7.781269568420695767e-05
3.358149698644983172e-04 8.521861161208248180e-05
3.407276590144247153e-04 8.267862499516849008e-05
3.457122166539945761e-04 8.864107656734825352e-05
3.507696941584621721e-04 9.308412084066953443e-05
3.559011582838125906e-04 1.141395629670276631e-04
3.611076913917697336e-04 1.014301461691575302e-04
3.663903916780945468e-04 9.634696631961895622e-05
3.717503734042235672e-04 1.148570466741712841e-04
3.771887671322965234e-04 1.135967569969733806e-04
3.827067199636210743e-04 1.157010123775681365e-04
3.883053957806278109e-04 1.170231610185845276e-04
3.939859754923634438e-04 1.218168882465234671e-04
3.997496572835757900e-04 1.393794594925808336e-04
4.055976568674428710e-04 1.150061802646870374e-04
4.115312077419982194e-04 1.410339652348039936e-04
4.175515614503096931e-04 1.449116008670523848e-04
4.236599878444621044e-04 1.503779303904623590e-04
4.298577753534026991e-04 1.527619870519204598e-04
4.361462312547055922e-04 1.462645056692483167e-04
4.425266819503099677e-04 1.571253964323453224e-04
4.490004732462949798e-04 1.676754033427061276e-04
4.555689706367449152e-04 1.525813304860415499e-04
4.622335595917678795e-04 1.731337681658387019e-04
4.689956458497289947e-04 1.699269540085911049e-04
4.758566557137573587e-04 1.868661611793313252e-04
4.828180363525911688e-04 1.645981524882119025e-04
4.898812561058241101e-04 1.864510341844764242e-04
4.970478047936164332e-04 1.913775007674347695e-04
5.043191940309384863e-04 1.926317029462675391e-04
5.116969575464099624e-04 1.910588112988957123e-04
5.191826515058036015e-04 2.161323101564449709e-04
5.267778548402823023e-04 2.202000612235241743e-04
5.344841695794364314e-04 2.413571326820621824e-04
5.423032211891959213e-04 2.581649365650105668e-04
5.502366589146830784e-04 2.821005655313783725e-04
5.582861561280821026e-04 2.540614538893675302e-04
5.664534106815980689e-04 2.462707252081127308e-04
5.747401452655780119e-04 2.710519168674893381e-04
5.831481077718731528e-04 2.685052126281646870e-04
5.916790716625150177e-04 2.852713711944741652e-04
6.003348363437854612e-04 2.930857284138584226e-04
6.091172275457593099e-04 2.912499632670154581e-04
6.180280977073986624e-04 3.212643735545792295e-04
6.270693263672821134e-04 3.536869446083751095e-04
6.362428205600491327e-04 3.411608212392667149e-04
6.455505152186439503e-04 3.401339288656970365e-04
6.549943735824441653e-04 3.685786406975841189e-04
6.645763876113594060e-04 3.703008049871652527e-04
6.742985784059895953e-04 3.531046422229168003e-04
6.841629966339280410e-04 3.643953460299337614e-04
6.941717229623012905e-04 3.979813738456126123e-04
7.043268684966375818e-04 3.920811228053778076e-04
7.146305752261537716e-04 4.386992073951434534e-04
7.250850164755591855e-04 4.382190968089502334e-04
7.356923973634661631e-04 4.531422818420651681e-04
7.464549552675084527e-04 4.522132738049117694e-04
7.573749602962638432e-04 4.611048220387929880e-04
7.684547157680783917e-04 4.744627139711044992e-04
7.796965586969000200e-04 4.923682667896904638e-04
7.911028602852150432e-04 5.266651171622131452e-04
8.026760264241967037e-04 5.139379681538501759e-04
8.144184982011735876e-04 5.113701526965943331e-04
8.263327524145182117e-04 5.457863952092511031e-04
8.384213020960696238e-04 6.012652368146573180e-04
8.506866970411987609e-04 5.679914331698520964e-04
8.631315243466263941e-04 6.331604942867026216e-04
8.757584089561128160e-04 5.764181166323363668e-04
8.885700142141259548e-04 6.290439011276011691e-04
9.015690424276124899e-04 6.719511126990595617e-04
9.147582354359855934e-04 6.812816657254205889e-04
9.281403751894502958e-04 6.755341001898112954e-04
9.417182843357926750e-04 7.428288481716127612e-04
9.554948268157498550e-04 7.760895123999397415e-04
9.694729084670909193e-04 7.914367367727873819e-04
9.836554776375358057e-04 8.084090250847681975e-04
9.980455258066377351e-04 8.443607419967432900e-04
1.012646088216768818e-03 8.051218570873928167e-04
1.027460244513331029e-03 8.338907412817611262e-04
1.042491119394335121e-03 8.681517331586783561e-04
1.057741883269483008e-03 8.921266171729749740e-04
1.073215752928889568e-03 9.285810942629877610e-04
1.088915992221590676e-03 9.073733155809998643e-04
1.104845912743975152e-03 9.766852330679964660e-04
1.121008874538287218e-03 1.018365605021738247e-03
1.137408286801349505e-03 1.031396080474169825e-03
1.154047608603650608e-03 1.050491620865671560e-03
1.170930349618958498e-03 1.096691334170448156e-03
1.188060070864600760e-03 1.125848009010095227e-03
1.205440385452578823e-03 1.199309188203395759e-03
1.223074959351669062e-03 1.252348717137292174e-03
1.240967512160670149e-03 1.251012240853055079e-03
1.259121817892969479e-03 1.329220846217390095e-03
1.277541705772578928e-03 1.338863511536510231e-03
1.296231061041821023e-03 1.372850616782429712e-03
1.315193825780830526e-03 1.413368969910112427e-03
1.334433999739039704e-03 1.482055746199923167e-03
1.353955641178836806e-03 1.478590925972284205e-03
1.373762867731557558e-03 1.584845467252105804e-03
1.393859857266002006e-03 1.524786426226495701e-03
1.414250848769661902e-03 1.674119587864535217e-03
1.434940143242830791e-03 1.657209990262943460e-03
1.455932104605802378e-03 1.744743145318723406e-03
1.477231160619335180e-03 1.728963478265641961e-03
1.498841803818583198e-03 1.817296956684977911e-03
1.520768592460694252e-03 1.919812355169819677e-03
1.543016151486264424e-03 1.930530429590086557e-03
1.565589173494862183e-03 2.016408793539448043e-03
1.588492419734820627e-03 2.036608689868817535e-03
1.611730721107509446e-03 2.045859358007933327e-03
1.635308979186304770e-03 2.152407548362675425e-03
1.659232167250456391e-03 2.195232181176979755e-03
1.683505331334086540e-03 2.266098060021172738e-03
1.708133591290531429e-03 2.337440886040993704e-03
1.733122141872251928e-03 2.469877962414007960e-03
1.758476253826548024e-03 2.439391692917154165e-03
1.784201275007297766e-03 2.612748379075761906e-03
1.810302631502959912e-03 2.635037998402805972e-03
1.836785828781082024e-03 2.721307784194194022e-03
1.863656452849546050e-03 2.877219667140602614e-03
1.890920171434809418e-03 2.832210530454966780e-03
1.918582735177376281e-03 2.966342756836302681e-03
1.946649978844760404e-03 2.961526757493223444e-03
1.975127822562192971e-03 3.181079784867224015e-03
2.004022273061330760e-03 3.212033438861273699e-03
2.033339424947239182e-03 3.324095314385371903e-03
2.063085461983904783e-03 3.435653144828173643e-03
2.093266658398552568e-03 3.541562899329390307e-03
2.123889380205049200e-03 3.616879131795340627e-03
2.154960086546662233e-03 3.854092009086128919e-03
2.186485331058465528e-03 3.960438068116083239e-03
2.218471763249677507e-03 4.067918161578002942e-03
2.250926129906210237e-03 4.104396460345849720e-03
2.283855276513755035e-03 4.178704150625557265e-03
2.317266148701670452e-03 4.353650349312620203e-03
2.351165793708002646e-03 4.440562697651846344e-03
2.385561361865933504e-03 4.574192539831767323e-03
2.420460108111972646e-03 4.638374322593149905e-03
2.455869393516222493e-03 4.991642446019714345e-03
2.491796686835016060e-03 5.008730907451440680e-03
2.528249566086279189e-03 5.252055501567412868e-03
2.565235720147935120e-03 5.210163580039446456e-03
2.602762950379688793e-03 5.586246191642207752e-03
2.640839172268547377e-03 5.713397034004396788e-03
2.679472417098398805e-03 5.754585870883219267e-03
2.718670833644028229e-03 6.062324740553690430e-03
2.758442689889907193e-03 5.958746983348040156e-03
2.798796374774128060e-03 6.335931929881894950e-03
2.839740399957860553e-03 6.440098748595354111e-03
2.881283401620680397e-03 6.849395978553959527e-03
2.923434142282172084e-03 6.945957361228155894e-03
2.966201512650174822e-03 7.064554068718047544e-03
3.009594533496064584e-03 7.296595142110774007e-03
3.053622357557481213e-03 7.613505218528217669e-03
3.098294271468879195e-03 7.765649533719182901e-03
3.143619697720323632e-03 8.077543777085974958e-03
3.189608196644948181e-03 8.157701304691523589e-03
3.236269468435472654e-03 8.492839164162236179e-03
3.283613355190242132e-03 8.818493236497108520e-03
3.331649842989180092e-03 9.167460517661527031e-03
3.380389064000117842e-03 9.129386609828045451e-03
3.429841298615938713e-03 9.537704803432063214e-03
3.480016977622979804e-03 9.811796722004080887e-03
3.530926684401169621e-03 1.029425422661389353e-02
3.582581157156337903e-03 1.030110726444914172e-02
3.634991291185188551e-03 1.070224484736635555e-02
3.688168141173409249e-03 1.091788931123375238e-02
3.742122923527388314e-03 1.140305586389677057e-02
3.796867018740064399e-03 1.156166160898544105e-02
3.852411973791368318e-03 1.211108320495093114e-02
3.908769504583781314e-03 1.236525628815365006e-02
3.965951498413539285e-03 1.276731955936828873e-02
4.023970016477973477e-03 1.313373380321535694e-02
4.082837296419535369e-03 1.339562440559617998e-02
4.142565754907045691e-03 1.383776597556451299e-02
4.203167990254684516e-03 1.427446299964587814e-02
4.264656785079329153e-03 1.459857888287221031e-02
4.327045108996732496e-03 1.512433246667341247e-02
4.390346121357163733e-03 1.552392554975650166e-02
4.454573174021066520e-03 1.613673045624173380e-02
4.519739814175307083e-03 1.646709780818849875e-02
4.585859787190652362e-03 1.701497404276781228e-02
4.652947039521022898e-03 1.751726593648748886e-02
4.721015721645172719e-03 1.800335968947805454e-02
4.790080191051398172e-03 1.849437339332380553e-02
4.860155015265908013e-03 1.891627016562366995e-02
4.931254974925513949e-03 1.944360939244293637e-02
5.003395066895245311e-03 2.027379634051613283e-02
5.076590507431592153e-03 2.074760496368397225e-02
5.150856735392015176e-03 2.126136347035429905e-02
5.226209415491405927e-03 2.176750663670970476e-02
5.302664441606197258e-03 2.286466888359253713e-02
5.380237940126798846e-03 2.325500093159239140e-02
5.458946273359080274e-03 2.391210302133132265e-02
5.538806042975618141e-03 2.457129830513597041e-02
5.619834093517418402e-03 2.538021733337606292e-02
5.702047515946887662e-03 2.587567000819761612e-02
5.785463651252769832e-03 2.669051336706342384e-02
5.870100094107807975e-03 2.778817812720716859e-02
5.955974696579945799e-03 2.837078822907716444e-02
6.043105571897777403e-03 2.906543103430077324e-02
6.131511098271129161e-03 2.980499324837908651e-02
6.221209922767501413e-03 3.110203561568723046e-02
6.312220965245229562e-03 3.178954406232584878e-02
6.404563422344185068e-03 3.281847855969784872e-02
6.498256771534847293e-03 3.367887236899830272e-02
6.593320775226632624e-03 3.475313821147760218e-02
6.689775484936302287e-03 3.557973502882558897e-02
6.787641245517349146e-03 3.703903291864874686e-02
6.886938699451285520e-03 3.807359988044586169e-02
6.987688791201676804e-03 3.926531835713299723e-02
7.089912771631883687e-03 3.984141375058074253e-02
7.193632202487441896e-03 4.130262560126934934e-02
7.298868960943985865e-03 4.212973641430412669e-02
7.405645244221747622e-03 4.369001239350584626e-02
7.513983574267524279e-03 4.498172693637536579e-02
7.623906802505158418e-03 4.605808989207006710e-02
7.735438114655511510e-03 4.706894760664508126e-02
7.848601035626932149e-03 4.873575691125021231e-02
7.963419434477297248e-03 5.011142617774100999e-02
8.079917529448633201e-03 5.142574650024311911e-02
8.198119893075363901e-03 5.293276449532711286e-02
8.318051457367329690e-03 5.461939828973040589e-02
8.439737519068589433e-03 5.619858467561010540e-02
8.563203744993197475e-03 5.790862948111262509e-02
8.688476177438994585e-03 5.935357707322266863e-02
8.815581239680625458e-03 6.114157332353701430e-02
8.944545741542919010e-03 6.296060853552133685e-02
9.075396885055757312e-03 6.453879947276433549e-02
9.208162270191742882e-03 6.615059394204483856e-02
9.342869900687746781e-03 6.823891578956883808e-02
9.479548189951631648e-03 7.021315473527349471e-02
9.618225967055414258e-03 7.233513078595871226e-02
9.758932482816042031e-03 7.420299391191090277e-02
9.901697415965211163e-03 7.622978685983070046e-02
1.004655087940936609e-02 7.833090301070572137e-02
1.019352342658132529e-02 8.045042605270612268e-02
1.034264605788479466e-02 8.278285779757704743e-02
1.049395022723317167e-02 8.559358061955456287e-02
1.064746784868404739e-02 8.746116552061265759e-02
1.080323130317069162e-02 9.020803076753441951e-02
1.096127344533204089e-02 9.279891849215772537e-02
1.112162761044262552e-02 9.502288405604501775e-02
1.128432762144389832e-02 9.792274568010607416e-02
1.144940779607831957e-02 1.006368112735077786e-01
1.161690295412791743e-02 1.034150090422905760e-01
1.178684842475873247e-02 1.064346004938125922e-01
1.195928005397260338e-02 1.096381870878124637e-01
1.213423421216807546e-02 1.125499375266583169e-01
1.231174780181190642e-02 1.149482598332690203e-01
1.249185826522275326e-02 1.187309465756345300e-01
1.267460359246871601e-02 1.208329192282993625e-01
1.286002232938048169e-02 1.245699786079336735e-01
1.304815358568169395e-02 1.282017595246810471e-01
1.323903704323815475e-02 1.324242384503921677e-01
1.343271296442782523e-02 1.356007301582108637e-01
1.362922220063325987e-02 1.390775820519569994e-01
1.382860620085816714e-02 1.428546053985286779e-01
1.403090702047014339e-02 1.467572459169553256e-01
1.423616733007130805e-02 1.509855592435108418e-01
1.444443042449857981e-02 1.541188022724184759e-01
1.465574023195573977e-02 1.591824856367219099e-01
1.487014132327909091e-02 1.631752842847956630e-01
1.508767892133859936e-02 1.669891001116110274e-01
1.530839891057655597e-02 1.713986232204040006e-01
1.553234784668586221e-02 1.760120923092646505e-01
1.575957296642989391e-02 1.810859615361782859e-01
1.599012219760591325e-02 1.855676559579063911e-01
1.622404416915432246e-02 1.896797151847857688e-01
1.646138822141588604e-02 1.953725147701540765e-01
1.670220441653878785e-02 2.006615710069072356e-01
1.694654354903812193e-02 2.051007458942884776e-01
1.719445715650983614e-02 2.109116617344806710e-01
1.744599753050134552e-02 2.154018130064403735e-01
1.770121772754117140e-02 2.211928674511673687e-01
1.796017158032999633e-02 2.270781785684536924e-01
1.822291370909545627e-02 2.326870892851585770e-01
1.848949953311290750e-02 2.377846977380916049e-01
1.875998528239484348e-02 2.447099379108377271e-01
1.903442800955138653e-02 2.503706808867488531e-01
1.931288560182404385e-02 2.566177275218682330e-01
1.959541679329573904e-02 2.631975699657402301e-01
1.988208117727942315e-02 2.689486271643418691e-01
2.017293921888785313e-02 2.754133950729252822e-01
2.046805226778721648e-02 2.815846150758196109e-01
2.076748257113746748e-02 2.877321078827990153e-01
2.107129328672195656e-02 2.958409747335136175e-01
2.137954849626895817e-02 3.022243329294454495e-01
2.169231321896825798e-02 3.084709148856147332e-01
2.200965342518549500e-02 3.158480074513499991e-01
2.233163605037693372e-02 3.225598363531447799e-01
2.265832900920797255e-02 3.300734188708948635e-01
2.298980120987820924e-02 3.386059082909151363e-01
2.332612256865596728e-02 3.453260646995446326e-01
2.366736402462540564e-02 3.543320364710481063e-01
2.401359755464953921e-02 3.611514823869224622e-01
2.436489618855210842e-02 3.684758810964114950e-01
2.472133402452138251e-02 3.762124707031100357e-01
2.508298624473948024e-02 3.849160386471689455e-01
2.544992913124037581e-02 3.937743988598321199e-01
2.582224008199964643e-02 3.999842681063182082e-01
2.619999762725981618e-02 4.082738463664394302e-01
2.658328144609457128e-02 4.175371694167939185e-01
2.697217238321500399e-02 4.251852150392082530e-01
2.736675246602199296e-02 4.347936841397618823e-01
2.776710492190802293e-02 4.411941152126032106e-01
2.817331419581196525e-02 4.495843249243328121e-01
2.858546596803071549e-02 4.593448860948062817e-01
2.900364717229148709e-02 4.667888564077970481e-01
2.942794601408853586e-02 4.761198253553165505e-01
2.985845198928783334e-02 4.831725420038289198e-01
3.029525590300423746e-02 4.918582770243386526e-01
3.073844988875476525e-02 5.017819118449566851e-01
3.118812742789181178e-02 5.087768822096767618e-01
3.164438336932094697e-02 5.184637037651417257e-01
3.210731394950710332e-02 5.249246211200497836e-01
3.257701681277337669e-02 5.350375457393102829e-01
3.305359103189667302e-02 5.411857237718243896e-01
3.353713712900491944e-02 5.508248338095727004e-01
3.402775709677986760e-02 5.584340622962246092e-01
3.452555441996989216e-02 5.664437623419315004e-01
3.503063409721780125e-02 5.758128721532509431e-01
3.554310266320785672e-02 5.825364345960930557e-01
3.606306821113659800e-02 5.906600133265895725e-01
3.659064041551268742e-02 5.977351812365655492e-01
3.712593055529017638e-02 6.043304497400969755e-01
3.766905153734019518e-02 6.108861779965452099e-01
3.822011792026586141e-02 6.181117189245226573e-01
3.877924593856579838e-02 6.245467262601751557e-01
3.934655352715126647e-02 6.327422661776741508e-01
3.992216034622142473e-02 6.384935384950247705e-01
4.050618780650300232e-02 6.423608303993403323e-01
4.109875909485918161e-02 6.498838605239249944e-01
4.169999920027268880e-02 6.549469577203382853e-01
4.231003494020939976e-02 6.604567036552918546e-01
4.292899498736767183e-02 6.633007054777646516e-01
4.355700989681852986e-02 6.676290206983123143e-01
4.419421213354333272e-02 6.724830674720004842e-01
4.484073610037424273e-02 6.757928033564262194e-01
4.549671816634325017e-02 6.792345478171590845e-01
4.616229669544590075e-02 6.798831144697194961e-01
4.683761207582605446e-02 6.841788115070515097e-01
4.752280674938759442e-02 6.846906126605907250e-01
4.821802524183890076e-02 6.864506414797038047e-01
4.892341419317729201e-02 6.864443892343587983e-01
4.963912238861947074e-02 6.872354774414899392e-01
5.036530078998391335e-02 6.871111266810978613e-01
5.110210256753291991e-02 6.861758451870823006e-01
5.184968313228033310e-02 6.854094071486931394e-01
5.260820016877179595e-02 6.836365998906602792e-01
5.337781366834442459e-02 6.801300902946570970e-01
5.415868596287337633e-02 6.769932374812366316e-01
5.495098175901209220e-02 6.742662726977005638e-01
5.575486817293295871e-02 6.717566742755599618e-01
5.657051476557670155e-02 6.644964203358202370e-01
5.739809357841744314e-02 6.610092770162478981e-01
5.823777916975050178e-02 6.542117126794622095e-01
5.908974865151148115e-02 6.479190982725381298e-01
5.995418172663402601e-02 6.417028907139387117e-01
6.083126072695378000e-02 6.336790487889486512e-01
6.172117065166692756e-02 6.265203193818905669e-01
6.262409920635149396e-02 6.181640284259934948e-01
6.354023684255963311e-02 6.082890747899122319e-01
6.446977679798857053e-02 6.001009876238435625e-01
6.541291513723962447e-02 5.904989197579223470e-01
6.636985079317377079e-02 5.795383705135508379e-01
6.734078560887135634e-02 5.703474069966040227e-01
6.832592438020634873e-02 5.581467060917550960e-01
6.932547489904344884e-02 5.473385050348636982e-01
7.033964799706662885e-02 5.343594440436943982e-01
7.136865759024910161e-02 5.234667924441799292e-01
7.241272072397386683e-02 5.104939845853906366e-01
7.347205761881472896e-02 4.967072828247353633e-01
7.454689171698605787e-02 4.835268291586876099e-01
7.563744972947292200e-02 4.707226937323388816e-01
7.674396168385075323e-02 4.582851122993364390e-01
7.786666097280373067e-02 4.434292437288409605e-01
7.900578440335370711e-02 4.291948608401179865e-01
8.016157224680930948e-02 4.143607846271021300e-01
8.133426828944512188e-02 3.997713330044093127e-01
8.252411988392280295e-02 3.861767188643689952e-01
8.373137800146458753e-02 3.713127784253592578e-01
8.495629728478951148e-02 3.579323279436971150e-01
8.619913610182416974e-02 3.437295608197822872e-01
8.746015660019958171e-02 3.307341476270122538e-01
8.873962476254521059e-02 3.168110226122302087e-01
9.003781046259135001e-02 3.013986332645481325e-01
9.135498752209281204e-02 2.877040942717220551e-01
9.269143376858551830e-02 2.741566479232505626e-01
9.404743109398709666e-02 2.607159062871598487e-01
9.542326551405566626e-02 2.479247871475879494e-01
9.681922722871832976e-02 2.359634770279317451e-01
9.823561068328180712e-02 2.229278159578350071e-01
9.967271463053854752e-02 2.103477178657919555e-01
1.011308421937818502e-01 1.992244866736787856e-01
1.026103009307428732e-01 1.883074155288131657e-01
1.041114028984620882e-01 1.765970876557197977e-01
1.056344647191106989e-01 1.670146205492540337e-01
1.071798076467749272e-01 1.559721019442556478e-01
1.087477576352164632e-01 1.463855251606088481e-01
1.103386454066249411e-01 1.366602667120534187e-01
1.119528065213763607e-01 1.273937917490745031e-01
1.135905814488113175e-01 1.182553226275309399e-01
1.152523156390488634e-01 1.100111622559208358e-01
1.169383595958513322e-01 1.031844947307206939e-01
1.186490689505550755e-01 9.489156802196267726e-02
1.203848045370820297e-01 8.815126773734688337e-02
1.221459324680493619e-01 8.126199899757871603e-02
1.239328242119927120e-01 7.493768360155429742e-02
1.257458566717180592e-01 6.827137316815086454e-02
1.275854122638007682e-01 6.296234377842933883e-02
1.294518789992479824e-01 5.784728652604725213e-02
1.313456505653393669e-01 5.253991717246490195e-02
1.332671264086667806e-01 4.793598158026565054e-02
1.352167118193882689e-01 4.338157644606110974e-02
1.371948180167144593e-01 3.972976430972213063e-02
1.392018622356449853e-01 3.587244620297337649e-02
1.412382678149749493e-01 3.212478709619755873e-02
1.433044642865885510e-01 2.903277696062559268e-02
1.454008874660580042e-01 2.614874434764251007e-02
1.475279795445689213e-01 2.348987953876859047e-02
1.496861891821906210e-01 2.095454420494115635e-02
1.518759716025095408e-01 1.895184620480088247e-02
1.540977886886484571e-01 1.688864157689111758e-02
1.563521090806899994e-01 1.516552464639081901e-02
1.586394082745251621e-01 1.331210698194348549e-02
1.609601687221475785e-01 1.184753061428030912e-02
1.633148799334157020e-01 1.048338717342665177e-02
1.657040385793039361e-01 9.341436269892417280e-03
1.681281485966627243e-01 8.201811024104081402e-03
1.705877212945126620e-01 7.282337152742061892e-03
1.730832754618936153e-01 6.208958601570525697e-03
1.756153374772900788e-01 5.364363418993787179e-03
1.781844414196588344e-01 4.700429837410823736e-03
1.807911291810806731e-01 4.091313289105359512e-03
1.834359505810595203e-01 3.532466979607231002e-03
1.861194634824935024e-01 3.078061509221363418e-03
1.888422339093434044e-01 2.569552927239847091e-03
1.916048361660226684e-01 2.239361970486321556e-03
1.944078529585322457e-01 1.876451587709067510e-03
1.972518755173693905e-01 1.617773059720184611e-03
2.001375037222342945e-01 1.350778508357525307e-03
2.030653462285595678e-01 1.160613257776836778e-03
2.060360205958922664e-01 9.732263556449471898e-04
2.090501534181542498e-01 8.239085254508538752e-04
2.121083804558061281e-01 6.393622629158765515e-04
2.152113467699467153e-01 5.481838728188523965e-04
2.183597068583738310e-01 4.745784168965096325e-04
2.215541247936348435e-01 3.710030790418559717e-04
2.247952743630967642e-01 3.281876174369838858e-04
2.280838392110661195e-01 2.867090886134541486e-04
2.314205129829886298e-01 2.305608561026939863e-04
2.348059994717557053e-01 1.854383937010558691e-04
2.382410127661539478e-01 1.717606353963221954e-04
2.417262774014859450e-01 1.497133150511816165e-04
2.452625285123926357e-01 1.111246594776381364e-04
2.488505119879133587e-01 8.504776966894252621e-05
2.524909846288141413e-01 6.299247086603451359e-05
2.561847143072163990e-01 5.261363592750346548e-05
2.599324801285612385e-01 4.107222574699117125e-05
2.637350725959437536e-01 3.946807890433398983e-05
2.675932937768518149e-01 2.569531897662895805e-05
2.715079574723419098e-01 1.589857417371612309e-05
2.754798893886922229e-01 1.806094878766648131e-05
2.795099273115665417e-01 1.480879203674206090e-05
2.835989212827238481e-01 1.376876967751497253e-05
2.877477337793156176e-01 1.020496476579279881e-05
2.919572398958056869e-01 8.010563151622459804e-06
2.962283275285499951e-01 7.044981546755488241e-06
3.005618975630770517e-01 4.737198497353624492e-06
3.049588640641094361e-01 4.637901532758881531e-06
3.094201544683645166e-01 1.894168597623527124e-06
3.139467097801742490e-01 2.892895292590850948e-06
3.185394847699682952e-01 2.754282936419382503e-06
3.231994481756618187e-01 1.722692674206478192e-06
3.279275829069857595e-01 1.558739883247023123e-06
3.327248862528096596e-01 1.075057177136424685e-06
3.375923700914967296e-01 3.002894262865251269e-07
3.425310611043355102e-01 6.596157460758409482e-07
3.475420009920930919e-01 2.682997800833315080e-07
3.526262466947382990e-01 8.416550396674018074e-07
3.577848706143795243e-01 2.088934438669701792e-07
3.630189608414602365e-01 9.268578888248026645e-07
3.683296213842673361e-01 4.629422438838118311e-07
3.737179724017970495e-01 5.332913851667277825e-08
3.791851504400235440e-01 4.933402897204949453e-07
3.847323086716280538e-01 0.000000000000000000e+00
3.903606171392344226e-01 0.000000000000000000e+00
3.960712630021998581e-01 8.225638574443050349e-07
4.018654507870196846e-01 4.987054448663377153e-07
4.077444026413942213e-01 0.000000000000000000e+00
4.137093585920117444e-01 0.000000000000000000e+00
4.197615768061020436e-01 2.501580493314250679e-07
4.259023338568176942e-01 2.661663381995240216e-07
4.321329249924989457e-01 2.481465814241281842e-07
4.384546644098730739e-01 2.477280697654398966e-07
4.448688855312545876e-01 0.000000000000000000e+00
4.513769412858005814e-01 2.408848284883329840e-07
4.579802043948769108e-01 0.000000000000000000e+00
4.646800676616025250e-01 0.000000000000000000e+00
4.714779442646297447e-01 0.000000000000000000e+00
4.783752680562199933e-01 0.000000000000000000e+00
4.853734938646802610e-01 0.000000000000000000e+00
4.924740978012259740e-01 0.000000000000000000e+00
4.996785775713332711e-01 0.000000000000000000e+00
5.069884527906421967e-01 0.000000000000000000e+00
5.144052653054848045e-01 0.000000000000000000e+00
5.219305795181032881e-01 0.000000000000000000e+00
5.295659827166210309e-01 0.000000000000000000e+00
5.373130854098444598e-01 1.712038875332701749e-07
5.451735216669637563e-01 0.000000000000000000e+00
5.531489494622203740e-01 0.000000000000000000e+00
5.612410510246160777e-01 0.000000000000000000e+00
5.694515331927409996e-01 0.000000000000000000e+00
5.777821277747927642e-01 0.000000000000000000e+00
5.862345919138574057e-01 0.000000000000000000e+00
5.948107084585388948e-01 0.000000000000000000e+00
6.035122863390113279e-01 0.000000000000000000e+00
6.123411609485660545e-01 0.000000000000000000e+00
6.212991945307471120e-01 0.000000000000000000e+00
6.303882765721491310e-01 0.000000000000000000e+00
6.396103242009565371e-01 0.000000000000000000e+00
6.489672825913188614e-01 0.000000000000000000e+00
6.584611253736400993e-01 0.000000000000000000e+00
6.680938550508692675e-01 0.000000000000000000e+00
6.778675034208790917e-01 0.000000000000000000e+00
6.877841320050279705e-01 0.000000000000000000e+00
6.978458324829910353e-01 0.000000000000000000e+00
7.080547271339473481e-01 0.000000000000000000e+00
7.184129692842258219e-01 0.000000000000000000e+00
7.289227437615020122e-01 0.000000000000000000e+00
7.395862673556312661e-01 0.000000000000000000e+00
7.504057892862305845e-01 0.000000000000000000e+00
7.613835916771003465e-01 0.000000000000000000e+00
7.725219900375829285e-01 0.000000000000000000e+00
7.838233337509639131e-01 0.000000000000000000e+00
7.952900065700201360e-01 0.000000000000000000e+00
8.069244271198189322e-01 0.000000000000000000e+00
8.187290494078659497e-01 0.000000000000000000e+00
8.307063633417219872e-01 0.000000000000000000e+00
8.428588952541931079e-01 0.000000000000000000e+00
8.551892084361969459e-01 0.000000000000000000e+00
8.676999036774298846e-01 0.000000000000000000e+00
8.803936198149451275e-01 0.000000000000000000e+00
8.932730342897515774e-01 0.000000000000000000e+00
9.063408637115548672e-01 0.000000000000000000e+00
9.195998644317645576e-01 0.000000000000000000e+00
9.330528331248839624e-01 0.000000000000000000e+00
9.467026073783977314e-01 0.000000000000000000e+00
9.605520662912966356e-01 0.000000000000000000e+00
9.746041310813593483e-01 0.000000000000000000e+00
9.888617657013079043e-01 0.000000000000000000e+00
1.003327977463987608e+00 0.000000000000000000e+00
1.018005817676691738e+00 0.000000000000000000e+00
1.032898382284756833e+00 0.000000000000000000e+00
1.048008812524582556e+00 0.000000000000000000e+00
1.063340295586204576e+00 0.000000000000000000e+00
1.078896065285554151e+00 0.000000000000000000e+00
1.094679402746554064e+00 0.000000000000000000e+00
1.110693637093196573e+00 0.000000000000000000e+00
1.126942146151747481e+00 0.000000000000000000e+00
1.143428357163212006e+00 0.000000000000000000e+00
1.160155747506234292e+00 0.000000000000000000e+00
1.177127845430572251e+00 0.000000000000000000e+00
1.194348230801292043e+00 0.000000000000000000e+00
1.211820535853858960e+00 0.000000000000000000e+00
1.229548445960276570e+00 0.000000000000000000e+00
1.247535700406424475e+00 0.000000000000000000e+00
1.265786093180771843e+00 0.000000000000000000e+00
1.284303473774632387e+00 0.000000000000000000e+00
1.303091747994127747e+00 0.000000000000000000e+00
1.322154878784016940e+00 0.000000000000000000e+00
1.341496887063592158e+00 0.000000000000000000e+00
1.361121852574798563e+00 0.000000000000000000e+00
1.381033914742754831e+00 0.000000000000000000e+00
1.401237273548869178e+00 0.000000000000000000e+00
1.421736190416730938e+00 0.000000000000000000e+00
1.442534989110953791e+00 0.000000000000000000e+00
1.463638056649171126e+00 0.000000000000000000e+00
1.485049844227375182e+00 0.000000000000000000e+00
1.506774868158797354e+00 0.000000000000000000e+00
1.528817710826510190e+00 0.000000000000000000e+00
1.551183021649976457e+00 0.000000000000000000e+00
1.573875518065741108e+00 0.000000000000000000e+00
1.596899986522452686e+00 0.000000000000000000e+00
1.620261283490457949e+00 0.000000000000000000e+00
1.643964336486162914e+00 0.000000000000000000e+00
1.668014145111373026e+00 0.000000000000000000e+00
1.692415782107839384e+00 0.000000000000000000e+00
1.717174394427236628e+00 0.000000000000000000e+00
1.742295204316796964e+00 0.000000000000000000e+00
1.767783510420810167e+00 0.000000000000000000e+00
1.793644688898253126e+00 0.000000000000000000e+00
1.819884194556769419e+00 0.000000000000000000e+00
1.846507562003222080e+00 0.000000000000000000e+00
1.873520406811094663e+00 0.000000000000000000e+00
1.900928426704969088e+00 0.000000000000000000e+00
1.928737402762316089e+00 0.000000000000000000e+00
1.956953200632883583e+00 0.000000000000000000e+00
1.985581771775920767e+00 0.000000000000000000e+00
