-4.982499999999999707e-01 0.000000000000000000e+00
-4.947500000000000231e-01 0.000000000000000000e+00
-4.912499999999999645e-01 0.000000000000000000e+00
-4.877500000000000169e-01 0.000000000000000000e+00
-4.842499999999999583e-01 0.000000000000000000e+00
-4.807500000000000107e-01 0.000000000000000000e+00
-4.772499999999999520e-01 0.000000000000000000e+00
-4.737500000000000044e-01 0.000000000000000000e+00
-4.702500000000000013e-01 0.000000000000000000e+00
-4.667499999999999982e-01 0.000000000000000000e+00
-4.632499999999999951e-01 0.000000000000000000e+00
-4.597499999999999920e-01 0.000000000000000000e+00
-4.562500000000000444e-01 0.000000000000000000e+00
-4.527499999999999858e-01 0.000000000000000000e+00
-4.492500000000000382e-01 0.000000000000000000e+00
-4.457499999999999796e-01 0.000000000000000000e+00
-4.422500000000000320e-01 0.000000000000000000e+00
-4.387499999999999734e-01 0.000000000000000000e+00
-4.352500000000000258e-01 0.000000000000000000e+00
-4.317499999999999671e-01 0.000000000000000000e+00
-4.282500000000000195e-01 0.000000000000000000e+00
-4.247499999999999609e-01 0.000000000000000000e+00
-4.212500000000000133e-01 0.000000000000000000e+00
-4.177499999999999547e-01 0.000000000000000000e+00
-4.142500000000000071e-01 0.000000000000000000e+00
-4.107500000000000040e-01 0.000000000000000000e+00
-4.072500000000000009e-01 0.000000000000000000e+00
-4.037499999999999978e-01 0.000000000000000000e+00
-4.002499999999999947e-01 0.000000000000000000e+00
-3.967499999999999916e-01 0.000000000000000000e+00
-3.932499999999999885e-01 0.000000000000000000e+00
-3.897500000000000409e-01 0.000000000000000000e+00
-3.862499999999999822e-01 0.000000000000000000e+00
-3.827500000000000346e-01 0.000000000000000000e+00
-3.792499999999999760e-01 0.000000000000000000e+00
-3.757500000000000284e-01 0.000000000000000000e+00
-3.722499999999999698e-01 0.000000000000000000e+00
-3.687500000000000222e-01 0.000000000000000000e+00
-3.652499999999999636e-01 0.000000000000000000e+00
-3.617500000000000160e-01 0.000000000000000000e+00
-3.582499999999999574e-01 0.000000000000000000e+00
-3.547500000000000098e-01 0.000000000000000000e+00
-3.512500000000000067e-01 0.000000000000000000e+00
-3.477500000000000036e-01 0.000000000000000000e+00
-3.442500000000000004e-01 0.000000000000000000e+00
-3.407499999999999973e-01 0.000000000000000000e+00
-3.372499999999999942e-01 0.000000000000000000e+00
-3.337499999999999911e-01 0.000000000000000000e+00
-3.302499999999999880e-01 0.000000000000000000e+00
-3.267499999999999849e-01 0.000000000000000000e+00
-3.232499999999999818e-01 0.000000000000000000e+00
-3.197499999999999787e-01 0.000000000000000000e+00
-3.162500000000000311e-01 0.000000000000000000e+00
-3.127499999999999725e-01 0.000000000000000000e+00
-3.092500000000000249e-01 0.000000000000000000e+00
-3.057499999999999662e-01 0.000000000000000000e+00
-3.022500000000000187e-01 0.000000000000000000e+00
-2.987499999999999600e-01 0.000000000000000000e+00
-2.952500000000000124e-01 0.000000000000000000e+00
-2.917500000000000093e-01 0.000000000000000000e+00
-2.882500000000000062e-01 0.000000000000000000e+00
-2.847500000000000031e-01 0.000000000000000000e+00
-2.812500000000000000e-01 0.000000000000000000e+00
-2.777499999999999969e-01 0.000000000000000000e+00
-2.742499999999999938e-01 0.000000000000000000e+00
-2.707499999999999907e-01 0.000000000000000000e+00
-2.672499999999999876e-01 0.000000000000000000e+00
-2.637499999999999845e-01 0.000000000000000000e+00
-2.602499999999999813e-01 0.000000000000000000e+00
-2.567500000000000338e-01 0.000000000000000000e+00
-2.532499999999999751e-01 0.000000000000000000e+00
-2.497499999999999998e-01 0.000000000000000000e+00
-2.462499999999999967e-01 0.000000000000000000e+00
-2.427499999999999936e-01 0.000000000000000000e+00
-2.392499999999999905e-01 0.000000000000000000e+00
-2.357499999999999873e-01 0.000000000000000000e+00
-2.322499999999999842e-01 0.000000000000000000e+00
-2.287499999999999811e-01 0.000000000000000000e+00
-2.252499999999999780e-01 0.000000000000000000e+00
-2.217499999999999749e-01 0.000000000000000000e+00
-2.182499999999999718e-01 0.000000000000000000e+00
-2.147499999999999687e-01 0.000000000000000000e+00
-2.112499999999999933e-01 0.000000000000000000e+00
-2.077500000000000180e-01 0.000000000000000000e+00
-2.042500000000000149e-01 0.000000000000000000e+00
-2.007500000000000118e-01 0.000000000000000000e+00
-1.972500000000000087e-01 0.000000000000000000e+00
-1.937500000000000056e-01 0.000000000000000000e+00
-1.902500000000000024e-01 0.000000000000000000e+00
-1.867499999999999993e-01 0.000000000000000000e+00
-1.832499999999999962e-01 0.000000000000000000e+00
-1.797499999999999931e-01 0.000000000000000000e+00
-1.762499999999999900e-01 0.000000000000000000e+00
-1.727499999999999869e-01 0.000000000000000000e+00
-1.692499999999999838e-01 0.000000000000000000e+00
-1.657499999999999807e-01 0.000000000000000000e+00
-1.622499999999999776e-01 0.000000000000000000e+00
-1.587499999999999745e-01 0.000000000000000000e+00
-1.552499999999999714e-01 0.000000000000000000e+00
-1.517499999999999682e-01 0.000000000000000000e+00
-1.482499999999999929e-01 0.000000000000000000e+00
-1.447500000000000175e-01 0.000000000000000000e+00
-1.412500000000000144e-01 0.000000000000000000e+00
-1.377500000000000113e-01 0.000000000000000000e+00
-1.342500000000000082e-01 0.000000000000000000e+00
-1.307500000000000051e-01 0.000000000000000000e+00
-1.272500000000000020e-01 0.000000000000000000e+00
-1.237499999999999989e-01 0.000000000000000000e+00
-1.202499999999999958e-01 0.000000000000000000e+00
-1.167499999999999927e-01 0.000000000000000000e+00
-1.132499999999999896e-01 0.000000000000000000e+00
-1.097499999999999865e-01 0.000000000000000000e+00
-1.062499999999999833e-01 0.000000000000000000e+00
-1.027499999999999802e-01 0.000000000000000000e+00
-9.924999999999997713e-02 0.000000000000000000e+00
-9.574999999999997402e-02 0.000000000000000000e+00
-9.224999999999997091e-02 0.000000000000000000e+00
-8.874999999999996780e-02 0.000000000000000000e+00
-8.524999999999999245e-02 0.000000000000000000e+00
-8.175000000000001710e-02 0.000000000000000000e+00
-7.825000000000001399e-02 0.000000000000000000e+00
-7.475000000000001088e-02 0.000000000000000000e+00
-7.125000000000000777e-02 0.000000000000000000e+00
-6.775000000000000466e-02 0.000000000000000000e+00
-6.425000000000000155e-02 0.000000000000000000e+00
-6.074999999999999845e-02 0.000000000000000000e+00
-5.724999999999999534e-02 5.924794822931289673e-04
-5.374999999999999223e-02 2.859810739755630493e-02
-5.024999999999998912e-02 2.645207345485687256e-01
-4.674999999999998601e-02 1.064454317092895508e+00
-4.324999999999998290e-02 2.719737768173217773e+00
-3.974999999999997979e-02 5.198573589324951172e+00
-3.624999999999997669e-02 8.199268341064453125e+00
-3.274999999999997358e-02 1.129859161376953125e+01
-2.924999999999997047e-02 1.410215663909912109e+01
-2.574999999999996736e-02 1.628835487365722656e+01
-2.224999999999996425e-02 1.774964714050292969e+01
-1.874999999999998890e-02 1.847529602050781250e+01
-1.525000000000001354e-02 1.852249145507812500e+01
-1.175000000000001044e-02 1.802697753906250000e+01
-8.250000000000007327e-03 1.712568283081054688e+01
-4.750000000000004219e-03 1.595307540893554688e+01
-1.249999999999973355e-03 1.460700702667236328e+01
2.250000000000029754e-03 1.321890640258789062e+01
5.750000000000032863e-03 1.181581401824951172e+01
9.250000000000035971e-03 1.047599315643310547e+01
1.274999999999998357e-02 9.224298477172851562e+00
1.624999999999998668e-02 8.070516586303710938e+00
1.974999999999998979e-02 7.040847301483154297e+00
2.324999999999999289e-02 6.113935947418212891e+00
2.674999999999999600e-02 5.294380187988281250e+00
3.024999999999999911e-02 4.575758457183837891e+00
3.375000000000000222e-02 3.948389530181884766e+00
3.725000000000000533e-02 3.402335405349731445e+00
4.075000000000000844e-02 2.938356161117553711e+00
4.425000000000001155e-02 2.533996582031250000e+00
4.775000000000001465e-02 2.182710409164428711e+00
5.125000000000001776e-02 1.887843489646911621e+00
5.475000000000002087e-02 1.629151582717895508e+00
5.825000000000002398e-02 1.411234378814697266e+00
6.175000000000002709e-02 1.225397706031799316e+00
6.525000000000003020e-02 1.061952114105224609e+00
6.875000000000003331e-02 9.241893291473388672e-01
7.225000000000003642e-02 8.070785999298095703e-01
7.575000000000003952e-02 7.005564570426940918e-01
7.924999999999998712e-02 6.139776110649108887e-01
8.274999999999999023e-02 5.370315313339233398e-01
8.624999999999999334e-02 4.714208841323852539e-01
8.974999999999999645e-02 4.156411886215209961e-01
9.324999999999999956e-02 3.659227192401885986e-01
9.675000000000000266e-02 3.237731158733367920e-01
1.002500000000000058e-01 2.867231667041778564e-01
1.037500000000000089e-01 2.550615966320037842e-01
1.072500000000000120e-01 2.267274111509323120e-01
1.107500000000000151e-01 1.996623128652572632e-01
1.142500000000000182e-01 1.796478778123855591e-01
1.177500000000000213e-01 1.593849211931228638e-01
1.212500000000000244e-01 1.434181481599807739e-01
1.247500000000000275e-01 1.276266872882843018e-01
1.282500000000000306e-01 1.137387081980705261e-01
1.317500000000000338e-01 1.022121906280517578e-01
1.352500000000000369e-01 9.108310937881469727e-02
1.387499999999999845e-01 8.402456343173980713e-02
1.422499999999999876e-01 7.526114583015441895e-02
1.457499999999999907e-01 6.785947084426879883e-02
1.492499999999999938e-01 6.200256571173667908e-02
1.527499999999999969e-01 5.634483695030212402e-02
1.562500000000000000e-01 5.102891474962234497e-02
1.597500000000000031e-01 4.637080430984497070e-02
1.632500000000000062e-01 4.285554960370063782e-02
1.667500000000000093e-01 3.824411705136299133e-02
1.702500000000000124e-01 3.549626842141151428e-02
1.737500000000000155e-01 3.241524100303649902e-02
1.772500000000000187e-01 2.961331605911254883e-02
1.807500000000000218e-01 2.775166369974613190e-02
1.842500000000000249e-01 2.486415393650531769e-02
1.877500000000000280e-01 2.330888994038105011e-02
1.912500000000000311e-01 2.155390381813049316e-02
1.947500000000000342e-01 2.001566439867019653e-02
1.982500000000000373e-01 1.837814226746559143e-02
2.017500000000000404e-01 1.653189584612846375e-02
2.052499999999999880e-01 1.551535911858081818e-02
2.087499999999999911e-01 1.408170536160469055e-02
2.122499999999999942e-01 1.292547024786472321e-02
2.157499999999999973e-01 1.190594304352998734e-02
2.192500000000000004e-01 1.105411164462566376e-02
2.227500000000000036e-01 1.012176554650068283e-02
2.262500000000000067e-01 9.353219531476497650e-03
2.297500000000000098e-01 8.515593595802783966e-03
2.332500000000000129e-01 7.978003472089767456e-03
2.367500000000000160e-01 7.428975775837898254e-03
2.402500000000000191e-01 6.703102961182594299e-03
2.437500000000000222e-01 6.309881340712308884e-03
2.472500000000000253e-01 5.973762832581996918e-03
2.507500000000000284e-01 5.447257775813341141e-03
2.542500000000000315e-01 4.941339138895273209e-03
2.577500000000000346e-01 4.793010652065277100e-03
2.612500000000000377e-01 4.399608820676803589e-03
2.647500000000000409e-01 4.161359742283821106e-03
2.682500000000000440e-01 3.908439073711633682e-03
2.717499999999999916e-01 3.663570852950215340e-03
2.752499999999999947e-01 3.290213644504547119e-03
2.787499999999999978e-01 3.120110835880041122e-03
2.822500000000000009e-01 2.954755676910281181e-03
2.857500000000000040e-01 2.712221583351492882e-03
2.892500000000000071e-01 2.545716241002082825e-03
2.927500000000000102e-01 2.417361130937933922e-03
2.962500000000000133e-01 2.212194958701729774e-03
2.997500000000000164e-01 2.104451414197683334e-03
3.032500000000000195e-01 2.025783760473132133e-03
3.067500000000000226e-01 1.860459335148334503e-03
3.102500000000000258e-01 1.686093513853847980e-03
3.137500000000000289e-01 1.585818361490964890e-03
3.172500000000000320e-01 1.503464765846729279e-03
3.207500000000000351e-01 1.397445215843617916e-03
3.242500000000000382e-01 1.388259348459541798e-03
3.277500000000000413e-01 1.302647753618657589e-03
3.312499999999999889e-01 1.209304784424602985e-03
3.347499999999999920e-01 1.120353816077113152e-03
3.382499999999999951e-01 1.103598857298493385e-03
3.417499999999999982e-01 9.582013590261340141e-04
3.452500000000000013e-01 9.469763608649373055e-04
3.487500000000000044e-01 8.893678896129131317e-04
3.522500000000000075e-01 8.293809369206428528e-04
3.557500000000000107e-01 7.831164984963834286e-04
3.592500000000000138e-01 7.815752178430557251e-04
3.627500000000000169e-01 7.344999467022716999e-04
3.662500000000000200e-01 7.326015038415789604e-04
3.697500000000000231e-01 6.452714442275464535e-04
3.732500000000000262e-01 6.421353900805115700e-04
3.767500000000000293e-01 6.327508017420768738e-04
3.802500000000000324e-01 5.593734094873070717e-04
3.837500000000000355e-01 5.492393393069505692e-04
3.872500000000000386e-01 4.925890825688838959e-04
3.907500000000000417e-01 4.275515384506434202e-04
3.942500000000000449e-01 4.618275852408260107e-04
3.977499999999999925e-01 4.394916759338229895e-04
4.012499999999999956e-01 3.953277773689478636e-04
4.047499999999999987e-01 3.696720232255756855e-04
4.082500000000000018e-01 3.753584751393646002e-04
4.117500000000000049e-01 4.067409608978778124e-04
4.152500000000000080e-01 3.045613120775669813e-04
4.187500000000000111e-01 3.419432905502617359e-04
4.222500000000000142e-01 3.378024266567081213e-04
4.257500000000000173e-01 2.657822333276271820e-04
4.292500000000000204e-01 2.909566683229058981e-04
4.327500000000000235e-01 2.681645855773240328e-04
4.362500000000000266e-01 2.759000344667583704e-04
4.397500000000000298e-01 2.738132607191801071e-04
4.432500000000000329e-01 2.623583714012056589e-04
4.467500000000000360e-01 2.577825798653066158e-04
4.502500000000000391e-01 2.490568731445819139e-04
4.537500000000000422e-01 2.221343456767499447e-04
4.572500000000000453e-01 2.210008096881210804e-04
4.607500000000000484e-01 1.997617218876257539e-04
4.642499999999999960e-01 2.196869027102366090e-04
4.677499999999999991e-01 2.051456249319016933e-04
4.712500000000000022e-01 1.856462040450423956e-04
4.747500000000000053e-01 1.803744817152619362e-04
4.782500000000000084e-01 1.574026100570335984e-04
4.817500000000000115e-01 1.600795367266982794e-04
4.852500000000000147e-01 1.668653421802446246e-04
4.887500000000000178e-01 1.691584911895915866e-04
4.922500000000000209e-01 1.368629600619897246e-04
4.957500000000000240e-01 1.566703867865726352e-04
4.992500000000000826e-01 1.286722981603816152e-04
5.027500000000000302e-01 1.398306485498324037e-04
5.062499999999999778e-01 1.226131571456789970e-04
5.097500000000000364e-01 1.366010255878791213e-04
5.132500000000000950e-01 1.222156133735552430e-04
5.167500000000000426e-01 9.331547335023060441e-05
5.202499999999999902e-01 1.165114081231877208e-04
5.237500000000000488e-01 1.093731407308951020e-04
5.272499999999999964e-01 1.076913540600799024e-04
5.307499999999999440e-01 9.611757559468969703e-05
5.342500000000000027e-01 9.470609074924141169e-05
5.377500000000000613e-01 8.403993706451728940e-05
5.412500000000000089e-01 8.965061715571209788e-05
5.447499999999999565e-01 7.722916780039668083e-05
5.482500000000000151e-01 9.057001443579792976e-05
5.517500000000000737e-01 8.295857696793973446e-05
5.552500000000000213e-01 7.252563955262303352e-05
5.587499999999999689e-01 7.775757694616913795e-05
5.622500000000000275e-01 7.649164763279259205e-05
5.657500000000000862e-01 7.168031152104958892e-05
5.692500000000000338e-01 6.847330951131880283e-05
5.727499999999999813e-01 6.342355482047423720e-05
5.762500000000000400e-01 7.185841241152957082e-05
5.797500000000000986e-01 6.001743895467370749e-05
5.832500000000000462e-01 6.216503243194893003e-05
5.867499999999999938e-01 6.644685345236212015e-05
5.902500000000000524e-01 6.325662252493202686e-05
5.937500000000000000e-01 5.453354606288485229e-05
5.972499999999999476e-01 4.984423139831051230e-05
6.007500000000000062e-01 5.207265712670050561e-05
6.042500000000000648e-01 4.907194670522585511e-05
6.077500000000000124e-01 6.089502494432963431e-05
6.112499999999999600e-01 4.539965812000446022e-05
6.147500000000000187e-01 4.589568925439380109e-05
6.182500000000000773e-01 3.712924080900847912e-05
6.217500000000000249e-01 4.817646185983903706e-05
6.252499999999999725e-01 3.997206295025534928e-05
6.287500000000000311e-01 2.754890920186880976e-05
6.322500000000000897e-01 3.503877815091982484e-05
6.357500000000000373e-01 3.376779568498022854e-05
6.392499999999999849e-01 2.763152406259905547e-05
6.427500000000000435e-01 2.296672573720570654e-05
6.462500000000001021e-01 2.958381810458377004e-05
6.497500000000000497e-01 1.835214970924425870e-05
6.532499999999999973e-01 1.950718069565482438e-05
6.567500000000000560e-01 1.755969788064248860e-05
6.602500000000000036e-01 1.498250639997422695e-05
6.637499999999999512e-01 1.126732513512251899e-05
6.672500000000000098e-01 1.376373893435811624e-05
6.707500000000000684e-01 1.224457355419872329e-05
6.742500000000000160e-01 9.799184226721990854e-06
6.777499999999999636e-01 7.208693205029703677e-06
6.812500000000000222e-01 6.124915216787485406e-06
6.847500000000000808e-01 7.213316166598815471e-06
6.882500000000000284e-01 6.564550403709290549e-06
6.917499999999999760e-01 6.085588665882823989e-06
6.952500000000000346e-01 4.246413936925819144e-06
6.987500000000000933e-01 4.962558250554138795e-06
7.022500000000000409e-01 5.314429017744259909e-06
7.057499999999999885e-01 4.468583483685506508e-06
7.092500000000000471e-01 3.458777428022585809e-06
7.127500000000001057e-01 4.176019047008594498e-06
7.162500000000000533e-01 4.804159743798663840e-06
7.197500000000000009e-01 2.749558007053565234e-06
7.232500000000000595e-01 2.836884732460021041e-06
7.267500000000000071e-01 2.531385916881845333e-06
7.302499999999999547e-01 2.413434458503616042e-06
7.337500000000000133e-01 2.644597316248109564e-06
7.372500000000000719e-01 3.663280040200334042e-06
7.407500000000000195e-01 1.051289359565998893e-06
7.442499999999999671e-01 1.293162654292245861e-06
7.477500000000000258e-01 1.863257352852087934e-06
7.512500000000000844e-01 1.804488761081302073e-06
7.547500000000000320e-01 1.821909222599060740e-06
7.582499999999999796e-01 1.942148855960112996e-06
7.617500000000000382e-01 1.374686576127714943e-06
7.652500000000000968e-01 1.800458676370908506e-06
7.687500000000000444e-01 1.253252889910072554e-06
7.722499999999999920e-01 6.467548701039049774e-07
7.757500000000000506e-01 1.527192694084078539e-06
7.792499999999999982e-01 9.138269660979858600e-07
7.827499999999999458e-01 7.181204750850156415e-07
7.862500000000000044e-01 4.178213259820040548e-07
7.897500000000000631e-01 1.542891936878731940e-06
7.932500000000000107e-01 6.292194143497908954e-07
7.967499999999999583e-01 4.986339945389772765e-07
8.002500000000000169e-01 5.564131129176530521e-07
8.037500000000000755e-01 1.025730853143613786e-06
8.072500000000000231e-01 1.097060021493234672e-06
8.107499999999999707e-01 4.786061822414922062e-07
8.142500000000000293e-01 1.033647095027845353e-06
8.177500000000000879e-01 7.800126695656217635e-07
8.212500000000000355e-01 4.163044593497033929e-07
8.247499999999999831e-01 2.962946155093959533e-07
8.282500000000000417e-01 2.472313553880667314e-07
8.317500000000001004e-01 2.758713435468962416e-07
8.352500000000000480e-01 1.216691316585638560e-07
8.387499999999999956e-01 1.038098275785159785e-06
8.422500000000000542e-01 6.590971679543145001e-07
8.457500000000000018e-01 1.047276896315452177e-06
8.492499999999999494e-01 6.170680535433348268e-07
8.527500000000000080e-01 5.406425884757481981e-07
8.562500000000000666e-01 6.272981067922955845e-08
8.597500000000000142e-01 3.194454052390938159e-07
8.632499999999999618e-01 3.278926214989041910e-07
8.667500000000000204e-01 1.313073425990296528e-06
8.702500000000000790e-01 1.834562937119699200e-07
8.737500000000000266e-01 1.788234271771216299e-07
8.772499999999999742e-01 2.091582473440212198e-06
8.807500000000000329e-01 4.785131295648170635e-07
8.842500000000000915e-01 9.369791609259436882e-10
8.877500000000000391e-01 8.736126915209752042e-07
8.912499999999999867e-01 4.586065358580526663e-07
8.947500000000000453e-01 1.253788273203326753e-08
8.982500000000001039e-01 2.393143176959711127e-07
9.017500000000000515e-01 3.443821583459794056e-07
9.052499999999999991e-01 8.167753406951305806e-08
9.087500000000000577e-01 2.612606238017178839e-07
9.122500000000000053e-01 2.560018401709385216e-07
9.157499999999999529e-01 6.216038741513330024e-07
9.192500000000000115e-01 9.980544746213126928e-08
9.227500000000000702e-01 3.647440678378188750e-07
9.262500000000000178e-01 1.267858618092532197e-08
9.297499999999999654e-01 0.000000000000000000e+00
9.332500000000000240e-01 4.436397773588396376e-07
9.367500000000000826e-01 2.406631836038286565e-07
9.402500000000000302e-01 3.160450603445497109e-07
9.437499999999999778e-01 5.067616939413710497e-07
9.472500000000000364e-01 8.851272355059336405e-07
9.507500000000000950e-01 8.937113875617797021e-07
9.542500000000000426e-01 5.794764774691429920e-07
9.577499999999999902e-01 5.404272656051034573e-07
9.612500000000000488e-01 0.000000000000000000e+00
9.647500000000001075e-01 0.000000000000000000e+00
9.682500000000000551e-01 4.933968966724933125e-08
9.717500000000000027e-01 1.008930752277592546e-07
9.752500000000000613e-01 3.432462563068838790e-07
9.787500000000000089e-01 6.994896750711632194e-08
9.822499999999999565e-01 4.046850961003656266e-07
9.857500000000000151e-01 8.058447633629839402e-07
9.892500000000000737e-01 2.769719742445886368e-07
9.927500000000000213e-01 3.059814730477228295e-07
9.962499999999999689e-01 7.166744353526155464e-07
9.997500000000000275e-01 3.861754578338150168e-07
1.003249999999999975e+00 0.000000000000000000e+00
1.006750000000000034e+00 0.000000000000000000e+00
1.010250000000000092e+00 8.216661626647692174e-07
1.013749999999999929e+00 3.304608071630354971e-07
1.017250000000000210e+00 3.009863576153293252e-07
1.020750000000000046e+00 3.063718452267494285e-07
1.024249999999999883e+00 0.000000000000000000e+00
1.027750000000000163e+00 6.974676125537371263e-07
1.031250000000000000e+00 0.000000000000000000e+00
1.034750000000000059e+00 1.861213405618400429e-09
1.038250000000000117e+00 0.000000000000000000e+00
1.041749999999999954e+00 1.885393174916316639e-08
1.045250000000000012e+00 6.454416734413825907e-07
1.048750000000000071e+00 0.000000000000000000e+00
1.052249999999999908e+00 0.000000000000000000e+00
1.055750000000000188e+00 3.652536406661965884e-07
1.059250000000000025e+00 5.317065188137348741e-07
1.062749999999999861e+00 2.231998337265395094e-07
1.066250000000000142e+00 4.879335158136655082e-09
1.069749999999999979e+00 0.000000000000000000e+00
1.073250000000000037e+00 0.000000000000000000e+00
1.076750000000000096e+00 1.007193617397206253e-07
1.080249999999999932e+00 0.000000000000000000e+00
1.083750000000000213e+00 0.000000000000000000e+00
1.087250000000000050e+00 2.633153144415700808e-07
1.090749999999999886e+00 1.223256163029873278e-07
1.094250000000000167e+00 3.657711644677874574e-08
1.097750000000000004e+00 2.455029601833302877e-08
1.101250000000000062e+00 0.000000000000000000e+00
1.104750000000000121e+00 3.700858997035538778e-07
1.108249999999999957e+00 0.000000000000000000e+00
1.111750000000000016e+00 3.283307705714832991e-07
1.115250000000000075e+00 6.599748303415253758e-07
1.118749999999999911e+00 2.724919170304929139e-07
1.122250000000000192e+00 0.000000000000000000e+00
1.125750000000000028e+00 0.000000000000000000e+00
1.129249999999999865e+00 1.338047752597049112e-07
1.132750000000000146e+00 2.308786548610441969e-07
1.136249999999999982e+00 0.000000000000000000e+00
1.139750000000000041e+00 0.000000000000000000e+00
1.143250000000000099e+00 0.000000000000000000e+00
1.146749999999999936e+00 0.000000000000000000e+00
1.150250000000000217e+00 0.000000000000000000e+00
1.153750000000000053e+00 0.000000000000000000e+00
1.157249999999999890e+00 3.939906889627309283e-07
1.160750000000000171e+00 3.487760480425095011e-08
1.164250000000000007e+00 3.868618421165592736e-07
1.167749999999999844e+00 0.000000000000000000e+00
1.171250000000000124e+00 1.070300186256645247e-07
1.174749999999999961e+00 6.546064241774729453e-07
1.178250000000000020e+00 0.000000000000000000e+00
1.181750000000000078e+00 1.914429077487511677e-07
1.185249999999999915e+00 0.000000000000000000e+00
1.188750000000000195e+00 0.000000000000000000e+00
1.192250000000000032e+00 0.000000000000000000e+00
1.195749999999999869e+00 3.540670689972102991e-08
1.199250000000000149e+00 0.000000000000000000e+00
1.202749999999999986e+00 0.000000000000000000e+00
1.206250000000000044e+00 2.657363040725613246e-07
1.209750000000000103e+00 1.248308620915850042e-07
1.213249999999999940e+00 0.000000000000000000e+00
1.216750000000000220e+00 4.500190300404938171e-07
1.220250000000000057e+00 0.000000000000000000e+00
1.223749999999999893e+00 0.000000000000000000e+00
1.227250000000000174e+00 0.000000000000000000e+00
1.230750000000000011e+00 0.000000000000000000e+00
1.234249999999999847e+00 0.000000000000000000e+00
1.237750000000000128e+00 0.000000000000000000e+00
1.241249999999999964e+00 0.000000000000000000e+00
1.244750000000000023e+00 1.840479342263279250e-07
1.248250000000000082e+00 0.000000000000000000e+00
1.251749999999999918e+00 0.000000000000000000e+00
1.255250000000000199e+00 0.000000000000000000e+00
1.258750000000000036e+00 0.000000000000000000e+00
1.262249999999999872e+00 0.000000000000000000e+00
1.265750000000000153e+00 0.000000000000000000e+00
1.269249999999999989e+00 0.000000000000000000e+00
1.272750000000000048e+00 0.000000000000000000e+00
1.276250000000000107e+00 0.000000000000000000e+00
1.279749999999999943e+00 8.556395414416329004e-08
1.283250000000000224e+00 0.000000000000000000e+00
1.286750000000000060e+00 0.000000000000000000e+00
1.290249999999999897e+00 0.000000000000000000e+00
1.293750000000000178e+00 0.000000000000000000e+00
1.297250000000000014e+00 0.000000000000000000e+00
1.300749999999999851e+00 0.000000000000000000e+00
1.304250000000000131e+00 0.000000000000000000e+00
1.307749999999999968e+00 2.483274954556691227e-07
1.311250000000000027e+00 0.000000000000000000e+00
1.314750000000000085e+00 0.000000000000000000e+00
1.318249999999999922e+00 8.836212117557806778e-08
1.321750000000000203e+00 0.000000000000000000e+00
1.325250000000000039e+00 0.000000000000000000e+00
1.328749999999999876e+00 0.000000000000000000e+00
1.332250000000000156e+00 0.000000000000000000e+00
1.335749999999999993e+00 0.000000000000000000e+00
1.339250000000000052e+00 2.285575106952819624e-07
1.342750000000000110e+00 0.000000000000000000e+00
1.346249999999999947e+00 0.000000000000000000e+00
1.349750000000000227e+00 0.000000000000000000e+00
1.353250000000000064e+00 0.000000000000000000e+00
1.356749999999999901e+00 0.000000000000000000e+00
1.360250000000000181e+00 0.000000000000000000e+00
1.363750000000000018e+00 0.000000000000000000e+00
1.367249999999999854e+00 0.000000000000000000e+00
1.370750000000000135e+00 0.000000000000000000e+00
1.374249999999999972e+00 0.000000000000000000e+00
1.377750000000000030e+00 0.000000000000000000e+00
1.381250000000000089e+00 0.000000000000000000e+00
1.384749999999999925e+00 0.000000000000000000e+00
1.388250000000000206e+00 0.000000000000000000e+00
1.391750000000000043e+00 0.000000000000000000e+00
1.395249999999999879e+00 0.000000000000000000e+00
1.398750000000000160e+00 0.000000000000000000e+00
1.402249999999999996e+00 0.000000000000000000e+00
1.405750000000000055e+00 0.000000000000000000e+00
1.409250000000000114e+00 0.000000000000000000e+00
1.412749999999999950e+00 0.000000000000000000e+00
1.416250000000000231e+00 0.000000000000000000e+00
1.419750000000000068e+00 0.000000000000000000e+00
1.423249999999999904e+00 0.000000000000000000e+00
1.426750000000000185e+00 0.000000000000000000e+00
1.430250000000000021e+00 0.000000000000000000e+00
1.433749999999999858e+00 0.000000000000000000e+00
1.437250000000000139e+00 0.000000000000000000e+00
1.440749999999999975e+00 0.000000000000000000e+00
1.444250000000000034e+00 0.000000000000000000e+00
1.447750000000000092e+00 0.000000000000000000e+00
1.451249999999999929e+00 0.000000000000000000e+00
1.454750000000000210e+00 0.000000000000000000e+00
1.458250000000000046e+00 0.000000000000000000e+00
1.461749999999999883e+00 0.000000000000000000e+00
1.465250000000000163e+00 0.000000000000000000e+00
1.468750000000000000e+00 0.000000000000000000e+00
1.472250000000000059e+00 0.000000000000000000e+00
1.475750000000000117e+00 0.000000000000000000e+00
1.479249999999999954e+00 4.860581839238875546e-07
1.482750000000000012e+00 0.000000000000000000e+00
1.486250000000000071e+00 0.000000000000000000e+00
1.489749999999999908e+00 0.000000000000000000e+00
1.493250000000000188e+00 0.000000000000000000e+00
1.496750000000000025e+00 0.000000000000000000e+00
1.500250000000000083e+00 0.000000000000000000e+00
1.503750000000000142e+00 0.000000000000000000e+00
1.507249999999999979e+00 0.000000000000000000e+00
1.510750000000000037e+00 0.000000000000000000e+00
1.514250000000000096e+00 0.000000000000000000e+00
1.517749999999999932e+00 0.000000000000000000e+00
1.521249999999999991e+00 0.000000000000000000e+00
1.524750000000000050e+00 0.000000000000000000e+00
1.528250000000000108e+00 0.000000000000000000e+00
1.531750000000000167e+00 0.000000000000000000e+00
1.535250000000000004e+00 0.000000000000000000e+00
1.538750000000000062e+00 0.000000000000000000e+00
1.542250000000000121e+00 0.000000000000000000e+00
1.545749999999999957e+00 0.000000000000000000e+00
1.549250000000000016e+00 0.000000000000000000e+00
1.552750000000000075e+00 0.000000000000000000e+00
1.556249999999999911e+00 0.000000000000000000e+00
1.559749999999999970e+00 0.000000000000000000e+00
1.563250000000000028e+00 0.000000000000000000e+00
1.566750000000000087e+00 0.000000000000000000e+00
1.570250000000000146e+00 0.000000000000000000e+00
1.573749999999999982e+00 0.000000000000000000e+00
1.577250000000000041e+00 0.000000000000000000e+00
1.580750000000000099e+00 0.000000000000000000e+00
1.584249999999999936e+00 0.000000000000000000e+00
1.587749999999999995e+00 0.000000000000000000e+00
1.591250000000000053e+00 0.000000000000000000e+00
1.594750000000000112e+00 0.000000000000000000e+00
1.598250000000000171e+00 0.000000000000000000e+00
1.601750000000000007e+00 0.000000000000000000e+00
1.605250000000000066e+00 0.000000000000000000e+00
1.608750000000000124e+00 0.000000000000000000e+00
1.612249999999999961e+00 0.000000000000000000e+00
1.615750000000000020e+00 0.000000000000000000e+00
1.619250000000000078e+00 0.000000000000000000e+00
1.622749999999999915e+00 0.000000000000000000e+00
1.626249999999999973e+00 0.000000000000000000e+00
1.629750000000000032e+00 0.000000000000000000e+00
1.633250000000000091e+00 0.000000000000000000e+00
1.636750000000000149e+00 0.000000000000000000e+00
1.640249999999999986e+00 0.000000000000000000e+00
1.643750000000000044e+00 0.000000000000000000e+00
1.647250000000000103e+00 0.000000000000000000e+00
1.650749999999999940e+00 0.000000000000000000e+00
1.654249999999999998e+00 0.000000000000000000e+00
1.657750000000000057e+00 0.000000000000000000e+00
1.661250000000000115e+00 0.000000000000000000e+00
1.664750000000000174e+00 0.000000000000000000e+00
1.668250000000000011e+00 0.000000000000000000e+00
1.671750000000000069e+00 0.000000000000000000e+00
1.675250000000000128e+00 0.000000000000000000e+00
1.678749999999999964e+00 0.000000000000000000e+00
1.682250000000000023e+00 0.000000000000000000e+00
1.685750000000000082e+00 0.000000000000000000e+00
1.689249999999999918e+00 0.000000000000000000e+00
1.692749999999999977e+00 0.000000000000000000e+00
1.696250000000000036e+00 0.000000000000000000e+00
1.699750000000000094e+00 0.000000000000000000e+00
1.703250000000000153e+00 0.000000000000000000e+00
1.706749999999999989e+00 0.000000000000000000e+00
1.710250000000000048e+00 0.000000000000000000e+00
1.713750000000000107e+00 0.000000000000000000e+00
1.717249999999999943e+00 0.000000000000000000e+00
1.720750000000000002e+00 0.000000000000000000e+00
1.724250000000000060e+00 0.000000000000000000e+00
1.727750000000000119e+00 0.000000000000000000e+00
1.731250000000000178e+00 0.000000000000000000e+00
1.734750000000000014e+00 0.000000000000000000e+00
1.738250000000000073e+00 0.000000000000000000e+00
1.741750000000000131e+00 1.612310825294116512e-06
1.745249999999999968e+00 0.000000000000000000e+00
1.748750000000000027e+00 0.000000000000000000e+00
1.752250000000000085e+00 0.000000000000000000e+00
1.755749999999999922e+00 0.000000000000000000e+00
1.759249999999999980e+00 0.000000000000000000e+00
1.762750000000000039e+00 0.000000000000000000e+00
1.766250000000000098e+00 0.000000000000000000e+00
1.769750000000000156e+00 0.000000000000000000e+00
1.773249999999999993e+00 0.000000000000000000e+00
1.776750000000000052e+00 0.000000000000000000e+00
1.780250000000000110e+00 0.000000000000000000e+00
1.783749999999999947e+00 0.000000000000000000e+00
1.787250000000000005e+00 0.000000000000000000e+00
1.790750000000000064e+00 0.000000000000000000e+00
1.794250000000000123e+00 0.000000000000000000e+00
1.797750000000000181e+00 0.000000000000000000e+00
1.801250000000000018e+00 0.000000000000000000e+00
1.804750000000000076e+00 0.000000000000000000e+00
1.808250000000000135e+00 0.000000000000000000e+00
1.811749999999999972e+00 0.000000000000000000e+00
1.815250000000000030e+00 0.000000000000000000e+00
1.818750000000000089e+00 0.000000000000000000e+00
1.822249999999999925e+00 0.000000000000000000e+00
1.825749999999999984e+00 0.000000000000000000e+00
1.829250000000000043e+00 0.000000000000000000e+00
1.832750000000000101e+00 0.000000000000000000e+00
1.836250000000000160e+00 0.000000000000000000e+00
1.839749999999999996e+00 0.000000000000000000e+00
1.843250000000000055e+00 0.000000000000000000e+00
1.846750000000000114e+00 0.000000000000000000e+00
1.850249999999999950e+00 0.000000000000000000e+00
1.853750000000000009e+00 0.000000000000000000e+00
1.857250000000000068e+00 0.000000000000000000e+00
1.860750000000000126e+00 0.000000000000000000e+00
1.864250000000000185e+00 0.000000000000000000e+00
1.867750000000000021e+00 0.000000000000000000e+00
1.871250000000000080e+00 0.000000000000000000e+00
1.874750000000000139e+00 0.000000000000000000e+00
1.878249999999999975e+00 0.000000000000000000e+00
1.881750000000000034e+00 0.000000000000000000e+00
1.885250000000000092e+00 0.000000000000000000e+00
1.888749999999999929e+00 0.000000000000000000e+00
1.892249999999999988e+00 0.000000000000000000e+00
1.895750000000000046e+00 0.000000000000000000e+00
1.899250000000000105e+00 0.000000000000000000e+00
1.902750000000000163e+00 0.000000000000000000e+00
1.906250000000000000e+00 0.000000000000000000e+00
1.909750000000000059e+00 0.000000000000000000e+00
1.913250000000000117e+00 0.000000000000000000e+00
1.916749999999999954e+00 0.000000000000000000e+00
1.920250000000000012e+00 0.000000000000000000e+00
1.923750000000000071e+00 0.000000000000000000e+00
1.927250000000000130e+00 0.000000000000000000e+00
1.930750000000000188e+00 0.000000000000000000e+00
1.934250000000000025e+00 0.000000000000000000e+00
1.937750000000000083e+00 0.000000000000000000e+00
1.941250000000000142e+00 0.000000000000000000e+00
1.944749999999999979e+00 0.000000000000000000e+00
1.948250000000000037e+00 0.000000000000000000e+00
1.951750000000000096e+00 0.000000000000000000e+00
1.955249999999999932e+00 0.000000000000000000e+00
1.958749999999999991e+00 0.000000000000000000e+00
1.962250000000000050e+00 0.000000000000000000e+00
1.965750000000000108e+00 0.000000000000000000e+00
1.969250000000000167e+00 0.000000000000000000e+00
1.972750000000000004e+00 0.000000000000000000e+00
1.976250000000000062e+00 0.000000000000000000e+00
1.979750000000000121e+00 0.000000000000000000e+00
1.983249999999999957e+00 0.000000000000000000e+00
1.986750000000000016e+00 0.000000000000000000e+00
1.990250000000000075e+00 0.000000000000000000e+00
1.993750000000000133e+00 0.000000000000000000e+00
1.997250000000000192e+00 0.000000000000000000e+00
2.000750000000000028e+00 0.000000000000000000e+00
2.004249999999999865e+00 0.000000000000000000e+00
2.007750000000000146e+00 0.000000000000000000e+00
2.011249999999999982e+00 0.000000000000000000e+00
2.014750000000000263e+00 0.000000000000000000e+00
2.018250000000000099e+00 0.000000000000000000e+00
2.021749999999999936e+00 0.000000000000000000e+00
2.025249999999999773e+00 0.000000000000000000e+00
2.028750000000000053e+00 0.000000000000000000e+00
2.032250000000000334e+00 0.000000000000000000e+00
2.035750000000000171e+00 0.000000000000000000e+00
2.039250000000000007e+00 0.000000000000000000e+00
2.042749999999999844e+00 0.000000000000000000e+00
2.046250000000000124e+00 0.000000000000000000e+00
2.049749999999999961e+00 0.000000000000000000e+00
2.053250000000000242e+00 0.000000000000000000e+00
2.056750000000000078e+00 0.000000000000000000e+00
2.060249999999999915e+00 0.000000000000000000e+00
2.063749999999999751e+00 0.000000000000000000e+00
2.067250000000000032e+00 0.000000000000000000e+00
2.070750000000000313e+00 0.000000000000000000e+00
2.074250000000000149e+00 0.000000000000000000e+00
2.077749999999999986e+00 0.000000000000000000e+00
2.081249999999999822e+00 0.000000000000000000e+00
2.084750000000000103e+00 0.000000000000000000e+00
2.088249999999999940e+00 0.000000000000000000e+00
2.091750000000000220e+00 0.000000000000000000e+00
2.095250000000000057e+00 0.000000000000000000e+00
2.098749999999999893e+00 0.000000000000000000e+00
2.102250000000000174e+00 0.000000000000000000e+00
2.105750000000000011e+00 0.000000000000000000e+00
2.109250000000000291e+00 0.000000000000000000e+00
2.112750000000000128e+00 0.000000000000000000e+00
2.116249999999999964e+00 0.000000000000000000e+00
2.119749999999999801e+00 0.000000000000000000e+00
2.123250000000000082e+00 0.000000000000000000e+00
2.126749999999999918e+00 0.000000000000000000e+00
2.130250000000000199e+00 0.000000000000000000e+00
2.133750000000000036e+00 0.000000000000000000e+00
2.137249999999999872e+00 0.000000000000000000e+00
2.140750000000000153e+00 0.000000000000000000e+00
2.144249999999999989e+00 0.000000000000000000e+00
2.147750000000000270e+00 0.000000000000000000e+00
2.151250000000000107e+00 0.000000000000000000e+00
2.154749999999999943e+00 0.000000000000000000e+00
2.158249999999999780e+00 0.000000000000000000e+00
2.161750000000000060e+00 0.000000000000000000e+00
2.165250000000000341e+00 0.000000000000000000e+00
2.168750000000000178e+00 0.000000000000000000e+00
2.172250000000000014e+00 0.000000000000000000e+00
2.175749999999999851e+00 0.000000000000000000e+00
2.179250000000000131e+00 0.000000000000000000e+00
2.182749999999999968e+00 0.000000000000000000e+00
2.186250000000000249e+00 0.000000000000000000e+00
2.189750000000000085e+00 0.000000000000000000e+00
2.193249999999999922e+00 0.000000000000000000e+00
2.196749999999999758e+00 0.000000000000000000e+00
2.200250000000000039e+00 0.000000000000000000e+00
2.203750000000000320e+00 0.000000000000000000e+00
2.207250000000000156e+00 0.000000000000000000e+00
2.210749999999999993e+00 0.000000000000000000e+00
2.214249999999999829e+00 0.000000000000000000e+00
2.217750000000000110e+00 0.000000000000000000e+00
2.221249999999999947e+00 0.000000000000000000e+00
2.224750000000000227e+00 0.000000000000000000e+00
2.228250000000000064e+00 0.000000000000000000e+00
2.231749999999999901e+00 0.000000000000000000e+00
2.235250000000000181e+00 0.000000000000000000e+00
2.238750000000000018e+00 0.000000000000000000e+00
2.242250000000000298e+00 0.000000000000000000e+00
2.245750000000000135e+00 0.000000000000000000e+00
2.249249999999999972e+00 0.000000000000000000e+00
2.252749999999999808e+00 0.000000000000000000e+00
2.256250000000000089e+00 0.000000000000000000e+00
2.259749999999999925e+00 0.000000000000000000e+00
2.263250000000000206e+00 0.000000000000000000e+00
2.266750000000000043e+00 0.000000000000000000e+00
2.270249999999999879e+00 0.000000000000000000e+00
2.273750000000000160e+00 0.000000000000000000e+00
2.277249999999999996e+00 0.000000000000000000e+00
2.280750000000000277e+00 0.000000000000000000e+00
2.284250000000000114e+00 0.000000000000000000e+00
2.287749999999999950e+00 0.000000000000000000e+00
2.291249999999999787e+00 0.000000000000000000e+00
2.294750000000000068e+00 0.000000000000000000e+00
2.298250000000000348e+00 0.000000000000000000e+00
2.301750000000000185e+00 0.000000000000000000e+00
2.305250000000000021e+00 0.000000000000000000e+00
2.308749999999999858e+00 0.000000000000000000e+00
2.312250000000000139e+00 0.000000000000000000e+00
2.315749999999999975e+00 0.000000000000000000e+00
2.319250000000000256e+00 0.000000000000000000e+00
2.322750000000000092e+00 0.000000000000000000e+00
2.326249999999999929e+00 0.000000000000000000e+00
2.329749999999999766e+00 0.000000000000000000e+00
2.333250000000000046e+00 0.000000000000000000e+00
2.336750000000000327e+00 0.000000000000000000e+00
2.340250000000000163e+00 0.000000000000000000e+00
2.343750000000000000e+00 0.000000000000000000e+00
2.347249999999999837e+00 0.000000000000000000e+00
2.350750000000000117e+00 0.000000000000000000e+00
2.354249999999999954e+00 0.000000000000000000e+00
2.357750000000000234e+00 0.000000000000000000e+00
2.361250000000000071e+00 0.000000000000000000e+00
2.364749999999999908e+00 0.000000000000000000e+00
2.368250000000000188e+00 0.000000000000000000e+00
2.371750000000000025e+00 0.000000000000000000e+00
2.375250000000000306e+00 0.000000000000000000e+00
2.378750000000000142e+00 0.000000000000000000e+00
2.382249999999999979e+00 0.000000000000000000e+00
2.385749999999999815e+00 0.000000000000000000e+00
2.389250000000000096e+00 0.000000000000000000e+00
2.392749999999999932e+00 0.000000000000000000e+00
2.396250000000000213e+00 0.000000000000000000e+00
2.399750000000000050e+00 0.000000000000000000e+00
2.403249999999999886e+00 0.000000000000000000e+00
2.406750000000000167e+00 0.000000000000000000e+00
2.410250000000000004e+00 0.000000000000000000e+00
2.413750000000000284e+00 0.000000000000000000e+00
2.417250000000000121e+00 0.000000000000000000e+00
2.420749999999999957e+00 0.000000000000000000e+00
2.424249999999999794e+00 0.000000000000000000e+00
2.427750000000000075e+00 0.000000000000000000e+00
2.431250000000000355e+00 0.000000000000000000e+00
2.434750000000000192e+00 0.000000000000000000e+00
2.438250000000000028e+00 0.000000000000000000e+00
2.441749999999999865e+00 0.000000000000000000e+00
2.445250000000000146e+00 0.000000000000000000e+00
2.448749999999999982e+00 0.000000000000000000e+00
2.452250000000000263e+00 0.000000000000000000e+00
2.455750000000000099e+00 0.000000000000000000e+00
2.459249999999999936e+00 0.000000000000000000e+00
2.462749999999999773e+00 0.000000000000000000e+00
2.466250000000000053e+00 0.000000000000000000e+00
2.469750000000000334e+00 0.000000000000000000e+00
2.473250000000000171e+00 0.000000000000000000e+00
2.476750000000000007e+00 0.000000000000000000e+00
2.480249999999999844e+00 0.000000000000000000e+00
2.483750000000000124e+00 0.000000000000000000e+00
2.487249999999999961e+00 0.000000000000000000e+00
2.490750000000000242e+00 0.000000000000000000e+00
2.494250000000000078e+00 0.000000000000000000e+00
2.497749999999999915e+00 0.000000000000000000e+00
2.501250000000000195e+00 0.000000000000000000e+00
2.504750000000000032e+00 0.000000000000000000e+00
2.508250000000000313e+00 0.000000000000000000e+00
2.511750000000000149e+00 0.000000000000000000e+00
2.515249999999999986e+00 0.000000000000000000e+00
2.518749999999999822e+00 0.000000000000000000e+00
2.522250000000000103e+00 0.000000000000000000e+00
2.525749999999999940e+00 0.000000000000000000e+00
2.529250000000000220e+00 0.000000000000000000e+00
2.532750000000000057e+00 0.000000000000000000e+00
2.536249999999999893e+00 0.000000000000000000e+00
2.539750000000000174e+00 0.000000000000000000e+00
2.543250000000000011e+00 0.000000000000000000e+00
2.546750000000000291e+00 0.000000000000000000e+00
2.550250000000000128e+00 0.000000000000000000e+00
2.553749999999999964e+00 0.000000000000000000e+00
2.557249999999999801e+00 0.000000000000000000e+00
2.560750000000000082e+00 0.000000000000000000e+00
2.564250000000000362e+00 0.000000000000000000e+00
2.567750000000000199e+00 0.000000000000000000e+00
2.571250000000000036e+00 0.000000000000000000e+00
2.574749999999999872e+00 0.000000000000000000e+00
2.578250000000000153e+00 0.000000000000000000e+00
2.581749999999999989e+00 0.000000000000000000e+00
2.585250000000000270e+00 0.000000000000000000e+00
2.588750000000000107e+00 0.000000000000000000e+00
2.592249999999999943e+00 0.000000000000000000e+00
2.595749999999999780e+00 0.000000000000000000e+00
2.599250000000000060e+00 0.000000000000000000e+00
2.602750000000000341e+00 0.000000000000000000e+00
2.606250000000000178e+00 0.000000000000000000e+00
2.609750000000000014e+00 0.000000000000000000e+00
2.613249999999999851e+00 0.000000000000000000e+00
2.616750000000000131e+00 0.000000000000000000e+00
2.620249999999999968e+00 0.000000000000000000e+00
2.623750000000000249e+00 0.000000000000000000e+00
2.627250000000000085e+00 0.000000000000000000e+00
2.630749999999999922e+00 0.000000000000000000e+00
2.634250000000000203e+00 0.000000000000000000e+00
2.637750000000000039e+00 0.000000000000000000e+00
2.641250000000000320e+00 0.000000000000000000e+00
2.644750000000000156e+00 0.000000000000000000e+00
2.648249999999999993e+00 0.000000000000000000e+00
2.651749999999999829e+00 0.000000000000000000e+00
2.655250000000000110e+00 0.000000000000000000e+00
2.658749999999999947e+00 0.000000000000000000e+00
2.662250000000000227e+00 0.000000000000000000e+00
2.665750000000000064e+00 0.000000000000000000e+00
2.669249999999999901e+00 0.000000000000000000e+00
2.672750000000000181e+00 0.000000000000000000e+00
2.676250000000000018e+00 0.000000000000000000e+00
2.679750000000000298e+00 0.000000000000000000e+00
2.683250000000000135e+00 0.000000000000000000e+00
2.686749999999999972e+00 0.000000000000000000e+00
2.690249999999999808e+00 0.000000000000000000e+00
2.693750000000000089e+00 0.000000000000000000e+00
2.697250000000000369e+00 0.000000000000000000e+00
2.700750000000000206e+00 0.000000000000000000e+00
2.704250000000000043e+00 0.000000000000000000e+00
2.707749999999999879e+00 0.000000000000000000e+00
2.711250000000000160e+00 0.000000000000000000e+00
2.714749999999999996e+00 0.000000000000000000e+00
2.718250000000000277e+00 0.000000000000000000e+00
2.721750000000000114e+00 0.000000000000000000e+00
2.725249999999999950e+00 0.000000000000000000e+00
2.728749999999999787e+00 0.000000000000000000e+00
2.732250000000000068e+00 0.000000000000000000e+00
2.735750000000000348e+00 0.000000000000000000e+00
2.739250000000000185e+00 0.000000000000000000e+00
2.742750000000000021e+00 0.000000000000000000e+00
2.746249999999999858e+00 0.000000000000000000e+00
2.749750000000000139e+00 0.000000000000000000e+00
2.753249999999999975e+00 0.000000000000000000e+00
2.756750000000000256e+00 0.000000000000000000e+00
2.760250000000000092e+00 0.000000000000000000e+00
2.763749999999999929e+00 0.000000000000000000e+00
2.767249999999999766e+00 0.000000000000000000e+00
2.770750000000000046e+00 0.000000000000000000e+00
2.774250000000000327e+00 0.000000000000000000e+00
2.777750000000000163e+00 0.000000000000000000e+00
2.781250000000000000e+00 0.000000000000000000e+00
2.784749999999999837e+00 0.000000000000000000e+00
2.788250000000000117e+00 0.000000000000000000e+00
2.791749999999999954e+00 0.000000000000000000e+00
2.795250000000000234e+00 0.000000000000000000e+00
2.798750000000000071e+00 0.000000000000000000e+00
2.802249999999999908e+00 0.000000000000000000e+00
2.805750000000000188e+00 0.000000000000000000e+00
2.809250000000000025e+00 0.000000000000000000e+00
2.812750000000000306e+00 0.000000000000000000e+00
2.816250000000000142e+00 0.000000000000000000e+00
2.819749999999999979e+00 0.000000000000000000e+00
2.823249999999999815e+00 0.000000000000000000e+00
2.826750000000000096e+00 0.000000000000000000e+00
2.830249999999999932e+00 0.000000000000000000e+00
2.833750000000000213e+00 0.000000000000000000e+00
2.837250000000000050e+00 0.000000000000000000e+00
2.840749999999999886e+00 0.000000000000000000e+00
2.844250000000000167e+00 0.000000000000000000e+00
2.847750000000000004e+00 0.000000000000000000e+00
2.851250000000000284e+00 0.000000000000000000e+00
2.854750000000000121e+00 0.000000000000000000e+00
2.858249999999999957e+00 0.000000000000000000e+00
2.861749999999999794e+00 0.000000000000000000e+00
2.865250000000000075e+00 0.000000000000000000e+00
2.868750000000000355e+00 0.000000000000000000e+00
2.872250000000000192e+00 0.000000000000000000e+00
2.875750000000000028e+00 0.000000000000000000e+00
2.879249999999999865e+00 0.000000000000000000e+00
2.882750000000000146e+00 0.000000000000000000e+00
2.886249999999999982e+00 0.000000000000000000e+00
2.889750000000000263e+00 0.000000000000000000e+00
2.893250000000000099e+00 0.000000000000000000e+00
2.896749999999999936e+00 0.000000000000000000e+00
2.900249999999999773e+00 0.000000000000000000e+00
2.903750000000000053e+00 0.000000000000000000e+00
2.907250000000000334e+00 0.000000000000000000e+00
2.910750000000000171e+00 0.000000000000000000e+00
2.914250000000000007e+00 0.000000000000000000e+00
2.917749999999999844e+00 0.000000000000000000e+00
2.921250000000000124e+00 0.000000000000000000e+00
2.924749999999999961e+00 0.000000000000000000e+00
2.928250000000000242e+00 0.000000000000000000e+00
2.931750000000000078e+00 0.000000000000000000e+00
2.935249999999999915e+00 0.000000000000000000e+00
2.938750000000000195e+00 0.000000000000000000e+00
2.942250000000000032e+00 0.000000000000000000e+00
2.945750000000000313e+00 0.000000000000000000e+00
2.949250000000000149e+00 0.000000000000000000e+00
2.952749999999999986e+00 0.000000000000000000e+00
2.956249999999999822e+00 0.000000000000000000e+00
2.959750000000000103e+00 0.000000000000000000e+00
2.963249999999999940e+00 0.000000000000000000e+00
2.966750000000000220e+00 0.000000000000000000e+00
2.970250000000000057e+00 0.000000000000000000e+00
2.973749999999999893e+00 0.000000000000000000e+00
2.977250000000000174e+00 0.000000000000000000e+00
2.980750000000000011e+00 0.000000000000000000e+00
2.984250000000000291e+00 0.000000000000000000e+00
2.987750000000000128e+00 0.000000000000000000e+00
2.991249999999999964e+00 0.000000000000000000e+00
2.994749999999999801e+00 0.000000000000000000e+00
2.998250000000000082e+00 0.000000000000000000e+00
