-4.982499999999999707e-01 0.000000000000000000e+00
-4.947500000000000231e-01 0.000000000000000000e+00
-4.912499999999999645e-01 0.000000000000000000e+00
-4.877500000000000169e-01 0.000000000000000000e+00
-4.842499999999999583e-01 0.000000000000000000e+00
-4.807500000000000107e-01 0.000000000000000000e+00
-4.772499999999999520e-01 0.000000000000000000e+00
-4.737500000000000044e-01 0.000000000000000000e+00
-4.702500000000000013e-01 0.000000000000000000e+00
-4.667499999999999982e-01 0.000000000000000000e+00
-4.632499999999999951e-01 0.000000000000000000e+00
-4.597499999999999920e-01 0.000000000000000000e+00
-4.562500000000000444e-01 0.000000000000000000e+00
-4.527499999999999858e-01 0.000000000000000000e+00
-4.492500000000000382e-01 0.000000000000000000e+00
-4.457499999999999796e-01 0.000000000000000000e+00
-4.422500000000000320e-01 0.000000000000000000e+00
-4.387499999999999734e-01 0.000000000000000000e+00
-4.352500000000000258e-01 0.000000000000000000e+00
-4.317499999999999671e-01 0.000000000000000000e+00
-4.282500000000000195e-01 0.000000000000000000e+00
-4.247499999999999609e-01 0.000000000000000000e+00
-4.212500000000000133e-01 0.000000000000000000e+00
-4.177499999999999547e-01 0.000000000000000000e+00
-4.142500000000000071e-01 0.000000000000000000e+00
-4.107500000000000040e-01 0.000000000000000000e+00
-4.072500000000000009e-01 0.000000000000000000e+00
-4.037499999999999978e-01 0.000000000000000000e+00
-4.002499999999999947e-01 0.000000000000000000e+00
-3.967499999999999916e-01 0.000000000000000000e+00
-3.932499999999999885e-01 0.000000000000000000e+00
-3.897500000000000409e-01 0.000000000000000000e+00
-3.862499999999999822e-01 0.000000000000000000e+00
-3.827500000000000346e-01 0.000000000000000000e+00
-3.792499999999999760e-01 0.000000000000000000e+00
-3.757500000000000284e-01 0.000000000000000000e+00
-3.722499999999999698e-01 0.000000000000000000e+00
-3.687500000000000222e-01 0.000000000000000000e+00
-3.652499999999999636e-01 0.000000000000000000e+00
-3.617500000000000160e-01 0.000000000000000000e+00
-3.582499999999999574e-01 0.000000000000000000e+00
-3.547500000000000098e-01 0.000000000000000000e+00
-3.512500000000000067e-01 0.000000000000000000e+00
-3.477500000000000036e-01 0.000000000000000000e+00
-3.442500000000000004e-01 0.000000000000000000e+00
-3.407499999999999973e-01 0.000000000000000000e+00
-3.372499999999999942e-01 0.000000000000000000e+00
-3.337499999999999911e-01 0.000000000000000000e+00
-3.302499999999999880e-01 0.000000000000000000e+00
-3.267499999999999849e-01 0.000000000000000000e+00
-3.232499999999999818e-01 0.000000000000000000e+00
-3.197499999999999787e-01 0.000000000000000000e+00
-3.162500000000000311e-01 0.000000000000000000e+00
-3.127499999999999725e-01 0.000000000000000000e+00
-3.092500000000000249e-01 0.000000000000000000e+00
-3.057499999999999662e-01 0.000000000000000000e+00
-3.022500000000000187e-01 0.000000000000000000e+00
-2.987499999999999600e-01 0.000000000000000000e+00
-2.952500000000000124e-01 0.000000000000000000e+00
-2.917500000000000093e-01 0.000000000000000000e+00
-2.882500000000000062e-01 0.000000000000000000e+00
-2.847500000000000031e-01 0.000000000000000000e+00
-2.812500000000000000e-01 0.000000000000000000e+00
-2.777499999999999969e-01 0.000000000000000000e+00
-2.742499999999999938e-01 0.000000000000000000e+00
-2.707499999999999907e-01 0.000000000000000000e+00
-2.672499999999999876e-01 0.000000000000000000e+00
-2.637499999999999845e-01 0.000000000000000000e+00
-2.602499999999999813e-01 0.000000000000000000e+00
-2.567500000000000338e-01 0.000000000000000000e+00
-2.532499999999999751e-01 0.000000000000000000e+00
-2.497499999999999998e-01 0.000000000000000000e+00
-2.462499999999999967e-01 0.000000000000000000e+00
-2.427499999999999936e-01 0.000000000000000000e+00
-2.392499999999999905e-01 0.000000000000000000e+00
-2.357499999999999873e-01 0.000000000000000000e+00
-2.322499999999999842e-01 0.000000000000000000e+00
-2.287499999999999811e-01 0.000000000000000000e+00
-2.252499999999999780e-01 0.000000000000000000e+00
-2.217499999999999749e-01 0.000000000000000000e+00
-2.182499999999999718e-01 0.000000000000000000e+00
-2.147499999999999687e-01 0.000000000000000000e+00
-2.112499999999999933e-01 0.000000000000000000e+00
-2.077500000000000180e-01 0.000000000000000000e+00
-2.042500000000000149e-01 0.000000000000000000e+00
-2.007500000000000118e-01 0.000000000000000000e+00
-1.972500000000000087e-01 0.000000000000000000e+00
-1.937500000000000056e-01 0.000000000000000000e+00
-1.902500000000000024e-01 0.000000000000000000e+00
-1.867499999999999993e-01 0.000000000000000000e+00
-1.832499999999999962e-01 0.000000000000000000e+00
-1.797499999999999931e-01 0.000000000000000000e+00
-1.762499999999999900e-01 0.000000000000000000e+00
-1.727499999999999869e-01 0.000000000000000000e+00
-1.692499999999999838e-01 0.000000000000000000e+00
-1.657499999999999807e-01 0.000000000000000000e+00
-1.622499999999999776e-01 0.000000000000000000e+00
-1.587499999999999745e-01 0.000000000000000000e+00
-1.552499999999999714e-01 0.000000000000000000e+00
-1.517499999999999682e-01 0.000000000000000000e+00
-1.482499999999999929e-01 8.902473382477182895e-06
-1.447500000000000175e-01 5.328418046701699495e-05
-1.412500000000000144e-01 4.847600212087854743e-05
-1.377500000000000113e-01 1.534418552182614803e-04
-1.342500000000000082e-01 2.747403632383793592e-04
-1.307500000000000051e-01 5.941521958447992802e-04
-1.272500000000000020e-01 1.073759049177169800e-03
-1.237499999999999989e-01 2.482529962435364723e-03
-1.202499999999999958e-01 4.445473663508892059e-03
-1.167499999999999927e-01 8.144031278789043427e-03
-1.132499999999999896e-01 1.680138707160949707e-02
-1.097499999999999865e-01 3.143276274204254150e-02
-1.062499999999999833e-01 5.536109209060668945e-02
-1.027499999999999802e-01 9.903863072395324707e-02
-9.924999999999997713e-02 1.644215434789657593e-01
-9.574999999999997402e-02 2.646609246730804443e-01
-9.224999999999997091e-02 4.098227620124816895e-01
-8.874999999999996780e-02 6.170666217803955078e-01
-8.524999999999999245e-02 8.994946479797363281e-01
-8.175000000000001710e-02 1.266277909278869629e+00
-7.825000000000001399e-02 1.711907744407653809e+00
-7.475000000000001088e-02 2.259690046310424805e+00
-7.125000000000000777e-02 2.888438940048217773e+00
-6.775000000000000466e-02 3.586882114410400391e+00
-6.425000000000000155e-02 4.365116119384765625e+00
-6.074999999999999845e-02 5.160091400146484375e+00
-5.724999999999999534e-02 5.956886768341064453e+00
-5.374999999999999223e-02 6.742924690246582031e+00
-5.024999999999998912e-02 7.499390125274658203e+00
-4.674999999999998601e-02 8.162156105041503906e+00
-4.324999999999998290e-02 8.759751319885253906e+00
-3.974999999999997979e-02 9.271129608154296875e+00
-3.624999999999997669e-02 9.695107460021972656e+00
-3.274999999999997358e-02 9.988427162170410156e+00
-2.924999999999997047e-02 1.018101787567138672e+01
-2.574999999999996736e-02 1.025448417663574219e+01
-2.224999999999996425e-02 1.024073886871337891e+01
-1.874999999999998890e-02 1.013960266113281250e+01
-1.525000000000001354e-02 9.939970016479492188e+00
-1.175000000000001044e-02 9.675256729125976562e+00
-8.250000000000007327e-03 9.362786293029785156e+00
-4.750000000000004219e-03 8.987281799316406250e+00
-1.249999999999973355e-03 8.587659835815429688e+00
2.250000000000029754e-03 8.156581878662109375e+00
5.750000000000032863e-03 7.710681438446044922e+00
9.250000000000035971e-03 7.257546424865722656e+00
1.274999999999998357e-02 6.805601596832275391e+00
1.624999999999998668e-02 6.361381053924560547e+00
1.974999999999998979e-02 5.920701980590820312e+00
2.324999999999999289e-02 5.511844158172607422e+00
2.674999999999999600e-02 5.098892688751220703e+00
3.024999999999999911e-02 4.706758022308349609e+00
3.375000000000000222e-02 4.349058151245117188e+00
3.725000000000000533e-02 4.000356674194335938e+00
4.075000000000000844e-02 3.673475980758666992e+00
4.425000000000001155e-02 3.357741117477416992e+00
4.775000000000001465e-02 3.080422401428222656e+00
5.125000000000001776e-02 2.819010257720947266e+00
5.475000000000002087e-02 2.575286388397216797e+00
5.825000000000002398e-02 2.354254961013793945e+00
6.175000000000002709e-02 2.144052028656005859e+00
6.525000000000003020e-02 1.959499955177307129e+00
6.875000000000003331e-02 1.781769871711730957e+00
7.225000000000003642e-02 1.622145771980285645e+00
7.575000000000003952e-02 1.480163812637329102e+00
7.924999999999998712e-02 1.348132371902465820e+00
8.274999999999999023e-02 1.224996209144592285e+00
8.624999999999999334e-02 1.116981863975524902e+00
8.974999999999999645e-02 1.014616489410400391e+00
9.324999999999999956e-02 9.249122738838195801e-01
9.675000000000000266e-02 8.436717987060546875e-01
1.002500000000000058e-01 7.710698246955871582e-01
1.037500000000000089e-01 7.020813226699829102e-01
1.072500000000000120e-01 6.398515701293945312e-01
1.107500000000000151e-01 5.819509029388427734e-01
1.142500000000000182e-01 5.307657718658447266e-01
1.177500000000000213e-01 4.840937852859497070e-01
1.212500000000000244e-01 4.431082308292388916e-01
1.247500000000000275e-01 4.048552215099334717e-01
1.282500000000000306e-01 3.708961904048919678e-01
1.317500000000000338e-01 3.373759686946868896e-01
1.352500000000000369e-01 3.094592690467834473e-01
1.387499999999999845e-01 2.841941118240356445e-01
1.422499999999999876e-01 2.592564523220062256e-01
1.457499999999999907e-01 2.380612641572952271e-01
1.492499999999999938e-01 2.167768180370330811e-01
1.527499999999999969e-01 1.999208629131317139e-01
1.562500000000000000e-01 1.836544275283813477e-01
1.597500000000000031e-01 1.683975756168365479e-01
1.632500000000000062e-01 1.555228680372238159e-01
1.667500000000000093e-01 1.434583067893981934e-01
1.702500000000000124e-01 1.318200379610061646e-01
1.737500000000000155e-01 1.211206316947937012e-01
1.772500000000000187e-01 1.118733882904052734e-01
1.807500000000000218e-01 1.022427156567573547e-01
1.842500000000000249e-01 9.515746682882308960e-02
1.877500000000000280e-01 8.771606534719467163e-02
1.912500000000000311e-01 8.125049620866775513e-02
1.947500000000000342e-01 7.496781647205352783e-02
1.982500000000000373e-01 7.012491673231124878e-02
2.017500000000000404e-01 6.438788026571273804e-02
2.052499999999999880e-01 6.023934110999107361e-02
2.087499999999999911e-01 5.605369061231613159e-02
2.122499999999999942e-01 5.073538050055503845e-02
2.157499999999999973e-01 4.750870913267135620e-02
2.192500000000000004e-01 4.330163076519966125e-02
2.227500000000000036e-01 4.039279744029045105e-02
2.262500000000000067e-01 3.783274441957473755e-02
2.297500000000000098e-01 3.542498126626014709e-02
2.332500000000000129e-01 3.274669870734214783e-02
2.367500000000000160e-01 3.035240992903709412e-02
2.402500000000000191e-01 2.828162908554077148e-02
2.437500000000000222e-01 2.628715150058269501e-02
2.472500000000000253e-01 2.437672577798366547e-02
2.507500000000000284e-01 2.320569567382335663e-02
2.542500000000000315e-01 2.167730219662189484e-02
2.577500000000000346e-01 2.011720277369022369e-02
2.612500000000000377e-01 1.849682815372943878e-02
2.647500000000000409e-01 1.707257330417633057e-02
2.682500000000000440e-01 1.634859479963779449e-02
2.717499999999999916e-01 1.500924676656723022e-02
2.752499999999999947e-01 1.415278669446706772e-02
2.787499999999999978e-01 1.320429146289825439e-02
2.822500000000000009e-01 1.243433635681867599e-02
2.857500000000000040e-01 1.155298668891191483e-02
2.892500000000000071e-01 1.088508963584899902e-02
2.927500000000000102e-01 1.021943613886833191e-02
2.962500000000000133e-01 9.689272381365299225e-03
2.997500000000000164e-01 9.038776159286499023e-03
3.032500000000000195e-01 8.717401884496212006e-03
3.067500000000000226e-01 8.097024634480476379e-03
3.102500000000000258e-01 7.497166749089956284e-03
3.137500000000000289e-01 7.138350512832403183e-03
3.172500000000000320e-01 6.671194918453693390e-03
3.207500000000000351e-01 6.350360810756683350e-03
3.242500000000000382e-01 5.962929222732782364e-03
3.277500000000000413e-01 5.604269448667764664e-03
3.312499999999999889e-01 5.246087908744812012e-03
3.347499999999999920e-01 4.821094684302806854e-03
3.382499999999999951e-01 4.566909279674291611e-03
3.417499999999999982e-01 4.298328887671232224e-03
3.452500000000000013e-01 4.154704045504331589e-03
3.487500000000000044e-01 3.791084978729486465e-03
3.522500000000000075e-01 3.642737632617354393e-03
3.557500000000000107e-01 3.462105058133602142e-03
3.592500000000000138e-01 3.273482667282223701e-03
3.627500000000000169e-01 3.042243421077728271e-03
3.662500000000000200e-01 2.911894349381327629e-03
3.697500000000000231e-01 2.697111107409000397e-03
3.732500000000000262e-01 2.599957864731550217e-03
3.767500000000000293e-01 2.350220456719398499e-03
3.802500000000000324e-01 2.276590326800942421e-03
3.837500000000000355e-01 2.134221838787198067e-03
3.872500000000000386e-01 2.055538352578878403e-03
3.907500000000000417e-01 1.864692429080605507e-03
3.942500000000000449e-01 1.782774575985968113e-03
3.977499999999999925e-01 1.666100928559899330e-03
4.012499999999999956e-01 1.614344888366758823e-03
4.047499999999999987e-01 1.520748250186443329e-03
4.082500000000000018e-01 1.544313388876616955e-03
4.117500000000000049e-01 1.444310531951487064e-03
4.152500000000000080e-01 1.305281068198382854e-03
4.187500000000000111e-01 1.322378986515104771e-03
4.222500000000000142e-01 1.188118476420640945e-03
4.257500000000000173e-01 1.227023545652627945e-03
4.292500000000000204e-01 1.068394514732062817e-03
4.327500000000000235e-01 1.018354552797973156e-03
4.362500000000000266e-01 9.459150605835020542e-04
4.397500000000000298e-01 9.991873521357774734e-04
4.432500000000000329e-01 9.188283584080636501e-04
4.467500000000000360e-01 8.389084832742810249e-04
4.502500000000000391e-01 8.499116520397365093e-04
4.537500000000000422e-01 7.960562361404299736e-04
4.572500000000000453e-01 7.285397150553762913e-04
4.607500000000000484e-01 7.070678984746336937e-04
4.642499999999999960e-01 6.674573523923754692e-04
4.677499999999999991e-01 6.627565016970038414e-04
4.712500000000000022e-01 6.356797530315816402e-04
4.747500000000000053e-01 5.621245363727211952e-04
4.782500000000000084e-01 5.852672038599848747e-04
4.817500000000000115e-01 5.400990485213696957e-04
4.852500000000000147e-01 5.250381655059754848e-04
4.887500000000000178e-01 4.701488360296934843e-04
4.922500000000000209e-01 4.689658235292881727e-04
4.957500000000000240e-01 4.306376795284450054e-04
4.992500000000000826e-01 4.347021458670496941e-04
5.027500000000000302e-01 4.039309569634497166e-04
5.062499999999999778e-01 3.871154331136494875e-04
5.097500000000000364e-01 3.738597151823341846e-04
5.132500000000000950e-01 3.315138746984302998e-04
5.167500000000000426e-01 3.175282909069210291e-04
5.202499999999999902e-01 3.140367625746876001e-04
5.237500000000000488e-01 3.123567148577421904e-04
5.272499999999999964e-01 2.970357600133866072e-04
5.307499999999999440e-01 2.510771155357360840e-04
5.342500000000000027e-01 2.671610272955149412e-04
5.377500000000000613e-01 2.388366701779887080e-04
5.412500000000000089e-01 2.347588451812043786e-04
5.447499999999999565e-01 2.346302644582465291e-04
5.482500000000000151e-01 2.117360272677615285e-04
5.517500000000000737e-01 2.106463507516309619e-04
5.552500000000000213e-01 1.935281470650807023e-04
5.587499999999999689e-01 1.860149932326748967e-04
5.622500000000000275e-01 1.780327438609674573e-04
5.657500000000000862e-01 1.741050073178485036e-04
5.692500000000000338e-01 1.825764775276184082e-04
5.727499999999999813e-01 1.659036206547170877e-04
5.762500000000000400e-01 1.588931336300447583e-04
5.797500000000000986e-01 1.471951254643499851e-04
5.832500000000000462e-01 1.330883969785645604e-04
5.867499999999999938e-01 1.437163155060261488e-04
5.902500000000000524e-01 1.298888237215578556e-04
5.937500000000000000e-01 1.287668565055355430e-04
5.972499999999999476e-01 1.149637100752443075e-04
6.007500000000000062e-01 1.125670387409627438e-04
6.042500000000000648e-01 1.060116264852695167e-04
6.077500000000000124e-01 1.015715533867478371e-04
6.112499999999999600e-01 8.490405161865055561e-05
6.147500000000000187e-01 8.611463999841362238e-05
6.182500000000000773e-01 9.352686902275308967e-05
6.217500000000000249e-01 7.730862853350117803e-05
6.252499999999999725e-01 7.492898294003680348e-05
6.287500000000000311e-01 7.805283530615270138e-05
6.322500000000000897e-01 7.555355841759592295e-05
6.357500000000000373e-01 6.712720642099156976e-05
6.392499999999999849e-01 6.437978299800306559e-05
6.427500000000000435e-01 6.157253665151074529e-05
6.462500000000001021e-01 6.698750803479924798e-05
6.497500000000000497e-01 6.168046820675954223e-05
6.532499999999999973e-01 5.226532084634527564e-05
6.567500000000000560e-01 4.663620347855612636e-05
6.602500000000000036e-01 4.338661528890952468e-05
6.637499999999999512e-01 4.814091153093613684e-05
6.672500000000000098e-01 4.614874342223629355e-05
6.707500000000000684e-01 4.491348590818233788e-05
6.742500000000000160e-01 3.760182516998611391e-05
6.777499999999999636e-01 3.687417120090685785e-05
6.812500000000000222e-01 3.251183807151392102e-05
6.847500000000000808e-01 3.396246029296889901e-05
6.882500000000000284e-01 2.952257636934518814e-05
6.917499999999999760e-01 2.914322431024629623e-05
6.952500000000000346e-01 2.711675915634259582e-05
6.987500000000000933e-01 3.314517744001932442e-05
7.022500000000000409e-01 2.471895641065202653e-05
7.057499999999999885e-01 2.446807957312557846e-05
7.092500000000000471e-01 2.189653969253413379e-05
7.127500000000001057e-01 2.238494926132261753e-05
7.162500000000000533e-01 2.246761141577735543e-05
7.197500000000000009e-01 1.788739245967008173e-05
7.232500000000000595e-01 1.738392529659904540e-05
7.267500000000000071e-01 2.126747131114825606e-05
7.302499999999999547e-01 1.928184610733296722e-05
7.337500000000000133e-01 1.531161069578956813e-05
7.372500000000000719e-01 1.675052590144332498e-05
7.407500000000000195e-01 1.721200533211231232e-05
7.442499999999999671e-01 1.315163081017090008e-05
7.477500000000000258e-01 1.311956020799698308e-05
7.512500000000000844e-01 1.140024050982901827e-05
7.547500000000000320e-01 1.037239235301967710e-05
7.582499999999999796e-01 9.696346751297824085e-06
7.617500000000000382e-01 7.681282113480847329e-06
7.652500000000000968e-01 1.108935794036369771e-05
7.687500000000000444e-01 9.195687198371160775e-06
7.722499999999999920e-01 7.061632004479179159e-06
7.757500000000000506e-01 8.479290045215748250e-06
7.792499999999999982e-01 7.670309969398658723e-06
7.827499999999999458e-01 7.007010481174802408e-06
7.862500000000000044e-01 6.019060037942836061e-06
7.897500000000000631e-01 4.440851171239046380e-06
7.932500000000000107e-01 5.764703473687404767e-06
7.967499999999999583e-01 5.532275736186420545e-06
8.002500000000000169e-01 4.590826847561402246e-06
8.037500000000000755e-01 5.170366421225480735e-06
8.072500000000000231e-01 4.113700470043113455e-06
8.107499999999999707e-01 4.537718268693424761e-06
8.142500000000000293e-01 4.407592314237263054e-06
8.177500000000000879e-01 3.426579041843069717e-06
8.212500000000000355e-01 2.859377673303242773e-06
8.247499999999999831e-01 2.538162561904755421e-06
8.282500000000000417e-01 2.207317493230220862e-06
8.317500000000001004e-01 2.667867420313996263e-06
8.352500000000000480e-01 2.909955128416186199e-06
8.387499999999999956e-01 2.882609123844304122e-06
8.422500000000000542e-01 2.180548563046613708e-06
8.457500000000000018e-01 1.503859834883769508e-06
8.492499999999999494e-01 1.119693592954718042e-06
8.527500000000000080e-01 1.526538540019828361e-06
8.562500000000000666e-01 1.334541479991457891e-06
8.597500000000000142e-01 1.221929551320499741e-06
8.632499999999999618e-01 1.068485175892419647e-06
8.667500000000000204e-01 2.369989488215651363e-06
8.702500000000000790e-01 1.031250121741322801e-06
8.737500000000000266e-01 8.589120739088684786e-07
8.772499999999999742e-01 1.148954083873832133e-06
8.807500000000000329e-01 1.021652678900863975e-06
8.842500000000000915e-01 1.218055899698811118e-06
8.877500000000000391e-01 1.049229240379645489e-06
8.912499999999999867e-01 5.862005991730256937e-07
8.947500000000000453e-01 8.890098683878022712e-07
8.982500000000001039e-01 8.703069624971249141e-07
9.017500000000000515e-01 1.527176550553122070e-06
9.052499999999999991e-01 7.843340767976769712e-07
9.087500000000000577e-01 9.809589300857624039e-07
9.122500000000000053e-01 9.270871146327408496e-07
9.157499999999999529e-01 4.887086788585293107e-07
9.192500000000000115e-01 1.196095468003477436e-06
9.227500000000000702e-01 9.477518574385612737e-07
9.262500000000000178e-01 4.003936169283406343e-07
9.297499999999999654e-01 5.801103952762787230e-07
9.332500000000000240e-01 7.235460088850231841e-07
9.367500000000000826e-01 6.339465130622556899e-07
9.402500000000000302e-01 3.551096767751005245e-07
9.437499999999999778e-01 6.767644435967667960e-07
9.472500000000000364e-01 4.115795491088647395e-07
9.507500000000000950e-01 1.670714254942140542e-06
9.542500000000000426e-01 5.356210976970032789e-07
9.577499999999999902e-01 1.236936782333941665e-06
9.612500000000000488e-01 1.220140006807923783e-07
9.647500000000001075e-01 3.543074740264273714e-07
9.682500000000000551e-01 2.015541156197286909e-07
9.717500000000000027e-01 1.756454139467678033e-06
9.752500000000000613e-01 3.889950619395676767e-07
9.787500000000000089e-01 6.587470693375507835e-07
9.822499999999999565e-01 1.254882022294623312e-06
9.857500000000000151e-01 5.084873464511474594e-07
9.892500000000000737e-01 3.982995906426367583e-07
9.927500000000000213e-01 3.547875451204163255e-07
9.962499999999999689e-01 9.472793180975713767e-07
9.997500000000000275e-01 2.177438886974414345e-07
1.003249999999999975e+00 4.329383216372661991e-07
1.006750000000000034e+00 1.949093189068662468e-07
1.010250000000000092e+00 2.630193876029807143e-07
1.013749999999999929e+00 1.832659251022050739e-07
1.017250000000000210e+00 6.281692321863374673e-07
1.020750000000000046e+00 1.279902335227234289e-07
1.024249999999999883e+00 8.309206833700955031e-08
1.027750000000000163e+00 2.147151150211357162e-07
1.031250000000000000e+00 1.039770225474967447e-07
1.034750000000000059e+00 2.914715651058941148e-07
1.038250000000000117e+00 2.053611751762218773e-07
1.041749999999999954e+00 1.965708378293129499e-07
1.045250000000000012e+00 2.484978551819949644e-07
1.048750000000000071e+00 1.704558201254258165e-07
1.052249999999999908e+00 2.181670133438728953e-08
1.055750000000000188e+00 4.282615151396385045e-08
1.059250000000000025e+00 1.240902292920509353e-06
1.062749999999999861e+00 2.568808277203515900e-08
1.066250000000000142e+00 2.475299787363383075e-08
1.069749999999999979e+00 1.403598275828699116e-06
1.073250000000000037e+00 6.873628421999455895e-08
1.076750000000000096e+00 4.477490378462789522e-08
1.080249999999999932e+00 1.529965629742946476e-07
1.083750000000000213e+00 3.181241270411305777e-09
1.087250000000000050e+00 8.229974213236346259e-08
1.090749999999999886e+00 2.490242856367785862e-08
1.094250000000000167e+00 1.198896597998100333e-06
1.097750000000000004e+00 0.000000000000000000e+00
1.101250000000000062e+00 3.369299150790538988e-08
1.104750000000000121e+00 3.365423140166967642e-08
1.108249999999999957e+00 5.097842148416020791e-08
1.111750000000000016e+00 1.555767852323697298e-07
1.115250000000000075e+00 4.434609479631035356e-08
1.118749999999999911e+00 0.000000000000000000e+00
1.122250000000000192e+00 1.269180582852413863e-08
1.125750000000000028e+00 2.820971012340578454e-08
1.129249999999999865e+00 5.755801879558930523e-08
1.132750000000000146e+00 6.107126182541833259e-08
1.136249999999999982e+00 3.685901805994262759e-09
1.139750000000000041e+00 0.000000000000000000e+00
1.143250000000000099e+00 8.902880921368705458e-08
1.146749999999999936e+00 0.000000000000000000e+00
1.150250000000000217e+00 9.645351894960185746e-08
1.153750000000000053e+00 2.074046534517037799e-07
1.157249999999999890e+00 1.180333200068162114e-07
1.160750000000000171e+00 0.000000000000000000e+00
1.164250000000000007e+00 0.000000000000000000e+00
1.167749999999999844e+00 2.345446858953437186e-07
1.171250000000000124e+00 8.655369754251296399e-08
1.174749999999999961e+00 2.072547289344583987e-07
1.178250000000000020e+00 1.892535834713271470e-07
1.181750000000000078e+00 0.000000000000000000e+00
1.185249999999999915e+00 0.000000000000000000e+00
1.188750000000000195e+00 0.000000000000000000e+00
1.192250000000000032e+00 0.000000000000000000e+00
1.195749999999999869e+00 0.000000000000000000e+00
1.199250000000000149e+00 1.062995593770210689e-07
1.202749999999999986e+00 3.319729273698612815e-07
1.206250000000000044e+00 0.000000000000000000e+00
1.209750000000000103e+00 0.000000000000000000e+00
1.213249999999999940e+00 0.000000000000000000e+00
1.216750000000000220e+00 0.000000000000000000e+00
1.220250000000000057e+00 2.801037908284342848e-07
1.223749999999999893e+00 0.000000000000000000e+00
1.227250000000000174e+00 0.000000000000000000e+00
1.230750000000000011e+00 0.000000000000000000e+00
1.234249999999999847e+00 1.603241202019489720e-07
1.237750000000000128e+00 0.000000000000000000e+00
1.241249999999999964e+00 0.000000000000000000e+00
1.244750000000000023e+00 1.719492672691558255e-07
1.248250000000000082e+00 0.000000000000000000e+00
1.251749999999999918e+00 0.000000000000000000e+00
1.255250000000000199e+00 2.029971852834933088e-07
1.258750000000000036e+00 0.000000000000000000e+00
1.262249999999999872e+00 0.000000000000000000e+00
1.265750000000000153e+00 0.000000000000000000e+00
1.269249999999999989e+00 0.000000000000000000e+00
1.272750000000000048e+00 0.000000000000000000e+00
1.276250000000000107e+00 0.000000000000000000e+00
1.279749999999999943e+00 0.000000000000000000e+00
1.283250000000000224e+00 0.000000000000000000e+00
1.286750000000000060e+00 0.000000000000000000e+00
1.290249999999999897e+00 0.000000000000000000e+00
1.293750000000000178e+00 0.000000000000000000e+00
1.297250000000000014e+00 0.000000000000000000e+00
1.300749999999999851e+00 0.000000000000000000e+00
1.304250000000000131e+00 0.000000000000000000e+00
1.307749999999999968e+00 0.000000000000000000e+00
1.311250000000000027e+00 0.000000000000000000e+00
1.314750000000000085e+00 0.000000000000000000e+00
1.318249999999999922e+00 0.000000000000000000e+00
1.321750000000000203e+00 0.000000000000000000e+00
1.325250000000000039e+00 0.000000000000000000e+00
1.328749999999999876e+00 0.000000000000000000e+00
1.332250000000000156e+00 0.000000000000000000e+00
1.335749999999999993e+00 0.000000000000000000e+00
1.339250000000000052e+00 0.000000000000000000e+00
1.342750000000000110e+00 0.000000000000000000e+00
1.346249999999999947e+00 0.000000000000000000e+00
1.349750000000000227e+00 0.000000000000000000e+00
1.353250000000000064e+00 0.000000000000000000e+00
1.356749999999999901e+00 0.000000000000000000e+00
1.360250000000000181e+00 0.000000000000000000e+00
1.363750000000000018e+00 0.000000000000000000e+00
1.367249999999999854e+00 0.000000000000000000e+00
1.370750000000000135e+00 0.000000000000000000e+00
1.374249999999999972e+00 0.000000000000000000e+00
1.377750000000000030e+00 0.000000000000000000e+00
1.381250000000000089e+00 0.000000000000000000e+00
1.384749999999999925e+00 0.000000000000000000e+00
1.388250000000000206e+00 0.000000000000000000e+00
1.391750000000000043e+00 0.000000000000000000e+00
1.395249999999999879e+00 0.000000000000000000e+00
1.398750000000000160e+00 0.000000000000000000e+00
1.402249999999999996e+00 0.000000000000000000e+00
1.405750000000000055e+00 0.000000000000000000e+00
1.409250000000000114e+00 0.000000000000000000e+00
1.412749999999999950e+00 0.000000000000000000e+00
1.416250000000000231e+00 0.000000000000000000e+00
1.419750000000000068e+00 0.000000000000000000e+00
1.423249999999999904e+00 0.000000000000000000e+00
1.426750000000000185e+00 0.000000000000000000e+00
1.430250000000000021e+00 0.000000000000000000e+00
1.433749999999999858e+00 0.000000000000000000e+00
1.437250000000000139e+00 0.000000000000000000e+00
1.440749999999999975e+00 0.000000000000000000e+00
1.444250000000000034e+00 0.000000000000000000e+00
1.447750000000000092e+00 0.000000000000000000e+00
1.451249999999999929e+00 0.000000000000000000e+00
1.454750000000000210e+00 0.000000000000000000e+00
1.458250000000000046e+00 0.000000000000000000e+00
1.461749999999999883e+00 0.000000000000000000e+00
1.465250000000000163e+00 0.000000000000000000e+00
1.468750000000000000e+00 0.000000000000000000e+00
1.472250000000000059e+00 0.000000000000000000e+00
1.475750000000000117e+00 0.000000000000000000e+00
1.479249999999999954e+00 0.000000000000000000e+00
1.482750000000000012e+00 0.000000000000000000e+00
1.486250000000000071e+00 0.000000000000000000e+00
1.489749999999999908e+00 0.000000000000000000e+00
1.493250000000000188e+00 0.000000000000000000e+00
1.496750000000000025e+00 0.000000000000000000e+00
1.500250000000000083e+00 0.000000000000000000e+00
1.503750000000000142e+00 0.000000000000000000e+00
1.507249999999999979e+00 0.000000000000000000e+00
1.510750000000000037e+00 0.000000000000000000e+00
1.514250000000000096e+00 0.000000000000000000e+00
1.517749999999999932e+00 0.000000000000000000e+00
1.521249999999999991e+00 0.000000000000000000e+00
1.524750000000000050e+00 0.000000000000000000e+00
1.528250000000000108e+00 0.000000000000000000e+00
1.531750000000000167e+00 0.000000000000000000e+00
1.535250000000000004e+00 0.000000000000000000e+00
1.538750000000000062e+00 0.000000000000000000e+00
1.542250000000000121e+00 0.000000000000000000e+00
1.545749999999999957e+00 0.000000000000000000e+00
1.549250000000000016e+00 0.000000000000000000e+00
1.552750000000000075e+00 0.000000000000000000e+00
1.556249999999999911e+00 0.000000000000000000e+00
1.559749999999999970e+00 0.000000000000000000e+00
1.563250000000000028e+00 0.000000000000000000e+00
1.566750000000000087e+00 0.000000000000000000e+00
1.570250000000000146e+00 0.000000000000000000e+00
1.573749999999999982e+00 0.000000000000000000e+00
1.577250000000000041e+00 0.000000000000000000e+00
1.580750000000000099e+00 0.000000000000000000e+00
1.584249999999999936e+00 0.000000000000000000e+00
1.587749999999999995e+00 0.000000000000000000e+00
1.591250000000000053e+00 0.000000000000000000e+00
1.594750000000000112e+00 0.000000000000000000e+00
1.598250000000000171e+00 0.000000000000000000e+00
1.601750000000000007e+00 0.000000000000000000e+00
1.605250000000000066e+00 0.000000000000000000e+00
1.608750000000000124e+00 0.000000000000000000e+00
1.612249999999999961e+00 0.000000000000000000e+00
1.615750000000000020e+00 0.000000000000000000e+00
1.619250000000000078e+00 0.000000000000000000e+00
1.622749999999999915e+00 0.000000000000000000e+00
1.626249999999999973e+00 0.000000000000000000e+00
1.629750000000000032e+00 0.000000000000000000e+00
1.633250000000000091e+00 0.000000000000000000e+00
1.636750000000000149e+00 0.000000000000000000e+00
1.640249999999999986e+00 0.000000000000000000e+00
1.643750000000000044e+00 0.000000000000000000e+00
1.647250000000000103e+00 0.000000000000000000e+00
1.650749999999999940e+00 0.000000000000000000e+00
1.654249999999999998e+00 0.000000000000000000e+00
1.657750000000000057e+00 0.000000000000000000e+00
1.661250000000000115e+00 0.000000000000000000e+00
1.664750000000000174e+00 0.000000000000000000e+00
1.668250000000000011e+00 0.000000000000000000e+00
1.671750000000000069e+00 0.000000000000000000e+00
1.675250000000000128e+00 0.000000000000000000e+00
1.678749999999999964e+00 0.000000000000000000e+00
1.682250000000000023e+00 0.000000000000000000e+00
1.685750000000000082e+00 0.000000000000000000e+00
1.689249999999999918e+00 0.000000000000000000e+00
1.692749999999999977e+00 0.000000000000000000e+00
1.696250000000000036e+00 0.000000000000000000e+00
1.699750000000000094e+00 0.000000000000000000e+00
1.703250000000000153e+00 0.000000000000000000e+00
1.706749999999999989e+00 0.000000000000000000e+00
1.710250000000000048e+00 0.000000000000000000e+00
1.713750000000000107e+00 0.000000000000000000e+00
1.717249999999999943e+00 0.000000000000000000e+00
1.720750000000000002e+00 0.000000000000000000e+00
1.724250000000000060e+00 0.000000000000000000e+00
1.727750000000000119e+00 0.000000000000000000e+00
1.731250000000000178e+00 0.000000000000000000e+00
1.734750000000000014e+00 0.000000000000000000e+00
1.738250000000000073e+00 0.000000000000000000e+00
1.741750000000000131e+00 0.000000000000000000e+00
1.745249999999999968e+00 0.000000000000000000e+00
1.748750000000000027e+00 0.000000000000000000e+00
1.752250000000000085e+00 0.000000000000000000e+00
1.755749999999999922e+00 0.000000000000000000e+00
1.759249999999999980e+00 0.000000000000000000e+00
1.762750000000000039e+00 0.000000000000000000e+00
1.766250000000000098e+00 0.000000000000000000e+00
1.769750000000000156e+00 0.000000000000000000e+00
1.773249999999999993e+00 0.000000000000000000e+00
1.776750000000000052e+00 0.000000000000000000e+00
1.780250000000000110e+00 0.000000000000000000e+00
1.783749999999999947e+00 0.000000000000000000e+00
1.787250000000000005e+00 0.000000000000000000e+00
1.790750000000000064e+00 0.000000000000000000e+00
1.794250000000000123e+00 0.000000000000000000e+00
1.797750000000000181e+00 0.000000000000000000e+00
1.801250000000000018e+00 0.000000000000000000e+00
1.804750000000000076e+00 0.000000000000000000e+00
1.808250000000000135e+00 0.000000000000000000e+00
1.811749999999999972e+00 0.000000000000000000e+00
1.815250000000000030e+00 0.000000000000000000e+00
1.818750000000000089e+00 0.000000000000000000e+00
1.822249999999999925e+00 0.000000000000000000e+00
1.825749999999999984e+00 0.000000000000000000e+00
1.829250000000000043e+00 0.000000000000000000e+00
1.832750000000000101e+00 0.000000000000000000e+00
1.836250000000000160e+00 0.000000000000000000e+00
1.839749999999999996e+00 0.000000000000000000e+00
1.843250000000000055e+00 0.000000000000000000e+00
1.846750000000000114e+00 0.000000000000000000e+00
1.850249999999999950e+00 0.000000000000000000e+00
1.853750000000000009e+00 0.000000000000000000e+00
1.857250000000000068e+00 0.000000000000000000e+00
1.860750000000000126e+00 0.000000000000000000e+00
1.864250000000000185e+00 0.000000000000000000e+00
1.867750000000000021e+00 0.000000000000000000e+00
1.871250000000000080e+00 0.000000000000000000e+00
1.874750000000000139e+00 0.000000000000000000e+00
1.878249999999999975e+00 0.000000000000000000e+00
1.881750000000000034e+00 0.000000000000000000e+00
1.885250000000000092e+00 0.000000000000000000e+00
1.888749999999999929e+00 0.000000000000000000e+00
1.892249999999999988e+00 0.000000000000000000e+00
1.895750000000000046e+00 0.000000000000000000e+00
1.899250000000000105e+00 0.000000000000000000e+00
1.902750000000000163e+00 0.000000000000000000e+00
1.906250000000000000e+00 0.000000000000000000e+00
1.909750000000000059e+00 0.000000000000000000e+00
1.913250000000000117e+00 0.000000000000000000e+00
1.916749999999999954e+00 0.000000000000000000e+00
1.920250000000000012e+00 0.000000000000000000e+00
1.923750000000000071e+00 0.000000000000000000e+00
1.927250000000000130e+00 0.000000000000000000e+00
1.930750000000000188e+00 0.000000000000000000e+00
1.934250000000000025e+00 0.000000000000000000e+00
1.937750000000000083e+00 0.000000000000000000e+00
1.941250000000000142e+00 0.000000000000000000e+00
1.944749999999999979e+00 0.000000000000000000e+00
1.948250000000000037e+00 0.000000000000000000e+00
1.951750000000000096e+00 0.000000000000000000e+00
1.955249999999999932e+00 0.000000000000000000e+00
1.958749999999999991e+00 0.000000000000000000e+00
1.962250000000000050e+00 0.000000000000000000e+00
1.965750000000000108e+00 0.000000000000000000e+00
1.969250000000000167e+00 0.000000000000000000e+00
1.972750000000000004e+00 0.000000000000000000e+00
1.976250000000000062e+00 0.000000000000000000e+00
1.979750000000000121e+00 0.000000000000000000e+00
1.983249999999999957e+00 0.000000000000000000e+00
1.986750000000000016e+00 0.000000000000000000e+00
1.990250000000000075e+00 0.000000000000000000e+00
1.993750000000000133e+00 0.000000000000000000e+00
1.997250000000000192e+00 0.000000000000000000e+00
2.000750000000000028e+00 0.000000000000000000e+00
2.004249999999999865e+00 0.000000000000000000e+00
2.007750000000000146e+00 0.000000000000000000e+00
2.011249999999999982e+00 0.000000000000000000e+00
2.014750000000000263e+00 0.000000000000000000e+00
2.018250000000000099e+00 0.000000000000000000e+00
2.021749999999999936e+00 0.000000000000000000e+00
2.025249999999999773e+00 0.000000000000000000e+00
2.028750000000000053e+00 0.000000000000000000e+00
2.032250000000000334e+00 0.000000000000000000e+00
2.035750000000000171e+00 0.000000000000000000e+00
2.039250000000000007e+00 0.000000000000000000e+00
2.042749999999999844e+00 0.000000000000000000e+00
2.046250000000000124e+00 0.000000000000000000e+00
2.049749999999999961e+00 0.000000000000000000e+00
2.053250000000000242e+00 0.000000000000000000e+00
2.056750000000000078e+00 0.000000000000000000e+00
2.060249999999999915e+00 0.000000000000000000e+00
2.063749999999999751e+00 0.000000000000000000e+00
2.067250000000000032e+00 0.000000000000000000e+00
2.070750000000000313e+00 0.000000000000000000e+00
2.074250000000000149e+00 0.000000000000000000e+00
2.077749999999999986e+00 0.000000000000000000e+00
2.081249999999999822e+00 0.000000000000000000e+00
2.084750000000000103e+00 0.000000000000000000e+00
2.088249999999999940e+00 0.000000000000000000e+00
2.091750000000000220e+00 0.000000000000000000e+00
2.095250000000000057e+00 0.000000000000000000e+00
2.098749999999999893e+00 0.000000000000000000e+00
2.102250000000000174e+00 0.000000000000000000e+00
2.105750000000000011e+00 0.000000000000000000e+00
2.109250000000000291e+00 0.000000000000000000e+00
2.112750000000000128e+00 0.000000000000000000e+00
2.116249999999999964e+00 0.000000000000000000e+00
2.119749999999999801e+00 0.000000000000000000e+00
2.123250000000000082e+00 0.000000000000000000e+00
2.126749999999999918e+00 0.000000000000000000e+00
2.130250000000000199e+00 0.000000000000000000e+00
2.133750000000000036e+00 0.000000000000000000e+00
2.137249999999999872e+00 0.000000000000000000e+00
2.140750000000000153e+00 0.000000000000000000e+00
2.144249999999999989e+00 0.000000000000000000e+00
2.147750000000000270e+00 0.000000000000000000e+00
2.151250000000000107e+00 0.000000000000000000e+00
2.154749999999999943e+00 0.000000000000000000e+00
2.158249999999999780e+00 0.000000000000000000e+00
2.161750000000000060e+00 0.000000000000000000e+00
2.165250000000000341e+00 0.000000000000000000e+00
2.168750000000000178e+00 0.000000000000000000e+00
2.172250000000000014e+00 0.000000000000000000e+00
2.175749999999999851e+00 0.000000000000000000e+00
2.179250000000000131e+00 0.000000000000000000e+00
2.182749999999999968e+00 0.000000000000000000e+00
2.186250000000000249e+00 0.000000000000000000e+00
2.189750000000000085e+00 0.000000000000000000e+00
2.193249999999999922e+00 0.000000000000000000e+00
2.196749999999999758e+00 0.000000000000000000e+00
2.200250000000000039e+00 0.000000000000000000e+00
2.203750000000000320e+00 0.000000000000000000e+00
2.207250000000000156e+00 0.000000000000000000e+00
2.210749999999999993e+00 0.000000000000000000e+00
2.214249999999999829e+00 0.000000000000000000e+00
2.217750000000000110e+00 0.000000000000000000e+00
2.221249999999999947e+00 0.000000000000000000e+00
2.224750000000000227e+00 0.000000000000000000e+00
2.228250000000000064e+00 0.000000000000000000e+00
2.231749999999999901e+00 0.000000000000000000e+00
2.235250000000000181e+00 0.000000000000000000e+00
2.238750000000000018e+00 0.000000000000000000e+00
2.242250000000000298e+00 0.000000000000000000e+00
2.245750000000000135e+00 0.000000000000000000e+00
2.249249999999999972e+00 0.000000000000000000e+00
2.252749999999999808e+00 0.000000000000000000e+00
2.256250000000000089e+00 0.000000000000000000e+00
2.259749999999999925e+00 0.000000000000000000e+00
2.263250000000000206e+00 0.000000000000000000e+00
2.266750000000000043e+00 0.000000000000000000e+00
2.270249999999999879e+00 0.000000000000000000e+00
2.273750000000000160e+00 0.000000000000000000e+00
2.277249999999999996e+00 0.000000000000000000e+00
2.280750000000000277e+00 0.000000000000000000e+00
2.284250000000000114e+00 0.000000000000000000e+00
2.287749999999999950e+00 0.000000000000000000e+00
2.291249999999999787e+00 0.000000000000000000e+00
2.294750000000000068e+00 0.000000000000000000e+00
2.298250000000000348e+00 0.000000000000000000e+00
2.301750000000000185e+00 0.000000000000000000e+00
2.305250000000000021e+00 0.000000000000000000e+00
2.308749999999999858e+00 0.000000000000000000e+00
2.312250000000000139e+00 0.000000000000000000e+00
2.315749999999999975e+00 0.000000000000000000e+00
2.319250000000000256e+00 0.000000000000000000e+00
2.322750000000000092e+00 0.000000000000000000e+00
2.326249999999999929e+00 0.000000000000000000e+00
2.329749999999999766e+00 0.000000000000000000e+00
2.333250000000000046e+00 0.000000000000000000e+00
2.336750000000000327e+00 0.000000000000000000e+00
2.340250000000000163e+00 0.000000000000000000e+00
2.343750000000000000e+00 0.000000000000000000e+00
2.347249999999999837e+00 0.000000000000000000e+00
2.350750000000000117e+00 0.000000000000000000e+00
2.354249999999999954e+00 0.000000000000000000e+00
2.357750000000000234e+00 0.000000000000000000e+00
2.361250000000000071e+00 0.000000000000000000e+00
2.364749999999999908e+00 0.000000000000000000e+00
2.368250000000000188e+00 0.000000000000000000e+00
2.371750000000000025e+00 0.000000000000000000e+00
2.375250000000000306e+00 0.000000000000000000e+00
2.378750000000000142e+00 0.000000000000000000e+00
2.382249999999999979e+00 0.000000000000000000e+00
2.385749999999999815e+00 0.000000000000000000e+00
2.389250000000000096e+00 0.000000000000000000e+00
2.392749999999999932e+00 0.000000000000000000e+00
2.396250000000000213e+00 0.000000000000000000e+00
2.399750000000000050e+00 0.000000000000000000e+00
2.403249999999999886e+00 0.000000000000000000e+00
2.406750000000000167e+00 0.000000000000000000e+00
2.410250000000000004e+00 0.000000000000000000e+00
2.413750000000000284e+00 0.000000000000000000e+00
2.417250000000000121e+00 0.000000000000000000e+00
2.420749999999999957e+00 0.000000000000000000e+00
2.424249999999999794e+00 0.000000000000000000e+00
2.427750000000000075e+00 0.000000000000000000e+00
2.431250000000000355e+00 0.000000000000000000e+00
2.434750000000000192e+00 0.000000000000000000e+00
2.438250000000000028e+00 0.000000000000000000e+00
2.441749999999999865e+00 0.000000000000000000e+00
2.445250000000000146e+00 0.000000000000000000e+00
2.448749999999999982e+00 0.000000000000000000e+00
2.452250000000000263e+00 0.000000000000000000e+00
2.455750000000000099e+00 0.000000000000000000e+00
2.459249999999999936e+00 0.000000000000000000e+00
2.462749999999999773e+00 0.000000000000000000e+00
2.466250000000000053e+00 0.000000000000000000e+00
2.469750000000000334e+00 0.000000000000000000e+00
2.473250000000000171e+00 0.000000000000000000e+00
2.476750000000000007e+00 0.000000000000000000e+00
2.480249999999999844e+00 0.000000000000000000e+00
2.483750000000000124e+00 0.000000000000000000e+00
2.487249999999999961e+00 0.000000000000000000e+00
2.490750000000000242e+00 0.000000000000000000e+00
2.494250000000000078e+00 0.000000000000000000e+00
2.497749999999999915e+00 0.000000000000000000e+00
2.501250000000000195e+00 0.000000000000000000e+00
2.504750000000000032e+00 0.000000000000000000e+00
2.508250000000000313e+00 0.000000000000000000e+00
2.511750000000000149e+00 0.000000000000000000e+00
2.515249999999999986e+00 0.000000000000000000e+00
2.518749999999999822e+00 0.000000000000000000e+00
2.522250000000000103e+00 0.000000000000000000e+00
2.525749999999999940e+00 0.000000000000000000e+00
2.529250000000000220e+00 0.000000000000000000e+00
2.532750000000000057e+00 0.000000000000000000e+00
2.536249999999999893e+00 0.000000000000000000e+00
2.539750000000000174e+00 0.000000000000000000e+00
2.543250000000000011e+00 0.000000000000000000e+00
2.546750000000000291e+00 0.000000000000000000e+00
2.550250000000000128e+00 0.000000000000000000e+00
2.553749999999999964e+00 0.000000000000000000e+00
2.557249999999999801e+00 0.000000000000000000e+00
2.560750000000000082e+00 0.000000000000000000e+00
2.564250000000000362e+00 0.000000000000000000e+00
2.567750000000000199e+00 0.000000000000000000e+00
2.571250000000000036e+00 0.000000000000000000e+00
2.574749999999999872e+00 0.000000000000000000e+00
2.578250000000000153e+00 0.000000000000000000e+00
2.581749999999999989e+00 0.000000000000000000e+00
2.585250000000000270e+00 0.000000000000000000e+00
2.588750000000000107e+00 0.000000000000000000e+00
2.592249999999999943e+00 0.000000000000000000e+00
2.595749999999999780e+00 0.000000000000000000e+00
2.599250000000000060e+00 0.000000000000000000e+00
2.602750000000000341e+00 0.000000000000000000e+00
2.606250000000000178e+00 0.000000000000000000e+00
2.609750000000000014e+00 0.000000000000000000e+00
2.613249999999999851e+00 0.000000000000000000e+00
2.616750000000000131e+00 0.000000000000000000e+00
2.620249999999999968e+00 0.000000000000000000e+00
2.623750000000000249e+00 0.000000000000000000e+00
2.627250000000000085e+00 0.000000000000000000e+00
2.630749999999999922e+00 0.000000000000000000e+00
2.634250000000000203e+00 0.000000000000000000e+00
2.637750000000000039e+00 0.000000000000000000e+00
2.641250000000000320e+00 0.000000000000000000e+00
2.644750000000000156e+00 0.000000000000000000e+00
2.648249999999999993e+00 0.000000000000000000e+00
2.651749999999999829e+00 0.000000000000000000e+00
2.655250000000000110e+00 0.000000000000000000e+00
2.658749999999999947e+00 0.000000000000000000e+00
2.662250000000000227e+00 0.000000000000000000e+00
2.665750000000000064e+00 0.000000000000000000e+00
2.669249999999999901e+00 0.000000000000000000e+00
2.672750000000000181e+00 0.000000000000000000e+00
2.676250000000000018e+00 0.000000000000000000e+00
2.679750000000000298e+00 0.000000000000000000e+00
2.683250000000000135e+00 0.000000000000000000e+00
2.686749999999999972e+00 0.000000000000000000e+00
2.690249999999999808e+00 0.000000000000000000e+00
2.693750000000000089e+00 0.000000000000000000e+00
2.697250000000000369e+00 0.000000000000000000e+00
2.700750000000000206e+00 0.000000000000000000e+00
2.704250000000000043e+00 0.000000000000000000e+00
2.707749999999999879e+00 0.000000000000000000e+00
2.711250000000000160e+00 0.000000000000000000e+00
2.714749999999999996e+00 0.000000000000000000e+00
2.718250000000000277e+00 0.000000000000000000e+00
2.721750000000000114e+00 0.000000000000000000e+00
2.725249999999999950e+00 0.000000000000000000e+00
2.728749999999999787e+00 0.000000000000000000e+00
2.732250000000000068e+00 0.000000000000000000e+00
2.735750000000000348e+00 0.000000000000000000e+00
2.739250000000000185e+00 0.000000000000000000e+00
2.742750000000000021e+00 0.000000000000000000e+00
2.746249999999999858e+00 0.000000000000000000e+00
2.749750000000000139e+00 0.000000000000000000e+00
2.753249999999999975e+00 0.000000000000000000e+00
2.756750000000000256e+00 0.000000000000000000e+00
2.760250000000000092e+00 0.000000000000000000e+00
2.763749999999999929e+00 0.000000000000000000e+00
2.767249999999999766e+00 0.000000000000000000e+00
2.770750000000000046e+00 0.000000000000000000e+00
2.774250000000000327e+00 0.000000000000000000e+00
2.777750000000000163e+00 0.000000000000000000e+00
2.781250000000000000e+00 0.000000000000000000e+00
2.784749999999999837e+00 0.000000000000000000e+00
2.788250000000000117e+00 0.000000000000000000e+00
2.791749999999999954e+00 0.000000000000000000e+00
2.795250000000000234e+00 0.000000000000000000e+00
2.798750000000000071e+00 0.000000000000000000e+00
2.802249999999999908e+00 0.000000000000000000e+00
2.805750000000000188e+00 0.000000000000000000e+00
2.809250000000000025e+00 0.000000000000000000e+00
2.812750000000000306e+00 0.000000000000000000e+00
2.816250000000000142e+00 0.000000000000000000e+00
2.819749999999999979e+00 0.000000000000000000e+00
2.823249999999999815e+00 0.000000000000000000e+00
2.826750000000000096e+00 0.000000000000000000e+00
2.830249999999999932e+00 0.000000000000000000e+00
2.833750000000000213e+00 0.000000000000000000e+00
2.837250000000000050e+00 0.000000000000000000e+00
2.840749999999999886e+00 0.000000000000000000e+00
2.844250000000000167e+00 0.000000000000000000e+00
2.847750000000000004e+00 0.000000000000000000e+00
2.851250000000000284e+00 0.000000000000000000e+00
2.854750000000000121e+00 0.000000000000000000e+00
2.858249999999999957e+00 0.000000000000000000e+00
2.861749999999999794e+00 0.000000000000000000e+00
2.865250000000000075e+00 0.000000000000000000e+00
2.868750000000000355e+00 0.000000000000000000e+00
2.872250000000000192e+00 0.000000000000000000e+00
2.875750000000000028e+00 0.000000000000000000e+00
2.879249999999999865e+00 0.000000000000000000e+00
2.882750000000000146e+00 0.000000000000000000e+00
2.886249999999999982e+00 0.000000000000000000e+00
2.889750000000000263e+00 0.000000000000000000e+00
2.893250000000000099e+00 0.000000000000000000e+00
2.896749999999999936e+00 0.000000000000000000e+00
2.900249999999999773e+00 0.000000000000000000e+00
2.903750000000000053e+00 0.000000000000000000e+00
2.907250000000000334e+00 0.000000000000000000e+00
2.910750000000000171e+00 0.000000000000000000e+00
2.914250000000000007e+00 0.000000000000000000e+00
2.917749999999999844e+00 0.000000000000000000e+00
2.921250000000000124e+00 0.000000000000000000e+00
2.924749999999999961e+00 0.000000000000000000e+00
2.928250000000000242e+00 0.000000000000000000e+00
2.931750000000000078e+00 0.000000000000000000e+00
2.935249999999999915e+00 0.000000000000000000e+00
2.938750000000000195e+00 0.000000000000000000e+00
2.942250000000000032e+00 0.000000000000000000e+00
2.945750000000000313e+00 0.000000000000000000e+00
2.949250000000000149e+00 0.000000000000000000e+00
2.952749999999999986e+00 0.000000000000000000e+00
2.956249999999999822e+00 0.000000000000000000e+00
2.959750000000000103e+00 0.000000000000000000e+00
2.963249999999999940e+00 0.000000000000000000e+00
2.966750000000000220e+00 0.000000000000000000e+00
2.970250000000000057e+00 0.000000000000000000e+00
2.973749999999999893e+00 0.000000000000000000e+00
2.977250000000000174e+00 0.000000000000000000e+00
2.980750000000000011e+00 0.000000000000000000e+00
2.984250000000000291e+00 0.000000000000000000e+00
2.987750000000000128e+00 0.000000000000000000e+00
2.991249999999999964e+00 0.000000000000000000e+00
2.994749999999999801e+00 0.000000000000000000e+00
2.998250000000000082e+00 0.000000000000000000e+00
