-4.982499999999999707e-01 0.000000000000000000e+00
-4.947500000000000231e-01 0.000000000000000000e+00
-4.912499999999999645e-01 0.000000000000000000e+00
-4.877500000000000169e-01 0.000000000000000000e+00
-4.842499999999999583e-01 0.000000000000000000e+00
-4.807500000000000107e-01 0.000000000000000000e+00
-4.772499999999999520e-01 0.000000000000000000e+00
-4.737500000000000044e-01 0.000000000000000000e+00
-4.702500000000000013e-01 0.000000000000000000e+00
-4.667499999999999982e-01 0.000000000000000000e+00
-4.632499999999999951e-01 0.000000000000000000e+00
-4.597499999999999920e-01 0.000000000000000000e+00
-4.562500000000000444e-01 0.000000000000000000e+00
-4.527499999999999858e-01 0.000000000000000000e+00
-4.492500000000000382e-01 0.000000000000000000e+00
-4.457499999999999796e-01 0.000000000000000000e+00
-4.422500000000000320e-01 0.000000000000000000e+00
-4.387499999999999734e-01 0.000000000000000000e+00
-4.352500000000000258e-01 0.000000000000000000e+00
-4.317499999999999671e-01 0.000000000000000000e+00
-4.282500000000000195e-01 0.000000000000000000e+00
-4.247499999999999609e-01 0.000000000000000000e+00
-4.212500000000000133e-01 0.000000000000000000e+00
-4.177499999999999547e-01 0.000000000000000000e+00
-4.142500000000000071e-01 0.000000000000000000e+00
-4.107500000000000040e-01 0.000000000000000000e+00
-4.072500000000000009e-01 0.000000000000000000e+00
-4.037499999999999978e-01 0.000000000000000000e+00
-4.002499999999999947e-01 0.000000000000000000e+00
-3.967499999999999916e-01 0.000000000000000000e+00
-3.932499999999999885e-01 0.000000000000000000e+00
-3.897500000000000409e-01 0.000000000000000000e+00
-3.862499999999999822e-01 0.000000000000000000e+00
-3.827500000000000346e-01 0.000000000000000000e+00
-3.792499999999999760e-01 0.000000000000000000e+00
-3.757500000000000284e-01 0.000000000000000000e+00
-3.722499999999999698e-01 0.000000000000000000e+00
-3.687500000000000222e-01 0.000000000000000000e+00
-3.652499999999999636e-01 0.000000000000000000e+00
-3.617500000000000160e-01 0.000000000000000000e+00
-3.582499999999999574e-01 0.000000000000000000e+00
-3.547500000000000098e-01 0.000000000000000000e+00
-3.512500000000000067e-01 0.000000000000000000e+00
-3.477500000000000036e-01 0.000000000000000000e+00
-3.442500000000000004e-01 0.000000000000000000e+00
-3.407499999999999973e-01 0.000000000000000000e+00
-3.372499999999999942e-01 0.000000000000000000e+00
-3.337499999999999911e-01 0.000000000000000000e+00
-3.302499999999999880e-01 0.000000000000000000e+00
-3.267499999999999849e-01 0.000000000000000000e+00
-3.232499999999999818e-01 0.000000000000000000e+00
-3.197499999999999787e-01 0.000000000000000000e+00
-3.162500000000000311e-01 0.000000000000000000e+00
-3.127499999999999725e-01 0.000000000000000000e+00
-3.092500000000000249e-01 0.000000000000000000e+00
-3.057499999999999662e-01 0.000000000000000000e+00
-3.022500000000000187e-01 0.000000000000000000e+00
-2.987499999999999600e-01 0.000000000000000000e+00
-2.952500000000000124e-01 0.000000000000000000e+00
-2.917500000000000093e-01 0.000000000000000000e+00
-2.882500000000000062e-01 0.000000000000000000e+00
-2.847500000000000031e-01 0.000000000000000000e+00
-2.812500000000000000e-01 0.000000000000000000e+00
-2.777499999999999969e-01 0.000000000000000000e+00
-2.742499999999999938e-01 0.000000000000000000e+00
-2.707499999999999907e-01 0.000000000000000000e+00
-2.672499999999999876e-01 0.000000000000000000e+00
-2.637499999999999845e-01 0.000000000000000000e+00
-2.602499999999999813e-01 0.000000000000000000e+00
-2.567500000000000338e-01 0.000000000000000000e+00
-2.532499999999999751e-01 0.000000000000000000e+00
-2.497499999999999998e-01 0.000000000000000000e+00
-2.462499999999999967e-01 0.000000000000000000e+00
-2.427499999999999936e-01 0.000000000000000000e+00
-2.392499999999999905e-01 0.000000000000000000e+00
-2.357499999999999873e-01 0.000000000000000000e+00
-2.322499999999999842e-01 0.000000000000000000e+00
-2.287499999999999811e-01 0.000000000000000000e+00
-2.252499999999999780e-01 2.018428676819894463e-05
-2.217499999999999749e-01 1.508492823631968349e-05
-2.182499999999999718e-01 4.492662628763355315e-05
-2.147499999999999687e-01 3.486741843516938388e-05
-2.112499999999999933e-01 1.136765131377615035e-04
-2.077500000000000180e-01 2.020277315750718117e-04
-2.042500000000000149e-01 3.424544120207428932e-04
-2.007500000000000118e-01 5.735036684200167656e-04
-1.972500000000000087e-01 8.652024553157389164e-04
-1.937500000000000056e-01 1.259761978872120380e-03
-1.902500000000000024e-01 1.337795867584645748e-03
-1.867499999999999993e-01 2.124689053744077682e-03
-1.832499999999999962e-01 2.989003667607903481e-03
-1.797499999999999931e-01 4.575431812554597855e-03
-1.762499999999999900e-01 6.097007542848587036e-03
-1.727499999999999869e-01 9.052031673491001129e-03
-1.692499999999999838e-01 1.328274700790643692e-02
-1.657499999999999807e-01 1.879518292844295502e-02
-1.622499999999999776e-01 2.792373485863208771e-02
-1.587499999999999745e-01 3.943779319524765015e-02
-1.552499999999999714e-01 5.625874921679496765e-02
-1.517499999999999682e-01 7.891374081373214722e-02
-1.482499999999999929e-01 1.090370789170265198e-01
-1.447500000000000175e-01 1.505411267280578613e-01
-1.412500000000000144e-01 2.034627497196197510e-01
-1.377500000000000113e-01 2.738053202629089355e-01
-1.342500000000000082e-01 3.605885505676269531e-01
-1.307500000000000051e-01 4.665754139423370361e-01
-1.272500000000000020e-01 5.940729379653930664e-01
-1.237499999999999989e-01 7.475916743278503418e-01
-1.202499999999999958e-01 9.266213774681091309e-01
-1.167499999999999927e-01 1.128842234611511230e+00
-1.132499999999999896e-01 1.362766504287719727e+00
-1.097499999999999865e-01 1.623947262763977051e+00
-1.062499999999999833e-01 1.912839293479919434e+00
-1.027499999999999802e-01 2.223460197448730469e+00
-9.924999999999997713e-02 2.555300712585449219e+00
-9.574999999999997402e-02 2.906014919281005859e+00
-9.224999999999997091e-02 3.256707668304443359e+00
-8.874999999999996780e-02 3.636053085327148438e+00
-8.524999999999999245e-02 4.002581119537353516e+00
-8.175000000000001710e-02 4.373324871063232422e+00
-7.825000000000001399e-02 4.730990886688232422e+00
-7.475000000000001088e-02 5.085937023162841797e+00
-7.125000000000000777e-02 5.424766540527343750e+00
-6.775000000000000466e-02 5.728762149810791016e+00
-6.425000000000000155e-02 6.022624492645263672e+00
-6.074999999999999845e-02 6.278496742248535156e+00
-5.724999999999999534e-02 6.513972759246826172e+00
-5.374999999999999223e-02 6.699640274047851562e+00
-5.024999999999998912e-02 6.859000682830810547e+00
-4.674999999999998601e-02 6.986679553985595703e+00
-4.324999999999998290e-02 7.073669910430908203e+00
-3.974999999999997979e-02 7.136740207672119141e+00
-3.624999999999997669e-02 7.152143001556396484e+00
-3.274999999999997358e-02 7.136411190032958984e+00
-2.924999999999997047e-02 7.078613281250000000e+00
-2.574999999999996736e-02 7.020922660827636719e+00
-2.224999999999996425e-02 6.921016216278076172e+00
-1.874999999999998890e-02 6.799032211303710938e+00
-1.525000000000001354e-02 6.651569843292236328e+00
-1.175000000000001044e-02 6.486419200897216797e+00
-8.250000000000007327e-03 6.312385082244873047e+00
-4.750000000000004219e-03 6.117743492126464844e+00
-1.249999999999973355e-03 5.916958332061767578e+00
2.250000000000029754e-03 5.703145980834960938e+00
5.750000000000032863e-03 5.480906009674072266e+00
9.250000000000035971e-03 5.270980834960937500e+00
1.274999999999998357e-02 5.045088768005371094e+00
1.624999999999998668e-02 4.819379806518554688e+00
1.974999999999998979e-02 4.598698616027832031e+00
2.324999999999999289e-02 4.377476215362548828e+00
2.674999999999999600e-02 4.164142608642578125e+00
3.024999999999999911e-02 3.952588558197021484e+00
3.375000000000000222e-02 3.747349262237548828e+00
3.725000000000000533e-02 3.549360036849975586e+00
4.075000000000000844e-02 3.354413032531738281e+00
4.425000000000001155e-02 3.163181781768798828e+00
4.775000000000001465e-02 2.987286806106567383e+00
5.125000000000001776e-02 2.805593490600585938e+00
5.475000000000002087e-02 2.645078182220458984e+00
5.825000000000002398e-02 2.487425088882446289e+00
6.175000000000002709e-02 2.334748744964599609e+00
6.525000000000003020e-02 2.188911199569702148e+00
6.875000000000003331e-02 2.055601119995117188e+00
7.225000000000003642e-02 1.925713896751403809e+00
7.575000000000003952e-02 1.808124423027038574e+00
7.924999999999998712e-02 1.690892696380615234e+00
8.274999999999999023e-02 1.587066531181335449e+00
8.624999999999999334e-02 1.476088404655456543e+00
8.974999999999999645e-02 1.377452254295349121e+00
9.324999999999999956e-02 1.291836738586425781e+00
9.675000000000000266e-02 1.209395527839660645e+00
1.002500000000000058e-01 1.127253532409667969e+00
1.037500000000000089e-01 1.054437398910522461e+00
1.072500000000000120e-01 9.815247654914855957e-01
1.107500000000000151e-01 9.191527366638183594e-01
1.142500000000000182e-01 8.559921979904174805e-01
1.177500000000000213e-01 7.996801137924194336e-01
1.212500000000000244e-01 7.465531229972839355e-01
1.247500000000000275e-01 6.921092271804809570e-01
1.282500000000000306e-01 6.483942866325378418e-01
1.317500000000000338e-01 6.059151887893676758e-01
1.352500000000000369e-01 5.660985112190246582e-01
1.387499999999999845e-01 5.278207659721374512e-01
1.422499999999999876e-01 4.939393699169158936e-01
1.457499999999999907e-01 4.597223699092864990e-01
1.492499999999999938e-01 4.301260709762573242e-01
1.527499999999999969e-01 4.027794897556304932e-01
1.562500000000000000e-01 3.738306760787963867e-01
1.597500000000000031e-01 3.517132699489593506e-01
1.632500000000000062e-01 3.270969986915588379e-01
1.667500000000000093e-01 3.068006634712219238e-01
1.702500000000000124e-01 2.851715087890625000e-01
1.737500000000000155e-01 2.667782306671142578e-01
1.772500000000000187e-01 2.483333349227905273e-01
1.807500000000000218e-01 2.349705696105957031e-01
1.842500000000000249e-01 2.193658351898193359e-01
1.877500000000000280e-01 2.050393819808959961e-01
1.912500000000000311e-01 1.906067878007888794e-01
1.947500000000000342e-01 1.799325048923492432e-01
1.982500000000000373e-01 1.694774180650711060e-01
2.017500000000000404e-01 1.582660973072052002e-01
2.052499999999999880e-01 1.474900990724563599e-01
2.087499999999999911e-01 1.393272131681442261e-01
2.122499999999999942e-01 1.302425414323806763e-01
2.157499999999999973e-01 1.222335025668144226e-01
2.192500000000000004e-01 1.148674562573432922e-01
2.227500000000000036e-01 1.082533970475196838e-01
2.262500000000000067e-01 1.006490141153335571e-01
2.297500000000000098e-01 9.534849971532821655e-02
2.332500000000000129e-01 8.950380235910415649e-02
2.367500000000000160e-01 8.459744602441787720e-02
2.402500000000000191e-01 7.882012426853179932e-02
2.437500000000000222e-01 7.470266520977020264e-02
2.472500000000000253e-01 6.987067312002182007e-02
2.507500000000000284e-01 6.634654849767684937e-02
2.542500000000000315e-01 6.194515153765678406e-02
2.577500000000000346e-01 5.820291861891746521e-02
2.612500000000000377e-01 5.524180456995964050e-02
2.647500000000000409e-01 5.107698589563369751e-02
2.682500000000000440e-01 4.862076416611671448e-02
2.717499999999999916e-01 4.589110612869262695e-02
2.752499999999999947e-01 4.379618540406227112e-02
2.787499999999999978e-01 4.120582342147827148e-02
2.822500000000000009e-01 3.852953761816024780e-02
2.857500000000000040e-01 3.668438643217086792e-02
2.892500000000000071e-01 3.443623706698417664e-02
2.927500000000000102e-01 3.239205107092857361e-02
2.962500000000000133e-01 3.100136294960975647e-02
2.997500000000000164e-01 2.920804172754287720e-02
3.032500000000000195e-01 2.746537141501903534e-02
3.067500000000000226e-01 2.615829370915889740e-02
3.102500000000000258e-01 2.428083308041095734e-02
3.137500000000000289e-01 2.319863438606262207e-02
3.172500000000000320e-01 2.247839607298374176e-02
3.207500000000000351e-01 2.079189568758010864e-02
3.242500000000000382e-01 2.033599466085433960e-02
3.277500000000000413e-01 1.872827485203742981e-02
3.312499999999999889e-01 1.790515147149562836e-02
3.347499999999999920e-01 1.709862984716892242e-02
3.382499999999999951e-01 1.603630930185317993e-02
3.417499999999999982e-01 1.519372127950191498e-02
3.452500000000000013e-01 1.415022928267717361e-02
3.487500000000000044e-01 1.348582841455936432e-02
3.522500000000000075e-01 1.302335970103740692e-02
3.557500000000000107e-01 1.217354368418455124e-02
3.592500000000000138e-01 1.157863438129425049e-02
3.627500000000000169e-01 1.112237758934497833e-02
3.662500000000000200e-01 1.045119483023881912e-02
3.697500000000000231e-01 9.817248210310935974e-03
3.732500000000000262e-01 9.418123401701450348e-03
3.767500000000000293e-01 8.849354460835456848e-03
3.802500000000000324e-01 8.454322814941406250e-03
3.837500000000000355e-01 8.264959789812564850e-03
3.872500000000000386e-01 7.656493224203586578e-03
3.907500000000000417e-01 7.419704925268888474e-03
3.942500000000000449e-01 6.873963400721549988e-03
3.977499999999999925e-01 6.592139601707458496e-03
4.012499999999999956e-01 6.259896326810121536e-03
4.047499999999999987e-01 5.992897786200046539e-03
4.082500000000000018e-01 5.671766586601734161e-03
4.117500000000000049e-01 5.240197293460369110e-03
4.152500000000000080e-01 5.065765697509050369e-03
4.187500000000000111e-01 4.888237919658422470e-03
4.222500000000000142e-01 4.712410736829042435e-03
4.257500000000000173e-01 4.388542845845222473e-03
4.292500000000000204e-01 4.246258642524480820e-03
4.327500000000000235e-01 3.993244376033544540e-03
4.362500000000000266e-01 3.747302573174238205e-03
4.397500000000000298e-01 3.654702566564083099e-03
4.432500000000000329e-01 3.494867356494069099e-03
4.467500000000000360e-01 3.309405175969004631e-03
4.502500000000000391e-01 3.165800124406814575e-03
4.537500000000000422e-01 2.983268117532134056e-03
4.572500000000000453e-01 2.791320905089378357e-03
4.607500000000000484e-01 2.689803251996636391e-03
4.642499999999999960e-01 2.681852318346500397e-03
4.677499999999999991e-01 2.444630255922675133e-03
4.712500000000000022e-01 2.341735642403364182e-03
4.747500000000000053e-01 2.202063798904418945e-03
4.782500000000000084e-01 2.120660152286291122e-03
4.817500000000000115e-01 2.083063125610351562e-03
4.852500000000000147e-01 1.971175195649266243e-03
4.887500000000000178e-01 1.829296001233160496e-03
4.922500000000000209e-01 1.803651102818548679e-03
4.957500000000000240e-01 1.728527015075087547e-03
4.992500000000000826e-01 1.655966276302933693e-03
5.027500000000000302e-01 1.493494375608861446e-03
5.062499999999999778e-01 1.454680808819830418e-03
5.097500000000000364e-01 1.310882973484694958e-03
5.132500000000000950e-01 1.338693778961896896e-03
5.167500000000000426e-01 1.245735678821802139e-03
5.202499999999999902e-01 1.188530004583299160e-03
5.237500000000000488e-01 1.146817929111421108e-03
5.272499999999999964e-01 1.074473606422543526e-03
5.307499999999999440e-01 1.054872525855898857e-03
5.342500000000000027e-01 1.070875092409551144e-03
5.377500000000000613e-01 9.535768185742199421e-04
5.412500000000000089e-01 8.720695623196661472e-04
5.447499999999999565e-01 8.499402902089059353e-04
5.482500000000000151e-01 7.622354314662516117e-04
5.517500000000000737e-01 7.317793206311762333e-04
5.552500000000000213e-01 7.624349091202020645e-04
5.587499999999999689e-01 6.928010261617600918e-04
5.622500000000000275e-01 7.136939675547182560e-04
5.657500000000000862e-01 6.615217425860464573e-04
5.692500000000000338e-01 5.770564894191920757e-04
5.727499999999999813e-01 5.722107016481459141e-04
5.762500000000000400e-01 5.358677008189260960e-04
5.797500000000000986e-01 5.166573682799935341e-04
5.832500000000000462e-01 4.865697410423308611e-04
5.867499999999999938e-01 4.612200718838721514e-04
5.902500000000000524e-01 4.704520979430526495e-04
5.937500000000000000e-01 4.703087324742227793e-04
5.972499999999999476e-01 4.163401026744395494e-04
6.007500000000000062e-01 3.982834459748119116e-04
6.042500000000000648e-01 3.777729580178856850e-04
6.077500000000000124e-01 3.799327241722494364e-04
6.112499999999999600e-01 3.341016708873212337e-04
6.147500000000000187e-01 3.340274852234870195e-04
6.182500000000000773e-01 3.196354082319885492e-04
6.217500000000000249e-01 3.018699644599109888e-04
6.252499999999999725e-01 2.811696322169154882e-04
6.287500000000000311e-01 2.846381103154271841e-04
6.322500000000000897e-01 2.714269794523715973e-04
6.357500000000000373e-01 2.597770944703370333e-04
6.392499999999999849e-01 2.436024515191093087e-04
6.427500000000000435e-01 2.339105267310515046e-04
6.462500000000001021e-01 2.211260434705764055e-04
6.497500000000000497e-01 2.016524958889931440e-04
6.532499999999999973e-01 1.961126108653843403e-04
6.567500000000000560e-01 1.880297058960422873e-04
6.602500000000000036e-01 1.687596231931820512e-04
6.637499999999999512e-01 1.758828002493828535e-04
6.672500000000000098e-01 1.608638704055920243e-04
6.707500000000000684e-01 1.599909737706184387e-04
6.742500000000000160e-01 1.431439013686031103e-04
6.777499999999999636e-01 1.422046625521034002e-04
6.812500000000000222e-01 1.286022743443027139e-04
6.847500000000000808e-01 1.265272294403985143e-04
6.882500000000000284e-01 1.272525114472955465e-04
6.917499999999999760e-01 1.195681179524399340e-04
6.952500000000000346e-01 1.053043233696371317e-04
6.987500000000000933e-01 1.066428885678760707e-04
7.022500000000000409e-01 1.009476181934587657e-04
7.057499999999999885e-01 1.062908413587138057e-04
7.092500000000000471e-01 9.365320875076577067e-05
7.127500000000001057e-01 9.358355600852519274e-05
7.162500000000000533e-01 7.968998397700488567e-05
7.197500000000000009e-01 7.431014091707766056e-05
7.232500000000000595e-01 7.942305092001333833e-05
7.267500000000000071e-01 7.873221329646185040e-05
7.302499999999999547e-01 6.996602314757183194e-05
7.337500000000000133e-01 7.494659803342074156e-05
7.372500000000000719e-01 6.134309660410508513e-05
7.407500000000000195e-01 7.357050344580784440e-05
7.442499999999999671e-01 6.111083348514512181e-05
7.477500000000000258e-01 5.800132566946558654e-05
7.512500000000000844e-01 6.340543768601492047e-05
7.547500000000000320e-01 6.111076800152659416e-05
7.582499999999999796e-01 5.850919842487201095e-05
7.617500000000000382e-01 4.984273255104199052e-05
7.652500000000000968e-01 5.453091944218613207e-05
7.687500000000000444e-01 5.452201367006637156e-05
7.722499999999999920e-01 5.114234227221459150e-05
7.757500000000000506e-01 4.521585651673376560e-05
7.792499999999999982e-01 4.784101110999472439e-05
7.827499999999999458e-01 4.133814218221232295e-05
7.862500000000000044e-01 3.676367487059906125e-05
7.897500000000000631e-01 4.191573680145666003e-05
7.932500000000000107e-01 4.422909842105582356e-05
7.967499999999999583e-01 4.834904757444746792e-05
8.002500000000000169e-01 3.424605529289692640e-05
8.037500000000000755e-01 4.440990596776828170e-05
8.072500000000000231e-01 3.952874612878076732e-05
8.107499999999999707e-01 3.270344677730463445e-05
8.142500000000000293e-01 3.037001988559495658e-05
8.177500000000000879e-01 3.965760697610676289e-05
8.212500000000000355e-01 3.063645999645814300e-05
8.247499999999999831e-01 3.738753366633318365e-05
8.282500000000000417e-01 3.180882413289509714e-05
8.317500000000001004e-01 2.899596074712462723e-05
8.352500000000000480e-01 3.634554377640597522e-05
8.387499999999999956e-01 2.684972423594444990e-05
8.422500000000000542e-01 2.665825013536959887e-05
8.457500000000000018e-01 2.658638732100371271e-05
8.492499999999999494e-01 2.504987787688151002e-05
8.527500000000000080e-01 2.458259405102580786e-05
8.562500000000000666e-01 3.745242429431527853e-05
8.597500000000000142e-01 3.617718175519257784e-05
8.632499999999999618e-01 3.415792889427393675e-05
8.667500000000000204e-01 2.180447336286306381e-05
8.702500000000000790e-01 2.645390668476466089e-05
8.737500000000000266e-01 2.940413105534389615e-05
8.772499999999999742e-01 2.661445796547923237e-05
8.807500000000000329e-01 2.736941132752690464e-05
8.842500000000000915e-01 2.498121284588705748e-05
8.877500000000000391e-01 1.933969360834453255e-05
8.912499999999999867e-01 2.536366264394018799e-05
8.947500000000000453e-01 2.487986421328969300e-05
8.982500000000001039e-01 2.566489638411439955e-05
9.017500000000000515e-01 2.053296157100703567e-05
9.052499999999999991e-01 2.986696563311852515e-05
9.087500000000000577e-01 2.613413744256831706e-05
9.122500000000000053e-01 2.320700696145649999e-05
9.157499999999999529e-01 1.492797036917181686e-05
9.192500000000000115e-01 2.313244658580515534e-05
9.227500000000000702e-01 2.399970071564894170e-05
9.262500000000000178e-01 2.497213426977396011e-05
9.297499999999999654e-01 1.940905895025935024e-05
9.332500000000000240e-01 1.973775579244829714e-05
9.367500000000000826e-01 2.238881643279455602e-05
9.402500000000000302e-01 2.857969775504898280e-05
9.437499999999999778e-01 1.985198650800157338e-05
9.472500000000000364e-01 2.122957084793597460e-05
9.507500000000000950e-01 2.850564851542003453e-05
9.542500000000000426e-01 1.889242776087485254e-05
9.577499999999999902e-01 2.285030495841056108e-05
9.612500000000000488e-01 1.700017310213297606e-05
9.647500000000001075e-01 2.147071609215345234e-05
9.682500000000000551e-01 1.822301965148653835e-05
9.717500000000000027e-01 2.067261448246426880e-05
9.752500000000000613e-01 1.693802005320321769e-05
9.787500000000000089e-01 1.344488282484235242e-05
9.822499999999999565e-01 1.386695930705172941e-05
9.857500000000000151e-01 2.230831159977242351e-05
9.892500000000000737e-01 2.067509740300010890e-05
9.927500000000000213e-01 1.834592330851592124e-05
9.962499999999999689e-01 1.719233841868117452e-05
9.997500000000000275e-01 2.075043266813736409e-05
1.003249999999999975e+00 2.204267548222560436e-05
1.006750000000000034e+00 1.937183878908399493e-05
1.010250000000000092e+00 1.716846054478082806e-05
1.013749999999999929e+00 1.442179291188949719e-05
1.017250000000000210e+00 1.795683419913984835e-05
1.020750000000000046e+00 2.231633516203146428e-05
1.024249999999999883e+00 1.236401476489845663e-05
1.027750000000000163e+00 1.864640216808766127e-05
1.031250000000000000e+00 1.535316005174536258e-05
1.034750000000000059e+00 1.519064971944317222e-05
1.038250000000000117e+00 1.392670674249529839e-05
1.041749999999999954e+00 1.885568053694441915e-05
1.045250000000000012e+00 1.613402855582535267e-05
1.048750000000000071e+00 1.206795059260912240e-05
1.052249999999999908e+00 1.324293043580837548e-05
1.055750000000000188e+00 1.057449662766885012e-05
1.059250000000000025e+00 1.193702883028890938e-05
1.062749999999999861e+00 1.305202931689564139e-05
1.066250000000000142e+00 1.491247166995890439e-05
1.069749999999999979e+00 1.082314338418655097e-05
1.073250000000000037e+00 9.754809980222489685e-06
1.076750000000000096e+00 1.171620260720374063e-05
1.080249999999999932e+00 1.275682643608888611e-05
1.083750000000000213e+00 1.106133368011796847e-05
1.087250000000000050e+00 1.289497595280408859e-05
1.090749999999999886e+00 9.543067790218628943e-06
1.094250000000000167e+00 1.104913371818838641e-05
1.097750000000000004e+00 9.629950000089593232e-06
1.101250000000000062e+00 9.546727596898563206e-06
1.104750000000000121e+00 1.247899490408599377e-05
1.108249999999999957e+00 6.062487955205142498e-06
1.111750000000000016e+00 8.723103746888227761e-06
1.115250000000000075e+00 1.918756424856837839e-05
1.118749999999999911e+00 6.427328571589896455e-06
1.122250000000000192e+00 8.721240192244295031e-06
1.125750000000000028e+00 8.414448529947549105e-06
1.129249999999999865e+00 6.888383268233155832e-06
1.132750000000000146e+00 7.090246526786359027e-06
1.136249999999999982e+00 6.009055596223333851e-06
1.139750000000000041e+00 5.755280199082335457e-06
1.143250000000000099e+00 1.002823501039529219e-05
1.146749999999999936e+00 8.234093911596573889e-06
1.150250000000000217e+00 1.034784509101882577e-05
1.153750000000000053e+00 8.173378773790318519e-06
1.157249999999999890e+00 6.225041033758316189e-06
1.160750000000000171e+00 6.432197551475837827e-06
1.164250000000000007e+00 3.195043518644524738e-06
1.167749999999999844e+00 7.542935691162711009e-06
1.171250000000000124e+00 5.130589215696090832e-06
1.174749999999999961e+00 6.573077371285762638e-06
1.178250000000000020e+00 4.474360139283817261e-06
1.181750000000000078e+00 5.116330157761694863e-06
1.185249999999999915e+00 4.880549568042624742e-06
1.188750000000000195e+00 6.738639058312401175e-06
1.192250000000000032e+00 4.460297077457653359e-06
1.195749999999999869e+00 3.845428636850556359e-06
1.199250000000000149e+00 7.145707968447823077e-06
1.202749999999999986e+00 6.911922355357091874e-06
1.206250000000000044e+00 6.679256784991594031e-06
1.209750000000000103e+00 9.254404176317621022e-06
1.213249999999999940e+00 5.864280410605715588e-06
1.216750000000000220e+00 6.746978669980308041e-06
1.220250000000000057e+00 8.133284609357360750e-06
1.223749999999999893e+00 4.762483968079322949e-06
1.227250000000000174e+00 3.465773033894947730e-06
1.230750000000000011e+00 5.577115189225878567e-06
1.234249999999999847e+00 5.325541678757872432e-06
1.237750000000000128e+00 5.206483365327585489e-06
1.241249999999999964e+00 3.957867647841339931e-06
1.244750000000000023e+00 8.410211194131989032e-06
1.248250000000000082e+00 3.133348627670784481e-06
1.251749999999999918e+00 5.953892923571402207e-06
1.255250000000000199e+00 6.693695468129590154e-06
1.258750000000000036e+00 4.295082817407092080e-06
1.262249999999999872e+00 5.210878953221254051e-06
1.265750000000000153e+00 3.678464054246433079e-06
1.269249999999999989e+00 6.190537988004507497e-06
1.272750000000000048e+00 5.389974830904975533e-06
1.276250000000000107e+00 6.018924977979622781e-06
1.279749999999999943e+00 3.138090960419503972e-06
1.283250000000000224e+00 8.054090358200483024e-06
1.286750000000000060e+00 5.120741207065293565e-06
1.290249999999999897e+00 7.664628355996683240e-06
1.293750000000000178e+00 3.703011088873608969e-06
1.297250000000000014e+00 3.247058202759944834e-06
1.300749999999999851e+00 6.273994586081244051e-06
1.304250000000000131e+00 4.805718162970151752e-06
1.307749999999999968e+00 4.284782335162162781e-06
1.311250000000000027e+00 5.520741979125887156e-06
1.314750000000000085e+00 4.770487976202275604e-06
1.318249999999999922e+00 6.636416856053983793e-06
1.321750000000000203e+00 4.779392838827334344e-06
1.325250000000000039e+00 6.164451406220905483e-06
1.328749999999999876e+00 5.685320957127260044e-06
1.332250000000000156e+00 3.012452225448214449e-06
1.335749999999999993e+00 5.171974862605566159e-06
1.339250000000000052e+00 6.043309440428856760e-06
1.342750000000000110e+00 5.170499207451939583e-06
1.346249999999999947e+00 5.867183062946423888e-06
1.349750000000000227e+00 4.118560354982037097e-06
1.353250000000000064e+00 4.685090516431955621e-06
1.356749999999999901e+00 7.062094027787679806e-06
1.360250000000000181e+00 2.947968823718838394e-06
1.363750000000000018e+00 5.819782927574124187e-06
1.367249999999999854e+00 4.666227596317185089e-06
1.370750000000000135e+00 4.609942152455914766e-06
1.374249999999999972e+00 5.850085017300443724e-06
1.377750000000000030e+00 6.944263532204786316e-06
1.381250000000000089e+00 8.638224244350567460e-06
1.384749999999999925e+00 7.519136943301418796e-06
1.388250000000000206e+00 3.732357527042040601e-06
1.391750000000000043e+00 6.032048077031504363e-06
1.395249999999999879e+00 8.291129233839455992e-06
1.398750000000000160e+00 5.199102815822698176e-06
1.402249999999999996e+00 5.255594714981270954e-06
1.405750000000000055e+00 5.417641204985557124e-06
1.409250000000000114e+00 3.888118499162374064e-06
1.412749999999999950e+00 4.111591351829702035e-06
1.416250000000000231e+00 7.380154329439392313e-06
1.419750000000000068e+00 8.409495421801693738e-06
1.423249999999999904e+00 7.834005373297259212e-06
1.426750000000000185e+00 4.587500370689667761e-06
1.430250000000000021e+00 5.556498763326089829e-06
1.433749999999999858e+00 7.525928140239557251e-06
1.437250000000000139e+00 8.146165782818570733e-06
1.440749999999999975e+00 8.157226147886831313e-06
1.444250000000000034e+00 7.165550869103753939e-06
1.447750000000000092e+00 9.871635484159924090e-06
1.451249999999999929e+00 1.036363210005220026e-05
1.454750000000000210e+00 3.833965365629410371e-06
1.458250000000000046e+00 8.562537004763726145e-06
1.461749999999999883e+00 7.585495950479526073e-06
1.465250000000000163e+00 8.976566277851816267e-06
1.468750000000000000e+00 3.605414804042084143e-06
1.472250000000000059e+00 6.931599727977300063e-06
1.475750000000000117e+00 7.321838438656413928e-06
1.479249999999999954e+00 5.887146926397690549e-06
1.482750000000000012e+00 5.450056960398796946e-06
1.486250000000000071e+00 6.874713562865508720e-06
1.489749999999999908e+00 1.136302307713776827e-05
1.493250000000000188e+00 9.895933544612489641e-06
1.496750000000000025e+00 6.884746653668116778e-06
1.500250000000000083e+00 5.276882347970968112e-06
1.503750000000000142e+00 7.541813829448074102e-06
1.507249999999999979e+00 1.066257846105145290e-05
1.510750000000000037e+00 9.058561772690154612e-06
1.514250000000000096e+00 1.037163292494369671e-05
1.517749999999999932e+00 7.574195478809997439e-06
1.521249999999999991e+00 1.036727462633280084e-05
1.524750000000000050e+00 6.027667041053064167e-06
1.528250000000000108e+00 6.182986453495686874e-06
1.531750000000000167e+00 7.685432137805037200e-06
1.535250000000000004e+00 9.428401426703203470e-06
1.538750000000000062e+00 8.149225322995334864e-06
1.542250000000000121e+00 4.799273938260739669e-06
1.545749999999999957e+00 1.165116827905876562e-05
1.549250000000000016e+00 1.058808811649214476e-05
1.552750000000000075e+00 6.466894319601124153e-06
1.556249999999999911e+00 3.729473064595367759e-06
1.559749999999999970e+00 6.522440799017203972e-06
1.563250000000000028e+00 8.287675882456824183e-06
1.566750000000000087e+00 6.294252671068534255e-06
1.570250000000000146e+00 3.421611609155661426e-06
1.573749999999999982e+00 9.899419637804385275e-06
1.577250000000000041e+00 1.787110340956132859e-05
1.580750000000000099e+00 5.162279194337315857e-06
1.584249999999999936e+00 7.549841939180623740e-06
1.587749999999999995e+00 1.136865739681525156e-05
1.591250000000000053e+00 1.327261816186364740e-05
1.594750000000000112e+00 5.310911546985153109e-06
1.598250000000000171e+00 7.903056030045263469e-06
1.601750000000000007e+00 3.180054136464605108e-06
1.605250000000000066e+00 1.117280407925136387e-05
1.608750000000000124e+00 6.144416147435549647e-06
1.612249999999999961e+00 1.206640081363730133e-05
1.615750000000000020e+00 1.207068817166145891e-05
1.619250000000000078e+00 7.007446583884302527e-06
1.622749999999999915e+00 1.500862163084093481e-05
1.626249999999999973e+00 6.749724889232311398e-06
1.629750000000000032e+00 1.108672859118087217e-05
1.633250000000000091e+00 7.048352927085943520e-06
1.636750000000000149e+00 4.347643880464602262e-06
1.640249999999999986e+00 2.627022013257374056e-06
1.643750000000000044e+00 3.903428023477317765e-06
1.647250000000000103e+00 2.532807684474391863e-06
1.650749999999999940e+00 1.001313830784056336e-05
1.654249999999999998e+00 1.110222547140438110e-05
1.657750000000000057e+00 1.054190852300962433e-05
1.661250000000000115e+00 6.673727966699516401e-06
1.664750000000000174e+00 5.355544999474659562e-06
1.668250000000000011e+00 5.624150162475416437e-06
1.671750000000000069e+00 6.051140644558472559e-06
1.675250000000000128e+00 1.288574912905460224e-05
1.678749999999999964e+00 1.128492476709652692e-05
1.682250000000000023e+00 9.096777830563951284e-06
1.685750000000000082e+00 8.454338058072607964e-06
1.689249999999999918e+00 1.171480926132062450e-05
1.692749999999999977e+00 2.233153281849808991e-05
1.696250000000000036e+00 1.117139436246361583e-05
1.699750000000000094e+00 1.419792442902689800e-05
1.703250000000000153e+00 1.063135823642369360e-05
1.706749999999999989e+00 4.545461706584319472e-06
1.710250000000000048e+00 3.156126467729336582e-06
1.713750000000000107e+00 3.239900479456991889e-06
1.717249999999999943e+00 5.069188773632049561e-06
1.720750000000000002e+00 1.770346534613054246e-05
1.724250000000000060e+00 1.664890987740363926e-06
1.727750000000000119e+00 1.123047059081727639e-05
1.731250000000000178e+00 1.211603103001834825e-05
1.734750000000000014e+00 1.041273662849562243e-05
1.738250000000000073e+00 7.490680218324996531e-06
1.741750000000000131e+00 1.665195895839133300e-06
1.745249999999999968e+00 1.806902560019807424e-06
1.748750000000000027e+00 8.695305041328538209e-06
1.752250000000000085e+00 4.984029146726243198e-06
1.755749999999999922e+00 1.258377596968784928e-05
1.759249999999999980e+00 9.260427759727463126e-06
1.762750000000000039e+00 5.645742476190207526e-06
1.766250000000000098e+00 3.913668479071930051e-06
1.769750000000000156e+00 7.813689990143757313e-06
1.773249999999999993e+00 8.985032764030620456e-06
1.776750000000000052e+00 1.901145992633246351e-06
1.780250000000000110e+00 1.200842598336748779e-05
1.783749999999999947e+00 4.022702341899275780e-06
1.787250000000000005e+00 6.209470029716612771e-06
1.790750000000000064e+00 9.994553693104535341e-06
1.794250000000000123e+00 5.470842097565764561e-06
1.797750000000000181e+00 5.771516043751034886e-06
1.801250000000000018e+00 1.201235772896325216e-05
1.804750000000000076e+00 1.478414924349635839e-05
1.808250000000000135e+00 1.055896427715197206e-05
1.811749999999999972e+00 8.035320206545293331e-06
1.815250000000000030e+00 4.276667368685593829e-06
1.818750000000000089e+00 1.103811064240289852e-05
1.822249999999999925e+00 4.352300493337679654e-06
1.825749999999999984e+00 6.714067239954601973e-06
1.829250000000000043e+00 1.127651466958923265e-05
1.832750000000000101e+00 2.052961008303100243e-06
1.836250000000000160e+00 1.851127763075055555e-06
1.839749999999999996e+00 4.667480880016228184e-06
1.843250000000000055e+00 7.121950602595461532e-06
1.846750000000000114e+00 2.214922915300121531e-06
1.850249999999999950e+00 6.902858785906573758e-06
1.853750000000000009e+00 2.379127636231714860e-06
1.857250000000000068e+00 4.194115717837121338e-06
1.860750000000000126e+00 2.510583499315544032e-06
1.864250000000000185e+00 4.791742867382708937e-06
1.867750000000000021e+00 2.506232476662262343e-06
1.871250000000000080e+00 5.027662609791150317e-06
1.874750000000000139e+00 4.919926141155883670e-06
1.878249999999999975e+00 5.138592314324341714e-06
1.881750000000000034e+00 1.042152871377766132e-05
1.885250000000000092e+00 0.000000000000000000e+00
1.888749999999999929e+00 2.345292386962682940e-06
1.892249999999999988e+00 1.057005465554539114e-05
1.895750000000000046e+00 2.733373321461840533e-06
1.899250000000000105e+00 0.000000000000000000e+00
1.902750000000000163e+00 2.604457677080063149e-06
1.906250000000000000e+00 2.758597247520810924e-06
1.909750000000000059e+00 2.819141172949457541e-06
1.913250000000000117e+00 0.000000000000000000e+00
1.916749999999999954e+00 0.000000000000000000e+00
1.920250000000000012e+00 5.580988272413378581e-06
1.923750000000000071e+00 0.000000000000000000e+00
1.927250000000000130e+00 2.874795654861372896e-06
1.930750000000000188e+00 1.108943524741334841e-05
1.934250000000000025e+00 0.000000000000000000e+00
1.937750000000000083e+00 2.915084223786834627e-06
1.941250000000000142e+00 0.000000000000000000e+00
1.944749999999999979e+00 5.937334208283573389e-06
1.948250000000000037e+00 6.088907866796944290e-06
1.951750000000000096e+00 0.000000000000000000e+00
1.955249999999999932e+00 3.094656904067960568e-06
1.958749999999999991e+00 0.000000000000000000e+00
1.962250000000000050e+00 6.264961484703235328e-06
1.965750000000000108e+00 6.317703537206398323e-06
1.969250000000000167e+00 6.189604391693137586e-06
1.972750000000000004e+00 0.000000000000000000e+00
1.976250000000000062e+00 3.006858378284960054e-06
1.979750000000000121e+00 3.040365527340327390e-06
1.983249999999999957e+00 6.221728199307108298e-06
1.986750000000000016e+00 2.878360646718647331e-06
1.990250000000000075e+00 3.309222165626124479e-06
1.993750000000000133e+00 0.000000000000000000e+00
1.997250000000000192e+00 0.000000000000000000e+00
2.000750000000000028e+00 1.601639269210863858e-05
2.004249999999999865e+00 3.396931333554675803e-06
2.007750000000000146e+00 6.643793312832713127e-06
2.011249999999999982e+00 6.717753421980887651e-06
2.014750000000000263e+00 0.000000000000000000e+00
2.018250000000000099e+00 3.299620857433183119e-06
2.021749999999999936e+00 3.046755637114983983e-06
2.025249999999999773e+00 1.369164328934857622e-05
2.028750000000000053e+00 1.410407003277214244e-05
2.032250000000000334e+00 3.616616822910145856e-06
2.035750000000000171e+00 0.000000000000000000e+00
2.039250000000000007e+00 0.000000000000000000e+00
2.042749999999999844e+00 0.000000000000000000e+00
2.046250000000000124e+00 2.319349050594610162e-06
2.049749999999999961e+00 3.692558493639808148e-06
2.053250000000000242e+00 7.477911367459455505e-06
2.056750000000000078e+00 3.565935003280173987e-06
2.060249999999999915e+00 0.000000000000000000e+00
2.063749999999999751e+00 3.797884346568025649e-06
2.067250000000000032e+00 0.000000000000000000e+00
2.070750000000000313e+00 0.000000000000000000e+00
2.074250000000000149e+00 0.000000000000000000e+00
2.077749999999999986e+00 3.886838840116979554e-06
2.081249999999999822e+00 3.958191427955171093e-06
2.084750000000000103e+00 3.960917638323735446e-06
2.088249999999999940e+00 7.519164682889822870e-06
2.091750000000000220e+00 0.000000000000000000e+00
2.095250000000000057e+00 0.000000000000000000e+00
2.098749999999999893e+00 0.000000000000000000e+00
2.102250000000000174e+00 0.000000000000000000e+00
2.105750000000000011e+00 0.000000000000000000e+00
2.109250000000000291e+00 0.000000000000000000e+00
2.112750000000000128e+00 0.000000000000000000e+00
2.116249999999999964e+00 3.864147402055095881e-06
2.119749999999999801e+00 0.000000000000000000e+00
2.123250000000000082e+00 0.000000000000000000e+00
2.126749999999999918e+00 0.000000000000000000e+00
2.130250000000000199e+00 0.000000000000000000e+00
2.133750000000000036e+00 0.000000000000000000e+00
2.137249999999999872e+00 4.355446435511112213e-06
2.140750000000000153e+00 0.000000000000000000e+00
2.144249999999999989e+00 0.000000000000000000e+00
2.147750000000000270e+00 0.000000000000000000e+00
2.151250000000000107e+00 0.000000000000000000e+00
2.154749999999999943e+00 0.000000000000000000e+00
2.158249999999999780e+00 0.000000000000000000e+00
2.161750000000000060e+00 0.000000000000000000e+00
2.165250000000000341e+00 4.556428848445648327e-06
2.168750000000000178e+00 0.000000000000000000e+00
2.172250000000000014e+00 0.000000000000000000e+00
2.175749999999999851e+00 0.000000000000000000e+00
2.179250000000000131e+00 0.000000000000000000e+00
2.182749999999999968e+00 0.000000000000000000e+00
2.186250000000000249e+00 0.000000000000000000e+00
2.189750000000000085e+00 0.000000000000000000e+00
2.193249999999999922e+00 0.000000000000000000e+00
2.196749999999999758e+00 0.000000000000000000e+00
2.200250000000000039e+00 4.827147222385974601e-06
2.203750000000000320e+00 0.000000000000000000e+00
2.207250000000000156e+00 0.000000000000000000e+00
2.210749999999999993e+00 0.000000000000000000e+00
2.214249999999999829e+00 0.000000000000000000e+00
2.217750000000000110e+00 0.000000000000000000e+00
2.221249999999999947e+00 5.027919087297050282e-06
2.224750000000000227e+00 0.000000000000000000e+00
2.228250000000000064e+00 0.000000000000000000e+00
2.231749999999999901e+00 0.000000000000000000e+00
2.235250000000000181e+00 0.000000000000000000e+00
2.238750000000000018e+00 0.000000000000000000e+00
2.242250000000000298e+00 5.092003448226023465e-06
2.245750000000000135e+00 5.084212261863285676e-06
2.249249999999999972e+00 0.000000000000000000e+00
2.252749999999999808e+00 0.000000000000000000e+00
2.256250000000000089e+00 0.000000000000000000e+00
2.259749999999999925e+00 0.000000000000000000e+00
2.263250000000000206e+00 0.000000000000000000e+00
2.266750000000000043e+00 0.000000000000000000e+00
2.270249999999999879e+00 0.000000000000000000e+00
2.273750000000000160e+00 0.000000000000000000e+00
2.277249999999999996e+00 0.000000000000000000e+00
2.280750000000000277e+00 5.485066594701493159e-06
2.284250000000000114e+00 5.422025424195453525e-06
2.287749999999999950e+00 0.000000000000000000e+00
2.291249999999999787e+00 0.000000000000000000e+00
2.294750000000000068e+00 0.000000000000000000e+00
2.298250000000000348e+00 0.000000000000000000e+00
2.301750000000000185e+00 0.000000000000000000e+00
2.305250000000000021e+00 0.000000000000000000e+00
2.308749999999999858e+00 0.000000000000000000e+00
2.312250000000000139e+00 5.763844910688931122e-06
2.315749999999999975e+00 5.858215445186942816e-06
2.319250000000000256e+00 0.000000000000000000e+00
2.322750000000000092e+00 5.911246717005269602e-06
2.326249999999999929e+00 0.000000000000000000e+00
2.329749999999999766e+00 6.019640295562567189e-06
2.333250000000000046e+00 0.000000000000000000e+00
2.336750000000000327e+00 0.000000000000000000e+00
2.340250000000000163e+00 0.000000000000000000e+00
2.343750000000000000e+00 0.000000000000000000e+00
2.347249999999999837e+00 0.000000000000000000e+00
2.350750000000000117e+00 0.000000000000000000e+00
2.354249999999999954e+00 6.188223778735846281e-06
2.357750000000000234e+00 0.000000000000000000e+00
2.361250000000000071e+00 6.269524874369380996e-06
2.364749999999999908e+00 0.000000000000000000e+00
2.368250000000000188e+00 0.000000000000000000e+00
2.371750000000000025e+00 0.000000000000000000e+00
2.375250000000000306e+00 0.000000000000000000e+00
2.378750000000000142e+00 0.000000000000000000e+00
2.382249999999999979e+00 0.000000000000000000e+00
2.385749999999999815e+00 0.000000000000000000e+00
2.389250000000000096e+00 0.000000000000000000e+00
2.392749999999999932e+00 0.000000000000000000e+00
2.396250000000000213e+00 0.000000000000000000e+00
2.399750000000000050e+00 0.000000000000000000e+00
2.403249999999999886e+00 0.000000000000000000e+00
2.406750000000000167e+00 6.370924893417395651e-06
2.410250000000000004e+00 0.000000000000000000e+00
2.413750000000000284e+00 0.000000000000000000e+00
2.417250000000000121e+00 0.000000000000000000e+00
2.420749999999999957e+00 0.000000000000000000e+00
2.424249999999999794e+00 0.000000000000000000e+00
2.427750000000000075e+00 0.000000000000000000e+00
2.431250000000000355e+00 0.000000000000000000e+00
2.434750000000000192e+00 0.000000000000000000e+00
2.438250000000000028e+00 0.000000000000000000e+00
2.441749999999999865e+00 0.000000000000000000e+00
2.445250000000000146e+00 0.000000000000000000e+00
2.448749999999999982e+00 0.000000000000000000e+00
2.452250000000000263e+00 0.000000000000000000e+00
2.455750000000000099e+00 0.000000000000000000e+00
2.459249999999999936e+00 0.000000000000000000e+00
2.462749999999999773e+00 0.000000000000000000e+00
2.466250000000000053e+00 0.000000000000000000e+00
2.469750000000000334e+00 0.000000000000000000e+00
2.473250000000000171e+00 0.000000000000000000e+00
2.476750000000000007e+00 0.000000000000000000e+00
2.480249999999999844e+00 0.000000000000000000e+00
2.483750000000000124e+00 0.000000000000000000e+00
2.487249999999999961e+00 7.440900844812858850e-06
2.490750000000000242e+00 0.000000000000000000e+00
2.494250000000000078e+00 0.000000000000000000e+00
2.497749999999999915e+00 0.000000000000000000e+00
2.501250000000000195e+00 0.000000000000000000e+00
2.504750000000000032e+00 0.000000000000000000e+00
2.508250000000000313e+00 0.000000000000000000e+00
2.511750000000000149e+00 0.000000000000000000e+00
2.515249999999999986e+00 0.000000000000000000e+00
2.518749999999999822e+00 0.000000000000000000e+00
2.522250000000000103e+00 0.000000000000000000e+00
2.525749999999999940e+00 0.000000000000000000e+00
2.529250000000000220e+00 0.000000000000000000e+00
2.532750000000000057e+00 0.000000000000000000e+00
2.536249999999999893e+00 0.000000000000000000e+00
2.539750000000000174e+00 0.000000000000000000e+00
2.543250000000000011e+00 0.000000000000000000e+00
2.546750000000000291e+00 0.000000000000000000e+00
2.550250000000000128e+00 0.000000000000000000e+00
2.553749999999999964e+00 0.000000000000000000e+00
2.557249999999999801e+00 0.000000000000000000e+00
2.560750000000000082e+00 0.000000000000000000e+00
2.564250000000000362e+00 0.000000000000000000e+00
2.567750000000000199e+00 0.000000000000000000e+00
2.571250000000000036e+00 0.000000000000000000e+00
2.574749999999999872e+00 0.000000000000000000e+00
2.578250000000000153e+00 0.000000000000000000e+00
2.581749999999999989e+00 0.000000000000000000e+00
2.585250000000000270e+00 0.000000000000000000e+00
2.588750000000000107e+00 0.000000000000000000e+00
2.592249999999999943e+00 0.000000000000000000e+00
2.595749999999999780e+00 0.000000000000000000e+00
2.599250000000000060e+00 0.000000000000000000e+00
2.602750000000000341e+00 0.000000000000000000e+00
2.606250000000000178e+00 0.000000000000000000e+00
2.609750000000000014e+00 0.000000000000000000e+00
2.613249999999999851e+00 0.000000000000000000e+00
2.616750000000000131e+00 0.000000000000000000e+00
2.620249999999999968e+00 0.000000000000000000e+00
2.623750000000000249e+00 0.000000000000000000e+00
2.627250000000000085e+00 0.000000000000000000e+00
2.630749999999999922e+00 0.000000000000000000e+00
2.634250000000000203e+00 0.000000000000000000e+00
2.637750000000000039e+00 0.000000000000000000e+00
2.641250000000000320e+00 0.000000000000000000e+00
2.644750000000000156e+00 0.000000000000000000e+00
2.648249999999999993e+00 0.000000000000000000e+00
2.651749999999999829e+00 0.000000000000000000e+00
2.655250000000000110e+00 0.000000000000000000e+00
2.658749999999999947e+00 0.000000000000000000e+00
2.662250000000000227e+00 0.000000000000000000e+00
2.665750000000000064e+00 0.000000000000000000e+00
2.669249999999999901e+00 0.000000000000000000e+00
2.672750000000000181e+00 0.000000000000000000e+00
2.676250000000000018e+00 0.000000000000000000e+00
2.679750000000000298e+00 0.000000000000000000e+00
2.683250000000000135e+00 0.000000000000000000e+00
2.686749999999999972e+00 0.000000000000000000e+00
2.690249999999999808e+00 0.000000000000000000e+00
2.693750000000000089e+00 0.000000000000000000e+00
2.697250000000000369e+00 0.000000000000000000e+00
2.700750000000000206e+00 0.000000000000000000e+00
2.704250000000000043e+00 0.000000000000000000e+00
2.707749999999999879e+00 0.000000000000000000e+00
2.711250000000000160e+00 0.000000000000000000e+00
2.714749999999999996e+00 0.000000000000000000e+00
2.718250000000000277e+00 0.000000000000000000e+00
2.721750000000000114e+00 0.000000000000000000e+00
2.725249999999999950e+00 0.000000000000000000e+00
2.728749999999999787e+00 0.000000000000000000e+00
2.732250000000000068e+00 0.000000000000000000e+00
2.735750000000000348e+00 0.000000000000000000e+00
2.739250000000000185e+00 0.000000000000000000e+00
2.742750000000000021e+00 0.000000000000000000e+00
2.746249999999999858e+00 0.000000000000000000e+00
2.749750000000000139e+00 0.000000000000000000e+00
2.753249999999999975e+00 0.000000000000000000e+00
2.756750000000000256e+00 0.000000000000000000e+00
2.760250000000000092e+00 0.000000000000000000e+00
2.763749999999999929e+00 0.000000000000000000e+00
2.767249999999999766e+00 0.000000000000000000e+00
2.770750000000000046e+00 0.000000000000000000e+00
2.774250000000000327e+00 0.000000000000000000e+00
2.777750000000000163e+00 0.000000000000000000e+00
2.781250000000000000e+00 0.000000000000000000e+00
2.784749999999999837e+00 0.000000000000000000e+00
2.788250000000000117e+00 0.000000000000000000e+00
2.791749999999999954e+00 0.000000000000000000e+00
2.795250000000000234e+00 0.000000000000000000e+00
2.798750000000000071e+00 0.000000000000000000e+00
2.802249999999999908e+00 0.000000000000000000e+00
2.805750000000000188e+00 0.000000000000000000e+00
2.809250000000000025e+00 0.000000000000000000e+00
2.812750000000000306e+00 0.000000000000000000e+00
2.816250000000000142e+00 0.000000000000000000e+00
2.819749999999999979e+00 0.000000000000000000e+00
2.823249999999999815e+00 0.000000000000000000e+00
2.826750000000000096e+00 0.000000000000000000e+00
2.830249999999999932e+00 0.000000000000000000e+00
2.833750000000000213e+00 0.000000000000000000e+00
2.837250000000000050e+00 0.000000000000000000e+00
2.840749999999999886e+00 0.000000000000000000e+00
2.844250000000000167e+00 0.000000000000000000e+00
2.847750000000000004e+00 0.000000000000000000e+00
2.851250000000000284e+00 0.000000000000000000e+00
2.854750000000000121e+00 0.000000000000000000e+00
2.858249999999999957e+00 0.000000000000000000e+00
2.861749999999999794e+00 0.000000000000000000e+00
2.865250000000000075e+00 0.000000000000000000e+00
2.868750000000000355e+00 0.000000000000000000e+00
2.872250000000000192e+00 0.000000000000000000e+00
2.875750000000000028e+00 0.000000000000000000e+00
2.879249999999999865e+00 0.000000000000000000e+00
2.882750000000000146e+00 0.000000000000000000e+00
2.886249999999999982e+00 0.000000000000000000e+00
2.889750000000000263e+00 0.000000000000000000e+00
2.893250000000000099e+00 0.000000000000000000e+00
2.896749999999999936e+00 0.000000000000000000e+00
2.900249999999999773e+00 0.000000000000000000e+00
2.903750000000000053e+00 0.000000000000000000e+00
2.907250000000000334e+00 0.000000000000000000e+00
2.910750000000000171e+00 0.000000000000000000e+00
2.914250000000000007e+00 0.000000000000000000e+00
2.917749999999999844e+00 0.000000000000000000e+00
2.921250000000000124e+00 0.000000000000000000e+00
2.924749999999999961e+00 0.000000000000000000e+00
2.928250000000000242e+00 0.000000000000000000e+00
2.931750000000000078e+00 0.000000000000000000e+00
2.935249999999999915e+00 0.000000000000000000e+00
2.938750000000000195e+00 0.000000000000000000e+00
2.942250000000000032e+00 0.000000000000000000e+00
2.945750000000000313e+00 0.000000000000000000e+00
2.949250000000000149e+00 0.000000000000000000e+00
2.952749999999999986e+00 0.000000000000000000e+00
2.956249999999999822e+00 0.000000000000000000e+00
2.959750000000000103e+00 0.000000000000000000e+00
2.963249999999999940e+00 0.000000000000000000e+00
2.966750000000000220e+00 0.000000000000000000e+00
2.970250000000000057e+00 0.000000000000000000e+00
2.973749999999999893e+00 0.000000000000000000e+00
2.977250000000000174e+00 0.000000000000000000e+00
2.980750000000000011e+00 0.000000000000000000e+00
2.984250000000000291e+00 0.000000000000000000e+00
2.987750000000000128e+00 0.000000000000000000e+00
2.991249999999999964e+00 0.000000000000000000e+00
2.994749999999999801e+00 0.000000000000000000e+00
2.998250000000000082e+00 0.000000000000000000e+00
