-4.982499999999999707e-01 0.000000000000000000e+00
-4.947500000000000231e-01 0.000000000000000000e+00
-4.912499999999999645e-01 0.000000000000000000e+00
-4.877500000000000169e-01 0.000000000000000000e+00
-4.842499999999999583e-01 0.000000000000000000e+00
-4.807500000000000107e-01 0.000000000000000000e+00
-4.772499999999999520e-01 0.000000000000000000e+00
-4.737500000000000044e-01 0.000000000000000000e+00
-4.702500000000000013e-01 0.000000000000000000e+00
-4.667499999999999982e-01 0.000000000000000000e+00
-4.632499999999999951e-01 0.000000000000000000e+00
-4.597499999999999920e-01 0.000000000000000000e+00
-4.562500000000000444e-01 0.000000000000000000e+00
-4.527499999999999858e-01 0.000000000000000000e+00
-4.492500000000000382e-01 0.000000000000000000e+00
-4.457499999999999796e-01 0.000000000000000000e+00
-4.422500000000000320e-01 0.000000000000000000e+00
-4.387499999999999734e-01 0.000000000000000000e+00
-4.352500000000000258e-01 0.000000000000000000e+00
-4.317499999999999671e-01 0.000000000000000000e+00
-4.282500000000000195e-01 0.000000000000000000e+00
-4.247499999999999609e-01 0.000000000000000000e+00
-4.212500000000000133e-01 0.000000000000000000e+00
-4.177499999999999547e-01 0.000000000000000000e+00
-4.142500000000000071e-01 0.000000000000000000e+00
-4.107500000000000040e-01 0.000000000000000000e+00
-4.072500000000000009e-01 0.000000000000000000e+00
-4.037499999999999978e-01 0.000000000000000000e+00
-4.002499999999999947e-01 0.000000000000000000e+00
-3.967499999999999916e-01 0.000000000000000000e+00
-3.932499999999999885e-01 0.000000000000000000e+00
-3.897500000000000409e-01 0.000000000000000000e+00
-3.862499999999999822e-01 0.000000000000000000e+00
-3.827500000000000346e-01 0.000000000000000000e+00
-3.792499999999999760e-01 0.000000000000000000e+00
-3.757500000000000284e-01 0.000000000000000000e+00
-3.722499999999999698e-01 0.000000000000000000e+00
-3.687500000000000222e-01 0.000000000000000000e+00
-3.652499999999999636e-01 0.000000000000000000e+00
-3.617500000000000160e-01 0.000000000000000000e+00
-3.582499999999999574e-01 0.000000000000000000e+00
-3.547500000000000098e-01 0.000000000000000000e+00
-3.512500000000000067e-01 0.000000000000000000e+00
-3.477500000000000036e-01 0.000000000000000000e+00
-3.442500000000000004e-01 0.000000000000000000e+00
-3.407499999999999973e-01 0.000000000000000000e+00
-3.372499999999999942e-01 0.000000000000000000e+00
-3.337499999999999911e-01 0.000000000000000000e+00
-3.302499999999999880e-01 0.000000000000000000e+00
-3.267499999999999849e-01 0.000000000000000000e+00
-3.232499999999999818e-01 0.000000000000000000e+00
-3.197499999999999787e-01 0.000000000000000000e+00
-3.162500000000000311e-01 0.000000000000000000e+00
-3.127499999999999725e-01 0.000000000000000000e+00
-3.092500000000000249e-01 0.000000000000000000e+00
-3.057499999999999662e-01 0.000000000000000000e+00
-3.022500000000000187e-01 0.000000000000000000e+00
-2.987499999999999600e-01 0.000000000000000000e+00
-2.952500000000000124e-01 0.000000000000000000e+00
-2.917500000000000093e-01 0.000000000000000000e+00
-2.882500000000000062e-01 0.000000000000000000e+00
-2.847500000000000031e-01 0.000000000000000000e+00
-2.812500000000000000e-01 0.000000000000000000e+00
-2.777499999999999969e-01 0.000000000000000000e+00
-2.742499999999999938e-01 0.000000000000000000e+00
-2.707499999999999907e-01 0.000000000000000000e+00
-2.672499999999999876e-01 0.000000000000000000e+00
-2.637499999999999845e-01 0.000000000000000000e+00
-2.602499999999999813e-01 0.000000000000000000e+00
-2.567500000000000338e-01 0.000000000000000000e+00
-2.532499999999999751e-01 0.000000000000000000e+00
-2.497499999999999998e-01 0.000000000000000000e+00
-2.462499999999999967e-01 0.000000000000000000e+00
-2.427499999999999936e-01 0.000000000000000000e+00
-2.392499999999999905e-01 0.000000000000000000e+00
-2.357499999999999873e-01 0.000000000000000000e+00
-2.322499999999999842e-01 0.000000000000000000e+00
-2.287499999999999811e-01 0.000000000000000000e+00
-2.252499999999999780e-01 0.000000000000000000e+00
-2.217499999999999749e-01 0.000000000000000000e+00
-2.182499999999999718e-01 0.000000000000000000e+00
-2.147499999999999687e-01 0.000000000000000000e+00
-2.112499999999999933e-01 0.000000000000000000e+00
-2.077500000000000180e-01 0.000000000000000000e+00
-2.042500000000000149e-01 0.000000000000000000e+00
-2.007500000000000118e-01 0.000000000000000000e+00
-1.972500000000000087e-01 0.000000000000000000e+00
-1.937500000000000056e-01 0.000000000000000000e+00
-1.902500000000000024e-01 0.000000000000000000e+00
-1.867499999999999993e-01 0.000000000000000000e+00
-1.832499999999999962e-01 0.000000000000000000e+00
-1.797499999999999931e-01 0.000000000000000000e+00
-1.762499999999999900e-01 0.000000000000000000e+00
-1.727499999999999869e-01 0.000000000000000000e+00
-1.692499999999999838e-01 0.000000000000000000e+00
-1.657499999999999807e-01 0.000000000000000000e+00
-1.622499999999999776e-01 0.000000000000000000e+00
-1.587499999999999745e-01 0.000000000000000000e+00
-1.552499999999999714e-01 0.000000000000000000e+00
-1.517499999999999682e-01 0.000000000000000000e+00
-1.482499999999999929e-01 0.000000000000000000e+00
-1.447500000000000175e-01 0.000000000000000000e+00
-1.412500000000000144e-01 0.000000000000000000e+00
-1.377500000000000113e-01 0.000000000000000000e+00
-1.342500000000000082e-01 0.000000000000000000e+00
-1.307500000000000051e-01 0.000000000000000000e+00
-1.272500000000000020e-01 0.000000000000000000e+00
-1.237499999999999989e-01 0.000000000000000000e+00
-1.202499999999999958e-01 0.000000000000000000e+00
-1.167499999999999927e-01 0.000000000000000000e+00
-1.132499999999999896e-01 0.000000000000000000e+00
-1.097499999999999865e-01 0.000000000000000000e+00
-1.062499999999999833e-01 0.000000000000000000e+00
-1.027499999999999802e-01 0.000000000000000000e+00
-9.924999999999997713e-02 8.192845598387066275e-06
-9.574999999999997402e-02 2.039768696704413742e-05
-9.224999999999997091e-02 1.619737449800595641e-04
-8.874999999999996780e-02 4.953288007527589798e-04
-8.524999999999999245e-02 2.626687753945589066e-03
-8.175000000000001710e-02 1.160492934286594391e-02
-7.825000000000001399e-02 3.822195157408714294e-02
-7.475000000000001088e-02 1.051429733633995056e-01
-7.125000000000000777e-02 2.441158890724182129e-01
-6.775000000000000466e-02 5.125293731689453125e-01
-6.425000000000000155e-02 9.760019183158874512e-01
-6.074999999999999845e-02 1.689316987991333008e+00
-5.724999999999999534e-02 2.683170080184936523e+00
-5.374999999999999223e-02 3.929603099822998047e+00
-5.024999999999998912e-02 5.393026828765869141e+00
-4.674999999999998601e-02 6.991177082061767578e+00
-4.324999999999998290e-02 8.600524902343750000e+00
-3.974999999999997979e-02 1.011760807037353516e+01
-3.624999999999997669e-02 1.145879650115966797e+01
-3.274999999999997358e-02 1.253748893737792969e+01
-2.924999999999997047e-02 1.332428264617919922e+01
-2.574999999999996736e-02 1.380939674377441406e+01
-2.224999999999996425e-02 1.399311351776123047e+01
-1.874999999999998890e-02 1.390098857879638672e+01
-1.525000000000001354e-02 1.359493827819824219e+01
-1.175000000000001044e-02 1.309822940826416016e+01
-8.250000000000007327e-03 1.246558475494384766e+01
-4.750000000000004219e-03 1.171728420257568359e+01
-1.249999999999973355e-03 1.092759895324707031e+01
2.250000000000029754e-03 1.008869361877441406e+01
5.750000000000032863e-03 9.271171569824218750e+00
9.250000000000035971e-03 8.467553138732910156e+00
1.274999999999998357e-02 7.692467689514160156e+00
1.624999999999998668e-02 6.964816570281982422e+00
1.974999999999998979e-02 6.279301166534423828e+00
2.324999999999999289e-02 5.657376289367675781e+00
2.674999999999999600e-02 5.075677394866943359e+00
3.024999999999999911e-02 4.545337200164794922e+00
3.375000000000000222e-02 4.068476676940917969e+00
3.725000000000000533e-02 3.626777887344360352e+00
4.075000000000000844e-02 3.237875223159790039e+00
4.425000000000001155e-02 2.885393381118774414e+00
4.775000000000001465e-02 2.576453447341918945e+00
5.125000000000001776e-02 2.294585943222045898e+00
5.475000000000002087e-02 2.052909374237060547e+00
5.825000000000002398e-02 1.829226613044738770e+00
6.175000000000002709e-02 1.636145710945129395e+00
6.525000000000003020e-02 1.456266522407531738e+00
6.875000000000003331e-02 1.300843238830566406e+00
7.225000000000003642e-02 1.170956015586853027e+00
7.575000000000003952e-02 1.046051383018493652e+00
7.924999999999998712e-02 9.385259151458740234e-01
8.274999999999999023e-02 8.442478775978088379e-01
8.624999999999999334e-02 7.580219507217407227e-01
8.974999999999999645e-02 6.816068887710571289e-01
9.324999999999999956e-02 6.177660822868347168e-01
9.675000000000000266e-02 5.536541342735290527e-01
1.002500000000000058e-01 5.004278421401977539e-01
1.037500000000000089e-01 4.525674879550933838e-01
1.072500000000000120e-01 4.089355468750000000e-01
1.107500000000000151e-01 3.696218430995941162e-01
1.142500000000000182e-01 3.361201286315917969e-01
1.177500000000000213e-01 3.038116991519927979e-01
1.212500000000000244e-01 2.784946858882904053e-01
1.247500000000000275e-01 2.532251775264739990e-01
1.282500000000000306e-01 2.317596822977066040e-01
1.317500000000000338e-01 2.107871323823928833e-01
1.352500000000000369e-01 1.924479007720947266e-01
1.387499999999999845e-01 1.757622659206390381e-01
1.422499999999999876e-01 1.622023731470108032e-01
1.457499999999999907e-01 1.476283520460128784e-01
1.492499999999999938e-01 1.356420069932937622e-01
1.527499999999999969e-01 1.254940479993820190e-01
1.562500000000000000e-01 1.150344163179397583e-01
1.597500000000000031e-01 1.055793017148971558e-01
1.632500000000000062e-01 9.787739068269729614e-02
1.667500000000000093e-01 9.043139964342117310e-02
1.702500000000000124e-01 8.282275497913360596e-02
1.737500000000000155e-01 7.719584554433822632e-02
1.772500000000000187e-01 7.127706706523895264e-02
1.807500000000000218e-01 6.604149192571640015e-02
1.842500000000000249e-01 6.146036088466644287e-02
1.877500000000000280e-01 5.691269412636756897e-02
1.912500000000000311e-01 5.272293090820312500e-02
1.947500000000000342e-01 4.938519373536109924e-02
1.982500000000000373e-01 4.584024474024772644e-02
2.017500000000000404e-01 4.227158054709434509e-02
2.052499999999999880e-01 3.949816524982452393e-02
2.087499999999999911e-01 3.696968406438827515e-02
2.122499999999999942e-01 3.505546227097511292e-02
2.157499999999999973e-01 3.231350705027580261e-02
2.192500000000000004e-01 3.073692880570888519e-02
2.227500000000000036e-01 2.844446711242198944e-02
2.262500000000000067e-01 2.592021226882934570e-02
2.297500000000000098e-01 2.478121779859066010e-02
2.332500000000000129e-01 2.295146137475967407e-02
2.367500000000000160e-01 2.212530001997947693e-02
2.402500000000000191e-01 2.060387656092643738e-02
2.437500000000000222e-01 1.927141100168228149e-02
2.472500000000000253e-01 1.821499131619930267e-02
2.507500000000000284e-01 1.686134561896324158e-02
2.542500000000000315e-01 1.617688499391078949e-02
2.577500000000000346e-01 1.511370297521352768e-02
2.612500000000000377e-01 1.406608987599611282e-02
2.647500000000000409e-01 1.332958787679672241e-02
2.682500000000000440e-01 1.248343195766210556e-02
2.717499999999999916e-01 1.193675771355628967e-02
2.752499999999999947e-01 1.137089263647794724e-02
2.787499999999999978e-01 1.058347709476947784e-02
2.822500000000000009e-01 9.986335411667823792e-03
2.857500000000000040e-01 9.463656693696975708e-03
2.892500000000000071e-01 8.783249184489250183e-03
2.927500000000000102e-01 8.215516805648803711e-03
2.962500000000000133e-01 7.976492866873741150e-03
2.997500000000000164e-01 7.645640056580305099e-03
3.032500000000000195e-01 7.156887091696262360e-03
3.067500000000000226e-01 6.668731104582548141e-03
3.102500000000000258e-01 6.386522203683853149e-03
3.137500000000000289e-01 5.882397759705781937e-03
3.172500000000000320e-01 5.688308272510766983e-03
3.207500000000000351e-01 5.446162540465593338e-03
3.242500000000000382e-01 5.075967404991388321e-03
3.277500000000000413e-01 4.745535552501678467e-03
3.312499999999999889e-01 4.512462299317121506e-03
3.347499999999999920e-01 4.448985680937767029e-03
3.382499999999999951e-01 4.101232159882783890e-03
3.417499999999999982e-01 3.843546146526932716e-03
3.452500000000000013e-01 3.695937339216470718e-03
3.487500000000000044e-01 3.570882836356759071e-03
3.522500000000000075e-01 3.419691696763038635e-03
3.557500000000000107e-01 3.134826663881540298e-03
3.592500000000000138e-01 3.166635986417531967e-03
3.627500000000000169e-01 2.863446716219186783e-03
3.662500000000000200e-01 2.828274155035614967e-03
3.697500000000000231e-01 2.648199675604701042e-03
3.732500000000000262e-01 2.528937999159097672e-03
3.767500000000000293e-01 2.270124852657318115e-03
3.802500000000000324e-01 2.248013624921441078e-03
3.837500000000000355e-01 2.117120893672108650e-03
3.872500000000000386e-01 2.083127852529287338e-03
3.907500000000000417e-01 1.952895894646644592e-03
3.942500000000000449e-01 1.809413312003016472e-03
3.977499999999999925e-01 1.830913592129945755e-03
4.012499999999999956e-01 1.606469973921775818e-03
4.047499999999999987e-01 1.529698260128498077e-03
4.082500000000000018e-01 1.505213440395891666e-03
4.117500000000000049e-01 1.393361249938607216e-03
4.152500000000000080e-01 1.391477067954838276e-03
4.187500000000000111e-01 1.332712708972394466e-03
4.222500000000000142e-01 1.188027439638972282e-03
4.257500000000000173e-01 1.161187072284519672e-03
4.292500000000000204e-01 1.079503679648041725e-03
4.327500000000000235e-01 1.045273151248693466e-03
4.362500000000000266e-01 1.005840022116899490e-03
4.397500000000000298e-01 1.007832121104001999e-03
4.432500000000000329e-01 9.530096431262791157e-04
4.467500000000000360e-01 8.353417506441473961e-04
4.502500000000000391e-01 8.253725245594978333e-04
4.537500000000000422e-01 7.830939139239490032e-04
4.572500000000000453e-01 7.562711252830922604e-04
4.607500000000000484e-01 6.861764704808592796e-04
4.642499999999999960e-01 6.559988250955939293e-04
4.677499999999999991e-01 6.092251278460025787e-04
4.712500000000000022e-01 6.369921611621975899e-04
4.747500000000000053e-01 6.297406507655978203e-04
4.782500000000000084e-01 6.022637826390564442e-04
4.817500000000000115e-01 5.384240648709237576e-04
4.852500000000000147e-01 5.401818198151886463e-04
4.887500000000000178e-01 4.675827804021537304e-04
4.922500000000000209e-01 4.628382157534360886e-04
4.957500000000000240e-01 4.547780845314264297e-04
4.992500000000000826e-01 4.448082472663372755e-04
5.027500000000000302e-01 3.951547550968825817e-04
5.062499999999999778e-01 4.074957105331122875e-04
5.097500000000000364e-01 3.937436558771878481e-04
5.132500000000000950e-01 3.500909660942852497e-04
5.167500000000000426e-01 3.361040726304054260e-04
5.202499999999999902e-01 3.513160045258700848e-04
5.237500000000000488e-01 3.099671157542616129e-04
5.272499999999999964e-01 2.931283088400959969e-04
5.307499999999999440e-01 2.629633818287402391e-04
5.342500000000000027e-01 2.590228104963898659e-04
5.377500000000000613e-01 2.502065908629447222e-04
5.412500000000000089e-01 2.516296226531267166e-04
5.447499999999999565e-01 2.432860201224684715e-04
5.482500000000000151e-01 2.218015288235619664e-04
5.517500000000000737e-01 2.305967500433325768e-04
5.552500000000000213e-01 1.930301805259659886e-04
5.587499999999999689e-01 1.840376644395291805e-04
5.622500000000000275e-01 1.855310401879251003e-04
5.657500000000000862e-01 1.803623017622157931e-04
5.692500000000000338e-01 1.859423064161092043e-04
5.727499999999999813e-01 1.676045212661847472e-04
5.762500000000000400e-01 1.652649516472592950e-04
5.797500000000000986e-01 1.193674397654831409e-04
5.832500000000000462e-01 1.568872248753905296e-04
5.867499999999999938e-01 1.369779347442090511e-04
5.902500000000000524e-01 1.345330092590302229e-04
5.937500000000000000e-01 1.228777546202763915e-04
5.972499999999999476e-01 1.165398716693744063e-04
6.007500000000000062e-01 9.833509102463722229e-05
6.042500000000000648e-01 1.076105472748167813e-04
6.077500000000000124e-01 9.965881326934322715e-05
6.112499999999999600e-01 1.020855270326137543e-04
6.147500000000000187e-01 9.480346488999202847e-05
6.182500000000000773e-01 9.321324614575132728e-05
6.217500000000000249e-01 8.471796900266781449e-05
6.252499999999999725e-01 7.699763955315575004e-05
6.287500000000000311e-01 7.667388126719743013e-05
6.322500000000000897e-01 7.210231706267222762e-05
6.357500000000000373e-01 7.653734064660966396e-05
6.392499999999999849e-01 6.706725980620831251e-05
6.427500000000000435e-01 6.737803778378292918e-05
6.462500000000001021e-01 6.207988189999014139e-05
6.497500000000000497e-01 5.617098941002041101e-05
6.532499999999999973e-01 5.899493044125847518e-05
6.567500000000000560e-01 5.630596206174232066e-05
6.602500000000000036e-01 5.055251676822081208e-05
6.637499999999999512e-01 4.700803037849254906e-05
6.672500000000000098e-01 5.158264320925809443e-05
6.707500000000000684e-01 4.511464794632047415e-05
6.742500000000000160e-01 3.839456257992424071e-05
6.777499999999999636e-01 4.208490645396523178e-05
6.812500000000000222e-01 4.472192813409492373e-05
6.847500000000000808e-01 4.076460390933789313e-05
6.882500000000000284e-01 3.410774661460891366e-05
6.917499999999999760e-01 3.779339385800994933e-05
6.952500000000000346e-01 3.268324508098885417e-05
6.987500000000000933e-01 3.187478796462528408e-05
7.022500000000000409e-01 3.335640940349549055e-05
7.057499999999999885e-01 2.561791552579961717e-05
7.092500000000000471e-01 2.684168066480197012e-05
7.127500000000001057e-01 2.950260750367306173e-05
7.162500000000000533e-01 2.497914283594582230e-05
7.197500000000000009e-01 3.030557127203792334e-05
7.232500000000000595e-01 1.920682552736252546e-05
7.267500000000000071e-01 2.150245745724532753e-05
7.302499999999999547e-01 2.112534639309160411e-05
7.337500000000000133e-01 1.929991958604659885e-05
7.372500000000000719e-01 2.364964529988355935e-05
7.407500000000000195e-01 1.911724029923789203e-05
7.442499999999999671e-01 2.109393426508177072e-05
7.477500000000000258e-01 1.985636845347471535e-05
7.512500000000000844e-01 2.187031896028202027e-05
7.547500000000000320e-01 1.965856426977552474e-05
7.582499999999999796e-01 1.555962080601602793e-05
7.617500000000000382e-01 1.558785515953786671e-05
7.652500000000000968e-01 1.160743522632401437e-05
7.687500000000000444e-01 1.503397015767404810e-05
7.722499999999999920e-01 1.547429928905330598e-05
7.757500000000000506e-01 1.499161862739128992e-05
7.792499999999999982e-01 1.284383142774458975e-05
7.827499999999999458e-01 1.435859667253680527e-05
7.862500000000000044e-01 1.060733575286576524e-05
7.897500000000000631e-01 9.774552381713874638e-06
7.932500000000000107e-01 1.177016201836522669e-05
7.967499999999999583e-01 9.730237252369988710e-06
8.002500000000000169e-01 1.133307705458719283e-05
8.037500000000000755e-01 1.752441312419250607e-05
8.072500000000000231e-01 9.554431926517281681e-06
8.107499999999999707e-01 1.256353607459459454e-05
8.142500000000000293e-01 9.079126357391942292e-06
8.177500000000000879e-01 1.270231405214872211e-05
8.212500000000000355e-01 9.695420885691419244e-06
8.247499999999999831e-01 8.290112418762873858e-06
8.282500000000000417e-01 1.155414156528422609e-05
8.317500000000001004e-01 1.035388686432270333e-05
8.352500000000000480e-01 7.824600288586225361e-06
8.387499999999999956e-01 1.128467738453764468e-05
8.422500000000000542e-01 8.997688382805790752e-06
8.457500000000000018e-01 6.675498752883868292e-06
8.492499999999999494e-01 4.010594693681923673e-06
8.527500000000000080e-01 8.985400199890136719e-06
8.562500000000000666e-01 8.728804459678940475e-06
8.597500000000000142e-01 8.294994586321990937e-06
8.632499999999999618e-01 1.231308942806208506e-05
8.667500000000000204e-01 6.050658157619182020e-06
8.702500000000000790e-01 7.106130851752823219e-06
8.737500000000000266e-01 7.541820650658337399e-06
8.772499999999999742e-01 5.926589892624178901e-06
8.807500000000000329e-01 6.438469426939263940e-06
8.842500000000000915e-01 7.292720056284451857e-06
8.877500000000000391e-01 9.923024663294199854e-06
8.912499999999999867e-01 5.498177870322251692e-06
8.947500000000000453e-01 7.234436452563386410e-06
8.982500000000001039e-01 8.113787771435454488e-06
9.017500000000000515e-01 4.705144874606048688e-06
9.052499999999999991e-01 7.638156603206880391e-06
9.087500000000000577e-01 4.718743639386957511e-06
9.122500000000000053e-01 6.798630238336045295e-06
9.157499999999999529e-01 5.791891908302204683e-06
9.192500000000000115e-01 1.032929321809206158e-05
9.227500000000000702e-01 5.170575605006888509e-06
9.262500000000000178e-01 4.848139724344946444e-06
9.297499999999999654e-01 7.092838586686411873e-06
9.332500000000000240e-01 5.993060767650604248e-06
9.367500000000000826e-01 4.850137884204741567e-06
9.402500000000000302e-01 5.722046807932201773e-06
9.437499999999999778e-01 7.480682597815757617e-06
9.472500000000000364e-01 3.885998921759892255e-06
9.507500000000000950e-01 5.553892151510808617e-06
9.542500000000000426e-01 7.837038538127671927e-06
9.577499999999999902e-01 5.575493105425266549e-06
9.612500000000000488e-01 5.431602858152473345e-06
9.647500000000001075e-01 4.882695520791457966e-06
9.682500000000000551e-01 6.960228347452357411e-06
9.717500000000000027e-01 4.640317001758376136e-06
9.752500000000000613e-01 3.560310688044410199e-06
9.787500000000000089e-01 4.751305368699831888e-06
9.822499999999999565e-01 8.336714927281718701e-06
9.857500000000000151e-01 4.886302576778689399e-06
9.892500000000000737e-01 5.659168436977779493e-06
9.927500000000000213e-01 4.227713361615315080e-06
9.962499999999999689e-01 5.492750005942070857e-06
9.997500000000000275e-01 4.925245320919202641e-06
1.003249999999999975e+00 4.159478521614801139e-06
1.006750000000000034e+00 4.288427135179517791e-06
1.010250000000000092e+00 3.102527898590778932e-06
1.013749999999999929e+00 5.386697466747136787e-06
1.017250000000000210e+00 4.482734311750391498e-06
1.020750000000000046e+00 4.041633928864030167e-06
1.024249999999999883e+00 5.398290795710636303e-06
1.027750000000000163e+00 3.562842948667821474e-06
1.031250000000000000e+00 5.326120572135550901e-06
1.034750000000000059e+00 3.938554527849191800e-06
1.038250000000000117e+00 2.052084937531617470e-06
1.041749999999999954e+00 4.680500296672107652e-06
1.045250000000000012e+00 4.392476512293796986e-06
1.048750000000000071e+00 4.672324848797870800e-06
1.052249999999999908e+00 4.445863851287867874e-06
1.055750000000000188e+00 4.599097337631974369e-06
1.059250000000000025e+00 3.330292884129448794e-06
1.062749999999999861e+00 3.833536538877524436e-06
1.066250000000000142e+00 2.454719151501194574e-06
1.069749999999999979e+00 2.574773361629922874e-06
1.073250000000000037e+00 2.559618906161631458e-06
1.076750000000000096e+00 3.814068804786074907e-06
1.080249999999999932e+00 2.680569878066307865e-06
1.083750000000000213e+00 3.481847443254082464e-06
1.087250000000000050e+00 1.477705268371209968e-06
1.090749999999999886e+00 3.269278977313661017e-06
1.094250000000000167e+00 2.725393414948484860e-06
1.097750000000000004e+00 2.202842551923822612e-06
1.101250000000000062e+00 2.073089035548036918e-06
1.104750000000000121e+00 3.214597882106318139e-06
1.108249999999999957e+00 1.985181143027148210e-06
1.111750000000000016e+00 2.327743686691974290e-06
1.115250000000000075e+00 4.463035111257340759e-06
1.118749999999999911e+00 3.691995971166761592e-06
1.122250000000000192e+00 5.069344297226052731e-06
1.125750000000000028e+00 9.586660780769307166e-07
1.129249999999999865e+00 2.101557811329257675e-06
1.132750000000000146e+00 2.440460093566798605e-06
1.136249999999999982e+00 8.902577519620535895e-07
1.139750000000000041e+00 1.004384330371976830e-06
1.143250000000000099e+00 1.550285901430470403e-06
1.146749999999999936e+00 1.933306293722125702e-06
1.150250000000000217e+00 4.930227532895514742e-06
1.153750000000000053e+00 2.367210299780708738e-06
1.157249999999999890e+00 1.843561221903655678e-06
1.160750000000000171e+00 2.532392272769357078e-06
1.164250000000000007e+00 2.353002855670638382e-06
1.167749999999999844e+00 2.065107537418953143e-06
1.171250000000000124e+00 1.237761466654774267e-06
1.174749999999999961e+00 1.634290356378187425e-06
1.178250000000000020e+00 1.191560613733599894e-06
1.181750000000000078e+00 2.017861106651253067e-06
1.185249999999999915e+00 2.044358325292705558e-06
1.188750000000000195e+00 2.866318482119822875e-06
1.192250000000000032e+00 6.926594551259768195e-07
1.195749999999999869e+00 1.307782440562732518e-06
1.199250000000000149e+00 1.016991632241115440e-06
1.202749999999999986e+00 2.066656406896072440e-06
1.206250000000000044e+00 3.426541070439270698e-06
1.209750000000000103e+00 1.507328079242142849e-06
1.213249999999999940e+00 2.426675564493052661e-06
1.216750000000000220e+00 1.515840949650737457e-06
1.220250000000000057e+00 1.593802608113037422e-06
1.223749999999999893e+00 2.298406570844235830e-06
1.227250000000000174e+00 2.175032932427711785e-06
1.230750000000000011e+00 7.532633503615215886e-07
1.234249999999999847e+00 2.502507641111151315e-06
1.237750000000000128e+00 8.753858651289192494e-07
1.241249999999999964e+00 2.441018523313687183e-06
1.244750000000000023e+00 1.721305579849286005e-06
1.248250000000000082e+00 1.432810222468106076e-06
1.251749999999999918e+00 2.387684162385994568e-06
1.255250000000000199e+00 1.156142275249294471e-06
1.258750000000000036e+00 4.882936650574265514e-07
1.262249999999999872e+00 2.641822675286675803e-06
1.265750000000000153e+00 1.245530143023643177e-06
1.269249999999999989e+00 1.186100234917830676e-06
1.272750000000000048e+00 1.500653070252155885e-06
1.276250000000000107e+00 2.291971668455516919e-06
1.279749999999999943e+00 1.217140948028827552e-06
1.283250000000000224e+00 1.133036448663915507e-06
1.286750000000000060e+00 2.686571633603307419e-06
1.290249999999999897e+00 1.358119106953381561e-06
1.293750000000000178e+00 2.074991698464145884e-06
1.297250000000000014e+00 1.095822085517283995e-06
1.300749999999999851e+00 2.464697217874345370e-06
1.304250000000000131e+00 1.773891085576906335e-06
1.307749999999999968e+00 1.760339159773138817e-06
1.311250000000000027e+00 2.877286760849528946e-06
1.314750000000000085e+00 1.627224861522336141e-07
1.318249999999999922e+00 2.699236347325495444e-06
1.321750000000000203e+00 1.146766749116068240e-06
1.325250000000000039e+00 2.389175051575875841e-06
1.328749999999999876e+00 1.729717382659146097e-06
1.332250000000000156e+00 2.587101107565104030e-06
1.335749999999999993e+00 1.269229642275604419e-06
1.339250000000000052e+00 2.292301132911234163e-06
1.342750000000000110e+00 1.557103587401797995e-06
1.346249999999999947e+00 2.486408220647717826e-06
1.349750000000000227e+00 1.391177647747099400e-06
1.353250000000000064e+00 2.921808118117041886e-06
1.356749999999999901e+00 3.289196229161461815e-06
1.360250000000000181e+00 4.330376214056741446e-06
1.363750000000000018e+00 3.319434426884981804e-06
1.367249999999999854e+00 2.916755420301342383e-06
1.370750000000000135e+00 1.517582973065145779e-06
1.374249999999999972e+00 2.724881369431386702e-06
1.377750000000000030e+00 2.090181169478455558e-06
1.381250000000000089e+00 3.184226670782663859e-06
1.384749999999999925e+00 2.076561258945730515e-06
1.388250000000000206e+00 1.732081955196917988e-06
1.391750000000000043e+00 1.537062303214042913e-06
1.395249999999999879e+00 3.684083822008688003e-06
1.398750000000000160e+00 4.816532964468933642e-06
1.402249999999999996e+00 2.031670646829297766e-06
1.405750000000000055e+00 9.371923397338832729e-07
1.409250000000000114e+00 5.674847216141643003e-06
1.412749999999999950e+00 2.351451485083089210e-06
1.416250000000000231e+00 2.522765498724766076e-06
1.419750000000000068e+00 4.612259090208681300e-06
1.423249999999999904e+00 1.168252879324427340e-06
1.426750000000000185e+00 1.798347739168093540e-06
1.430250000000000021e+00 2.294904334121383727e-06
1.433749999999999858e+00 2.993615680679795332e-06
1.437250000000000139e+00 2.552957766965846531e-06
1.440749999999999975e+00 3.584636260711704381e-06
1.444250000000000034e+00 4.992426511307712644e-06
1.447750000000000092e+00 3.073167590628145263e-06
1.451249999999999929e+00 3.288031166448490694e-06
1.454750000000000210e+00 2.335552380827721208e-06
1.458250000000000046e+00 2.651572003742330708e-06
1.461749999999999883e+00 2.463537839503260329e-06
1.465250000000000163e+00 3.405104507692158222e-06
1.468750000000000000e+00 3.289459527877625078e-06
1.472250000000000059e+00 4.359481408755527809e-06
1.475750000000000117e+00 2.846744337148265913e-06
1.479249999999999954e+00 5.158287422091234475e-06
1.482750000000000012e+00 2.346054543522768654e-06
1.486250000000000071e+00 2.276355189678724855e-06
1.489749999999999908e+00 5.372064606490312144e-06
1.493250000000000188e+00 2.082067567243939266e-06
1.496750000000000025e+00 4.595422524289460853e-06
1.500250000000000083e+00 4.423833615874173120e-06
1.503750000000000142e+00 2.371681603108299896e-06
1.507249999999999979e+00 4.429196451383177191e-06
1.510750000000000037e+00 4.050666120747337118e-06
1.514250000000000096e+00 2.671036554602324031e-06
1.517749999999999932e+00 2.205558985224342905e-06
1.521249999999999991e+00 7.264530268002999946e-06
1.524750000000000050e+00 2.526359821786172688e-06
1.528250000000000108e+00 6.364388809743104503e-06
1.531750000000000167e+00 4.497343525144970044e-06
1.535250000000000004e+00 8.432368758803931996e-07
1.538750000000000062e+00 0.000000000000000000e+00
1.542250000000000121e+00 6.373791620717383921e-06
1.545749999999999957e+00 2.732191887844237499e-06
1.549250000000000016e+00 3.724526550286100246e-06
1.552750000000000075e+00 4.852944130107061937e-06
1.556249999999999911e+00 5.585762664850335568e-06
1.559749999999999970e+00 1.023530558086349629e-06
1.563250000000000028e+00 3.875397396768676117e-06
1.566750000000000087e+00 1.927582388816517778e-06
1.570250000000000146e+00 4.165476639172993600e-06
1.573749999999999982e+00 3.123619762845919468e-06
1.577250000000000041e+00 3.900675892509752885e-06
1.580750000000000099e+00 2.147586656064959243e-06
1.584249999999999936e+00 2.096111302307690494e-06
1.587749999999999995e+00 3.216516915927059017e-06
1.591250000000000053e+00 4.668107067118398845e-06
1.594750000000000112e+00 3.422449935897020623e-06
1.598250000000000171e+00 2.416845518382615410e-06
1.601750000000000007e+00 1.124072923630592413e-06
1.605250000000000066e+00 0.000000000000000000e+00
1.608750000000000124e+00 3.661335540527943522e-06
1.612249999999999961e+00 5.656619578076060861e-06
1.615750000000000020e+00 1.291877993025991600e-06
1.619250000000000078e+00 2.457542223055497743e-06
1.622749999999999915e+00 3.774202241402235813e-06
1.626249999999999973e+00 2.588730012575979345e-06
1.629750000000000032e+00 2.575007783889304847e-06
1.633250000000000091e+00 0.000000000000000000e+00
1.636750000000000149e+00 3.862730409309733659e-06
1.640249999999999986e+00 3.944417130696820095e-06
1.643750000000000044e+00 1.327723339272779413e-06
1.647250000000000103e+00 3.520253585520549677e-06
1.650749999999999940e+00 1.158816530733020045e-06
1.654249999999999998e+00 2.799211415549507365e-06
1.657750000000000057e+00 1.407254899277177174e-06
1.661250000000000115e+00 1.482047650824824814e-06
1.664750000000000174e+00 1.401011786583694629e-06
1.668250000000000011e+00 5.772316399088595062e-06
1.671750000000000069e+00 0.000000000000000000e+00
1.675250000000000128e+00 2.764509417829685844e-06
1.678749999999999964e+00 0.000000000000000000e+00
1.682250000000000023e+00 1.570604354128590785e-06
1.685750000000000082e+00 0.000000000000000000e+00
1.689249999999999918e+00 4.733746209240052849e-06
1.692749999999999977e+00 4.564499249681830406e-06
1.696250000000000036e+00 1.640412733650009613e-06
1.699750000000000094e+00 5.872673227713676170e-06
1.703250000000000153e+00 4.946215085510630161e-06
1.706749999999999989e+00 3.383610192031483166e-06
1.710250000000000048e+00 3.341667024869821034e-06
1.713750000000000107e+00 1.738901460157649126e-06
1.717249999999999943e+00 3.298590172562398948e-06
1.720750000000000002e+00 3.422626150495489128e-06
1.724250000000000060e+00 1.695914988886215724e-06
1.727750000000000119e+00 0.000000000000000000e+00
1.731250000000000178e+00 4.933777290716534480e-06
1.734750000000000014e+00 0.000000000000000000e+00
1.738250000000000073e+00 1.769030291143280920e-06
1.741750000000000131e+00 7.100687980710063130e-06
1.745249999999999968e+00 2.614837967485073023e-06
1.748750000000000027e+00 1.768341462593525648e-06
1.752250000000000085e+00 0.000000000000000000e+00
1.755749999999999922e+00 3.776923449549940415e-06
1.759249999999999980e+00 0.000000000000000000e+00
1.762750000000000039e+00 1.800201289370306768e-06
1.766250000000000098e+00 0.000000000000000000e+00
1.769750000000000156e+00 5.849170520377811044e-06
1.773249999999999993e+00 1.982633420993806794e-06
1.776750000000000052e+00 1.974038241314701736e-06
1.780250000000000110e+00 0.000000000000000000e+00
1.783749999999999947e+00 4.125987743464065716e-06
1.787250000000000005e+00 2.086840822812519036e-06
1.790750000000000064e+00 0.000000000000000000e+00
1.794250000000000123e+00 2.114835524480440654e-06
1.797750000000000181e+00 0.000000000000000000e+00
1.801250000000000018e+00 0.000000000000000000e+00
1.804750000000000076e+00 0.000000000000000000e+00
1.808250000000000135e+00 4.362986601336160675e-06
1.811749999999999972e+00 0.000000000000000000e+00
1.815250000000000030e+00 0.000000000000000000e+00
1.818750000000000089e+00 2.278355623275274411e-06
1.822249999999999925e+00 2.249820227007148787e-06
1.825749999999999984e+00 0.000000000000000000e+00
1.829250000000000043e+00 2.089763938784017228e-06
1.832750000000000101e+00 2.196238710894249380e-06
1.836250000000000160e+00 0.000000000000000000e+00
1.839749999999999996e+00 0.000000000000000000e+00
1.843250000000000055e+00 6.747727638867218047e-06
1.846750000000000114e+00 0.000000000000000000e+00
1.850249999999999950e+00 2.354974185436731204e-06
1.853750000000000009e+00 0.000000000000000000e+00
1.857250000000000068e+00 0.000000000000000000e+00
1.860750000000000126e+00 4.840479505219263956e-06
1.864250000000000185e+00 0.000000000000000000e+00
1.867750000000000021e+00 0.000000000000000000e+00
1.871250000000000080e+00 2.485082632119883783e-06
1.874750000000000139e+00 0.000000000000000000e+00
1.878249999999999975e+00 2.204034899477846920e-06
1.881750000000000034e+00 2.581656190159264952e-06
1.885250000000000092e+00 0.000000000000000000e+00
1.888749999999999929e+00 0.000000000000000000e+00
1.892249999999999988e+00 0.000000000000000000e+00
1.895750000000000046e+00 0.000000000000000000e+00
1.899250000000000105e+00 0.000000000000000000e+00
1.902750000000000163e+00 0.000000000000000000e+00
1.906250000000000000e+00 0.000000000000000000e+00
1.909750000000000059e+00 0.000000000000000000e+00
1.913250000000000117e+00 0.000000000000000000e+00
1.916749999999999954e+00 2.817293989210156724e-06
1.920250000000000012e+00 0.000000000000000000e+00
1.923750000000000071e+00 0.000000000000000000e+00
1.927250000000000130e+00 0.000000000000000000e+00
1.930750000000000188e+00 0.000000000000000000e+00
1.934250000000000025e+00 0.000000000000000000e+00
1.937750000000000083e+00 0.000000000000000000e+00
1.941250000000000142e+00 0.000000000000000000e+00
1.944749999999999979e+00 0.000000000000000000e+00
1.948250000000000037e+00 3.035785994143225253e-06
1.951750000000000096e+00 0.000000000000000000e+00
1.955249999999999932e+00 0.000000000000000000e+00
1.958749999999999991e+00 0.000000000000000000e+00
1.962250000000000050e+00 2.954441015390329994e-06
1.965750000000000108e+00 0.000000000000000000e+00
1.969250000000000167e+00 3.117970209132181481e-06
1.972750000000000004e+00 0.000000000000000000e+00
1.976250000000000062e+00 0.000000000000000000e+00
1.979750000000000121e+00 0.000000000000000000e+00
1.983249999999999957e+00 0.000000000000000000e+00
1.986750000000000016e+00 0.000000000000000000e+00
1.990250000000000075e+00 3.005353846674552187e-06
1.993750000000000133e+00 3.048348389711463824e-06
1.997250000000000192e+00 0.000000000000000000e+00
2.000750000000000028e+00 0.000000000000000000e+00
2.004249999999999865e+00 0.000000000000000000e+00
2.007750000000000146e+00 0.000000000000000000e+00
2.011249999999999982e+00 0.000000000000000000e+00
2.014750000000000263e+00 0.000000000000000000e+00
2.018250000000000099e+00 0.000000000000000000e+00
2.021749999999999936e+00 0.000000000000000000e+00
2.025249999999999773e+00 6.980647413001861423e-06
2.028750000000000053e+00 0.000000000000000000e+00
2.032250000000000334e+00 0.000000000000000000e+00
2.035750000000000171e+00 0.000000000000000000e+00
2.039250000000000007e+00 7.106660177669255063e-06
2.042749999999999844e+00 0.000000000000000000e+00
2.046250000000000124e+00 0.000000000000000000e+00
2.049749999999999961e+00 0.000000000000000000e+00
2.053250000000000242e+00 0.000000000000000000e+00
2.056750000000000078e+00 0.000000000000000000e+00
2.060249999999999915e+00 0.000000000000000000e+00
2.063749999999999751e+00 0.000000000000000000e+00
2.067250000000000032e+00 0.000000000000000000e+00
2.070750000000000313e+00 0.000000000000000000e+00
2.074250000000000149e+00 3.839118562609655783e-06
2.077749999999999986e+00 3.919265054719289765e-06
2.081249999999999822e+00 0.000000000000000000e+00
2.084750000000000103e+00 0.000000000000000000e+00
2.088249999999999940e+00 3.958709385187830776e-06
2.091750000000000220e+00 0.000000000000000000e+00
2.095250000000000057e+00 0.000000000000000000e+00
2.098749999999999893e+00 0.000000000000000000e+00
2.102250000000000174e+00 4.041964530188124627e-06
2.105750000000000011e+00 0.000000000000000000e+00
2.109250000000000291e+00 0.000000000000000000e+00
2.112750000000000128e+00 0.000000000000000000e+00
2.116249999999999964e+00 0.000000000000000000e+00
2.119749999999999801e+00 0.000000000000000000e+00
2.123250000000000082e+00 0.000000000000000000e+00
2.126749999999999918e+00 0.000000000000000000e+00
2.130250000000000199e+00 0.000000000000000000e+00
2.133750000000000036e+00 0.000000000000000000e+00
2.137249999999999872e+00 0.000000000000000000e+00
2.140750000000000153e+00 0.000000000000000000e+00
2.144249999999999989e+00 0.000000000000000000e+00
2.147750000000000270e+00 4.459588126337621361e-06
2.151250000000000107e+00 0.000000000000000000e+00
2.154749999999999943e+00 0.000000000000000000e+00
2.158249999999999780e+00 0.000000000000000000e+00
2.161750000000000060e+00 0.000000000000000000e+00
2.165250000000000341e+00 0.000000000000000000e+00
2.168750000000000178e+00 0.000000000000000000e+00
2.172250000000000014e+00 0.000000000000000000e+00
2.175749999999999851e+00 0.000000000000000000e+00
2.179250000000000131e+00 0.000000000000000000e+00
2.182749999999999968e+00 0.000000000000000000e+00
2.186250000000000249e+00 0.000000000000000000e+00
2.189750000000000085e+00 4.779901701112976298e-06
2.193249999999999922e+00 0.000000000000000000e+00
2.196749999999999758e+00 0.000000000000000000e+00
2.200250000000000039e+00 0.000000000000000000e+00
2.203750000000000320e+00 4.900718522549141198e-06
2.207250000000000156e+00 0.000000000000000000e+00
2.210749999999999993e+00 0.000000000000000000e+00
2.214249999999999829e+00 0.000000000000000000e+00
2.217750000000000110e+00 0.000000000000000000e+00
2.221249999999999947e+00 0.000000000000000000e+00
2.224750000000000227e+00 0.000000000000000000e+00
2.228250000000000064e+00 0.000000000000000000e+00
2.231749999999999901e+00 0.000000000000000000e+00
2.235250000000000181e+00 0.000000000000000000e+00
2.238750000000000018e+00 0.000000000000000000e+00
2.242250000000000298e+00 0.000000000000000000e+00
2.245750000000000135e+00 0.000000000000000000e+00
2.249249999999999972e+00 0.000000000000000000e+00
2.252749999999999808e+00 0.000000000000000000e+00
2.256250000000000089e+00 0.000000000000000000e+00
2.259749999999999925e+00 0.000000000000000000e+00
2.263250000000000206e+00 0.000000000000000000e+00
2.266750000000000043e+00 0.000000000000000000e+00
2.270249999999999879e+00 0.000000000000000000e+00
2.273750000000000160e+00 0.000000000000000000e+00
2.277249999999999996e+00 0.000000000000000000e+00
2.280750000000000277e+00 0.000000000000000000e+00
2.284250000000000114e+00 0.000000000000000000e+00
2.287749999999999950e+00 0.000000000000000000e+00
2.291249999999999787e+00 0.000000000000000000e+00
2.294750000000000068e+00 0.000000000000000000e+00
2.298250000000000348e+00 0.000000000000000000e+00
2.301750000000000185e+00 0.000000000000000000e+00
2.305250000000000021e+00 0.000000000000000000e+00
2.308749999999999858e+00 0.000000000000000000e+00
2.312250000000000139e+00 0.000000000000000000e+00
2.315749999999999975e+00 0.000000000000000000e+00
2.319250000000000256e+00 0.000000000000000000e+00
2.322750000000000092e+00 0.000000000000000000e+00
2.326249999999999929e+00 0.000000000000000000e+00
2.329749999999999766e+00 0.000000000000000000e+00
2.333250000000000046e+00 0.000000000000000000e+00
2.336750000000000327e+00 0.000000000000000000e+00
2.340250000000000163e+00 0.000000000000000000e+00
2.343750000000000000e+00 0.000000000000000000e+00
2.347249999999999837e+00 0.000000000000000000e+00
2.350750000000000117e+00 0.000000000000000000e+00
2.354249999999999954e+00 0.000000000000000000e+00
2.357750000000000234e+00 0.000000000000000000e+00
2.361250000000000071e+00 6.256568667595274746e-06
2.364749999999999908e+00 0.000000000000000000e+00
2.368250000000000188e+00 0.000000000000000000e+00
2.371750000000000025e+00 0.000000000000000000e+00
2.375250000000000306e+00 0.000000000000000000e+00
2.378750000000000142e+00 0.000000000000000000e+00
2.382249999999999979e+00 0.000000000000000000e+00
2.385749999999999815e+00 0.000000000000000000e+00
2.389250000000000096e+00 0.000000000000000000e+00
2.392749999999999932e+00 0.000000000000000000e+00
2.396250000000000213e+00 0.000000000000000000e+00
2.399750000000000050e+00 0.000000000000000000e+00
2.403249999999999886e+00 0.000000000000000000e+00
2.406750000000000167e+00 0.000000000000000000e+00
2.410250000000000004e+00 0.000000000000000000e+00
2.413750000000000284e+00 0.000000000000000000e+00
2.417250000000000121e+00 0.000000000000000000e+00
2.420749999999999957e+00 0.000000000000000000e+00
2.424249999999999794e+00 0.000000000000000000e+00
2.427750000000000075e+00 0.000000000000000000e+00
2.431250000000000355e+00 0.000000000000000000e+00
2.434750000000000192e+00 0.000000000000000000e+00
2.438250000000000028e+00 0.000000000000000000e+00
2.441749999999999865e+00 0.000000000000000000e+00
2.445250000000000146e+00 0.000000000000000000e+00
2.448749999999999982e+00 0.000000000000000000e+00
2.452250000000000263e+00 0.000000000000000000e+00
2.455750000000000099e+00 0.000000000000000000e+00
2.459249999999999936e+00 0.000000000000000000e+00
2.462749999999999773e+00 0.000000000000000000e+00
2.466250000000000053e+00 0.000000000000000000e+00
2.469750000000000334e+00 0.000000000000000000e+00
2.473250000000000171e+00 0.000000000000000000e+00
2.476750000000000007e+00 0.000000000000000000e+00
2.480249999999999844e+00 0.000000000000000000e+00
2.483750000000000124e+00 0.000000000000000000e+00
2.487249999999999961e+00 0.000000000000000000e+00
2.490750000000000242e+00 0.000000000000000000e+00
2.494250000000000078e+00 0.000000000000000000e+00
2.497749999999999915e+00 0.000000000000000000e+00
2.501250000000000195e+00 0.000000000000000000e+00
2.504750000000000032e+00 0.000000000000000000e+00
2.508250000000000313e+00 0.000000000000000000e+00
2.511750000000000149e+00 0.000000000000000000e+00
2.515249999999999986e+00 0.000000000000000000e+00
2.518749999999999822e+00 0.000000000000000000e+00
2.522250000000000103e+00 0.000000000000000000e+00
2.525749999999999940e+00 0.000000000000000000e+00
2.529250000000000220e+00 0.000000000000000000e+00
2.532750000000000057e+00 0.000000000000000000e+00
2.536249999999999893e+00 0.000000000000000000e+00
2.539750000000000174e+00 0.000000000000000000e+00
2.543250000000000011e+00 0.000000000000000000e+00
2.546750000000000291e+00 0.000000000000000000e+00
2.550250000000000128e+00 0.000000000000000000e+00
2.553749999999999964e+00 0.000000000000000000e+00
2.557249999999999801e+00 0.000000000000000000e+00
2.560750000000000082e+00 0.000000000000000000e+00
2.564250000000000362e+00 0.000000000000000000e+00
2.567750000000000199e+00 0.000000000000000000e+00
2.571250000000000036e+00 0.000000000000000000e+00
2.574749999999999872e+00 0.000000000000000000e+00
2.578250000000000153e+00 0.000000000000000000e+00
2.581749999999999989e+00 0.000000000000000000e+00
2.585250000000000270e+00 0.000000000000000000e+00
2.588750000000000107e+00 0.000000000000000000e+00
2.592249999999999943e+00 0.000000000000000000e+00
2.595749999999999780e+00 0.000000000000000000e+00
2.599250000000000060e+00 0.000000000000000000e+00
2.602750000000000341e+00 0.000000000000000000e+00
2.606250000000000178e+00 0.000000000000000000e+00
2.609750000000000014e+00 0.000000000000000000e+00
2.613249999999999851e+00 0.000000000000000000e+00
2.616750000000000131e+00 0.000000000000000000e+00
2.620249999999999968e+00 0.000000000000000000e+00
2.623750000000000249e+00 0.000000000000000000e+00
2.627250000000000085e+00 0.000000000000000000e+00
2.630749999999999922e+00 0.000000000000000000e+00
2.634250000000000203e+00 0.000000000000000000e+00
2.637750000000000039e+00 0.000000000000000000e+00
2.641250000000000320e+00 0.000000000000000000e+00
2.644750000000000156e+00 0.000000000000000000e+00
2.648249999999999993e+00 0.000000000000000000e+00
2.651749999999999829e+00 0.000000000000000000e+00
2.655250000000000110e+00 0.000000000000000000e+00
2.658749999999999947e+00 0.000000000000000000e+00
2.662250000000000227e+00 0.000000000000000000e+00
2.665750000000000064e+00 0.000000000000000000e+00
2.669249999999999901e+00 0.000000000000000000e+00
2.672750000000000181e+00 0.000000000000000000e+00
2.676250000000000018e+00 0.000000000000000000e+00
2.679750000000000298e+00 0.000000000000000000e+00
2.683250000000000135e+00 0.000000000000000000e+00
2.686749999999999972e+00 0.000000000000000000e+00
2.690249999999999808e+00 0.000000000000000000e+00
2.693750000000000089e+00 0.000000000000000000e+00
2.697250000000000369e+00 0.000000000000000000e+00
2.700750000000000206e+00 0.000000000000000000e+00
2.704250000000000043e+00 0.000000000000000000e+00
2.707749999999999879e+00 0.000000000000000000e+00
2.711250000000000160e+00 0.000000000000000000e+00
2.714749999999999996e+00 0.000000000000000000e+00
2.718250000000000277e+00 0.000000000000000000e+00
2.721750000000000114e+00 0.000000000000000000e+00
2.725249999999999950e+00 0.000000000000000000e+00
2.728749999999999787e+00 0.000000000000000000e+00
2.732250000000000068e+00 0.000000000000000000e+00
2.735750000000000348e+00 0.000000000000000000e+00
2.739250000000000185e+00 0.000000000000000000e+00
2.742750000000000021e+00 0.000000000000000000e+00
2.746249999999999858e+00 0.000000000000000000e+00
2.749750000000000139e+00 0.000000000000000000e+00
2.753249999999999975e+00 0.000000000000000000e+00
2.756750000000000256e+00 0.000000000000000000e+00
2.760250000000000092e+00 0.000000000000000000e+00
2.763749999999999929e+00 0.000000000000000000e+00
2.767249999999999766e+00 0.000000000000000000e+00
2.770750000000000046e+00 0.000000000000000000e+00
2.774250000000000327e+00 0.000000000000000000e+00
2.777750000000000163e+00 0.000000000000000000e+00
2.781250000000000000e+00 0.000000000000000000e+00
2.784749999999999837e+00 0.000000000000000000e+00
2.788250000000000117e+00 0.000000000000000000e+00
2.791749999999999954e+00 0.000000000000000000e+00
2.795250000000000234e+00 0.000000000000000000e+00
2.798750000000000071e+00 0.000000000000000000e+00
2.802249999999999908e+00 0.000000000000000000e+00
2.805750000000000188e+00 0.000000000000000000e+00
2.809250000000000025e+00 0.000000000000000000e+00
2.812750000000000306e+00 0.000000000000000000e+00
2.816250000000000142e+00 0.000000000000000000e+00
2.819749999999999979e+00 0.000000000000000000e+00
2.823249999999999815e+00 0.000000000000000000e+00
2.826750000000000096e+00 0.000000000000000000e+00
2.830249999999999932e+00 0.000000000000000000e+00
2.833750000000000213e+00 0.000000000000000000e+00
2.837250000000000050e+00 0.000000000000000000e+00
2.840749999999999886e+00 0.000000000000000000e+00
2.844250000000000167e+00 0.000000000000000000e+00
2.847750000000000004e+00 0.000000000000000000e+00
2.851250000000000284e+00 0.000000000000000000e+00
2.854750000000000121e+00 0.000000000000000000e+00
2.858249999999999957e+00 0.000000000000000000e+00
2.861749999999999794e+00 0.000000000000000000e+00
2.865250000000000075e+00 0.000000000000000000e+00
2.868750000000000355e+00 0.000000000000000000e+00
2.872250000000000192e+00 0.000000000000000000e+00
2.875750000000000028e+00 0.000000000000000000e+00
2.879249999999999865e+00 0.000000000000000000e+00
2.882750000000000146e+00 0.000000000000000000e+00
2.886249999999999982e+00 0.000000000000000000e+00
2.889750000000000263e+00 0.000000000000000000e+00
2.893250000000000099e+00 0.000000000000000000e+00
2.896749999999999936e+00 0.000000000000000000e+00
2.900249999999999773e+00 0.000000000000000000e+00
2.903750000000000053e+00 0.000000000000000000e+00
2.907250000000000334e+00 0.000000000000000000e+00
2.910750000000000171e+00 0.000000000000000000e+00
2.914250000000000007e+00 0.000000000000000000e+00
2.917749999999999844e+00 0.000000000000000000e+00
2.921250000000000124e+00 0.000000000000000000e+00
2.924749999999999961e+00 0.000000000000000000e+00
2.928250000000000242e+00 0.000000000000000000e+00
2.931750000000000078e+00 0.000000000000000000e+00
2.935249999999999915e+00 0.000000000000000000e+00
2.938750000000000195e+00 0.000000000000000000e+00
2.942250000000000032e+00 0.000000000000000000e+00
2.945750000000000313e+00 0.000000000000000000e+00
2.949250000000000149e+00 0.000000000000000000e+00
2.952749999999999986e+00 0.000000000000000000e+00
2.956249999999999822e+00 0.000000000000000000e+00
2.959750000000000103e+00 0.000000000000000000e+00
2.963249999999999940e+00 0.000000000000000000e+00
2.966750000000000220e+00 0.000000000000000000e+00
2.970250000000000057e+00 0.000000000000000000e+00
2.973749999999999893e+00 0.000000000000000000e+00
2.977250000000000174e+00 0.000000000000000000e+00
2.980750000000000011e+00 0.000000000000000000e+00
2.984250000000000291e+00 0.000000000000000000e+00
2.987750000000000128e+00 0.000000000000000000e+00
2.991249999999999964e+00 0.000000000000000000e+00
2.994749999999999801e+00 0.000000000000000000e+00
2.998250000000000082e+00 0.000000000000000000e+00
