-4.982499999999999707e-01 0.000000000000000000e+00
-4.947500000000000231e-01 0.000000000000000000e+00
-4.912499999999999645e-01 0.000000000000000000e+00
-4.877500000000000169e-01 0.000000000000000000e+00
-4.842499999999999583e-01 0.000000000000000000e+00
-4.807500000000000107e-01 0.000000000000000000e+00
-4.772499999999999520e-01 0.000000000000000000e+00
-4.737500000000000044e-01 0.000000000000000000e+00
-4.702500000000000013e-01 0.000000000000000000e+00
-4.667499999999999982e-01 0.000000000000000000e+00
-4.632499999999999951e-01 0.000000000000000000e+00
-4.597499999999999920e-01 0.000000000000000000e+00
-4.562500000000000444e-01 0.000000000000000000e+00
-4.527499999999999858e-01 0.000000000000000000e+00
-4.492500000000000382e-01 0.000000000000000000e+00
-4.457499999999999796e-01 0.000000000000000000e+00
-4.422500000000000320e-01 0.000000000000000000e+00
-4.387499999999999734e-01 0.000000000000000000e+00
-4.352500000000000258e-01 0.000000000000000000e+00
-4.317499999999999671e-01 0.000000000000000000e+00
-4.282500000000000195e-01 0.000000000000000000e+00
-4.247499999999999609e-01 0.000000000000000000e+00
-4.212500000000000133e-01 0.000000000000000000e+00
-4.177499999999999547e-01 0.000000000000000000e+00
-4.142500000000000071e-01 0.000000000000000000e+00
-4.107500000000000040e-01 0.000000000000000000e+00
-4.072500000000000009e-01 0.000000000000000000e+00
-4.037499999999999978e-01 0.000000000000000000e+00
-4.002499999999999947e-01 0.000000000000000000e+00
-3.967499999999999916e-01 0.000000000000000000e+00
-3.932499999999999885e-01 0.000000000000000000e+00
-3.897500000000000409e-01 0.000000000000000000e+00
-3.862499999999999822e-01 0.000000000000000000e+00
-3.827500000000000346e-01 0.000000000000000000e+00
-3.792499999999999760e-01 0.000000000000000000e+00
-3.757500000000000284e-01 0.000000000000000000e+00
-3.722499999999999698e-01 0.000000000000000000e+00
-3.687500000000000222e-01 0.000000000000000000e+00
-3.652499999999999636e-01 0.000000000000000000e+00
-3.617500000000000160e-01 0.000000000000000000e+00
-3.582499999999999574e-01 0.000000000000000000e+00
-3.547500000000000098e-01 0.000000000000000000e+00
-3.512500000000000067e-01 0.000000000000000000e+00
-3.477500000000000036e-01 0.000000000000000000e+00
-3.442500000000000004e-01 0.000000000000000000e+00
-3.407499999999999973e-01 0.000000000000000000e+00
-3.372499999999999942e-01 0.000000000000000000e+00
-3.337499999999999911e-01 0.000000000000000000e+00
-3.302499999999999880e-01 0.000000000000000000e+00
-3.267499999999999849e-01 0.000000000000000000e+00
-3.232499999999999818e-01 0.000000000000000000e+00
-3.197499999999999787e-01 0.000000000000000000e+00
-3.162500000000000311e-01 0.000000000000000000e+00
-3.127499999999999725e-01 0.000000000000000000e+00
-3.092500000000000249e-01 0.000000000000000000e+00
-3.057499999999999662e-01 0.000000000000000000e+00
-3.022500000000000187e-01 0.000000000000000000e+00
-2.987499999999999600e-01 0.000000000000000000e+00
-2.952500000000000124e-01 0.000000000000000000e+00
-2.917500000000000093e-01 0.000000000000000000e+00
-2.882500000000000062e-01 0.000000000000000000e+00
-2.847500000000000031e-01 0.000000000000000000e+00
-2.812500000000000000e-01 0.000000000000000000e+00
-2.777499999999999969e-01 0.000000000000000000e+00
-2.742499999999999938e-01 0.000000000000000000e+00
-2.707499999999999907e-01 0.000000000000000000e+00
-2.672499999999999876e-01 0.000000000000000000e+00
-2.637499999999999845e-01 0.000000000000000000e+00
-2.602499999999999813e-01 0.000000000000000000e+00
-2.567500000000000338e-01 0.000000000000000000e+00
-2.532499999999999751e-01 0.000000000000000000e+00
-2.497499999999999998e-01 0.000000000000000000e+00
-2.462499999999999967e-01 0.000000000000000000e+00
-2.427499999999999936e-01 0.000000000000000000e+00
-2.392499999999999905e-01 0.000000000000000000e+00
-2.357499999999999873e-01 0.000000000000000000e+00
-2.322499999999999842e-01 0.000000000000000000e+00
-2.287499999999999811e-01 0.000000000000000000e+00
-2.252499999999999780e-01 0.000000000000000000e+00
-2.217499999999999749e-01 0.000000000000000000e+00
-2.182499999999999718e-01 0.000000000000000000e+00
-2.147499999999999687e-01 0.000000000000000000e+00
-2.112499999999999933e-01 0.000000000000000000e+00
-2.077500000000000180e-01 0.000000000000000000e+00
-2.042500000000000149e-01 0.000000000000000000e+00
-2.007500000000000118e-01 0.000000000000000000e+00
-1.972500000000000087e-01 0.000000000000000000e+00
-1.937500000000000056e-01 0.000000000000000000e+00
-1.902500000000000024e-01 0.000000000000000000e+00
-1.867499999999999993e-01 0.000000000000000000e+00
-1.832499999999999962e-01 0.000000000000000000e+00
-1.797499999999999931e-01 0.000000000000000000e+00
-1.762499999999999900e-01 0.000000000000000000e+00
-1.727499999999999869e-01 0.000000000000000000e+00
-1.692499999999999838e-01 0.000000000000000000e+00
-1.657499999999999807e-01 4.582494057103758678e-06
-1.622499999999999776e-01 0.000000000000000000e+00
-1.587499999999999745e-01 1.358959161734674126e-05
-1.552499999999999714e-01 4.977213029633276165e-05
-1.517499999999999682e-01 8.554671512683853507e-05
-1.482499999999999929e-01 1.565798011142760515e-04
-1.447500000000000175e-01 4.805477219633758068e-04
-1.412500000000000144e-01 8.536948007531464100e-04
-1.377500000000000113e-01 1.986908726394176483e-03
-1.342500000000000082e-01 4.186663776636123657e-03
-1.307500000000000051e-01 7.810964714735746384e-03
-1.272500000000000020e-01 1.571409218013286591e-02
-1.237499999999999989e-01 2.940576151013374329e-02
-1.202499999999999958e-01 5.221633240580558777e-02
-1.167499999999999927e-01 8.986169099807739258e-02
-1.132499999999999896e-01 1.474245339632034302e-01
-1.097499999999999865e-01 2.320625185966491699e-01
-1.062499999999999833e-01 3.564455509185791016e-01
-1.027499999999999802e-01 5.288599133491516113e-01
-9.924999999999997713e-02 7.560092806816101074e-01
-9.574999999999997402e-02 1.045412421226501465e+00
-9.224999999999997091e-02 1.407467722892761230e+00
-8.874999999999996780e-02 1.833169341087341309e+00
-8.524999999999999245e-02 2.333892822265625000e+00
-8.175000000000001710e-02 2.895553350448608398e+00
-7.825000000000001399e-02 3.512588739395141602e+00
-7.475000000000001088e-02 4.164183139801025391e+00
-7.125000000000000777e-02 4.836534976959228516e+00
-6.775000000000000466e-02 5.509383201599121094e+00
-6.425000000000000155e-02 6.165172100067138672e+00
-6.074999999999999845e-02 6.798336029052734375e+00
-5.724999999999999534e-02 7.367376804351806641e+00
-5.374999999999999223e-02 7.885385513305664062e+00
-5.024999999999998912e-02 8.341721534729003906e+00
-4.674999999999998601e-02 8.688575744628906250e+00
-4.324999999999998290e-02 8.972659111022949219e+00
-3.974999999999997979e-02 9.169827461242675781e+00
-3.624999999999997669e-02 9.271485328674316406e+00
-3.274999999999997358e-02 9.305430412292480469e+00
-2.924999999999997047e-02 9.273176193237304688e+00
-2.574999999999996736e-02 9.142951965332031250e+00
-2.224999999999996425e-02 8.972436904907226562e+00
-1.874999999999998890e-02 8.752678871154785156e+00
-1.525000000000001354e-02 8.493308067321777344e+00
-1.175000000000001044e-02 8.181066513061523438e+00
-8.250000000000007327e-03 7.843910694122314453e+00
-4.750000000000004219e-03 7.491451740264892578e+00
-1.249999999999973355e-03 7.140164375305175781e+00
2.250000000000029754e-03 6.765377044677734375e+00
5.750000000000032863e-03 6.392308235168457031e+00
9.250000000000035971e-03 6.023387908935546875e+00
1.274999999999998357e-02 5.662777423858642578e+00
1.624999999999998668e-02 5.310548305511474609e+00
1.974999999999998979e-02 4.949381828308105469e+00
2.324999999999999289e-02 4.622182846069335938e+00
2.674999999999999600e-02 4.304038524627685547e+00
3.024999999999999911e-02 4.009537220001220703e+00
3.375000000000000222e-02 3.714555978775024414e+00
3.725000000000000533e-02 3.451584577560424805e+00
4.075000000000000844e-02 3.201884984970092773e+00
4.425000000000001155e-02 2.959877729415893555e+00
4.775000000000001465e-02 2.737776994705200195e+00
5.125000000000001776e-02 2.528166055679321289e+00
5.475000000000002087e-02 2.337665557861328125e+00
5.825000000000002398e-02 2.162294387817382812e+00
6.175000000000002709e-02 1.991743683815002441e+00
6.525000000000003020e-02 1.840921998023986816e+00
6.875000000000003331e-02 1.698202371597290039e+00
7.225000000000003642e-02 1.565669178962707520e+00
7.575000000000003952e-02 1.443545460700988770e+00
7.924999999999998712e-02 1.333799600601196289e+00
8.274999999999999023e-02 1.233121514320373535e+00
8.624999999999999334e-02 1.137901425361633301e+00
8.974999999999999645e-02 1.049533247947692871e+00
9.324999999999999956e-02 9.688474535942077637e-01
9.675000000000000266e-02 8.951288461685180664e-01
1.002500000000000058e-01 8.285338282585144043e-01
1.037500000000000089e-01 7.660051584243774414e-01
1.072500000000000120e-01 7.110499143600463867e-01
1.107500000000000151e-01 6.557626724243164062e-01
1.142500000000000182e-01 6.087641716003417969e-01
1.177500000000000213e-01 5.624707341194152832e-01
1.212500000000000244e-01 5.227312445640563965e-01
1.247500000000000275e-01 4.839182496070861816e-01
1.282500000000000306e-01 4.502422511577606201e-01
1.317500000000000338e-01 4.187824726104736328e-01
1.352500000000000369e-01 3.891547918319702148e-01
1.387499999999999845e-01 3.628166317939758301e-01
1.422499999999999876e-01 3.364400863647460938e-01
1.457499999999999907e-01 3.149492144584655762e-01
1.492499999999999938e-01 2.922651767730712891e-01
1.527499999999999969e-01 2.720699310302734375e-01
1.562500000000000000e-01 2.547538280487060547e-01
1.597500000000000031e-01 2.374595254659652710e-01
1.632500000000000062e-01 2.216551452875137329e-01
1.667500000000000093e-01 2.067809700965881348e-01
1.702500000000000124e-01 1.938199251890182495e-01
1.737500000000000155e-01 1.822379976511001587e-01
1.772500000000000187e-01 1.697166115045547485e-01
1.807500000000000218e-01 1.591614335775375366e-01
1.842500000000000249e-01 1.492126733064651489e-01
1.877500000000000280e-01 1.407254189252853394e-01
1.912500000000000311e-01 1.310422122478485107e-01
1.947500000000000342e-01 1.232846602797508240e-01
1.982500000000000373e-01 1.161456778645515442e-01
2.017500000000000404e-01 1.089523285627365112e-01
2.052499999999999880e-01 1.031158789992332458e-01
2.087499999999999911e-01 9.581242501735687256e-02
2.122499999999999942e-01 9.064384549856185913e-02
2.157499999999999973e-01 8.677177131175994873e-02
2.192500000000000004e-01 8.146654069423675537e-02
2.227500000000000036e-01 7.609736174345016479e-02
2.262500000000000067e-01 7.170841097831726074e-02
2.297500000000000098e-01 6.807075440883636475e-02
2.332500000000000129e-01 6.411614269018173218e-02
2.367500000000000160e-01 6.077413260936737061e-02
2.402500000000000191e-01 5.708786100149154663e-02
2.437500000000000222e-01 5.441483482718467712e-02
2.472500000000000253e-01 5.125680193305015564e-02
2.507500000000000284e-01 4.811969026923179626e-02
2.542500000000000315e-01 4.580469056963920593e-02
2.577500000000000346e-01 4.346499592065811157e-02
2.612500000000000377e-01 4.118635505437850952e-02
2.647500000000000409e-01 3.906434029340744019e-02
2.682500000000000440e-01 3.733628988265991211e-02
2.717499999999999916e-01 3.519228845834732056e-02
2.752499999999999947e-01 3.345693275332450867e-02
2.787499999999999978e-01 3.159559890627861023e-02
2.822500000000000009e-01 3.026431612670421600e-02
2.857500000000000040e-01 2.877729944884777069e-02
2.892500000000000071e-01 2.690715342760086060e-02
2.927500000000000102e-01 2.584351226687431335e-02
2.962500000000000133e-01 2.454199269413948059e-02
2.997500000000000164e-01 2.311404980719089508e-02
3.032500000000000195e-01 2.194833941757678986e-02
3.067500000000000226e-01 2.100848034024238586e-02
3.102500000000000258e-01 1.998549327254295349e-02
3.137500000000000289e-01 1.887934468686580658e-02
3.172500000000000320e-01 1.820557005703449249e-02
3.207500000000000351e-01 1.743090339004993439e-02
3.242500000000000382e-01 1.673182658851146698e-02
3.277500000000000413e-01 1.565690152347087860e-02
3.312499999999999889e-01 1.486693043261766434e-02
3.347499999999999920e-01 1.425517629832029343e-02
3.382499999999999951e-01 1.388555113226175308e-02
3.417499999999999982e-01 1.311312150210142136e-02
3.452500000000000013e-01 1.241322234272956848e-02
3.487500000000000044e-01 1.212968677282333374e-02
3.522500000000000075e-01 1.145011000335216522e-02
3.557500000000000107e-01 1.072109024971723557e-02
3.592500000000000138e-01 1.042502932250499725e-02
3.627500000000000169e-01 1.004437636584043503e-02
3.662500000000000200e-01 9.561006911098957062e-03
3.697500000000000231e-01 8.906265720725059509e-03
3.732500000000000262e-01 8.634336292743682861e-03
3.767500000000000293e-01 8.256858214735984802e-03
3.802500000000000324e-01 7.931371219456195831e-03
3.837500000000000355e-01 7.431882433593273163e-03
3.872500000000000386e-01 7.342107128351926804e-03
3.907500000000000417e-01 6.971132475882768631e-03
3.942500000000000449e-01 6.631448864936828613e-03
3.977499999999999925e-01 6.392465904355049133e-03
4.012499999999999956e-01 6.277820561081171036e-03
4.047499999999999987e-01 5.884584505110979080e-03
4.082500000000000018e-01 5.628630053251981735e-03
4.117500000000000049e-01 5.204786546528339386e-03
4.152500000000000080e-01 5.170777440071105957e-03
4.187500000000000111e-01 4.906804300844669342e-03
4.222500000000000142e-01 4.850118886679410934e-03
4.257500000000000173e-01 4.607362207025289536e-03
4.292500000000000204e-01 4.308329429477453232e-03
4.327500000000000235e-01 4.345125053077936172e-03
4.362500000000000266e-01 4.135851282626390457e-03
4.397500000000000298e-01 3.943566698580980301e-03
4.432500000000000329e-01 3.802889026701450348e-03
4.467500000000000360e-01 3.560356795787811279e-03
4.502500000000000391e-01 3.470723750069737434e-03
4.537500000000000422e-01 3.372713457792997360e-03
4.572500000000000453e-01 3.283374477177858353e-03
4.607500000000000484e-01 2.989024389535188675e-03
4.642499999999999960e-01 3.061535069718956947e-03
4.677499999999999991e-01 2.784893382340669632e-03
4.712500000000000022e-01 2.796903718262910843e-03
4.747500000000000053e-01 2.662554848939180374e-03
4.782500000000000084e-01 2.571109915152192116e-03
4.817500000000000115e-01 2.415500814095139503e-03
4.852500000000000147e-01 2.306578913703560829e-03
4.887500000000000178e-01 2.312661148607730865e-03
4.922500000000000209e-01 2.166617661714553833e-03
4.957500000000000240e-01 2.132466295734047890e-03
4.992500000000000826e-01 2.112811896950006485e-03
5.027500000000000302e-01 2.017699414864182472e-03
5.062499999999999778e-01 1.859799842350184917e-03
5.097500000000000364e-01 1.790902344509959221e-03
5.132500000000000950e-01 1.744166016578674316e-03
5.167500000000000426e-01 1.696610008366405964e-03
5.202499999999999902e-01 1.590688363648951054e-03
5.237500000000000488e-01 1.540971570648252964e-03
5.272499999999999964e-01 1.577968476340174675e-03
5.307499999999999440e-01 1.497440738603472710e-03
5.342500000000000027e-01 1.372692757286131382e-03
5.377500000000000613e-01 1.368442899547517300e-03
5.412500000000000089e-01 1.368484343402087688e-03
5.447499999999999565e-01 1.301524578593671322e-03
5.482500000000000151e-01 1.321260468102991581e-03
5.517500000000000737e-01 1.173382392153143883e-03
5.552500000000000213e-01 1.207121065817773342e-03
5.587499999999999689e-01 1.204349449835717678e-03
5.622500000000000275e-01 1.152619603089988232e-03
5.657500000000000862e-01 1.039052149280905724e-03
5.692500000000000338e-01 1.017476897686719894e-03
5.727499999999999813e-01 9.693184983916580677e-04
5.762500000000000400e-01 9.909925283864140511e-04
5.797500000000000986e-01 9.760667453519999981e-04
5.832500000000000462e-01 9.339226526208221912e-04
5.867499999999999938e-01 8.301342022605240345e-04
5.902500000000000524e-01 8.534786757081747055e-04
5.937500000000000000e-01 8.367777336388826370e-04
5.972499999999999476e-01 8.337707258760929108e-04
6.007500000000000062e-01 8.342143846675753593e-04
6.042500000000000648e-01 7.688886253163218498e-04
6.077500000000000124e-01 7.973975152708590031e-04
6.112499999999999600e-01 7.665993180125951767e-04
6.147500000000000187e-01 7.061351207084953785e-04
6.182500000000000773e-01 6.938314763829112053e-04
6.217500000000000249e-01 6.712079630233347416e-04
6.252499999999999725e-01 6.954438285902142525e-04
6.287500000000000311e-01 6.091851973906159401e-04
6.322500000000000897e-01 5.965189775452017784e-04
6.357500000000000373e-01 6.237978814169764519e-04
6.392499999999999849e-01 5.326911923475563526e-04
6.427500000000000435e-01 5.442486726678907871e-04
6.462500000000001021e-01 5.951015627942979336e-04
6.497500000000000497e-01 5.247039953246712685e-04
6.532499999999999973e-01 5.999007262289524078e-04
6.567500000000000560e-01 5.018397932872176170e-04
6.602500000000000036e-01 4.756832495331764221e-04
6.637499999999999512e-01 4.778495931532233953e-04
6.672500000000000098e-01 4.494529275689274073e-04
6.707500000000000684e-01 4.697164113167673349e-04
6.742500000000000160e-01 4.903412191197276115e-04
6.777499999999999636e-01 4.091491573490202427e-04
6.812500000000000222e-01 4.480098432395607233e-04
6.847500000000000808e-01 4.230939375702291727e-04
6.882500000000000284e-01 3.782862040679901838e-04
6.917499999999999760e-01 4.132170288357883692e-04
6.952500000000000346e-01 3.877998969983309507e-04
6.987500000000000933e-01 3.566707018762826920e-04
7.022500000000000409e-01 3.698258951772004366e-04
7.057499999999999885e-01 3.849648928735405207e-04
7.092500000000000471e-01 3.583927464205771685e-04
7.127500000000001057e-01 3.522482293192297220e-04
7.162500000000000533e-01 3.402585280127823353e-04
7.197500000000000009e-01 3.449606301728636026e-04
7.232500000000000595e-01 3.172780561726540327e-04
7.267500000000000071e-01 3.213754098396748304e-04
7.302499999999999547e-01 3.250294248573482037e-04
7.337500000000000133e-01 2.803255047183483839e-04
7.372500000000000719e-01 3.010409709531813860e-04
7.407500000000000195e-01 2.660862228367477655e-04
7.442499999999999671e-01 2.285195078002288938e-04
7.477500000000000258e-01 2.982226433232426643e-04
7.512500000000000844e-01 2.922226267401129007e-04
7.547500000000000320e-01 2.727368555497378111e-04
7.582499999999999796e-01 2.312407159479334950e-04
7.617500000000000382e-01 2.270792028866708279e-04
7.652500000000000968e-01 2.332861477043479681e-04
7.687500000000000444e-01 2.401935489615425467e-04
7.722499999999999920e-01 2.453317865729331970e-04
7.757500000000000506e-01 2.061136183328926563e-04
7.792499999999999982e-01 2.055666845990344882e-04
7.827499999999999458e-01 1.698526466498151422e-04
7.862500000000000044e-01 3.018929855898022652e-04
7.897500000000000631e-01 1.847983949119225144e-04
7.932500000000000107e-01 2.161323500331491232e-04
7.967499999999999583e-01 1.944670657394453883e-04
8.002500000000000169e-01 1.729871291900053620e-04
8.037500000000000755e-01 2.155219699488952756e-04
8.072500000000000231e-01 1.773600088199600577e-04
8.107499999999999707e-01 2.240167377749457955e-04
8.142500000000000293e-01 2.222712937509641051e-04
8.177500000000000879e-01 1.913892192533239722e-04
8.212500000000000355e-01 1.735075638862326741e-04
8.247499999999999831e-01 1.750190858729183674e-04
8.282500000000000417e-01 1.968353899428620934e-04
8.317500000000001004e-01 2.010866010095924139e-04
8.352500000000000480e-01 1.781678001862019300e-04
8.387499999999999956e-01 1.774370030034333467e-04
8.422500000000000542e-01 1.885909150587394834e-04
8.457500000000000018e-01 1.668075710767880082e-04
8.492499999999999494e-01 1.296132104471325874e-04
8.527500000000000080e-01 1.875955204013735056e-04
8.562500000000000666e-01 1.625308213988319039e-04
8.597500000000000142e-01 1.326767960563302040e-04
8.632499999999999618e-01 1.662970753386616707e-04
8.667500000000000204e-01 1.730266376398503780e-04
8.702500000000000790e-01 1.682764122961089015e-04
8.737500000000000266e-01 1.229992194566875696e-04
8.772499999999999742e-01 1.490876311436295509e-04
8.807500000000000329e-01 1.272437220904976130e-04
8.842500000000000915e-01 1.165582871180959046e-04
8.877500000000000391e-01 1.078775385394692421e-04
8.912499999999999867e-01 1.365555945085361600e-04
8.947500000000000453e-01 1.492709561716765165e-04
8.982500000000001039e-01 9.911677625495940447e-05
9.017500000000000515e-01 1.257798139704391360e-04
9.052499999999999991e-01 1.408123935107141733e-04
9.087500000000000577e-01 1.332556566921994090e-04
9.122500000000000053e-01 1.329706865362823009e-04
9.157499999999999529e-01 1.177575613837689161e-04
9.192500000000000115e-01 1.563891564728692174e-04
9.227500000000000702e-01 9.445921023143455386e-05
9.262500000000000178e-01 1.189761605928651989e-04
9.297499999999999654e-01 1.525326661067083478e-04
9.332500000000000240e-01 1.284857135033234954e-04
9.367500000000000826e-01 9.805547597352415323e-05
9.402500000000000302e-01 1.648271427256986499e-04
9.437499999999999778e-01 1.114974438678473234e-04
9.472500000000000364e-01 9.936147398548200727e-05
9.507500000000000950e-01 1.528437132947146893e-04
9.542500000000000426e-01 9.790948388399556279e-05
9.577499999999999902e-01 1.062738665495999157e-04
9.612500000000000488e-01 1.334227708866819739e-04
9.647500000000001075e-01 1.500054640928283334e-04
9.682500000000000551e-01 1.057006447808817029e-04
9.717500000000000027e-01 6.792926433263346553e-05
9.752500000000000613e-01 8.502331183990463614e-05
9.787500000000000089e-01 1.224191364599391818e-04
9.822499999999999565e-01 7.640850526513531804e-05
9.857500000000000151e-01 1.228030741913244128e-04
9.892500000000000737e-01 9.452935046283528209e-05
9.927500000000000213e-01 7.277055556187406182e-05
9.962499999999999689e-01 1.006880702334456146e-04
9.997500000000000275e-01 1.094221079256385565e-04
1.003249999999999975e+00 1.274604292120784521e-04
1.006750000000000034e+00 7.928290870040655136e-05
1.010250000000000092e+00 1.059613932739011943e-04
1.013749999999999929e+00 1.094723265850916505e-04
1.017250000000000210e+00 1.086570991901680827e-04
1.020750000000000046e+00 7.800898310961201787e-05
1.024249999999999883e+00 8.344761590706184506e-05
1.027750000000000163e+00 1.016784444800578058e-04
1.031250000000000000e+00 7.048418046906590462e-05
1.034750000000000059e+00 9.025206236401572824e-05
1.038250000000000117e+00 7.738310523563995957e-05
1.041749999999999954e+00 6.157613097457215190e-05
1.045250000000000012e+00 6.410135392798110843e-05
1.048750000000000071e+00 5.359885471989400685e-05
1.052249999999999908e+00 1.004361838568001986e-04
1.055750000000000188e+00 5.974742089165374637e-05
1.059250000000000025e+00 4.487136538955383003e-05
1.062749999999999861e+00 7.353358523687347770e-05
1.066250000000000142e+00 5.451196193462237716e-05
1.069749999999999979e+00 7.360261952271685004e-05
1.073250000000000037e+00 8.574316598242148757e-05
1.076750000000000096e+00 6.602476059924811125e-05
1.080249999999999932e+00 5.781276922789402306e-05
1.083750000000000213e+00 6.383944855770096183e-05
1.087250000000000050e+00 8.573731611249968410e-05
1.090749999999999886e+00 7.472236029570922256e-05
1.094250000000000167e+00 7.360982272075489163e-05
1.097750000000000004e+00 6.658001075265929103e-05
1.101250000000000062e+00 5.694775245501659811e-05
1.104750000000000121e+00 6.322312401607632637e-05
1.108249999999999957e+00 9.709814912639558315e-05
1.111750000000000016e+00 7.298953278223052621e-05
1.115250000000000075e+00 7.397927402053028345e-05
1.118749999999999911e+00 4.594316123984754086e-05
1.122250000000000192e+00 5.357834379537962377e-05
1.125750000000000028e+00 4.573398109641857445e-05
1.129249999999999865e+00 5.510402843356132507e-05
1.132750000000000146e+00 3.695630948641337454e-05
1.136249999999999982e+00 3.902589742210693657e-05
1.139750000000000041e+00 6.495734851341694593e-05
1.143250000000000099e+00 5.944495933363214135e-05
1.146749999999999936e+00 7.135825580917298794e-05
1.150250000000000217e+00 4.988639193470589817e-05
1.153750000000000053e+00 4.705786341219209135e-05
1.157249999999999890e+00 4.732183879241347313e-05
1.160750000000000171e+00 5.223102562013082206e-05
1.164250000000000007e+00 7.049371924949809909e-05
1.167749999999999844e+00 7.311638910323381424e-05
1.171250000000000124e+00 4.098701901966705918e-05
1.174749999999999961e+00 5.271140980767086148e-05
1.178250000000000020e+00 2.780318754957988858e-05
1.181750000000000078e+00 9.707772551337257028e-05
1.185249999999999915e+00 3.607683538575656712e-05
1.188750000000000195e+00 3.403052687644958496e-05
1.192250000000000032e+00 4.218843241687864065e-05
1.195749999999999869e+00 5.231592149357311428e-05
1.199250000000000149e+00 2.707189196371473372e-05
1.202749999999999986e+00 5.152445010025985539e-05
1.206250000000000044e+00 3.993618884123861790e-05
1.209750000000000103e+00 3.612670843722298741e-05
1.213249999999999940e+00 3.852150985039770603e-05
1.216750000000000220e+00 4.215542503516189754e-05
1.220250000000000057e+00 3.512281182338483632e-05
1.223749999999999893e+00 7.389090751530602574e-05
1.227250000000000174e+00 5.899361713090911508e-05
1.230750000000000011e+00 6.409261550288647413e-05
1.234249999999999847e+00 3.625463432399556041e-05
1.237750000000000128e+00 4.748848368762992322e-05
1.241249999999999964e+00 5.755003803642466664e-05
1.244750000000000023e+00 7.260199345182627439e-05
1.248250000000000082e+00 3.578461837605573237e-05
1.251749999999999918e+00 5.598727148026227951e-05
1.255250000000000199e+00 3.840133649646304548e-05
1.258750000000000036e+00 6.266546552069485188e-05
1.262249999999999872e+00 4.014879959868267179e-05
1.265750000000000153e+00 5.696770676877349615e-05
1.269249999999999989e+00 4.654818621929734945e-05
1.272750000000000048e+00 3.440673390286974609e-05
1.276250000000000107e+00 4.123044709558598697e-05
1.279749999999999943e+00 3.374371954123489559e-05
1.283250000000000224e+00 4.207806341582909226e-05
1.286750000000000060e+00 2.442379627609625459e-05
1.290249999999999897e+00 6.767409649910405278e-05
1.293750000000000178e+00 4.928549242322333157e-05
1.297250000000000014e+00 5.405313640949316323e-05
1.300749999999999851e+00 4.481749419937841594e-05
1.304250000000000131e+00 3.124889190075919032e-05
1.307749999999999968e+00 5.286945452098734677e-05
1.311250000000000027e+00 4.689683555625379086e-05
1.314750000000000085e+00 4.430923945619724691e-05
1.318249999999999922e+00 4.816503860638476908e-05
1.321750000000000203e+00 3.792038842220790684e-05
1.325250000000000039e+00 2.884410241676960140e-05
1.328749999999999876e+00 5.164819594938308001e-05
1.332250000000000156e+00 3.993867721874266863e-05
1.335749999999999993e+00 7.254029333125799894e-05
1.339250000000000052e+00 3.958103116019628942e-05
1.342750000000000110e+00 4.075737524544820189e-05
1.346249999999999947e+00 5.357393820304423571e-05
1.349750000000000227e+00 4.158504088991321623e-05
1.353250000000000064e+00 4.545607953332364559e-05
1.356749999999999901e+00 5.980533023830503225e-05
1.360250000000000181e+00 4.327046917751431465e-05
1.363750000000000018e+00 3.719569940585643053e-05
1.367249999999999854e+00 4.651954441214911640e-05
1.370750000000000135e+00 4.597497536451555789e-05
1.374249999999999972e+00 6.585692608496174216e-05
1.377750000000000030e+00 2.980857243528589606e-05
1.381250000000000089e+00 4.848121898248791695e-05
1.384749999999999925e+00 4.785923374583944678e-05
1.388250000000000206e+00 3.522879342199303210e-05
1.391750000000000043e+00 4.151823304709978402e-05
1.395249999999999879e+00 4.010054544778540730e-05
1.398750000000000160e+00 5.181687811273150146e-05
1.402249999999999996e+00 4.083009480382315814e-05
1.405750000000000055e+00 7.853381248423829675e-05
1.409250000000000114e+00 3.267853389843367040e-05
1.412749999999999950e+00 4.401117621455341578e-05
1.416250000000000231e+00 6.807973841205239296e-05
1.419750000000000068e+00 4.183788769296370447e-05
1.423249999999999904e+00 3.778214886551722884e-05
1.426750000000000185e+00 6.091307295719161630e-05
1.430250000000000021e+00 5.503181455424055457e-05
1.433749999999999858e+00 4.732881643576547503e-05
1.437250000000000139e+00 5.246120417723432183e-05
1.440749999999999975e+00 4.054579767398536205e-05
1.444250000000000034e+00 6.561956251971423626e-05
1.447750000000000092e+00 4.524601899902336299e-05
1.451249999999999929e+00 3.909981023753061891e-05
1.454750000000000210e+00 4.824220741284079850e-05
1.458250000000000046e+00 4.292401354177854955e-05
1.461749999999999883e+00 3.848916094284504652e-05
1.465250000000000163e+00 6.078623118810355663e-05
1.468750000000000000e+00 5.450172830023802817e-05
1.472250000000000059e+00 5.526682434719987214e-05
1.475750000000000117e+00 4.555000123218633235e-05
1.479249999999999954e+00 5.158793646842241287e-05
1.482750000000000012e+00 3.533385097398422658e-05
1.486250000000000071e+00 3.897914575645700097e-05
1.489749999999999908e+00 6.791087798774242401e-05
1.493250000000000188e+00 6.319689418887719512e-05
1.496750000000000025e+00 4.397614611661992967e-05
1.500250000000000083e+00 5.426678035291843116e-05
1.503750000000000142e+00 3.875964466715231538e-05
1.507249999999999979e+00 6.045218833605758846e-05
1.510750000000000037e+00 4.146288119954988360e-05
1.514250000000000096e+00 5.686485019396059215e-05
1.517749999999999932e+00 4.174462810624390841e-05
1.521249999999999991e+00 4.390360845718532801e-05
1.524750000000000050e+00 5.167649214854463935e-05
1.528250000000000108e+00 5.112464714329689741e-05
1.531750000000000167e+00 5.085452357889153063e-05
1.535250000000000004e+00 4.412216367200016975e-05
1.538750000000000062e+00 3.739090243470855057e-05
1.542250000000000121e+00 5.327859253156930208e-05
1.545749999999999957e+00 5.908029561396688223e-05
1.549250000000000016e+00 4.692823495133779943e-05
1.552750000000000075e+00 5.237056757323443890e-05
1.556249999999999911e+00 5.499997132574208081e-05
1.559749999999999970e+00 3.474729601293802261e-05
1.563250000000000028e+00 6.633102748310193419e-05
1.566750000000000087e+00 6.509750528493896127e-05
1.570250000000000146e+00 4.685058956965804100e-05
1.573749999999999982e+00 6.158867472549900413e-05
1.577250000000000041e+00 3.917420326615683734e-05
1.580750000000000099e+00 4.616718433680944145e-05
1.584249999999999936e+00 5.138188498676754534e-05
1.587749999999999995e+00 4.160506068728864193e-05
1.591250000000000053e+00 7.831806578906252980e-05
1.594750000000000112e+00 4.186302248854190111e-05
1.598250000000000171e+00 5.232819967204704881e-05
1.601750000000000007e+00 5.383396637625992298e-05
1.605250000000000066e+00 4.822307892027311027e-05
1.608750000000000124e+00 4.608726885635405779e-05
1.612249999999999961e+00 3.978496170020662248e-05
1.615750000000000020e+00 6.239421054488047957e-05
1.619250000000000078e+00 5.746156239183619618e-05
1.622749999999999915e+00 4.825986616197042167e-05
1.626249999999999973e+00 4.825709766009822488e-05
1.629750000000000032e+00 5.460658940137363970e-05
1.633250000000000091e+00 6.373706855811178684e-05
1.636750000000000149e+00 4.353884651209227741e-05
1.640249999999999986e+00 6.018484782543964684e-05
1.643750000000000044e+00 6.541554466821253300e-05
1.647250000000000103e+00 3.613954322645440698e-05
1.650749999999999940e+00 5.427722862805239856e-05
1.654249999999999998e+00 6.398153345799073577e-05
1.657750000000000057e+00 6.005426621413789690e-05
1.661250000000000115e+00 6.180901982588693500e-05
1.664750000000000174e+00 5.764366869698278606e-05
1.668250000000000011e+00 6.017094347043894231e-05
1.671750000000000069e+00 3.819957055384293199e-05
1.675250000000000128e+00 6.142174970591440797e-05
1.678749999999999964e+00 4.854483631788752973e-05
1.682250000000000023e+00 6.451173248933628201e-05
1.685750000000000082e+00 4.371712202555499971e-05
1.689249999999999918e+00 6.095757998991757631e-05
1.692749999999999977e+00 5.381911614676937461e-05
1.696250000000000036e+00 5.753976802225224674e-05
1.699750000000000094e+00 4.217840978526510298e-05
1.703250000000000153e+00 4.846185402129776776e-05
1.706749999999999989e+00 5.580012293648906052e-05
1.710250000000000048e+00 5.901937402086332440e-05
1.713750000000000107e+00 5.953378058620728552e-05
1.717249999999999943e+00 6.007788761053234339e-05
1.720750000000000002e+00 5.859155135112814605e-05
1.724250000000000060e+00 4.643062857212498784e-05
1.727750000000000119e+00 6.564273644471541047e-05
1.731250000000000178e+00 5.063146090833470225e-05
1.734750000000000014e+00 5.584533209912478924e-05
1.738250000000000073e+00 5.520854392671026289e-05
1.741750000000000131e+00 4.993573020328767598e-05
1.745249999999999968e+00 9.324384882347658277e-05
1.748750000000000027e+00 3.987460149801336229e-05
1.752250000000000085e+00 4.535076004685834050e-05
1.755749999999999922e+00 5.501598207047209144e-05
1.759249999999999980e+00 5.247813169262371957e-05
1.762750000000000039e+00 6.287859287112951279e-05
1.766250000000000098e+00 6.168501568026840687e-05
1.769750000000000156e+00 4.397968950797803700e-05
1.773249999999999993e+00 4.769306178786791861e-05
1.776750000000000052e+00 6.065424167900346220e-05
1.780250000000000110e+00 6.169600237626582384e-05
1.783749999999999947e+00 4.722975063486956060e-05
1.787250000000000005e+00 4.245762102073058486e-05
1.790750000000000064e+00 4.927322515868581831e-05
1.794250000000000123e+00 4.475007153814658523e-05
1.797750000000000181e+00 5.301137935020960867e-05
1.801250000000000018e+00 4.617836748366244137e-05
1.804750000000000076e+00 5.705828152713365853e-05
1.808250000000000135e+00 7.055314927129074931e-05
1.811749999999999972e+00 4.858462125412188470e-05
1.815250000000000030e+00 5.415812847786583006e-05
1.818750000000000089e+00 4.085237014805898070e-05
1.822249999999999925e+00 6.651467265328392386e-05
1.825749999999999984e+00 6.011666118865832686e-05
1.829250000000000043e+00 4.691117646871134639e-05
1.832750000000000101e+00 4.525460099102929235e-05
1.836250000000000160e+00 8.738347969483584166e-05
1.839749999999999996e+00 7.821561302989721298e-05
1.843250000000000055e+00 6.126630614744499326e-05
1.846750000000000114e+00 6.137847958598285913e-05
1.850249999999999950e+00 4.065130269736982882e-05
1.853750000000000009e+00 4.956170960213057697e-05
1.857250000000000068e+00 5.286524901748634875e-05
1.860750000000000126e+00 7.318075950024649501e-05
1.864250000000000185e+00 3.689463483169674873e-05
1.867750000000000021e+00 5.935155786573886871e-05
1.871250000000000080e+00 3.812953946180641651e-05
1.874750000000000139e+00 5.496692392625845969e-05
1.878249999999999975e+00 5.366323966882191598e-05
1.881750000000000034e+00 5.590614819084294140e-05
1.885250000000000092e+00 6.234434113139286637e-05
1.888749999999999929e+00 6.405887688742950559e-05
1.892249999999999988e+00 5.140062057762406766e-05
1.895750000000000046e+00 6.309151649475097656e-05
1.899250000000000105e+00 6.795194349251687527e-05
1.902750000000000163e+00 5.790303475805558264e-05
1.906250000000000000e+00 4.816976434085518122e-05
1.909750000000000059e+00 6.314514030236750841e-05
1.913250000000000117e+00 3.337322777952067554e-05
1.916749999999999954e+00 3.000032120326068252e-05
1.920250000000000012e+00 8.256569708464667201e-05
1.923750000000000071e+00 6.943590415176004171e-05
1.927250000000000130e+00 5.404134572017937899e-05
1.930750000000000188e+00 7.056533650029450655e-05
1.934250000000000025e+00 6.577005115104839206e-05
1.937750000000000083e+00 4.309595533413812518e-05
1.941250000000000142e+00 6.300209497567266226e-05
1.944749999999999979e+00 6.142290658317506313e-05
1.948250000000000037e+00 6.966273213038221002e-05
1.951750000000000096e+00 5.564591265283524990e-05
1.955249999999999932e+00 6.520173337776213884e-05
1.958749999999999991e+00 7.361704774666577578e-05
1.962250000000000050e+00 5.007929212297312915e-05
1.965750000000000108e+00 4.017968240077607334e-05
1.969250000000000167e+00 4.636893936549313366e-05
1.972750000000000004e+00 4.377133154775947332e-05
1.976250000000000062e+00 5.996765685267746449e-05
1.979750000000000121e+00 5.126410906086675823e-05
1.983249999999999957e+00 3.590991400415077806e-05
1.986750000000000016e+00 5.265454819891601801e-05
1.990250000000000075e+00 7.068592822179198265e-05
1.993750000000000133e+00 4.881167842540889978e-05
1.997250000000000192e+00 5.861699537490494549e-05
2.000750000000000028e+00 3.267025385866872966e-05
2.004249999999999865e+00 3.374816878931596875e-05
2.007750000000000146e+00 2.709258842514827847e-05
2.011249999999999982e+00 4.521360096987336874e-05
2.014750000000000263e+00 4.447191167855635285e-05
2.018250000000000099e+00 5.870202585356310010e-05
2.021749999999999936e+00 5.688473902409896255e-05
2.025249999999999773e+00 5.234541822574101388e-05
2.028750000000000053e+00 5.031756154494360089e-05
2.032250000000000334e+00 7.281822763616219163e-05
2.035750000000000171e+00 6.453014793805778027e-05
2.039250000000000007e+00 3.950428799726068974e-05
2.042749999999999844e+00 4.857516978518106043e-05
2.046250000000000124e+00 6.948402733542025089e-05
2.049749999999999961e+00 4.224171425448730588e-05
2.053250000000000242e+00 5.320362834027037024e-05
2.056750000000000078e+00 4.824901770916767418e-05
2.060249999999999915e+00 4.415576768224127591e-05
2.063749999999999751e+00 2.682915510376915336e-05
2.067250000000000032e+00 7.702369475737214088e-05
2.070750000000000313e+00 4.981461097486317158e-05
2.074250000000000149e+00 5.250287358649075031e-05
2.077749999999999986e+00 6.893839599797502160e-05
2.081249999999999822e+00 4.973775867256335914e-05
2.084750000000000103e+00 4.293239544495008886e-05
2.088249999999999940e+00 6.745859718648716807e-05
2.091750000000000220e+00 6.959476013435050845e-05
2.095250000000000057e+00 3.485776687739416957e-05
2.098749999999999893e+00 6.550790567416697741e-05
2.102250000000000174e+00 5.684253483195789158e-05
2.105750000000000011e+00 5.671601684298366308e-05
2.109250000000000291e+00 4.519506182987242937e-05
2.112750000000000128e+00 5.902895281906239688e-05
2.116249999999999964e+00 9.304945706389844418e-05
2.119749999999999801e+00 6.654219032498076558e-05
2.123250000000000082e+00 6.789470353396609426e-05
2.126749999999999918e+00 5.101182614453136921e-05
2.130250000000000199e+00 6.396129174390807748e-05
2.133750000000000036e+00 3.888759965775534511e-05
2.137249999999999872e+00 5.818604768137447536e-05
2.140750000000000153e+00 5.647691068588756025e-05
2.144249999999999989e+00 6.898128049215301871e-05
2.147750000000000270e+00 5.881291144760325551e-05
2.151250000000000107e+00 4.657365570892579854e-05
2.154749999999999943e+00 5.954004154773429036e-05
2.158249999999999780e+00 8.186543709598481655e-05
2.161750000000000060e+00 3.532497066771611571e-05
2.165250000000000341e+00 2.528524601075332612e-05
2.168750000000000178e+00 5.775729005108587444e-05
2.172250000000000014e+00 8.446509309578686953e-05
2.175749999999999851e+00 5.682142364094033837e-05
2.179250000000000131e+00 7.797955186106264591e-05
2.182749999999999968e+00 6.040766675141640007e-05
2.186250000000000249e+00 3.649793870863504708e-05
2.189750000000000085e+00 2.841343484760727733e-05
2.193249999999999922e+00 4.333582182880491018e-05
2.196749999999999758e+00 5.007627260056324303e-05
2.200250000000000039e+00 5.321434582583606243e-05
2.203750000000000320e+00 3.079994348809123039e-05
2.207250000000000156e+00 5.604342004517093301e-05
2.210749999999999993e+00 4.839058601646684110e-05
2.214249999999999829e+00 5.799262726213783026e-05
2.217750000000000110e+00 6.966899672988802195e-05
2.221249999999999947e+00 4.488278500502929091e-05
2.224750000000000227e+00 9.210949792759492993e-05
2.228250000000000064e+00 5.244785279501229525e-05
2.231749999999999901e+00 6.856528489151969552e-05
2.235250000000000181e+00 3.647192352218553424e-05
2.238750000000000018e+00 5.567014522966928780e-05
2.242250000000000298e+00 6.372057396220043302e-05
2.245750000000000135e+00 3.028269929927773774e-05
2.249249999999999972e+00 3.618453774834051728e-05
2.252749999999999808e+00 6.552851118613034487e-05
2.256250000000000089e+00 5.284078724798746407e-05
2.259749999999999925e+00 2.681430123629979789e-05
2.263250000000000206e+00 5.169718860997818410e-05
2.266750000000000043e+00 7.846441440051421523e-05
2.270249999999999879e+00 2.710398621275089681e-05
2.273750000000000160e+00 4.549635195871815085e-05
2.277249999999999996e+00 5.363810123526491225e-05
2.280750000000000277e+00 7.451198325725272298e-05
2.284250000000000114e+00 4.079573773196898401e-05
2.287749999999999950e+00 5.283851714921183884e-05
2.291249999999999787e+00 6.315593782346695662e-05
2.294750000000000068e+00 6.088739974074997008e-05
2.298250000000000348e+00 8.467150473734363914e-05
2.301750000000000185e+00 4.114109833608381450e-05
2.305250000000000021e+00 4.782296673511154950e-05
2.308749999999999858e+00 7.205169094959273934e-05
2.312250000000000139e+00 5.207130016060546041e-05
2.315749999999999975e+00 3.630870196502655745e-05
2.319250000000000256e+00 3.672962338896468282e-05
2.322750000000000092e+00 4.689621346187777817e-05
2.326249999999999929e+00 3.517511868267320096e-05
2.329749999999999766e+00 3.966454096371307969e-05
2.333250000000000046e+00 3.639467468019574881e-05
2.336750000000000327e+00 7.800575258443132043e-05
2.340250000000000163e+00 5.368023630580864847e-05
2.343750000000000000e+00 3.611697320593520999e-05
2.347249999999999837e+00 5.477013837662525475e-05
2.350750000000000117e+00 2.468957973178476095e-05
2.354249999999999954e+00 5.558052362175658345e-05
2.357750000000000234e+00 6.000202120048925281e-06
2.361250000000000071e+00 2.059758116956800222e-05
2.364749999999999908e+00 3.130843106191605330e-05
2.368250000000000188e+00 6.055963967810384929e-05
2.371750000000000025e+00 4.448519030120223761e-05
2.375250000000000306e+00 4.470778367249295115e-05
2.378750000000000142e+00 3.145233858958818018e-05
2.382249999999999979e+00 6.216971814865246415e-05
2.385749999999999815e+00 4.394631832838058472e-05
2.389250000000000096e+00 4.488623380893841386e-05
2.392749999999999932e+00 6.800676055718213320e-05
2.396250000000000213e+00 3.294259295216761529e-05
2.399750000000000050e+00 2.588262577774003148e-05
2.403249999999999886e+00 3.893377652275376022e-05
2.406750000000000167e+00 1.110124285332858562e-04
2.410250000000000004e+00 5.277585660223849118e-05
2.413750000000000284e+00 7.257619290612637997e-05
2.417250000000000121e+00 3.375272353878244758e-05
2.420749999999999957e+00 5.832815440953709185e-05
2.424249999999999794e+00 4.556619751383550465e-05
2.427750000000000075e+00 6.800154369557276368e-05
2.431250000000000355e+00 5.919810064369812608e-05
2.434750000000000192e+00 3.912001557182520628e-05
2.438250000000000028e+00 2.733999099291395396e-05
2.441749999999999865e+00 1.011462591122835875e-04
2.445250000000000146e+00 4.214919317746534944e-05
2.448749999999999982e+00 2.948594737972598523e-05
2.452250000000000263e+00 3.544408173183910549e-05
2.455750000000000099e+00 2.859048436221200973e-05
2.459249999999999936e+00 3.890600055456161499e-05
2.462749999999999773e+00 8.618189895059913397e-05
2.466250000000000053e+00 6.129490066086873412e-05
2.469750000000000334e+00 6.193215813254937530e-05
2.473250000000000171e+00 7.710437057539820671e-05
2.476750000000000007e+00 5.066468293080106378e-05
2.480249999999999844e+00 4.742911187349818647e-05
2.483750000000000124e+00 4.976396667188964784e-05
2.487249999999999961e+00 5.402849637903273106e-05
2.490750000000000242e+00 5.094665539218112826e-05
2.494250000000000078e+00 7.567844477307517081e-06
2.497749999999999915e+00 7.527719571953639388e-05
2.501250000000000195e+00 9.094589768210425973e-05
2.504750000000000032e+00 6.591899727936834097e-05
2.508250000000000313e+00 6.793554348405450583e-05
2.511750000000000149e+00 5.348171907826326787e-05
2.515249999999999986e+00 3.755592842935584486e-05
2.518749999999999822e+00 4.018039180664345622e-05
2.522250000000000103e+00 7.541806553490459919e-05
2.525749999999999940e+00 4.365544009488075972e-05
2.529250000000000220e+00 4.548363722278736532e-05
2.532750000000000057e+00 5.456299913930706680e-05
2.536249999999999893e+00 6.346745067276060581e-05
2.539750000000000174e+00 2.405691157036926597e-05
2.543250000000000011e+00 2.953566217911429703e-05
2.546750000000000291e+00 2.366616172366775572e-05
2.550250000000000128e+00 3.769231989281252027e-05
2.553749999999999964e+00 3.999502951046451926e-05
2.557249999999999801e+00 4.941433871863409877e-05
2.560750000000000082e+00 4.109221117687411606e-05
2.564250000000000362e+00 4.933048694510944188e-05
2.567750000000000199e+00 3.312403350719250739e-05
2.571250000000000036e+00 2.443897210469003767e-05
2.574749999999999872e+00 1.682575748418457806e-05
2.578250000000000153e+00 4.930306386086158454e-05
2.581749999999999989e+00 5.023736957809887826e-05
2.585250000000000270e+00 5.695768777513876557e-05
2.588750000000000107e+00 1.160107931355014443e-04
2.592249999999999943e+00 6.747744919266551733e-05
2.595749999999999780e+00 7.734077371424064040e-05
2.599250000000000060e+00 2.602790846140123904e-05
2.602750000000000341e+00 3.471294621704146266e-05
2.606250000000000178e+00 7.778865256113931537e-05
2.609750000000000014e+00 5.152764060767367482e-05
2.613249999999999851e+00 7.840113539714366198e-05
2.616750000000000131e+00 1.734886427584569901e-05
2.620249999999999968e+00 4.989887020201422274e-05
2.623750000000000249e+00 3.514519266900606453e-05
2.627250000000000085e+00 6.589590338990092278e-05
2.630749999999999922e+00 4.395448922878131270e-05
2.634250000000000203e+00 2.702344136196188629e-05
2.637750000000000039e+00 4.543628892861306667e-05
2.641250000000000320e+00 5.418828732217662036e-05
2.644750000000000156e+00 1.834410795709118247e-05
2.648249999999999993e+00 4.382648330647498369e-05
2.651749999999999829e+00 3.693047256092540920e-05
2.655250000000000110e+00 9.307231266575399786e-06
2.658749999999999947e+00 5.396693450165912509e-05
2.662250000000000227e+00 2.694571594474837184e-05
2.665750000000000064e+00 3.766013469430617988e-05
2.669249999999999901e+00 9.411483915755525231e-05
2.672750000000000181e+00 8.445367711829021573e-05
2.676250000000000018e+00 2.732740358624141663e-05
2.679750000000000298e+00 4.130708111915737391e-05
2.683250000000000135e+00 4.596019061864353716e-05
2.686749999999999972e+00 3.751813346752896905e-05
2.690249999999999808e+00 6.585539085790514946e-05
2.693750000000000089e+00 7.529430149588733912e-05
2.697250000000000369e+00 7.679995906073600054e-05
2.700750000000000206e+00 5.734125079470686615e-05
2.704250000000000043e+00 3.945342905353754759e-05
2.707749999999999879e+00 3.914633271051570773e-05
2.711250000000000160e+00 8.435795461991801858e-05
2.714749999999999996e+00 6.790630141040310264e-05
2.718250000000000277e+00 7.609226304339244962e-05
2.721750000000000114e+00 9.030113869812339544e-05
2.725249999999999950e+00 2.910540388256777078e-05
2.728749999999999787e+00 5.044811405241489410e-05
2.732250000000000068e+00 4.059429920744150877e-05
2.735750000000000348e+00 2.311536809429526329e-05
2.739250000000000185e+00 1.018090260913595557e-04
2.742750000000000021e+00 3.030944571946747601e-05
2.746249999999999858e+00 2.046101326413918287e-05
2.749750000000000139e+00 3.011747139680664986e-05
2.753249999999999975e+00 5.187252099858596921e-05
2.756750000000000256e+00 4.173140041530132294e-05
2.760250000000000092e+00 5.231077375356107950e-05
2.763749999999999929e+00 2.095285162795335054e-05
2.767249999999999766e+00 5.281943958834744990e-05
2.770750000000000046e+00 6.103435589466243982e-05
2.774250000000000327e+00 5.086712553747929633e-05
2.777750000000000163e+00 4.271589932614006102e-05
2.781250000000000000e+00 4.305906259105540812e-05
2.784749999999999837e+00 7.548061694251373410e-05
2.788250000000000117e+00 5.260936814011074603e-05
2.791749999999999954e+00 4.225485099595971406e-05
2.795250000000000234e+00 1.059486603480763733e-04
2.798750000000000071e+00 5.460696411319077015e-05
2.802249999999999908e+00 5.309742482495494187e-05
2.805750000000000188e+00 1.083063489204505458e-05
2.809250000000000025e+00 6.616063183173537254e-05
2.812750000000000306e+00 4.459783303900621831e-05
2.816250000000000142e+00 8.565486496081575751e-05
2.819749999999999979e+00 6.633687735302373767e-05
2.823249999999999815e+00 7.844851643312722445e-05
2.826750000000000096e+00 4.038394035887904465e-05
2.830249999999999932e+00 1.118069940275745466e-05
2.833750000000000213e+00 3.335258952574804425e-05
2.837250000000000050e+00 7.965005352161824703e-05
2.840749999999999886e+00 4.933674426865763962e-05
2.844250000000000167e+00 3.381282658665440977e-05
2.847750000000000004e+00 5.555845200433395803e-05
2.851250000000000284e+00 8.023719419725239277e-05
2.854750000000000121e+00 5.770262941950932145e-05
2.858249999999999957e+00 4.682761573349125683e-05
2.861749999999999794e+00 3.534796996973454952e-05
2.865250000000000075e+00 2.354837488383054733e-05
2.868750000000000355e+00 1.190513103210832924e-05
2.872250000000000192e+00 4.738493589684367180e-05
2.875750000000000028e+00 3.545465369825251400e-05
2.879249999999999865e+00 8.339146734215319157e-05
2.882750000000000146e+00 8.182514284271746874e-05
2.886249999999999982e+00 7.793150871293619275e-05
2.889750000000000263e+00 1.210625032399548218e-05
2.893250000000000099e+00 0.000000000000000000e+00
2.896749999999999936e+00 4.799033558811061084e-05
2.900249999999999773e+00 6.105708598624914885e-05
2.903750000000000053e+00 2.413840593362692744e-05
2.907250000000000334e+00 4.816584987565875053e-05
2.910750000000000171e+00 2.421710087219253182e-05
2.914250000000000007e+00 4.951052324031479657e-05
2.917749999999999844e+00 3.615770037868060172e-05
2.921250000000000124e+00 6.174141890369355679e-05
2.924749999999999961e+00 4.782902396982535720e-05
2.928250000000000242e+00 7.270109199453145266e-05
2.931750000000000078e+00 8.665423229103907943e-05
2.935249999999999915e+00 5.558330303756520152e-05
2.938750000000000195e+00 6.371128984028473496e-05
2.942250000000000032e+00 6.320163083728402853e-05
2.945750000000000313e+00 2.498871981515549123e-05
2.949250000000000149e+00 3.803344225161708891e-05
2.952749999999999986e+00 6.472345557995140553e-05
2.956249999999999822e+00 7.709767669439315796e-05
2.959750000000000103e+00 9.070067608263343573e-05
2.963249999999999940e+00 2.613933793327305466e-05
2.966750000000000220e+00 6.403171573765575886e-05
2.970250000000000057e+00 2.547727672208566219e-05
2.973749999999999893e+00 9.710278391139581800e-05
2.977250000000000174e+00 5.296661765896715224e-05
2.980750000000000011e+00 2.656332981132436544e-05
2.984250000000000291e+00 5.337234324542805552e-05
2.987750000000000128e+00 1.341335155302658677e-05
2.991249999999999964e+00 4.040368366986513138e-05
2.994749999999999801e+00 5.398778012022376060e-05
2.998250000000000082e+00 9.225814574165269732e-05
