-4.982500076293945312e-01 0.000000000000000000e+00
-4.947499930858612061e-01 0.000000000000000000e+00
-4.912499785423278809e-01 0.000000000000000000e+00
-4.877499938011169434e-01 0.000000000000000000e+00
-4.842500090599060059e-01 0.000000000000000000e+00
-4.807499945163726807e-01 0.000000000000000000e+00
-4.772499799728393555e-01 0.000000000000000000e+00
-4.737499952316284180e-01 0.000000000000000000e+00
-4.702500104904174805e-01 0.000000000000000000e+00
-4.667499959468841553e-01 0.000000000000000000e+00
-4.632499814033508301e-01 0.000000000000000000e+00
-4.597499966621398926e-01 0.000000000000000000e+00
-4.562500119209289551e-01 0.000000000000000000e+00
-4.527499973773956299e-01 0.000000000000000000e+00
-4.492499828338623047e-01 0.000000000000000000e+00
-4.457499980926513672e-01 0.000000000000000000e+00
-4.422500133514404297e-01 0.000000000000000000e+00
-4.387499988079071045e-01 0.000000000000000000e+00
-4.352499842643737793e-01 0.000000000000000000e+00
-4.317499995231628418e-01 0.000000000000000000e+00
-4.282500147819519043e-01 0.000000000000000000e+00
-4.247500002384185791e-01 0.000000000000000000e+00
-4.212499856948852539e-01 0.000000000000000000e+00
-4.177500009536743164e-01 0.000000000000000000e+00
-4.142500162124633789e-01 0.000000000000000000e+00
-4.107500016689300537e-01 0.000000000000000000e+00
-4.072499871253967285e-01 0.000000000000000000e+00
-4.037500023841857910e-01 0.000000000000000000e+00
-4.002500176429748535e-01 0.000000000000000000e+00
-3.967500030994415283e-01 0.000000000000000000e+00
-3.932499885559082031e-01 0.000000000000000000e+00
-3.897500038146972656e-01 0.000000000000000000e+00
-3.862500190734863281e-01 0.000000000000000000e+00
-3.827500045299530029e-01 0.000000000000000000e+00
-3.792499899864196777e-01 0.000000000000000000e+00
-3.757500052452087402e-01 0.000000000000000000e+00
-3.722500205039978027e-01 0.000000000000000000e+00
-3.687500059604644775e-01 0.000000000000000000e+00
-3.652499914169311523e-01 0.000000000000000000e+00
-3.617500066757202148e-01 0.000000000000000000e+00
-3.582500219345092773e-01 0.000000000000000000e+00
-3.547499775886535645e-01 0.000000000000000000e+00
-3.512499928474426270e-01 0.000000000000000000e+00
-3.477500081062316895e-01 0.000000000000000000e+00
-3.442499935626983643e-01 0.000000000000000000e+00
-3.407499790191650391e-01 0.000000000000000000e+00
-3.372499942779541016e-01 0.000000000000000000e+00
-3.337500095367431641e-01 0.000000000000000000e+00
-3.302499949932098389e-01 0.000000000000000000e+00
-3.267499804496765137e-01 0.000000000000000000e+00
-3.232499957084655762e-01 0.000000000000000000e+00
-3.197500109672546387e-01 0.000000000000000000e+00
-3.162499964237213135e-01 0.000000000000000000e+00
-3.127499818801879883e-01 0.000000000000000000e+00
-3.092499971389770508e-01 0.000000000000000000e+00
-3.057500123977661133e-01 0.000000000000000000e+00
-3.022499978542327881e-01 0.000000000000000000e+00
-2.987499833106994629e-01 0.000000000000000000e+00
-2.952499985694885254e-01 0.000000000000000000e+00
-2.917500138282775879e-01 0.000000000000000000e+00
-2.882499992847442627e-01 0.000000000000000000e+00
-2.847499847412109375e-01 0.000000000000000000e+00
-2.812500000000000000e-01 0.000000000000000000e+00
-2.777500152587890625e-01 0.000000000000000000e+00
-2.742500007152557373e-01 0.000000000000000000e+00
-2.707499861717224121e-01 0.000000000000000000e+00
-2.672500014305114746e-01 0.000000000000000000e+00
-2.637500166893005371e-01 0.000000000000000000e+00
-2.602500021457672119e-01 0.000000000000000000e+00
-2.567499876022338867e-01 0.000000000000000000e+00
-2.532500028610229492e-01 0.000000000000000000e+00
-2.497500032186508179e-01 0.000000000000000000e+00
-2.462500035762786865e-01 0.000000000000000000e+00
-2.427499890327453613e-01 0.000000000000000000e+00
-2.392500042915344238e-01 0.000000000000000000e+00
-2.357499897480010986e-01 0.000000000000000000e+00
-2.322500050067901611e-01 0.000000000000000000e+00
-2.287499904632568359e-01 0.000000000000000000e+00
-2.252500057220458984e-01 0.000000000000000000e+00
-2.217499911785125732e-01 0.000000000000000000e+00
-2.182500064373016357e-01 0.000000000000000000e+00
-2.147499918937683105e-01 0.000000000000000000e+00
-2.112500071525573730e-01 0.000000000000000000e+00
-2.077499926090240479e-01 0.000000000000000000e+00
-2.042500078678131104e-01 0.000000000000000000e+00
-2.007499933242797852e-01 0.000000000000000000e+00
-1.972500085830688477e-01 0.000000000000000000e+00
-1.937499940395355225e-01 4.839353550778469071e-06
-1.902500092983245850e-01 3.458471328485757113e-04
-1.867499947547912598e-01 1.848720712587237358e-03
-1.832500100135803223e-01 6.703872233629226685e-03
-1.797499954700469971e-01 1.764395833015441895e-02
-1.762500107288360596e-01 3.830518946051597595e-02
-1.727499961853027344e-01 7.218154519796371460e-02
-1.692500114440917969e-01 1.225119084119796753e-01
-1.657499969005584717e-01 1.940311789512634277e-01
-1.622500121593475342e-01 2.851114273071289062e-01
-1.587499976158142090e-01 3.989305794239044189e-01
-1.552500128746032715e-01 5.373290181159973145e-01
-1.517499983310699463e-01 7.017446756362915039e-01
-1.482500135898590088e-01 8.853344917297363281e-01
-1.447499990463256836e-01 1.086461544036865234e+00
-1.412500143051147461e-01 1.310291171073913574e+00
-1.377499997615814209e-01 1.548653841018676758e+00
-1.342500001192092896e-01 1.797716379165649414e+00
-1.307500004768371582e-01 2.062700271606445312e+00
-1.272499859333038330e-01 2.327363491058349609e+00
-1.237500011920928955e-01 2.596262693405151367e+00
-1.202500015497207642e-01 2.867361783981323242e+00
-1.167500019073486328e-01 3.128097295761108398e+00
-1.132500022649765015e-01 3.398502588272094727e+00
-1.097500026226043701e-01 3.649457216262817383e+00
-1.062500029802322388e-01 3.901490688323974609e+00
-1.027500033378601074e-01 4.138148307800292969e+00
-9.925000369548797607e-02 4.345056533813476562e+00
-9.574999660253524780e-02 4.555900096893310547e+00
-9.224999696016311646e-02 4.748162269592285156e+00
-8.874999731779098511e-02 4.914193153381347656e+00
-8.524999767541885376e-02 5.068588733673095703e+00
-8.174999803304672241e-02 5.210892200469970703e+00
-7.824999839067459106e-02 5.322890758514404297e+00
-7.474999874830245972e-02 5.424590587615966797e+00
-7.124999910593032837e-02 5.504066944122314453e+00
-6.774999946355819702e-02 5.570984840393066406e+00
-6.424999982118606567e-02 5.611024379730224609e+00
-6.075000017881393433e-02 5.645891189575195312e+00
-5.725000053644180298e-02 5.660478591918945312e+00
-5.375000089406967163e-02 5.657238006591796875e+00
-5.025000125169754028e-02 5.622760295867919922e+00
-4.675000160932540894e-02 5.600646972656250000e+00
-4.325000196695327759e-02 5.554759502410888672e+00
-3.974999859929084778e-02 5.495332717895507812e+00
-3.624999895691871643e-02 5.426513671875000000e+00
-3.274999931454658508e-02 5.358384132385253906e+00
-2.924999967217445374e-02 5.268073081970214844e+00
-2.575000002980232239e-02 5.171637058258056641e+00
-2.225000038743019104e-02 5.065086364746093750e+00
-1.875000074505805969e-02 4.951344013214111328e+00
-1.525000110268592834e-02 4.850053787231445312e+00
-1.174999959766864777e-02 4.733151912689208984e+00
-8.249999955296516418e-03 4.609169006347656250e+00
-4.750000312924385071e-03 4.481886863708496094e+00
-1.249999972060322762e-03 4.357924938201904297e+00
2.250000135973095894e-03 4.226429939270019531e+00
5.750000011175870895e-03 4.096074581146240234e+00
9.250000119209289551e-03 3.959014177322387695e+00
1.274999976158142090e-02 3.837986946105957031e+00
1.624999940395355225e-02 3.703708410263061523e+00
1.974999904632568359e-02 3.573115587234497070e+00
2.325000055134296417e-02 3.446855783462524414e+00
2.675000019371509552e-02 3.318097114562988281e+00
3.025000169873237610e-02 3.191859483718872070e+00
3.375000134110450745e-02 3.074604034423828125e+00
3.725000098347663879e-02 2.953166723251342773e+00
4.075000062584877014e-02 2.831598520278930664e+00
4.425000026822090149e-02 2.719501972198486328e+00
4.774999991059303284e-02 2.603908300399780273e+00
5.124999955296516418e-02 2.499389648437500000e+00
5.474999919533729553e-02 2.388586997985839844e+00
5.824999883770942688e-02 2.283962011337280273e+00
6.175000220537185669e-02 2.184119462966918945e+00
6.525000184774398804e-02 2.086421012878417969e+00
6.875000149011611938e-02 1.994045734405517578e+00
7.225000113248825073e-02 1.903263330459594727e+00
7.575000077486038208e-02 1.816013216972351074e+00
7.925000041723251343e-02 1.729610919952392578e+00
8.275000005960464478e-02 1.651767015457153320e+00
8.624999970197677612e-02 1.572806119918823242e+00
8.974999934434890747e-02 1.494452953338623047e+00
9.324999898672103882e-02 1.425201654434204102e+00
9.674999862909317017e-02 1.356115698814392090e+00
1.002499982714653015e-01 1.287001132965087891e+00
1.037499979138374329e-01 1.226115226745605469e+00
1.072499975562095642e-01 1.160522937774658203e+00
1.107499971985816956e-01 1.106286287307739258e+00
1.142499968409538269e-01 1.053368449211120605e+00
1.177499964833259583e-01 9.974514245986938477e-01
1.212500035762786865e-01 9.477328658103942871e-01
1.247500032186508179e-01 9.005033969879150391e-01
1.282500028610229492e-01 8.555655479431152344e-01
1.317499876022338867e-01 8.105385899543762207e-01
1.352500021457672119e-01 7.699729800224304199e-01
1.387499868869781494e-01 7.282310128211975098e-01
1.422500014305114746e-01 6.891624331474304199e-01
1.457499861717224121e-01 6.544444561004638672e-01
1.492500007152557373e-01 6.227952241897583008e-01
1.527499854564666748e-01 5.872017741203308105e-01
1.562500000000000000e-01 5.572400093078613281e-01
1.597500145435333252e-01 5.290616750717163086e-01
1.632499992847442627e-01 5.002853274345397949e-01
1.667500138282775879e-01 4.729099869728088379e-01
1.702499985694885254e-01 4.496933221817016602e-01
1.737500131130218506e-01 4.239782392978668213e-01
1.772499978542327881e-01 4.015260338783264160e-01
1.807500123977661133e-01 3.814002871513366699e-01
1.842499971389770508e-01 3.611220717430114746e-01
1.877500116825103760e-01 3.412734270095825195e-01
1.912499964237213135e-01 3.214756250381469727e-01
1.947500109672546387e-01 3.056484758853912354e-01
1.982499957084655762e-01 2.889297604560852051e-01
2.017500102519989014e-01 2.751184403896331787e-01
2.052499949932098389e-01 2.593008577823638916e-01
2.087500095367431641e-01 2.445333451032638550e-01
2.122499942779541016e-01 2.316347956657409668e-01
2.157500088214874268e-01 2.192214727401733398e-01
2.192499935626983643e-01 2.077642828226089478e-01
2.227500081062316895e-01 1.964504569768905640e-01
2.262499928474426270e-01 1.856223195791244507e-01
2.297500073909759521e-01 1.746473163366317749e-01
2.332499921321868896e-01 1.659269779920578003e-01
2.367500066757202148e-01 1.578817963600158691e-01
2.402499914169311523e-01 1.479936838150024414e-01
2.437500059604644775e-01 1.407343298196792603e-01
2.472499907016754150e-01 1.324325948953628540e-01
2.507500052452087402e-01 1.257606893777847290e-01
2.542499899864196777e-01 1.199584007263183594e-01
2.577500045299530029e-01 1.133326068520545959e-01
2.612500190734863281e-01 1.075298041105270386e-01
2.647500038146972656e-01 1.017501130700111389e-01
2.682499885559082031e-01 9.582652896642684937e-02
2.717500030994415283e-01 9.031175076961517334e-02
2.752500176429748535e-01 8.492035418748855591e-02
2.787500023841857910e-01 8.151619136333465576e-02
2.822499871253967285e-01 7.714224606752395630e-02
2.857500016689300537e-01 7.304535061120986938e-02
2.892500162124633789e-01 6.887191534042358398e-02
2.927500009536743164e-01 6.595317274332046509e-02
2.962499856948852539e-01 6.237781047821044922e-02
2.997500002384185791e-01 5.879920348525047302e-02
3.032500147819519043e-01 5.548845976591110229e-02
3.067499995231628418e-01 5.273014307022094727e-02
3.102499842643737793e-01 5.002364888787269592e-02
3.137499988079071045e-01 4.753375798463821411e-02
3.172500133514404297e-01 4.553848132491111755e-02
3.207499980926513672e-01 4.262753948569297791e-02
3.242499828338623047e-01 4.084766656160354614e-02
3.277499973773956299e-01 3.880101069808006287e-02
3.312500119209289551e-01 3.666550293564796448e-02
3.347499966621398926e-01 3.500589728355407715e-02
3.382499814033508301e-01 3.289151936769485474e-02
3.417499959468841553e-01 3.137894347310066223e-02
3.452500104904174805e-01 3.014526516199111938e-02
3.487499952316284180e-01 2.842198684811592102e-02
3.522499799728393555e-01 2.690500952303409576e-02
3.557499945163726807e-01 2.574176900088787079e-02
3.592500090599060059e-01 2.480174414813518524e-02
3.627499938011169434e-01 2.378492057323455811e-02
3.662499785423278809e-01 2.240625023841857910e-02
3.697499930858612061e-01 2.115783840417861938e-02
3.732500076293945312e-01 2.013969235122203827e-02
3.767499923706054688e-01 1.933366246521472931e-02
3.802500069141387939e-01 1.836859993636608124e-02
3.837500214576721191e-01 1.738247647881507874e-02
3.872500061988830566e-01 1.659459993243217468e-02
3.907499909400939941e-01 1.588398590683937073e-02
3.942500054836273193e-01 1.510383654385805130e-02
3.977500200271606445e-01 1.437502074986696243e-02
4.012500047683715820e-01 1.374948304146528244e-02
4.047499895095825195e-01 1.311584562063217163e-02
4.082500040531158447e-01 1.237746607512235641e-02
4.117500185966491699e-01 1.190291717648506165e-02
4.152500033378601074e-01 1.129650045186281204e-02
4.187499880790710449e-01 1.055849343538284302e-02
4.222500026226043701e-01 1.035418640822172165e-02
4.257500171661376953e-01 9.671208448708057404e-03
4.292500019073486328e-01 9.495422244071960449e-03
4.327499866485595703e-01 8.852446451783180237e-03
4.362500011920928955e-01 8.539769798517227173e-03
4.397500157356262207e-01 8.013350889086723328e-03
4.432500004768371582e-01 7.483927067369222641e-03
4.467499852180480957e-01 7.016536314040422440e-03
4.502499997615814209e-01 6.812203209847211838e-03
4.537500143051147461e-01 6.438982207328081131e-03
4.572499990463256836e-01 6.073896773159503937e-03
4.607499837875366211e-01 5.871075671166181564e-03
4.642499983310699463e-01 5.646377801895141602e-03
4.677500128746032715e-01 5.313239060342311859e-03
4.712499976158142090e-01 4.997671581804752350e-03
4.747499823570251465e-01 4.781586583703756332e-03
4.782499969005584717e-01 4.482140298932790756e-03
4.817500114440917969e-01 4.332671873271465302e-03
4.852499961853027344e-01 4.039980005472898483e-03
4.887499809265136719e-01 3.801485290750861168e-03
4.922499954700469971e-01 3.526489716023206711e-03
4.957500100135803223e-01 3.394401632249355316e-03
4.992499947547912598e-01 3.261216683313250542e-03
5.027499794960021973e-01 3.048161277547478676e-03
5.062500238418579102e-01 2.891632262617349625e-03
5.097500085830688477e-01 2.732613123953342438e-03
5.132499933242797852e-01 2.588426694273948669e-03
5.167499780654907227e-01 2.462427597492933273e-03
5.202499628067016602e-01 2.270978642627596855e-03
5.237500071525573730e-01 2.151951659470796585e-03
5.272499918937683105e-01 2.083724131807684898e-03
5.307500362396240234e-01 1.998340245336294174e-03
5.342500209808349609e-01 1.797362696379423141e-03
5.377500057220458984e-01 1.718796673230826855e-03
5.412499904632568359e-01 1.654803985729813576e-03
5.447499752044677734e-01 1.550214947201311588e-03
5.482500195503234863e-01 1.500774873420596123e-03
5.517500042915344238e-01 1.409662887454032898e-03
5.552499890327453613e-01 1.281328150071203709e-03
5.587500333786010742e-01 1.247452804818749428e-03
5.622500181198120117e-01 1.149543677456676960e-03
5.657500028610229492e-01 1.096010208129882812e-03
5.692499876022338867e-01 1.004510559141635895e-03
5.727499723434448242e-01 9.593493887223303318e-04
5.762500166893005371e-01 9.042503079399466515e-04
5.797500014305114746e-01 8.985229651443660259e-04
5.832499861717224121e-01 7.797196158207952976e-04
5.867500305175781250e-01 7.659310358576476574e-04
5.902500152587890625e-01 7.237310055643320084e-04
5.937500000000000000e-01 6.587373209185898304e-04
5.972499847412109375e-01 6.462832097895443439e-04
6.007499694824218750e-01 5.975803942419588566e-04
6.042500138282775879e-01 5.548350745812058449e-04
6.077499985694885254e-01 5.523661966435611248e-04
6.112499833106994629e-01 4.948128480464220047e-04
6.147500276565551758e-01 4.728732455987483263e-04
6.182500123977661133e-01 4.230263002682477236e-04
6.217499971389770508e-01 4.349664086475968361e-04
6.252499818801879883e-01 3.988214011769741774e-04
6.287499666213989258e-01 3.804228617809712887e-04
6.322500109672546387e-01 3.322687989566475153e-04
6.357499957084655762e-01 3.284158883616328239e-04
6.392499804496765137e-01 2.926708548329770565e-04
6.427500247955322266e-01 2.729018160607665777e-04
6.462500095367431641e-01 2.732945722527801991e-04
6.497499942779541016e-01 2.501348499208688736e-04
6.532499790191650391e-01 2.302444918313995004e-04
6.567499637603759766e-01 2.106095489580184221e-04
6.602500081062316895e-01 2.172905660700052977e-04
6.637499928474426270e-01 2.001067623496055603e-04
6.672500371932983398e-01 1.880350610008463264e-04
6.707500219345092773e-01 1.743226312100887299e-04
6.742500066757202148e-01 1.698298874543979764e-04
6.777499914169311523e-01 1.557412469992414117e-04
6.812499761581420898e-01 1.412280980730429292e-04
6.847500205039978027e-01 1.328002108493819833e-04
6.882500052452087402e-01 1.251673093065619469e-04
6.917499899864196777e-01 1.139815503847785294e-04
6.952500343322753906e-01 1.253132213605567813e-04
6.987500190734863281e-01 1.115534105338156223e-04
7.022500038146972656e-01 1.068442361429333687e-04
7.057499885559082031e-01 1.018076291074976325e-04
7.092499732971191406e-01 9.021771984407678246e-05
7.127500176429748535e-01 8.253590203821659088e-05
7.162500023841857910e-01 8.272277773357927799e-05
7.197499871253967285e-01 7.789840310579165816e-05
7.232500314712524414e-01 8.223518671002238989e-05
7.267500162124633789e-01 6.906459748279303312e-05
7.302500009536743164e-01 6.607835530303418636e-05
7.337499856948852539e-01 7.137395732570439577e-05
7.372499704360961914e-01 6.394508818630129099e-05
7.407500147819519043e-01 6.201183714438229799e-05
7.442499995231628418e-01 5.350933133740909398e-05
7.477499842643737793e-01 4.623492350219748914e-05
7.512500286102294922e-01 4.296473343856632710e-05
7.547500133514404297e-01 4.359522790764458477e-05
7.582499980926513672e-01 4.246175376465544105e-05
7.617499828338623047e-01 4.668973997468128800e-05
7.652499675750732422e-01 4.458596595213748515e-05
7.687500119209289551e-01 4.246207026881165802e-05
7.722499966621398926e-01 4.500140130403451622e-05
7.757499814033508301e-01 3.304008714621886611e-05
7.792500257492065430e-01 3.199441562173888087e-05
7.827500104904174805e-01 3.405954339541494846e-05
7.862499952316284180e-01 3.224849569960497320e-05
7.897499799728393555e-01 2.692615453270263970e-05
7.932499647140502930e-01 3.160072810715064406e-05
7.967500090599060059e-01 2.636527278809808195e-05
8.002499938011169434e-01 2.580252657935488969e-05
8.037499785423278809e-01 2.359666723350528628e-05
8.072500228881835938e-01 2.492140447429846972e-05
8.107500076293945312e-01 2.676229087228421122e-05
8.142499923706054688e-01 2.826371019182261080e-05
8.177499771118164062e-01 2.407151441730093211e-05
8.212500214576721191e-01 2.324092747585382313e-05
8.247500061988830566e-01 2.482911077095195651e-05
8.282499909400939941e-01 1.698129017313476652e-05
8.317500352859497070e-01 2.128604683093726635e-05
8.352500200271606445e-01 1.835744660638738424e-05
8.387500047683715820e-01 1.915040411404334009e-05
8.422499895095825195e-01 2.314267658221069723e-05
8.457499742507934570e-01 1.987790892599150538e-05
8.492500185966491699e-01 1.890802923298906535e-05
8.527500033378601074e-01 2.024098648689687252e-05
8.562499880790710449e-01 2.168515857192687690e-05
8.597500324249267578e-01 1.943506504176184535e-05
8.632500171661376953e-01 1.759492988639976829e-05
8.667500019073486328e-01 1.468406026106094941e-05
8.702499866485595703e-01 1.702036024653352797e-05
8.737499713897705078e-01 2.602889799163676798e-05
8.772500157356262207e-01 1.494955267844488844e-05
8.807500004768371582e-01 1.586576945555862039e-05
8.842499852180480957e-01 1.652271203056443483e-05
8.877500295639038086e-01 1.947851706063374877e-05
8.912500143051147461e-01 1.830901965149678290e-05
8.947499990463256836e-01 1.525134757685009390e-05
8.982499837875366211e-01 1.456420704926131293e-05
9.017499685287475586e-01 1.835883267631288618e-05
9.052500128746032715e-01 1.974128463189117610e-05
9.087499976158142090e-01 1.721519765851553530e-05
9.122499823570251465e-01 2.124021193594671786e-05
9.157500267028808594e-01 1.813956623664125800e-05
9.192500114440917969e-01 1.625465847610030323e-05
9.227499961853027344e-01 1.766836612659972161e-05
9.262499809265136719e-01 1.595009780430700630e-05
9.297499656677246094e-01 2.127391053363680840e-05
9.332500100135803223e-01 2.136133480235002935e-05
9.367499947547912598e-01 2.374147516093216836e-05
9.402499794960021973e-01 1.545611667097546160e-05
9.437500238418579102e-01 1.684423114056698978e-05
9.472500085830688477e-01 2.073143696179613471e-05
9.507499933242797852e-01 2.700337790884077549e-05
9.542499780654907227e-01 2.800039510475471616e-05
9.577499628067016602e-01 2.108353328367229551e-05
9.612500071525573730e-01 2.082145147142000496e-05
9.647499918937683105e-01 2.123792728525586426e-05
9.682500362396240234e-01 2.405358645773958415e-05
9.717500209808349609e-01 1.855180016718804836e-05
9.752500057220458984e-01 1.994259218918159604e-05
9.787499904632568359e-01 2.549961027398239821e-05
9.822499752044677734e-01 2.761852556432131678e-05
9.857500195503234863e-01 2.848612166417296976e-05
9.892500042915344238e-01 2.170663901779334992e-05
9.927499890327453613e-01 2.123718331858981401e-05
9.962500333786010742e-01 2.171399682993069291e-05
9.997500181198120117e-01 2.351465082028880715e-05
1.003250002861022949e+00 2.026315632974728942e-05
1.006749987602233887e+00 2.350093745917547494e-05
1.010249972343444824e+00 2.275762381032109261e-05
1.013749957084655762e+00 2.202156065322924405e-05
1.017250061035156250e+00 1.947918826772365719e-05
1.020750045776367188e+00 2.155075526388827711e-05
1.024250030517578125e+00 2.151769876945763826e-05
1.027750015258789062e+00 3.240599107812158763e-05
1.031250000000000000e+00 2.640992352098692209e-05
1.034749984741210938e+00 2.543368827900849283e-05
1.038249969482421875e+00 2.565013710409402847e-05
1.041749954223632812e+00 2.268638309033121914e-05
1.045249938964843750e+00 2.240435969724785537e-05
1.048750042915344238e+00 1.732509554130956531e-05
1.052250027656555176e+00 2.077853787341155112e-05
1.055750012397766113e+00 1.651493403187487274e-05
1.059249997138977051e+00 1.633797728572972119e-05
1.062749981880187988e+00 2.081279671983793378e-05
1.066249966621398926e+00 2.071291237371042371e-05
1.069749951362609863e+00 1.854131187428720295e-05
1.073250055313110352e+00 1.818007331166882068e-05
1.076750040054321289e+00 1.392532703903270885e-05
1.080250024795532227e+00 1.499294739915058017e-05
1.083750009536743164e+00 1.641360722715035081e-05
1.087249994277954102e+00 1.819261888158507645e-05
1.090749979019165039e+00 1.570160929986741394e-05
1.094249963760375977e+00 1.775089003785979003e-05
1.097749948501586914e+00 1.640563459659460932e-05
1.101249933242797852e+00 1.606266960152424872e-05
1.104750037193298340e+00 2.044485881924629211e-05
1.108250021934509277e+00 2.205990494985599071e-05
1.111750006675720215e+00 1.998376683332026005e-05
1.115249991416931152e+00 1.903538577607832849e-05
1.118749976158142090e+00 1.853399407991673797e-05
1.122249960899353027e+00 1.734785837470553815e-05
1.125750064849853516e+00 1.856448761827778071e-05
1.129250049591064453e+00 2.005178248509764671e-05
1.132750034332275391e+00 1.576911563461180776e-05
1.136250019073486328e+00 1.709653588477522135e-05
1.139750003814697266e+00 2.424620288365986198e-05
1.143249988555908203e+00 1.851900378824211657e-05
1.146749973297119141e+00 1.661637543293181807e-05
1.150249958038330078e+00 2.094538649544119835e-05
1.153749942779541016e+00 2.222568036813754588e-05
1.157250046730041504e+00 2.498000503692310303e-05
1.160750031471252441e+00 2.581911394372582436e-05
1.164250016212463379e+00 2.213574407505802810e-05
1.167750000953674316e+00 2.143542769772466272e-05
1.171249985694885254e+00 2.350731847400311381e-05
1.174749970436096191e+00 3.510932219796814024e-05
1.178249955177307129e+00 3.113463026238605380e-05
1.181750059127807617e+00 3.127996023977175355e-05
1.185250043869018555e+00 3.183454100508242846e-05
1.188750028610229492e+00 3.018656207132153213e-05
1.192250013351440430e+00 3.603620280046015978e-05
1.195749998092651367e+00 3.473528704489581287e-05
1.199249982833862305e+00 3.236043630749918520e-05
1.202749967575073242e+00 3.201837171218357980e-05
1.206249952316284180e+00 3.640195791376754642e-05
1.209749937057495117e+00 3.411129728192463517e-05
1.213250041007995605e+00 3.637764893937855959e-05
1.216750025749206543e+00 3.960598405683413148e-05
1.220250010490417480e+00 4.111545058549381793e-05
1.223749995231628418e+00 4.556398198474198580e-05
1.227249979972839355e+00 4.527407872956246138e-05
1.230749964714050293e+00 4.923448796034790576e-05
1.234249949455261230e+00 4.617929153027944267e-05
1.237750053405761719e+00 4.513796739047393203e-05
1.241250038146972656e+00 4.919630009680986404e-05
1.244750022888183594e+00 5.218913793214596808e-05
1.248250007629394531e+00 5.727978714276105165e-05
1.251749992370605469e+00 5.275608782540075481e-05
1.255249977111816406e+00 6.075914279790595174e-05
1.258749961853027344e+00 5.714058715966530144e-05
1.262249946594238281e+00 5.777956903330050409e-05
1.265750050544738770e+00 6.702153041260316968e-05
1.269250035285949707e+00 6.590229895664379001e-05
1.272750020027160645e+00 7.514229946536943316e-05
1.276250004768371582e+00 6.730121822329238057e-05
1.279749989509582520e+00 7.718606502749025822e-05
1.283249974250793457e+00 7.514957542298361659e-05
1.286749958992004395e+00 7.452772842952981591e-05
1.290250062942504883e+00 7.024635851848870516e-05
1.293750047683715820e+00 7.186127186287194490e-05
1.297250032424926758e+00 8.043976413318887353e-05
1.300750017166137695e+00 8.854275802150368690e-05
1.304250001907348633e+00 8.557111141271889210e-05
1.307749986648559570e+00 8.040601096581667662e-05
1.311249971389770508e+00 9.145663352683186531e-05
1.314749956130981445e+00 8.794158202363178134e-05
1.318249940872192383e+00 9.661554213380441070e-05
1.321750044822692871e+00 9.666790720075368881e-05
1.325250029563903809e+00 9.425707685295492411e-05
1.328750014305114746e+00 1.015816669678315520e-04
1.332249999046325684e+00 1.003349098027683794e-04
1.335749983787536621e+00 9.756565123097971082e-05
1.339249968528747559e+00 9.290264279115945101e-05
1.342749953269958496e+00 9.550600952934473753e-05
1.346250057220458984e+00 9.701061208033934236e-05
1.349750041961669922e+00 1.083278693840838969e-04
1.353250026702880859e+00 1.066972108674235642e-04
1.356750011444091797e+00 1.110644661821424961e-04
1.360249996185302734e+00 1.039111739373765886e-04
1.363749980926513672e+00 1.141256143455393612e-04
1.367249965667724609e+00 1.215565789607353508e-04
1.370749950408935547e+00 1.146139256889000535e-04
1.374249935150146484e+00 1.198511017719283700e-04
1.377750039100646973e+00 1.302363234572112560e-04
1.381250023841857910e+00 1.178823804366402328e-04
1.384750008583068848e+00 1.186591689474880695e-04
1.388249993324279785e+00 1.183962813229300082e-04
1.391749978065490723e+00 1.142443506978452206e-04
1.395249962806701660e+00 1.261203578906133771e-04
1.398750066757202148e+00 1.255245151696726680e-04
1.402250051498413086e+00 1.156395373982377350e-04
1.405750036239624023e+00 1.145782589446753263e-04
1.409250020980834961e+00 1.276850234717130661e-04
1.412750005722045898e+00 1.189351169159635901e-04
1.416249990463256836e+00 1.280832802876830101e-04
1.419749975204467773e+00 1.145686183008365333e-04
1.423249959945678711e+00 1.174634089693427086e-04
1.426749944686889648e+00 1.221549464389681816e-04
1.430250048637390137e+00 1.045664248522371054e-04
1.433750033378601074e+00 1.117685751523822546e-04
1.437250018119812012e+00 1.215715528815053403e-04
1.440750002861022949e+00 9.928954386850818992e-05
1.444249987602233887e+00 1.035215391311794519e-04
1.447749972343444824e+00 9.812341158976778388e-05
1.451249957084655762e+00 1.086829870473593473e-04
1.454750061035156250e+00 1.113752514356747270e-04
1.458250045776367188e+00 1.061672446667216718e-04
1.461750030517578125e+00 1.040347488014958799e-04
1.465250015258789062e+00 1.085408221115358174e-04
1.468750000000000000e+00 1.019825285766273737e-04
1.472249984741210938e+00 1.043087177095003426e-04
1.475749969482421875e+00 9.372862405143678188e-05
1.479249954223632812e+00 9.904122998705133796e-05
1.482749938964843750e+00 9.523022890789434314e-05
1.486250042915344238e+00 9.028096974361687899e-05
1.489750027656555176e+00 7.207799353636801243e-05
1.493250012397766113e+00 1.014234730973839760e-04
1.496749997138977051e+00 8.400685328524559736e-05
1.500249981880187988e+00 7.805154746165499091e-05
1.503749966621398926e+00 8.380171493627130985e-05
1.507249951362609863e+00 9.021755249705165625e-05
1.510750055313110352e+00 8.079137478489428759e-05
1.514250040054321289e+00 7.779094448778778315e-05
1.517750024795532227e+00 8.136278484016656876e-05
1.521250009536743164e+00 9.384075383422896266e-05
1.524749994277954102e+00 8.451966277789324522e-05
1.528249979019165039e+00 5.695959771401248872e-05
1.531749963760375977e+00 7.319429278140887618e-05
1.535249948501586914e+00 6.306471914285793900e-05
1.538749933242797852e+00 6.177108298288658261e-05
1.542250037193298340e+00 5.358352063922211528e-05
1.545750021934509277e+00 7.169233140302821994e-05
1.549250006675720215e+00 6.762077828170731664e-05
1.552749991416931152e+00 6.213554297573864460e-05
1.556249976158142090e+00 5.367398262023925781e-05
1.559749960899353027e+00 4.939590508001856506e-05
1.563250064849853516e+00 5.896876973565667868e-05
1.566750049591064453e+00 4.736615301226265728e-05
1.570250034332275391e+00 5.583140955423004925e-05
1.573750019073486328e+00 4.750255175167694688e-05
1.577250003814697266e+00 3.802698120125569403e-05
1.580749988555908203e+00 5.204735498409718275e-05
1.584249973297119141e+00 4.456057649804279208e-05
1.587749958038330078e+00 4.951783557771705091e-05
1.591249942779541016e+00 4.280649955035187304e-05
1.594750046730041504e+00 3.836177347693592310e-05
1.598250031471252441e+00 4.053433440276421607e-05
1.601750016212463379e+00 4.870371049037203193e-05
1.605250000953674316e+00 3.163400469929911196e-05
1.608749985694885254e+00 3.928379373974166811e-05
1.612249970436096191e+00 3.595455200411379337e-05
1.615749955177307129e+00 3.998318061348982155e-05
1.619250059127807617e+00 4.753114262712188065e-05
1.622750043869018555e+00 1.545365012134425342e-05
1.626250028610229492e+00 3.160461710649542511e-05
1.629750013351440430e+00 2.494307045708410442e-05
1.633249998092651367e+00 3.121828194707632065e-05
1.636749982833862305e+00 2.815500556607730687e-05
1.640249967575073242e+00 2.331995710846967995e-05
1.643749952316284180e+00 3.129901961074210703e-05
1.647249937057495117e+00 2.762242911558132619e-05
1.650750041007995605e+00 2.643760308274067938e-05
1.654250025749206543e+00 1.830066685215570033e-05
1.657750010490417480e+00 2.090218549710698426e-05
1.661249995231628418e+00 1.713554593152366579e-05
1.664749979972839355e+00 1.528145912743639201e-05
1.668249964714050293e+00 2.559279892011545599e-05
1.671749949455261230e+00 1.913712731038685888e-05
1.675250053405761719e+00 2.882509215851314366e-05
1.678750038146972656e+00 3.051276871701702476e-05
1.682250022888183594e+00 2.590317672002129257e-05
1.685750007629394531e+00 1.716045153443701565e-05
1.689249992370605469e+00 2.157168273697607219e-05
1.692749977111816406e+00 2.210907223343383521e-05
1.696249961853027344e+00 2.576901351858396083e-05
1.699749946594238281e+00 1.987019277294166386e-05
1.703250050544738770e+00 1.903320662677288055e-05
1.706750035285949707e+00 8.595145118306390941e-06
1.710250020027160645e+00 1.442896609660238028e-05
1.713750004768371582e+00 2.550049066485371441e-05
1.717249989509582520e+00 9.819220395002048463e-06
1.720749974250793457e+00 1.334388343821046874e-05
1.724249958992004395e+00 1.459620398236438632e-05
1.727750062942504883e+00 2.807332020893227309e-05
1.731250047683715820e+00 8.724156941752880812e-06
1.734750032424926758e+00 1.851487468229606748e-05
1.738250017166137695e+00 1.954503204615321010e-05
1.741750001907348633e+00 2.129658241756260395e-05
1.745249986648559570e+00 9.435510946786962450e-06
1.748749971389770508e+00 1.743323809932917356e-05
1.752249956130981445e+00 5.338827122614020482e-06
1.755749940872192383e+00 3.604871608331450261e-06
1.759250044822692871e+00 9.614092959964182228e-06
1.762750029563903809e+00 1.158247505372855812e-05
1.766250014305114746e+00 1.340258404525229707e-05
1.769749999046325684e+00 1.832516500144265592e-05
1.773249983787536621e+00 8.790134415903594345e-06
1.776749968528747559e+00 1.115519899030914530e-05
1.780249953269958496e+00 1.933476050908211619e-05
1.783750057220458984e+00 1.631882878427859396e-05
1.787250041961669922e+00 7.876163181208539754e-06
1.790750026702880859e+00 1.776296812749933451e-05
1.794250011444091797e+00 4.278216238162713125e-06
1.797749996185302734e+00 7.653658940398599952e-06
1.801249980926513672e+00 6.012277026457013562e-06
1.804749965667724609e+00 2.167904085581540130e-06
1.808249950408935547e+00 1.231311671290313825e-05
1.811749935150146484e+00 8.353486919077113271e-06
1.815250039100646973e+00 6.432460850192001089e-06
1.818750023841857910e+00 0.000000000000000000e+00
1.822250008583068848e+00 2.177034275518963113e-06
1.825749993324279785e+00 4.555362920655170456e-06
1.829249978065490723e+00 2.327964693904505111e-06
1.832749962806701660e+00 2.344101176277035847e-06
1.836250066757202148e+00 3.036946736756362952e-06
1.839750051498413086e+00 8.567913937440607697e-06
1.843250036239624023e+00 2.854161948562250473e-06
1.846750020980834961e+00 9.398853762832004577e-06
1.850250005722045898e+00 4.422858637553872541e-06
1.853749990463256836e+00 2.684412947928649373e-06
1.857249975204467773e+00 8.976926437753718346e-06
1.860749959945678711e+00 2.371461505390470847e-06
1.864249944686889648e+00 6.986691005295142531e-06
1.867750048637390137e+00 2.248826831419137307e-06
1.871250033378601074e+00 7.750781151116825640e-06
1.874750018119812012e+00 2.538972694310359657e-06
1.878250002861022949e+00 4.771327894559362903e-06
1.881749987602233887e+00 2.283639332745224237e-06
1.885249972343444824e+00 1.288393559661926702e-05
1.888749957084655762e+00 5.196100573812145740e-06
1.892250061035156250e+00 9.650778338254895061e-06
1.895750045776367188e+00 2.713738922466291115e-06
1.899250030517578125e+00 2.710046373977093026e-06
1.902750015258789062e+00 5.288179636409040540e-06
1.906250000000000000e+00 7.537187229900155216e-06
1.909749984741210938e+00 7.836750228307209909e-06
1.913249969482421875e+00 5.196063284529373050e-06
1.916749954223632812e+00 5.487025191541761160e-06
1.920249938964843750e+00 0.000000000000000000e+00
1.923750042915344238e+00 8.682532097736839205e-06
1.927250027656555176e+00 5.323967798176454380e-06
1.930750012397766113e+00 1.688111979092354886e-06
1.934249997138977051e+00 2.662831320776604116e-06
1.937749981880187988e+00 1.098819575418019667e-05
1.941249966621398926e+00 2.981767920573474839e-06
1.944749951362609863e+00 0.000000000000000000e+00
1.948250055313110352e+00 2.557510697442921810e-06
1.951750040054321289e+00 2.691449026315240189e-06
1.955250024795532227e+00 0.000000000000000000e+00
1.958750009536743164e+00 3.125958528471528552e-06
1.962249994277954102e+00 2.753245553321903571e-06
1.965749979019165039e+00 8.793014785624109209e-06
1.969249963760375977e+00 0.000000000000000000e+00
1.972749948501586914e+00 2.938204033853253350e-06
1.976249933242797852e+00 3.231461505492916331e-06
1.979750037193298340e+00 0.000000000000000000e+00
1.983250021934509277e+00 0.000000000000000000e+00
1.986750006675720215e+00 0.000000000000000000e+00
1.990249991416931152e+00 6.498955372080672532e-06
1.993749976158142090e+00 3.174449602738604881e-06
1.997249960899353027e+00 3.287868594270548783e-06
2.000750064849853516e+00 6.675445092696463689e-06
2.004250049591064453e+00 6.802375082770595327e-06
2.007750034332275391e+00 3.393616680114064366e-06
2.011250019073486328e+00 3.278033773312927224e-06
2.014750003814697266e+00 0.000000000000000000e+00
2.018249988555908203e+00 3.264297220084699802e-06
2.021749973297119141e+00 1.006399361358489841e-05
2.025249958038330078e+00 0.000000000000000000e+00
2.028749942779541016e+00 0.000000000000000000e+00
2.032249927520751953e+00 0.000000000000000000e+00
2.035749912261962891e+00 0.000000000000000000e+00
2.039249897003173828e+00 7.062067652441328391e-06
2.042749881744384766e+00 5.830087957292562351e-06
2.046250104904174805e+00 3.420398797970847227e-06
2.049750089645385742e+00 3.710668806888861582e-06
2.053250074386596680e+00 3.641708190116332844e-06
2.056750059127807617e+00 0.000000000000000000e+00
2.060250043869018555e+00 0.000000000000000000e+00
2.063750028610229492e+00 3.769393515540286899e-06
2.067250013351440430e+00 0.000000000000000000e+00
2.070749998092651367e+00 1.101256475521950051e-05
2.074249982833862305e+00 0.000000000000000000e+00
2.077749967575073242e+00 0.000000000000000000e+00
2.081249952316284180e+00 7.912207365734502673e-06
2.084749937057495117e+00 0.000000000000000000e+00
2.088249921798706055e+00 0.000000000000000000e+00
2.091749906539916992e+00 0.000000000000000000e+00
2.095249891281127930e+00 4.055546014569699764e-06
2.098750114440917969e+00 0.000000000000000000e+00
2.102250099182128906e+00 0.000000000000000000e+00
2.105750083923339844e+00 4.039412488054949790e-06
2.109250068664550781e+00 0.000000000000000000e+00
2.112750053405761719e+00 3.797793397097848356e-06
2.116250038146972656e+00 3.750921678147278726e-06
2.119750022888183594e+00 8.353737030120100826e-06
2.123250007629394531e+00 0.000000000000000000e+00
2.126749992370605469e+00 0.000000000000000000e+00
2.130249977111816406e+00 0.000000000000000000e+00
2.133749961853027344e+00 0.000000000000000000e+00
2.137249946594238281e+00 1.712343328108545393e-05
2.140749931335449219e+00 4.356224962975829840e-06
2.144249916076660156e+00 0.000000000000000000e+00
2.147749900817871094e+00 4.326190719439182431e-06
2.151249885559082031e+00 0.000000000000000000e+00
2.154750108718872070e+00 4.440791599336080253e-06
2.158250093460083008e+00 0.000000000000000000e+00
2.161750078201293945e+00 4.578039806801825762e-06
2.165250062942504883e+00 4.628791884897509590e-06
2.168750047683715820e+00 0.000000000000000000e+00
2.172250032424926758e+00 0.000000000000000000e+00
2.175750017166137695e+00 9.168065844278316945e-06
2.179250001907348633e+00 4.635370714822784066e-06
2.182749986648559570e+00 1.173070904769701883e-05
2.186249971389770508e+00 4.770633495354559273e-06
2.189749956130981445e+00 0.000000000000000000e+00
2.193249940872192383e+00 0.000000000000000000e+00
2.196749925613403320e+00 8.923549103201366961e-06
2.200249910354614258e+00 1.425122263754019514e-05
2.203749895095825195e+00 0.000000000000000000e+00
2.207250118255615234e+00 9.564054380462039262e-06
2.210750102996826172e+00 4.855276529269758612e-06
2.214250087738037109e+00 0.000000000000000000e+00
2.217750072479248047e+00 4.675143372878665105e-06
2.221250057220458984e+00 1.012413031276082620e-05
2.224750041961669922e+00 0.000000000000000000e+00
2.228250026702880859e+00 4.412128873809706420e-06
2.231750011444091797e+00 1.017933482216903940e-05
2.235249996185302734e+00 1.540008634037803859e-05
2.238749980926513672e+00 5.200415671424707398e-06
2.242249965667724609e+00 0.000000000000000000e+00
2.245749950408935547e+00 4.657676527131116018e-06
2.249249935150146484e+00 5.169604719412745908e-06
2.252749919891357422e+00 4.944743977830512449e-06
2.256249904632568359e+00 0.000000000000000000e+00
2.259749889373779297e+00 5.281011908664368093e-06
2.263249874114990234e+00 0.000000000000000000e+00
2.266750097274780273e+00 1.085603889805497602e-05
2.270250082015991211e+00 0.000000000000000000e+00
2.273750066757202148e+00 5.534441243071341887e-06
2.277250051498413086e+00 5.496014182426733896e-06
2.280750036239624023e+00 0.000000000000000000e+00
2.284250020980834961e+00 0.000000000000000000e+00
2.287750005722045898e+00 0.000000000000000000e+00
2.291249990463256836e+00 0.000000000000000000e+00
2.294749975204467773e+00 5.704195245925802737e-06
2.298249959945678711e+00 0.000000000000000000e+00
2.301749944686889648e+00 0.000000000000000000e+00
2.305249929428100586e+00 1.728410825307946652e-05
2.308749914169311523e+00 1.084496398107148707e-05
2.312249898910522461e+00 5.811658411403186619e-06
2.315750122070312500e+00 5.751873686676844954e-06
2.319250106811523438e+00 5.921043793932767585e-06
2.322750091552734375e+00 1.176773730549030006e-05
2.326250076293945312e+00 0.000000000000000000e+00
2.329750061035156250e+00 0.000000000000000000e+00
2.333250045776367188e+00 6.019119155098451301e-06
2.336750030517578125e+00 0.000000000000000000e+00
2.340250015258789062e+00 6.067731192160863429e-06
2.343750000000000000e+00 0.000000000000000000e+00
2.347249984741210938e+00 5.776604666607454419e-06
2.350749969482421875e+00 1.756801430019550025e-05
2.354249954223632812e+00 0.000000000000000000e+00
2.357749938964843750e+00 5.933156444370979443e-06
2.361249923706054688e+00 0.000000000000000000e+00
2.364749908447265625e+00 0.000000000000000000e+00
2.368249893188476562e+00 1.244283885171171278e-05
2.371749877929687500e+00 6.413113169401185587e-06
2.375250101089477539e+00 1.276211514777969569e-05
2.378750085830688477e+00 3.784230284509249032e-05
2.382250070571899414e+00 0.000000000000000000e+00
2.385750055313110352e+00 1.947644159372430295e-05
2.389250040054321289e+00 0.000000000000000000e+00
2.392750024795532227e+00 1.270656957785831764e-05
2.396250009536743164e+00 0.000000000000000000e+00
2.399749994277954102e+00 0.000000000000000000e+00
2.403249979019165039e+00 0.000000000000000000e+00
2.406749963760375977e+00 0.000000000000000000e+00
2.410249948501586914e+00 6.724902959831524640e-06
2.413749933242797852e+00 6.779599516448797658e-06
2.417249917984008789e+00 6.090338501962833107e-06
2.420749902725219727e+00 0.000000000000000000e+00
2.424250125885009766e+00 0.000000000000000000e+00
2.427750110626220703e+00 6.242500603548251092e-06
2.431250095367431641e+00 6.934906195965595543e-06
2.434750080108642578e+00 0.000000000000000000e+00
2.438250064849853516e+00 6.956040124350693077e-06
2.441750049591064453e+00 0.000000000000000000e+00
2.445250034332275391e+00 1.410931599821196869e-05
2.448750019073486328e+00 0.000000000000000000e+00
2.452250003814697266e+00 7.044603535177884623e-06
2.455749988555908203e+00 0.000000000000000000e+00
2.459249973297119141e+00 1.436715137970168144e-05
2.462749958038330078e+00 0.000000000000000000e+00
2.466249942779541016e+00 0.000000000000000000e+00
2.469749927520751953e+00 0.000000000000000000e+00
2.473249912261962891e+00 7.337774604820879176e-06
2.476749897003173828e+00 0.000000000000000000e+00
2.480249881744384766e+00 7.348530743911396712e-06
2.483750104904174805e+00 6.909875082783401012e-06
2.487250089645385742e+00 0.000000000000000000e+00
2.490750074386596680e+00 2.256640618725214154e-05
2.494250059127807617e+00 7.557418484793743119e-06
2.497750043869018555e+00 7.545033440692350268e-06
2.501250028610229492e+00 0.000000000000000000e+00
2.504750013351440430e+00 7.695280146435834467e-06
2.508249998092651367e+00 0.000000000000000000e+00
2.511749982833862305e+00 7.768445357214659452e-06
2.515249967575073242e+00 0.000000000000000000e+00
2.518749952316284180e+00 7.668312719033565372e-06
2.522249937057495117e+00 0.000000000000000000e+00
2.525749921798706055e+00 7.016450581431854516e-06
2.529249906539916992e+00 0.000000000000000000e+00
2.532749891281127930e+00 1.523405535408528522e-05
2.536250114440917969e+00 8.004721166798844934e-06
2.539750099182128906e+00 7.973944775585550815e-06
2.543250083923339844e+00 0.000000000000000000e+00
2.546750068664550781e+00 0.000000000000000000e+00
2.550250053405761719e+00 0.000000000000000000e+00
2.553750038146972656e+00 0.000000000000000000e+00
2.557250022888183594e+00 8.242817784775979817e-06
2.560750007629394531e+00 7.735144208709243685e-06
2.564249992370605469e+00 0.000000000000000000e+00
2.567749977111816406e+00 8.347996299562510103e-06
2.571249961853027344e+00 8.380614417546894401e-06
2.574749946594238281e+00 0.000000000000000000e+00
2.578249931335449219e+00 8.382692612940445542e-06
2.581749916076660156e+00 0.000000000000000000e+00
2.585249900817871094e+00 8.386378794966731220e-06
2.588749885559082031e+00 8.579103450756520033e-06
2.592250108718872070e+00 0.000000000000000000e+00
2.595750093460083008e+00 0.000000000000000000e+00
2.599250078201293945e+00 8.638015060569159687e-06
2.602750062942504883e+00 0.000000000000000000e+00
2.606250047683715820e+00 8.521798918081913143e-06
2.609750032424926758e+00 8.799712304607965052e-06
2.613250017166137695e+00 0.000000000000000000e+00
2.616750001907348633e+00 0.000000000000000000e+00
2.620249986648559570e+00 0.000000000000000000e+00
2.623749971389770508e+00 1.783015977707691491e-05
2.627249956130981445e+00 1.796163087419699878e-05
2.630749940872192383e+00 8.956350939115509391e-06
2.634249925613403320e+00 8.889187483873683959e-06
2.637749910354614258e+00 0.000000000000000000e+00
2.641249895095825195e+00 0.000000000000000000e+00
2.644750118255615234e+00 0.000000000000000000e+00
2.648250102996826172e+00 0.000000000000000000e+00
2.651750087738037109e+00 0.000000000000000000e+00
2.655250072479248047e+00 1.848770079959649593e-05
2.658750057220458984e+00 0.000000000000000000e+00
2.662250041961669922e+00 0.000000000000000000e+00
2.665750026702880859e+00 3.735059362952597439e-05
2.669250011444091797e+00 0.000000000000000000e+00
2.672749996185302734e+00 0.000000000000000000e+00
2.676249980926513672e+00 0.000000000000000000e+00
2.679749965667724609e+00 0.000000000000000000e+00
2.683249950408935547e+00 9.622393008612561971e-06
2.686749935150146484e+00 0.000000000000000000e+00
2.690249919891357422e+00 0.000000000000000000e+00
2.693749904632568359e+00 0.000000000000000000e+00
2.697249889373779297e+00 0.000000000000000000e+00
2.700749874114990234e+00 0.000000000000000000e+00
2.704250097274780273e+00 0.000000000000000000e+00
2.707750082015991211e+00 9.740349014464300126e-06
2.711250066757202148e+00 0.000000000000000000e+00
2.714750051498413086e+00 0.000000000000000000e+00
2.718250036239624023e+00 0.000000000000000000e+00
2.721750020980834961e+00 2.011300966842100024e-05
2.725250005722045898e+00 0.000000000000000000e+00
2.728749990463256836e+00 0.000000000000000000e+00
2.732249975204467773e+00 9.327463885711040348e-06
2.735749959945678711e+00 1.023545792122604325e-05
2.739249944686889648e+00 1.030255498335463926e-05
2.742749929428100586e+00 0.000000000000000000e+00
2.746249914169311523e+00 0.000000000000000000e+00
2.749749898910522461e+00 0.000000000000000000e+00
2.753250122070312500e+00 1.047934347297996283e-05
2.756750106811523438e+00 0.000000000000000000e+00
2.760250091552734375e+00 8.871776117302943021e-06
2.763750076293945312e+00 0.000000000000000000e+00
2.767250061035156250e+00 9.203145964420400560e-06
2.770750045776367188e+00 0.000000000000000000e+00
2.774250030517578125e+00 0.000000000000000000e+00
2.777750015258789062e+00 0.000000000000000000e+00
2.781250000000000000e+00 0.000000000000000000e+00
2.784749984741210938e+00 0.000000000000000000e+00
2.788249969482421875e+00 0.000000000000000000e+00
2.791749954223632812e+00 0.000000000000000000e+00
2.795249938964843750e+00 0.000000000000000000e+00
2.798749923706054688e+00 0.000000000000000000e+00
2.802249908447265625e+00 0.000000000000000000e+00
2.805749893188476562e+00 1.042610165313817561e-05
2.809249877929687500e+00 0.000000000000000000e+00
2.812750101089477539e+00 1.120249180530663580e-05
2.816250085830688477e+00 0.000000000000000000e+00
2.819750070571899414e+00 0.000000000000000000e+00
2.823250055313110352e+00 0.000000000000000000e+00
2.826750040054321289e+00 0.000000000000000000e+00
2.830250024795532227e+00 0.000000000000000000e+00
2.833750009536743164e+00 0.000000000000000000e+00
2.837249994277954102e+00 0.000000000000000000e+00
2.840749979019165039e+00 0.000000000000000000e+00
2.844249963760375977e+00 0.000000000000000000e+00
2.847749948501586914e+00 0.000000000000000000e+00
2.851249933242797852e+00 0.000000000000000000e+00
2.854749917984008789e+00 1.166817582998191938e-05
2.858249902725219727e+00 2.343257801840081811e-05
2.861750125885009766e+00 0.000000000000000000e+00
2.865250110626220703e+00 0.000000000000000000e+00
2.868750095367431641e+00 0.000000000000000000e+00
2.872250080108642578e+00 1.188775877380976453e-05
2.875750064849853516e+00 0.000000000000000000e+00
2.879250049591064453e+00 1.107182561099762097e-05
2.882750034332275391e+00 0.000000000000000000e+00
2.886250019073486328e+00 0.000000000000000000e+00
2.889750003814697266e+00 0.000000000000000000e+00
2.893249988555908203e+00 0.000000000000000000e+00
2.896749973297119141e+00 0.000000000000000000e+00
2.900249958038330078e+00 0.000000000000000000e+00
2.903749942779541016e+00 0.000000000000000000e+00
2.907249927520751953e+00 1.236601474374765530e-05
2.910749912261962891e+00 2.482077798049431294e-05
2.914249897003173828e+00 0.000000000000000000e+00
2.917749881744384766e+00 0.000000000000000000e+00
2.921250104904174805e+00 0.000000000000000000e+00
2.924750089645385742e+00 0.000000000000000000e+00
2.928250074386596680e+00 0.000000000000000000e+00
2.931750059127807617e+00 0.000000000000000000e+00
2.935250043869018555e+00 0.000000000000000000e+00
2.938750028610229492e+00 0.000000000000000000e+00
2.942250013351440430e+00 0.000000000000000000e+00
2.945749998092651367e+00 1.255376537301344797e-05
2.949249982833862305e+00 0.000000000000000000e+00
2.952749967575073242e+00 0.000000000000000000e+00
2.956249952316284180e+00 0.000000000000000000e+00
2.959749937057495117e+00 0.000000000000000000e+00
2.963249921798706055e+00 0.000000000000000000e+00
2.966749906539916992e+00 0.000000000000000000e+00
2.970249891281127930e+00 0.000000000000000000e+00
2.973750114440917969e+00 0.000000000000000000e+00
2.977250099182128906e+00 0.000000000000000000e+00
2.980750083923339844e+00 0.000000000000000000e+00
2.984250068664550781e+00 0.000000000000000000e+00
2.987750053405761719e+00 0.000000000000000000e+00
2.991250038146972656e+00 0.000000000000000000e+00
2.994750022888183594e+00 0.000000000000000000e+00
2.998250007629394531e+00 0.000000000000000000e+00
