-4.982500076293945312e-01 0.000000000000000000e+00
-4.947499930858612061e-01 0.000000000000000000e+00
-4.912499785423278809e-01 0.000000000000000000e+00
-4.877499938011169434e-01 0.000000000000000000e+00
-4.842500090599060059e-01 0.000000000000000000e+00
-4.807499945163726807e-01 0.000000000000000000e+00
-4.772499799728393555e-01 0.000000000000000000e+00
-4.737499952316284180e-01 0.000000000000000000e+00
-4.702500104904174805e-01 0.000000000000000000e+00
-4.667499959468841553e-01 0.000000000000000000e+00
-4.632499814033508301e-01 0.000000000000000000e+00
-4.597499966621398926e-01 0.000000000000000000e+00
-4.562500119209289551e-01 0.000000000000000000e+00
-4.527499973773956299e-01 0.000000000000000000e+00
-4.492499828338623047e-01 0.000000000000000000e+00
-4.457499980926513672e-01 0.000000000000000000e+00
-4.422500133514404297e-01 0.000000000000000000e+00
-4.387499988079071045e-01 0.000000000000000000e+00
-4.352499842643737793e-01 0.000000000000000000e+00
-4.317499995231628418e-01 0.000000000000000000e+00
-4.282500147819519043e-01 0.000000000000000000e+00
-4.247500002384185791e-01 0.000000000000000000e+00
-4.212499856948852539e-01 0.000000000000000000e+00
-4.177500009536743164e-01 0.000000000000000000e+00
-4.142500162124633789e-01 0.000000000000000000e+00
-4.107500016689300537e-01 0.000000000000000000e+00
-4.072499871253967285e-01 0.000000000000000000e+00
-4.037500023841857910e-01 0.000000000000000000e+00
-4.002500176429748535e-01 0.000000000000000000e+00
-3.967500030994415283e-01 0.000000000000000000e+00
-3.932499885559082031e-01 0.000000000000000000e+00
-3.897500038146972656e-01 0.000000000000000000e+00
-3.862500190734863281e-01 0.000000000000000000e+00
-3.827500045299530029e-01 0.000000000000000000e+00
-3.792499899864196777e-01 0.000000000000000000e+00
-3.757500052452087402e-01 0.000000000000000000e+00
-3.722500205039978027e-01 0.000000000000000000e+00
-3.687500059604644775e-01 0.000000000000000000e+00
-3.652499914169311523e-01 0.000000000000000000e+00
-3.617500066757202148e-01 0.000000000000000000e+00
-3.582500219345092773e-01 0.000000000000000000e+00
-3.547499775886535645e-01 0.000000000000000000e+00
-3.512499928474426270e-01 0.000000000000000000e+00
-3.477500081062316895e-01 0.000000000000000000e+00
-3.442499935626983643e-01 0.000000000000000000e+00
-3.407499790191650391e-01 0.000000000000000000e+00
-3.372499942779541016e-01 0.000000000000000000e+00
-3.337500095367431641e-01 0.000000000000000000e+00
-3.302499949932098389e-01 0.000000000000000000e+00
-3.267499804496765137e-01 0.000000000000000000e+00
-3.232499957084655762e-01 0.000000000000000000e+00
-3.197500109672546387e-01 0.000000000000000000e+00
-3.162499964237213135e-01 0.000000000000000000e+00
-3.127499818801879883e-01 0.000000000000000000e+00
-3.092499971389770508e-01 0.000000000000000000e+00
-3.057500123977661133e-01 0.000000000000000000e+00
-3.022499978542327881e-01 0.000000000000000000e+00
-2.987499833106994629e-01 0.000000000000000000e+00
-2.952499985694885254e-01 0.000000000000000000e+00
-2.917500138282775879e-01 0.000000000000000000e+00
-2.882499992847442627e-01 0.000000000000000000e+00
-2.847499847412109375e-01 0.000000000000000000e+00
-2.812500000000000000e-01 0.000000000000000000e+00
-2.777500152587890625e-01 0.000000000000000000e+00
-2.742500007152557373e-01 0.000000000000000000e+00
-2.707499861717224121e-01 0.000000000000000000e+00
-2.672500014305114746e-01 0.000000000000000000e+00
-2.637500166893005371e-01 0.000000000000000000e+00
-2.602500021457672119e-01 0.000000000000000000e+00
-2.567499876022338867e-01 0.000000000000000000e+00
-2.532500028610229492e-01 0.000000000000000000e+00
-2.497500032186508179e-01 0.000000000000000000e+00
-2.462500035762786865e-01 0.000000000000000000e+00
-2.427499890327453613e-01 0.000000000000000000e+00
-2.392500042915344238e-01 0.000000000000000000e+00
-2.357499897480010986e-01 0.000000000000000000e+00
-2.322500050067901611e-01 5.152948442636444888e-06
-2.287499904632568359e-01 5.116285332806991355e-06
-2.252500057220458984e-01 1.021692027015310164e-05
-2.217499911785125732e-01 3.046364885437192072e-05
-2.182500064373016357e-01 7.061463181301679318e-05
-2.147499918937683105e-01 1.102961548166399926e-04
-2.112500071525573730e-01 2.243223413925959670e-04
-2.077499926090240479e-01 3.470418994454598166e-04
-2.042500078678131104e-01 5.865905519323823996e-04
-2.007499933242797852e-01 9.749042063493322226e-04
-1.972500085830688477e-01 1.490132142145174018e-03
-1.937499940395355225e-01 2.377708457676834010e-03
-1.902500092983245850e-01 3.869939985548707939e-03
-1.867499947547912598e-01 5.733276736456583041e-03
-1.832500100135803223e-01 9.085551503005559817e-03
-1.797499954700469971e-01 1.323107258860860107e-02
-1.762500107288360596e-01 1.953664570850430909e-02
-1.727499961853027344e-01 2.877077273880064220e-02
-1.692500114440917969e-01 4.099378759284052348e-02
-1.657499969005584717e-01 5.848426019612351645e-02
-1.622500121593475342e-01 8.007356377578317419e-02
-1.587499976158142090e-01 1.091852513856737261e-01
-1.552500128746032715e-01 1.470927011209944568e-01
-1.517499983310699463e-01 1.947917185584770172e-01
-1.482500135898590088e-01 2.547724243502077490e-01
-1.447499990463256836e-01 3.250480311264180022e-01
-1.412500143051147461e-01 4.147296497801358228e-01
-1.377499997615814209e-01 5.223372808807774659e-01
-1.342500001192092896e-01 6.448695034667893955e-01
-1.307500004768371582e-01 7.900414100394713701e-01
-1.272499859333038330e-01 9.566493556156939748e-01
-1.237500011920928955e-01 1.139283406939146426e+00
-1.202500015497207642e-01 1.350295043605939327e+00
-1.167500019073486328e-01 1.579592818670041865e+00
-1.132500022649765015e-01 1.827259600892789493e+00
-1.097500026226043701e-01 2.098003137950555264e+00
-1.062500029802322388e-01 2.384273563761055037e+00
-1.027500033378601074e-01 2.676639270786348668e+00
-9.925000369548797607e-02 2.993040431149235570e+00
-9.574999660253524780e-02 3.301697292015558283e+00
-9.224999696016311646e-02 3.618903246226851778e+00
-8.874999731779098511e-02 3.941185471814559360e+00
-8.524999767541885376e-02 4.265907032556415679e+00
-8.174999803304672241e-02 4.574224054187650879e+00
-7.824999839067459106e-02 4.867399780234805462e+00
-7.474999874830245972e-02 5.155248669063245082e+00
-7.124999910593032837e-02 5.415980798407656671e+00
-6.774999946355819702e-02 5.659935783742375826e+00
-6.424999982118606567e-02 5.873817113357345576e+00
-6.075000017881393433e-02 6.071940765981912236e+00
-5.725000053644180298e-02 6.240935642127230842e+00
-5.375000089406967163e-02 6.396305730214264962e+00
-5.025000125169754028e-02 6.497667448728297046e+00
-4.675000160932540894e-02 6.589113524832654889e+00
-4.325000196695327759e-02 6.641087984116987641e+00
-3.974999859929084778e-02 6.667361560161587875e+00
-3.624999895691871643e-02 6.659657879911923928e+00
-3.274999931454658508e-02 6.646840342598756557e+00
-2.924999967217445374e-02 6.591697910722233544e+00
-2.575000002980232239e-02 6.521724989471230138e+00
-2.225000038743019104e-02 6.430342250599558440e+00
-1.875000074505805969e-02 6.313730020555216704e+00
-1.525000110268592834e-02 6.184513931722778857e+00
-1.174999959766864777e-02 6.051207803448680700e+00
-8.249999955296516418e-03 5.893572510136640297e+00
-4.750000312924385071e-03 5.719492058546022051e+00
-1.249999972060322762e-03 5.545989255855235278e+00
2.250000135973095894e-03 5.364429671792069421e+00
5.750000011175870895e-03 5.183535128034146844e+00
9.250000119209289551e-03 4.989509640031962512e+00
1.274999976158142090e-02 4.792362717357931956e+00
1.624999940395355225e-02 4.599760063557341461e+00
1.974999904632568359e-02 4.400932609343274571e+00
2.325000055134296417e-02 4.204920678287263236e+00
2.675000019371509552e-02 4.014885389604336829e+00
3.025000169873237610e-02 3.830828571181896791e+00
3.375000134110450745e-02 3.643136473456780600e+00
3.725000098347663879e-02 3.467067535712550441e+00
4.075000062584877014e-02 3.290581752012821770e+00
4.425000026822090149e-02 3.124347829365278884e+00
4.774999991059303284e-02 2.954583154309808002e+00
5.124999955296516418e-02 2.798313660681639004e+00
5.474999919533729553e-02 2.643831171040945005e+00
5.824999883770942688e-02 2.502929791407149995e+00
6.175000220537185669e-02 2.356837682460967365e+00
6.525000184774398804e-02 2.222868915435725068e+00
6.875000149011611938e-02 2.097119021544811890e+00
7.225000113248825073e-02 1.974794242800201438e+00
7.575000077486038208e-02 1.858803813305567765e+00
7.925000041723251343e-02 1.749146511594370956e+00
8.275000005960464478e-02 1.641942396060309450e+00
8.624999970197677612e-02 1.545603903063655471e+00
8.974999934434890747e-02 1.453255175088213003e+00
9.324999898672103882e-02 1.366627071643167435e+00
9.674999862909317017e-02 1.277866645304171378e+00
1.002499982714653015e-01 1.201546313504209929e+00
1.037499979138374329e-01 1.124322127963929496e+00
1.072499975562095642e-01 1.054232764829227120e+00
1.107499971985816956e-01 9.895945155356344891e-01
1.142499968409538269e-01 9.253701814317876195e-01
1.177499964833259583e-01 8.705522872411116664e-01
1.212500035762786865e-01 8.135148533160246886e-01
1.247500032186508179e-01 7.634688620655485369e-01
1.282500028610229492e-01 7.158312848888476188e-01
1.317499876022338867e-01 6.719732295431608549e-01
1.352500021457672119e-01 6.280256586381041117e-01
1.387499868869781494e-01 5.865989995303235727e-01
1.422500014305114746e-01 5.511610946485984153e-01
1.457499861717224121e-01 5.172191724844852345e-01
1.492500007152557373e-01 4.844593929980385294e-01
1.527499854564666748e-01 4.535334327092392925e-01
1.562500000000000000e-01 4.253438501178562481e-01
1.597500145435333252e-01 3.958795981673879916e-01
1.632499992847442627e-01 3.721269737684264056e-01
1.667500138282775879e-01 3.496504691372137597e-01
1.702499985694885254e-01 3.261456593214175359e-01
1.737500131130218506e-01 3.077112108758352504e-01
1.772499978542327881e-01 2.876509994392226210e-01
1.807500123977661133e-01 2.692532737898038486e-01
1.842499971389770508e-01 2.518955057681778187e-01
1.877500116825103760e-01 2.368502479247107384e-01
1.912499964237213135e-01 2.220593858097056061e-01
1.947500109672546387e-01 2.086910121405743945e-01
1.982499957084655762e-01 1.954001546683414303e-01
2.017500102519989014e-01 1.839754493780065003e-01
2.052499949932098389e-01 1.714434295209395498e-01
2.087500095367431641e-01 1.613809193875226089e-01
2.122499942779541016e-01 1.514321191648515808e-01
2.157500088214874268e-01 1.426371009177392069e-01
2.192499935626983643e-01 1.345439132745239186e-01
2.227500081062316895e-01 1.267774409937556246e-01
2.262499928474426270e-01 1.182079620354304639e-01
2.297500073909759521e-01 1.117444202582548035e-01
2.332499921321868896e-01 1.048704919481312919e-01
2.367500066757202148e-01 9.918620097854878581e-02
2.402499914169311523e-01 9.211663571498583669e-02
2.437500059604644775e-01 8.684300784004182761e-02
2.472499907016754150e-01 8.169236795077070012e-02
2.507500052452087402e-01 7.740675304647298693e-02
2.542499899864196777e-01 7.277490233675487641e-02
2.577500045299530029e-01 6.893004656906276395e-02
2.612500190734863281e-01 6.452855400281187759e-02
2.647500038146972656e-01 6.065498357127650786e-02
2.682499885559082031e-01 5.723903393869499839e-02
2.717500030994415283e-01 5.364117193134403799e-02
2.752500176429748535e-01 5.084356647146733021e-02
2.787500023841857910e-01 4.790865451962092458e-02
2.822499871253967285e-01 4.542299393425848486e-02
2.857500016689300537e-01 4.278657227905903471e-02
2.892500162124633789e-01 3.976756016473613486e-02
2.927500009536743164e-01 3.800697443542686016e-02
2.962499856948852539e-01 3.575411486637283809e-02
2.997500002384185791e-01 3.405015623058536139e-02
3.032500147819519043e-01 3.206407162885699380e-02
3.067499995231628418e-01 2.995563416974612522e-02
3.102499842643737793e-01 2.849027974939748187e-02
3.137499988079071045e-01 2.681815090677370020e-02
3.172500133514404297e-01 2.553370239304270095e-02
3.207499980926513672e-01 2.387077880976875427e-02
3.242499828338623047e-01 2.259518687909745083e-02
3.277499973773956299e-01 2.146166983974019671e-02
3.312500119209289551e-01 2.025214724181456302e-02
3.347499966621398926e-01 1.904451237239437530e-02
3.382499814033508301e-01 1.816663999055488990e-02
3.417499959468841553e-01 1.729328794550644491e-02
3.452500104904174805e-01 1.612074743806719487e-02
3.487499952316284180e-01 1.539142836372190543e-02
3.522499799728393555e-01 1.440226469415250947e-02
3.557499945163726807e-01 1.384588675990520296e-02
3.592500090599060059e-01 1.296864879151962344e-02
3.627499938011169434e-01 1.215675665360478261e-02
3.662499785423278809e-01 1.166984006042923877e-02
3.697499930858612061e-01 1.088495333770487031e-02
3.732500076293945312e-01 1.022072390128557148e-02
3.767499923706054688e-01 9.910843658308975818e-03
3.802500069141387939e-01 9.279943264181578222e-03
3.837500214576721191e-01 8.783800708570628848e-03
3.872500061988830566e-01 8.444731797110482246e-03
3.907499909400939941e-01 7.990260481837714590e-03
3.942500054836273193e-01 7.727467822245090608e-03
3.977500200271606445e-01 7.069208022834269634e-03
4.012500047683715820e-01 6.905477665024525175e-03
4.047499895095825195e-01 6.349011109666602946e-03
4.082500040531158447e-01 6.092856104852445095e-03
4.117500185966491699e-01 5.716202151165048449e-03
4.152500033378601074e-01 5.442579673083729717e-03
4.187499880790710449e-01 5.319413756470500222e-03
4.222500026226043701e-01 4.924887538545405508e-03
4.257500171661376953e-01 4.664728093768972551e-03
4.292500019073486328e-01 4.462157547099188451e-03
4.327499866485595703e-01 4.177894948780463621e-03
4.362500011920928955e-01 3.901467028769268694e-03
4.397500157356262207e-01 3.866820128036380522e-03
4.432500004768371582e-01 3.688726587581708793e-03
4.467499852180480957e-01 3.466033279610848238e-03
4.502499997615814209e-01 3.335058695834905440e-03
4.537500143051147461e-01 3.049091782721160757e-03
4.572499990463256836e-01 2.918599114506464226e-03
4.607499837875366211e-01 2.909084205330500147e-03
4.642499983310699463e-01 2.678400016499813286e-03
4.677500128746032715e-01 2.500815594630616430e-03
4.712499976158142090e-01 2.358323103867070603e-03
4.747499823570251465e-01 2.205334700358681840e-03
4.782499969005584717e-01 2.158522934501513890e-03
4.817500114440917969e-01 2.015745157774182818e-03
4.852499961853027344e-01 1.981451256636783832e-03
4.887499809265136719e-01 1.882650676718874332e-03
4.922499954700469971e-01 1.749968961287711290e-03
4.957500100135803223e-01 1.627190962542489436e-03
4.992499947547912598e-01 1.560551642249392206e-03
5.027499794960021973e-01 1.473529563047537311e-03
5.062500238418579102e-01 1.447891835291246739e-03
5.097500085830688477e-01 1.319531632745964871e-03
5.132499933242797852e-01 1.283904902722128377e-03
5.167499780654907227e-01 1.251395811613609634e-03
5.202499628067016602e-01 1.170118661665997322e-03
5.237500071525573730e-01 1.147323729310616462e-03
5.272499918937683105e-01 1.076884017093254937e-03
5.307500362396240234e-01 9.680233865536206402e-04
5.342500209808349609e-01 9.658970762898196885e-04
5.377500057220458984e-01 8.890230141384489453e-04
5.412499904632568359e-01 8.224902828788483236e-04
5.447499752044677734e-01 8.255799427435063119e-04
5.482500195503234863e-01 7.518542010167062525e-04
5.517500042915344238e-01 7.396203257651618856e-04
5.552499890327453613e-01 6.883687597568820477e-04
5.587500333786010742e-01 6.383421993778695420e-04
5.622500181198120117e-01 5.797193652644081537e-04
5.657500028610229492e-01 5.897583582547560616e-04
5.692499876022338867e-01 5.708091549135063149e-04
5.727499723434448242e-01 5.219099924628438749e-04
5.762500166893005371e-01 4.989160923462604858e-04
5.797500014305114746e-01 4.751380028562898609e-04
5.832499861717224121e-01 4.501276082220283877e-04
5.867500305175781250e-01 4.345917164291204695e-04
5.902500152587890625e-01 4.308207314429747092e-04
5.937500000000000000e-01 3.770839363136737374e-04
5.972499847412109375e-01 3.640052637169669740e-04
6.007499694824218750e-01 3.724720734340204687e-04
6.042500138282775879e-01 3.470089585143125129e-04
6.077499985694885254e-01 3.237277559801153668e-04
6.112499833106994629e-01 2.673040192142304137e-04
6.147500276565551758e-01 2.620620923220239127e-04
6.182500123977661133e-01 2.671284386260178796e-04
6.217499971389770508e-01 2.618458409389715861e-04
6.252499818801879883e-01 2.430156688292501384e-04
6.287499666213989258e-01 2.205275578327625240e-04
6.322500109672546387e-01 2.044879717365593512e-04
6.357499957084655762e-01 2.101379178075684414e-04
6.392499804496765137e-01 1.852632627141661680e-04
6.427500247955322266e-01 1.737104659028137403e-04
6.462500095367431641e-01 1.758273010001516247e-04
6.497499942779541016e-01 1.613085560777319108e-04
6.532499790191650391e-01 1.543316213186696467e-04
6.567499637603759766e-01 1.380628476990766989e-04
6.602500081062316895e-01 1.351674862482694613e-04
6.637499928474426270e-01 1.225149892982052861e-04
6.672500371932983398e-01 1.248848564611188688e-04
6.707500219345092773e-01 1.162904191779787720e-04
6.742500066757202148e-01 1.051487945445249038e-04
6.777499914169311523e-01 1.063559568716382879e-04
6.812499761581420898e-01 1.067379694304089319e-04
6.847500205039978027e-01 9.078003858061883770e-05
6.882500052452087402e-01 8.266584942286977881e-05
6.917499899864196777e-01 7.773231645754843282e-05
6.952500343322753906e-01 8.362904433482089793e-05
6.987500190734863281e-01 7.213593430748410813e-05
7.022500038146972656e-01 6.955880409506974451e-05
7.057499885559082031e-01 5.992131325647400119e-05
7.092499732971191406e-01 5.445834339658920574e-05
7.127500176429748535e-01 5.998011343035652298e-05
7.162500023841857910e-01 4.721648828647400834e-05
7.197499871253967285e-01 4.905920104080496068e-05
7.232500314712524414e-01 4.770566365269253195e-05
7.267500162124633789e-01 4.550160183318953638e-05
7.302500009536743164e-01 4.021349027166218538e-05
7.337499856948852539e-01 3.398707880126560741e-05
7.372499704360961914e-01 3.495588654633097588e-05
7.407500147819519043e-01 2.886529927121644318e-05
7.442499995231628418e-01 3.301935695735117287e-05
7.477499842643737793e-01 2.372277912351616566e-05
7.512500286102294922e-01 2.579155329395378576e-05
7.547500133514404297e-01 2.327995745953529585e-05
7.582499980926513672e-01 2.461266720533817303e-05
7.617499828338623047e-01 2.109860846567070144e-05
7.652499675750732422e-01 2.017296206201876733e-05
7.687500119209289551e-01 1.865873767498938429e-05
7.722499966621398926e-01 2.029995160133246860e-05
7.757499814033508301e-01 1.459082799446010558e-05
7.792500257492065430e-01 1.567303194538954099e-05
7.827500104904174805e-01 1.467226103766642023e-05
7.862499952316284180e-01 1.245504286630364822e-05
7.897499799728393555e-01 1.283317622652779995e-05
7.932499647140502930e-01 1.363484360684738646e-05
7.967500090599060059e-01 1.005987036526095898e-05
8.002499938011169434e-01 1.157311601222246500e-05
8.037499785423278809e-01 9.214936214146323180e-06
8.072500228881835938e-01 6.952636591117163716e-06
8.107500076293945312e-01 1.075485021595876895e-05
8.142499923706054688e-01 8.606241846493568046e-06
8.177499771118164062e-01 7.627640372521894216e-06
8.212500214576721191e-01 8.493513818452839078e-06
8.247500061988830566e-01 6.177793649638889530e-06
8.282499909400939941e-01 6.023568893460649491e-06
8.317500352859497070e-01 7.026175131473183370e-06
8.352500200271606445e-01 5.607004963831269835e-06
8.387500047683715820e-01 5.840460060453768879e-06
8.422499895095825195e-01 4.384870311062090611e-06
8.457499742507934570e-01 4.104577402859713485e-06
8.492500185966491699e-01 4.304546674614446746e-06
8.527500033378601074e-01 4.316139240095309098e-06
8.562499880790710449e-01 4.738557219081261554e-06
8.597500324249267578e-01 3.325812775378402078e-06
8.632500171661376953e-01 4.252789915507918347e-06
8.667500019073486328e-01 4.956048536454332752e-06
8.702499866485595703e-01 3.198419704278245301e-06
8.737499713897705078e-01 3.276159191715764816e-06
8.772500157356262207e-01 3.490164975154735721e-06
8.807500004768371582e-01 2.193152455292075628e-06
8.842499852180480957e-01 3.539286125228259817e-06
8.877500295639038086e-01 2.795617779028318620e-06
8.912500143051147461e-01 2.823513625872870341e-06
8.947499990463256836e-01 1.910334556632773148e-06
8.982499837875366211e-01 2.528495516214837469e-06
9.017499685287475586e-01 2.325519920493364355e-06
9.052500128746032715e-01 3.376175584966007952e-06
9.087499976158142090e-01 1.770140187588693176e-06
9.122499823570251465e-01 2.605614286750782932e-06
9.157500267028808594e-01 2.274118148076773944e-06
9.192500114440917969e-01 2.140599730550136852e-06
9.227499961853027344e-01 3.284114603962272798e-06
9.262499809265136719e-01 2.357963896643475284e-06
9.297499656677246094e-01 1.643010740880669662e-06
9.332500100135803223e-01 2.174270905893636172e-06
9.367499947547912598e-01 3.009078051853788690e-06
9.402499794960021973e-01 1.166148676263527102e-06
9.437500238418579102e-01 2.013554611924961962e-06
9.472500085830688477e-01 2.336207522680488208e-06
9.507499933242797852e-01 2.683334431264515539e-06
9.542499780654907227e-01 2.150834028636098447e-06
9.577499628067016602e-01 2.006278284696947350e-06
9.612500071525573730e-01 1.842521323777594343e-06
9.647499918937683105e-01 2.255536053660958088e-06
9.682500362396240234e-01 2.073180995362230354e-06
9.717500209808349609e-01 1.747116748945183895e-06
9.752500057220458984e-01 1.965716280942464610e-06
9.787499904632568359e-01 2.924620083429532978e-06
9.822499752044677734e-01 2.249471008180811136e-06
9.857500195503234863e-01 2.093234323220647234e-06
9.892500042915344238e-01 1.369949283482264933e-06
9.927499890327453613e-01 1.928836561859225587e-06
9.962500333786010742e-01 1.712433281654280256e-06
9.997500181198120117e-01 1.115261293305227079e-06
1.003250002861022949e+00 1.004107015925236727e-06
1.006749987602233887e+00 9.960283937695438849e-07
1.010249972343444824e+00 8.337422313458669977e-07
1.013749957084655762e+00 1.817548403328754554e-06
1.017250061035156250e+00 5.097514970604013893e-07
1.020750045776367188e+00 8.768085276670772289e-07
1.024250030517578125e+00 4.581071235114280215e-07
1.027750015258789062e+00 1.425357231399815552e-06
1.031250000000000000e+00 9.430992722683633582e-07
1.034749984741210938e+00 1.355766287298405049e-06
1.038249969482421875e+00 5.480858166833783429e-07
1.041749954223632812e+00 1.217477003339761116e-06
1.045249938964843750e+00 7.701025489103115746e-07
1.048750042915344238e+00 8.949030810396941401e-07
1.052250027656555176e+00 1.084426599629129461e-06
1.055750012397766113e+00 8.824561956129076839e-07
1.059249997138977051e+00 1.105553102826758128e-06
1.062749981880187988e+00 6.759841669521770726e-07
1.066249966621398926e+00 3.437835992332884423e-07
1.069749951362609863e+00 7.967955294664434901e-07
1.073250055313110352e+00 1.621947770885224232e-07
1.076750040054321289e+00 1.521758212296757373e-06
1.080250024795532227e+00 8.527996031145278036e-07
1.083750009536743164e+00 1.796968845802695295e-07
1.087249994277954102e+00 3.652636915928043445e-07
1.090749979019165039e+00 8.824604322925009717e-07
1.094249963760375977e+00 1.916859460622322809e-07
1.097749948501586914e+00 4.804856965033352347e-07
1.101249933242797852e+00 6.247344336183001669e-07
1.104750037193298340e+00 3.199896150911204974e-07
1.108250021934509277e+00 7.097406769709080400e-07
1.111750006675720215e+00 7.620811641056945108e-07
1.115249991416931152e+00 2.787629832144167133e-07
1.118749976158142090e+00 2.161403393723698059e-07
1.122249960899353027e+00 2.832279983874804820e-07
1.125750064849853516e+00 4.950442835644090124e-07
1.129250049591064453e+00 4.015005008351803119e-07
1.132750034332275391e+00 3.430040009170289893e-07
1.136250019073486328e+00 7.939086091595914131e-07
1.139750003814697266e+00 1.285660159937224996e-07
1.143249988555908203e+00 1.605171467379231732e-07
1.146749973297119141e+00 6.631170714074504167e-07
1.150249958038330078e+00 7.168894479993365798e-07
1.153749942779541016e+00 1.894092284305179739e-07
1.157250046730041504e+00 4.085219803929534508e-07
1.160750031471252441e+00 1.787025903540067568e-07
1.164250016212463379e+00 6.185725795642977412e-07
1.167750000953674316e+00 3.259346999178077446e-07
1.171249985694885254e+00 3.276059157363550281e-07
1.174749970436096191e+00 2.636771003455960646e-07
1.178249955177307129e+00 6.915675139833153564e-08
1.181750059127807617e+00 3.800186536592346999e-07
1.185250043869018555e+00 7.638355306647070147e-07
1.188750028610229492e+00 5.657854432170335308e-07
1.192250013351440430e+00 2.867248865591710815e-07
1.195749998092651367e+00 3.368987124563886499e-07
1.199249982833862305e+00 3.256665046654655070e-07
1.202749967575073242e+00 2.351377890436673541e-07
1.206249952316284180e+00 1.716692338186662357e-07
1.209749937057495117e+00 1.895787644482885583e-07
1.213250041007995605e+00 5.224999805121095624e-07
1.216750025749206543e+00 2.711919637520766980e-07
1.220250010490417480e+00 2.466781452072976855e-07
1.223749995231628418e+00 3.663762361945693248e-07
1.227249979972839355e+00 3.148827610905542091e-07
1.230749964714050293e+00 8.122190098633311928e-07
1.234249949455261230e+00 0.000000000000000000e+00
1.237750053405761719e+00 6.731243309840685502e-08
1.241250038146972656e+00 3.055355933306377986e-07
1.244750022888183594e+00 1.183773033102975128e-07
1.248250007629394531e+00 2.468530435602120708e-07
1.251749992370605469e+00 5.802427768262606533e-07
1.255249977111816406e+00 2.593739781750104568e-07
1.258749961853027344e+00 2.145053268782352509e-07
1.262249946594238281e+00 5.435007090507751723e-07
1.265750050544738770e+00 0.000000000000000000e+00
1.269250035285949707e+00 5.757218714311674911e-07
1.272750020027160645e+00 7.872357122280692426e-07
1.276250004768371582e+00 0.000000000000000000e+00
1.279749989509582520e+00 1.566593449953683731e-06
1.283249974250793457e+00 2.064707615525419879e-07
1.286749958992004395e+00 5.438085072440799893e-07
1.290250062942504883e+00 1.064709885647855812e-06
1.293750047683715820e+00 5.914379894196334810e-07
1.297250032424926758e+00 4.314167743621186339e-07
1.300750017166137695e+00 5.839701669755433309e-07
1.304250001907348633e+00 0.000000000000000000e+00
1.307749986648559570e+00 0.000000000000000000e+00
1.311249971389770508e+00 3.187488017854639326e-07
1.314749956130981445e+00 9.687643954999919636e-07
1.318249940872192383e+00 2.444365847593293362e-07
1.321750044822692871e+00 0.000000000000000000e+00
1.325250029563903809e+00 3.446379840146419044e-07
1.328750014305114746e+00 2.667407480793188438e-07
1.332249999046325684e+00 0.000000000000000000e+00
1.335749983787536621e+00 0.000000000000000000e+00
1.339249968528747559e+00 7.343696529710521620e-07
1.342749953269958496e+00 0.000000000000000000e+00
1.346250057220458984e+00 6.908888023761760767e-07
1.349750041961669922e+00 5.934143746780910108e-07
1.353250026702880859e+00 4.217449623433222695e-07
1.356750011444091797e+00 0.000000000000000000e+00
1.360249996185302734e+00 7.966297114748590756e-07
1.363749980926513672e+00 7.113895993057229309e-07
1.367249965667724609e+00 0.000000000000000000e+00
1.370749950408935547e+00 0.000000000000000000e+00
1.374249935150146484e+00 7.890221323917337975e-07
1.377750039100646973e+00 1.392439333259990261e-06
1.381250023841857910e+00 4.722705973692479476e-07
1.384750008583068848e+00 1.286347567565906884e-06
1.388249993324279785e+00 0.000000000000000000e+00
1.391749978065490723e+00 0.000000000000000000e+00
1.395249962806701660e+00 5.060674859952054930e-07
1.398750066757202148e+00 5.445757244237269317e-07
1.402250051498413086e+00 1.572644914345851457e-06
1.405750036239624023e+00 1.075383122619189642e-06
1.409250020980834961e+00 5.629679948122121577e-07
1.412750005722045898e+00 0.000000000000000000e+00
1.416249990463256836e+00 5.668533137177250804e-07
1.419749975204467773e+00 1.744782913818772079e-06
1.423249959945678711e+00 0.000000000000000000e+00
1.426749944686889648e+00 0.000000000000000000e+00
1.430250048637390137e+00 0.000000000000000000e+00
1.433750033378601074e+00 0.000000000000000000e+00
1.437250018119812012e+00 6.140439112393488633e-07
1.440750002861022949e+00 6.048323966294291306e-07
1.444249987602233887e+00 0.000000000000000000e+00
1.447749972343444824e+00 0.000000000000000000e+00
1.451249957084655762e+00 0.000000000000000000e+00
1.454750061035156250e+00 6.982335329487869362e-07
1.458250045776367188e+00 0.000000000000000000e+00
1.461750030517578125e+00 6.976726469402362072e-07
1.465250015258789062e+00 0.000000000000000000e+00
1.468750000000000000e+00 0.000000000000000000e+00
1.472249984741210938e+00 0.000000000000000000e+00
1.475749969482421875e+00 0.000000000000000000e+00
1.479249954223632812e+00 7.452175793006626077e-07
1.482749938964843750e+00 0.000000000000000000e+00
1.486250042915344238e+00 0.000000000000000000e+00
1.489750027656555176e+00 0.000000000000000000e+00
1.493250012397766113e+00 0.000000000000000000e+00
1.496749997138977051e+00 0.000000000000000000e+00
1.500249981880187988e+00 0.000000000000000000e+00
1.503749966621398926e+00 7.659165213965835240e-07
1.507249951362609863e+00 0.000000000000000000e+00
1.510750055313110352e+00 8.111737473082252478e-07
1.514250040054321289e+00 0.000000000000000000e+00
1.517750024795532227e+00 0.000000000000000000e+00
1.521250009536743164e+00 1.827435485427228322e-06
1.524749994277954102e+00 0.000000000000000000e+00
1.528249979019165039e+00 0.000000000000000000e+00
1.531749963760375977e+00 0.000000000000000000e+00
1.535249948501586914e+00 0.000000000000000000e+00
1.538749933242797852e+00 0.000000000000000000e+00
1.542250037193298340e+00 0.000000000000000000e+00
1.545750021934509277e+00 9.952130495803613776e-07
1.549250006675720215e+00 1.008031458553457789e-06
1.552749991416931152e+00 0.000000000000000000e+00
1.556249976158142090e+00 0.000000000000000000e+00
1.559749960899353027e+00 0.000000000000000000e+00
1.563250064849853516e+00 1.072464690633794443e-06
1.566750049591064453e+00 0.000000000000000000e+00
1.570250034332275391e+00 0.000000000000000000e+00
1.573750019073486328e+00 0.000000000000000000e+00
1.577250003814697266e+00 0.000000000000000000e+00
1.580749988555908203e+00 0.000000000000000000e+00
1.584249973297119141e+00 0.000000000000000000e+00
1.587749958038330078e+00 0.000000000000000000e+00
1.591249942779541016e+00 0.000000000000000000e+00
1.594750046730041504e+00 0.000000000000000000e+00
1.598250031471252441e+00 0.000000000000000000e+00
1.601750016212463379e+00 1.221558172138642962e-06
1.605250000953674316e+00 0.000000000000000000e+00
1.608749985694885254e+00 0.000000000000000000e+00
1.612249970436096191e+00 0.000000000000000000e+00
1.615749955177307129e+00 0.000000000000000000e+00
1.619250059127807617e+00 0.000000000000000000e+00
1.622750043869018555e+00 0.000000000000000000e+00
1.626250028610229492e+00 0.000000000000000000e+00
1.629750013351440430e+00 0.000000000000000000e+00
1.633249998092651367e+00 0.000000000000000000e+00
1.636749982833862305e+00 1.382096828438235156e-06
1.640249967575073242e+00 0.000000000000000000e+00
1.643749952316284180e+00 0.000000000000000000e+00
1.647249937057495117e+00 0.000000000000000000e+00
1.650750041007995605e+00 0.000000000000000000e+00
1.654250025749206543e+00 0.000000000000000000e+00
1.657750010490417480e+00 0.000000000000000000e+00
1.661249995231628418e+00 0.000000000000000000e+00
1.664749979972839355e+00 0.000000000000000000e+00
1.668249964714050293e+00 0.000000000000000000e+00
1.671749949455261230e+00 0.000000000000000000e+00
1.675250053405761719e+00 0.000000000000000000e+00
1.678750038146972656e+00 0.000000000000000000e+00
1.682250022888183594e+00 0.000000000000000000e+00
1.685750007629394531e+00 0.000000000000000000e+00
1.689249992370605469e+00 0.000000000000000000e+00
1.692749977111816406e+00 0.000000000000000000e+00
1.696249961853027344e+00 0.000000000000000000e+00
1.699749946594238281e+00 0.000000000000000000e+00
1.703250050544738770e+00 0.000000000000000000e+00
1.706750035285949707e+00 0.000000000000000000e+00
1.710250020027160645e+00 0.000000000000000000e+00
1.713750004768371582e+00 0.000000000000000000e+00
1.717249989509582520e+00 1.748942557783205415e-06
1.720749974250793457e+00 0.000000000000000000e+00
1.724249958992004395e+00 0.000000000000000000e+00
1.727750062942504883e+00 0.000000000000000000e+00
1.731250047683715820e+00 0.000000000000000000e+00
1.734750032424926758e+00 0.000000000000000000e+00
1.738250017166137695e+00 0.000000000000000000e+00
1.741750001907348633e+00 0.000000000000000000e+00
1.745249986648559570e+00 0.000000000000000000e+00
1.748749971389770508e+00 0.000000000000000000e+00
1.752249956130981445e+00 0.000000000000000000e+00
1.755749940872192383e+00 0.000000000000000000e+00
1.759250044822692871e+00 0.000000000000000000e+00
1.762750029563903809e+00 0.000000000000000000e+00
1.766250014305114746e+00 0.000000000000000000e+00
1.769749999046325684e+00 0.000000000000000000e+00
1.773249983787536621e+00 0.000000000000000000e+00
1.776749968528747559e+00 0.000000000000000000e+00
1.780249953269958496e+00 0.000000000000000000e+00
1.783750057220458984e+00 0.000000000000000000e+00
1.787250041961669922e+00 0.000000000000000000e+00
1.790750026702880859e+00 0.000000000000000000e+00
1.794250011444091797e+00 0.000000000000000000e+00
1.797749996185302734e+00 0.000000000000000000e+00
1.801249980926513672e+00 0.000000000000000000e+00
1.804749965667724609e+00 0.000000000000000000e+00
1.808249950408935547e+00 0.000000000000000000e+00
1.811749935150146484e+00 0.000000000000000000e+00
1.815250039100646973e+00 0.000000000000000000e+00
1.818750023841857910e+00 0.000000000000000000e+00
1.822250008583068848e+00 0.000000000000000000e+00
1.825749993324279785e+00 0.000000000000000000e+00
1.829249978065490723e+00 0.000000000000000000e+00
1.832749962806701660e+00 0.000000000000000000e+00
1.836250066757202148e+00 0.000000000000000000e+00
1.839750051498413086e+00 0.000000000000000000e+00
1.843250036239624023e+00 0.000000000000000000e+00
1.846750020980834961e+00 0.000000000000000000e+00
1.850250005722045898e+00 0.000000000000000000e+00
1.853749990463256836e+00 0.000000000000000000e+00
1.857249975204467773e+00 0.000000000000000000e+00
1.860749959945678711e+00 0.000000000000000000e+00
1.864249944686889648e+00 0.000000000000000000e+00
1.867750048637390137e+00 0.000000000000000000e+00
1.871250033378601074e+00 0.000000000000000000e+00
1.874750018119812012e+00 0.000000000000000000e+00
1.878250002861022949e+00 0.000000000000000000e+00
1.881749987602233887e+00 0.000000000000000000e+00
1.885249972343444824e+00 0.000000000000000000e+00
1.888749957084655762e+00 0.000000000000000000e+00
1.892250061035156250e+00 0.000000000000000000e+00
1.895750045776367188e+00 0.000000000000000000e+00
1.899250030517578125e+00 0.000000000000000000e+00
1.902750015258789062e+00 0.000000000000000000e+00
1.906250000000000000e+00 0.000000000000000000e+00
1.909749984741210938e+00 0.000000000000000000e+00
1.913249969482421875e+00 0.000000000000000000e+00
1.916749954223632812e+00 0.000000000000000000e+00
1.920249938964843750e+00 0.000000000000000000e+00
1.923750042915344238e+00 0.000000000000000000e+00
1.927250027656555176e+00 0.000000000000000000e+00
1.930750012397766113e+00 0.000000000000000000e+00
1.934249997138977051e+00 0.000000000000000000e+00
1.937749981880187988e+00 0.000000000000000000e+00
1.941249966621398926e+00 0.000000000000000000e+00
1.944749951362609863e+00 0.000000000000000000e+00
1.948250055313110352e+00 0.000000000000000000e+00
1.951750040054321289e+00 0.000000000000000000e+00
1.955250024795532227e+00 0.000000000000000000e+00
1.958750009536743164e+00 0.000000000000000000e+00
1.962249994277954102e+00 0.000000000000000000e+00
1.965749979019165039e+00 0.000000000000000000e+00
1.969249963760375977e+00 0.000000000000000000e+00
1.972749948501586914e+00 0.000000000000000000e+00
1.976249933242797852e+00 0.000000000000000000e+00
1.979750037193298340e+00 0.000000000000000000e+00
1.983250021934509277e+00 0.000000000000000000e+00
1.986750006675720215e+00 0.000000000000000000e+00
1.990249991416931152e+00 0.000000000000000000e+00
1.993749976158142090e+00 0.000000000000000000e+00
1.997249960899353027e+00 0.000000000000000000e+00
2.000750064849853516e+00 0.000000000000000000e+00
2.004250049591064453e+00 0.000000000000000000e+00
2.007750034332275391e+00 0.000000000000000000e+00
2.011250019073486328e+00 0.000000000000000000e+00
2.014750003814697266e+00 0.000000000000000000e+00
2.018249988555908203e+00 0.000000000000000000e+00
2.021749973297119141e+00 0.000000000000000000e+00
2.025249958038330078e+00 0.000000000000000000e+00
2.028749942779541016e+00 0.000000000000000000e+00
2.032249927520751953e+00 0.000000000000000000e+00
2.035749912261962891e+00 0.000000000000000000e+00
2.039249897003173828e+00 0.000000000000000000e+00
2.042749881744384766e+00 0.000000000000000000e+00
2.046250104904174805e+00 0.000000000000000000e+00
2.049750089645385742e+00 0.000000000000000000e+00
2.053250074386596680e+00 0.000000000000000000e+00
2.056750059127807617e+00 0.000000000000000000e+00
2.060250043869018555e+00 0.000000000000000000e+00
2.063750028610229492e+00 0.000000000000000000e+00
2.067250013351440430e+00 0.000000000000000000e+00
2.070749998092651367e+00 0.000000000000000000e+00
2.074249982833862305e+00 0.000000000000000000e+00
2.077749967575073242e+00 0.000000000000000000e+00
2.081249952316284180e+00 0.000000000000000000e+00
2.084749937057495117e+00 0.000000000000000000e+00
2.088249921798706055e+00 0.000000000000000000e+00
2.091749906539916992e+00 0.000000000000000000e+00
2.095249891281127930e+00 0.000000000000000000e+00
2.098750114440917969e+00 0.000000000000000000e+00
2.102250099182128906e+00 0.000000000000000000e+00
2.105750083923339844e+00 0.000000000000000000e+00
2.109250068664550781e+00 0.000000000000000000e+00
2.112750053405761719e+00 0.000000000000000000e+00
2.116250038146972656e+00 0.000000000000000000e+00
2.119750022888183594e+00 0.000000000000000000e+00
2.123250007629394531e+00 0.000000000000000000e+00
2.126749992370605469e+00 0.000000000000000000e+00
2.130249977111816406e+00 0.000000000000000000e+00
2.133749961853027344e+00 0.000000000000000000e+00
2.137249946594238281e+00 0.000000000000000000e+00
2.140749931335449219e+00 0.000000000000000000e+00
2.144249916076660156e+00 0.000000000000000000e+00
2.147749900817871094e+00 0.000000000000000000e+00
2.151249885559082031e+00 0.000000000000000000e+00
2.154750108718872070e+00 0.000000000000000000e+00
2.158250093460083008e+00 0.000000000000000000e+00
2.161750078201293945e+00 0.000000000000000000e+00
2.165250062942504883e+00 0.000000000000000000e+00
2.168750047683715820e+00 0.000000000000000000e+00
2.172250032424926758e+00 0.000000000000000000e+00
2.175750017166137695e+00 0.000000000000000000e+00
2.179250001907348633e+00 0.000000000000000000e+00
2.182749986648559570e+00 0.000000000000000000e+00
2.186249971389770508e+00 0.000000000000000000e+00
2.189749956130981445e+00 0.000000000000000000e+00
2.193249940872192383e+00 0.000000000000000000e+00
2.196749925613403320e+00 0.000000000000000000e+00
2.200249910354614258e+00 0.000000000000000000e+00
2.203749895095825195e+00 0.000000000000000000e+00
2.207250118255615234e+00 0.000000000000000000e+00
2.210750102996826172e+00 0.000000000000000000e+00
2.214250087738037109e+00 0.000000000000000000e+00
2.217750072479248047e+00 0.000000000000000000e+00
2.221250057220458984e+00 0.000000000000000000e+00
2.224750041961669922e+00 0.000000000000000000e+00
2.228250026702880859e+00 0.000000000000000000e+00
2.231750011444091797e+00 0.000000000000000000e+00
2.235249996185302734e+00 0.000000000000000000e+00
2.238749980926513672e+00 0.000000000000000000e+00
2.242249965667724609e+00 0.000000000000000000e+00
2.245749950408935547e+00 0.000000000000000000e+00
2.249249935150146484e+00 0.000000000000000000e+00
2.252749919891357422e+00 0.000000000000000000e+00
2.256249904632568359e+00 0.000000000000000000e+00
2.259749889373779297e+00 0.000000000000000000e+00
2.263249874114990234e+00 0.000000000000000000e+00
2.266750097274780273e+00 0.000000000000000000e+00
2.270250082015991211e+00 0.000000000000000000e+00
2.273750066757202148e+00 0.000000000000000000e+00
2.277250051498413086e+00 0.000000000000000000e+00
2.280750036239624023e+00 0.000000000000000000e+00
2.284250020980834961e+00 0.000000000000000000e+00
2.287750005722045898e+00 0.000000000000000000e+00
2.291249990463256836e+00 0.000000000000000000e+00
2.294749975204467773e+00 0.000000000000000000e+00
2.298249959945678711e+00 0.000000000000000000e+00
2.301749944686889648e+00 0.000000000000000000e+00
2.305249929428100586e+00 0.000000000000000000e+00
2.308749914169311523e+00 0.000000000000000000e+00
2.312249898910522461e+00 0.000000000000000000e+00
2.315750122070312500e+00 0.000000000000000000e+00
2.319250106811523438e+00 0.000000000000000000e+00
2.322750091552734375e+00 0.000000000000000000e+00
2.326250076293945312e+00 0.000000000000000000e+00
2.329750061035156250e+00 0.000000000000000000e+00
2.333250045776367188e+00 0.000000000000000000e+00
2.336750030517578125e+00 0.000000000000000000e+00
2.340250015258789062e+00 0.000000000000000000e+00
2.343750000000000000e+00 0.000000000000000000e+00
2.347249984741210938e+00 0.000000000000000000e+00
2.350749969482421875e+00 0.000000000000000000e+00
2.354249954223632812e+00 0.000000000000000000e+00
2.357749938964843750e+00 0.000000000000000000e+00
2.361249923706054688e+00 0.000000000000000000e+00
2.364749908447265625e+00 0.000000000000000000e+00
2.368249893188476562e+00 0.000000000000000000e+00
2.371749877929687500e+00 0.000000000000000000e+00
2.375250101089477539e+00 0.000000000000000000e+00
2.378750085830688477e+00 0.000000000000000000e+00
2.382250070571899414e+00 0.000000000000000000e+00
2.385750055313110352e+00 0.000000000000000000e+00
2.389250040054321289e+00 0.000000000000000000e+00
2.392750024795532227e+00 0.000000000000000000e+00
2.396250009536743164e+00 0.000000000000000000e+00
2.399749994277954102e+00 0.000000000000000000e+00
2.403249979019165039e+00 0.000000000000000000e+00
2.406749963760375977e+00 0.000000000000000000e+00
2.410249948501586914e+00 0.000000000000000000e+00
2.413749933242797852e+00 0.000000000000000000e+00
2.417249917984008789e+00 0.000000000000000000e+00
2.420749902725219727e+00 0.000000000000000000e+00
2.424250125885009766e+00 0.000000000000000000e+00
2.427750110626220703e+00 0.000000000000000000e+00
2.431250095367431641e+00 0.000000000000000000e+00
2.434750080108642578e+00 0.000000000000000000e+00
2.438250064849853516e+00 0.000000000000000000e+00
2.441750049591064453e+00 0.000000000000000000e+00
2.445250034332275391e+00 0.000000000000000000e+00
2.448750019073486328e+00 0.000000000000000000e+00
2.452250003814697266e+00 0.000000000000000000e+00
2.455749988555908203e+00 0.000000000000000000e+00
2.459249973297119141e+00 0.000000000000000000e+00
2.462749958038330078e+00 0.000000000000000000e+00
2.466249942779541016e+00 0.000000000000000000e+00
2.469749927520751953e+00 0.000000000000000000e+00
2.473249912261962891e+00 0.000000000000000000e+00
2.476749897003173828e+00 0.000000000000000000e+00
2.480249881744384766e+00 0.000000000000000000e+00
2.483750104904174805e+00 0.000000000000000000e+00
2.487250089645385742e+00 0.000000000000000000e+00
2.490750074386596680e+00 0.000000000000000000e+00
2.494250059127807617e+00 0.000000000000000000e+00
2.497750043869018555e+00 0.000000000000000000e+00
2.501250028610229492e+00 0.000000000000000000e+00
2.504750013351440430e+00 0.000000000000000000e+00
2.508249998092651367e+00 0.000000000000000000e+00
2.511749982833862305e+00 0.000000000000000000e+00
2.515249967575073242e+00 0.000000000000000000e+00
2.518749952316284180e+00 0.000000000000000000e+00
2.522249937057495117e+00 0.000000000000000000e+00
2.525749921798706055e+00 0.000000000000000000e+00
2.529249906539916992e+00 0.000000000000000000e+00
2.532749891281127930e+00 0.000000000000000000e+00
2.536250114440917969e+00 0.000000000000000000e+00
2.539750099182128906e+00 0.000000000000000000e+00
2.543250083923339844e+00 0.000000000000000000e+00
2.546750068664550781e+00 0.000000000000000000e+00
2.550250053405761719e+00 0.000000000000000000e+00
2.553750038146972656e+00 0.000000000000000000e+00
2.557250022888183594e+00 0.000000000000000000e+00
2.560750007629394531e+00 0.000000000000000000e+00
2.564249992370605469e+00 0.000000000000000000e+00
2.567749977111816406e+00 0.000000000000000000e+00
2.571249961853027344e+00 0.000000000000000000e+00
2.574749946594238281e+00 0.000000000000000000e+00
2.578249931335449219e+00 0.000000000000000000e+00
2.581749916076660156e+00 0.000000000000000000e+00
2.585249900817871094e+00 0.000000000000000000e+00
2.588749885559082031e+00 0.000000000000000000e+00
2.592250108718872070e+00 0.000000000000000000e+00
2.595750093460083008e+00 0.000000000000000000e+00
2.599250078201293945e+00 0.000000000000000000e+00
2.602750062942504883e+00 0.000000000000000000e+00
2.606250047683715820e+00 0.000000000000000000e+00
2.609750032424926758e+00 0.000000000000000000e+00
2.613250017166137695e+00 0.000000000000000000e+00
2.616750001907348633e+00 0.000000000000000000e+00
2.620249986648559570e+00 0.000000000000000000e+00
2.623749971389770508e+00 0.000000000000000000e+00
2.627249956130981445e+00 0.000000000000000000e+00
2.630749940872192383e+00 0.000000000000000000e+00
2.634249925613403320e+00 0.000000000000000000e+00
2.637749910354614258e+00 0.000000000000000000e+00
2.641249895095825195e+00 0.000000000000000000e+00
2.644750118255615234e+00 0.000000000000000000e+00
2.648250102996826172e+00 0.000000000000000000e+00
2.651750087738037109e+00 0.000000000000000000e+00
2.655250072479248047e+00 0.000000000000000000e+00
2.658750057220458984e+00 0.000000000000000000e+00
2.662250041961669922e+00 0.000000000000000000e+00
2.665750026702880859e+00 0.000000000000000000e+00
2.669250011444091797e+00 0.000000000000000000e+00
2.672749996185302734e+00 0.000000000000000000e+00
2.676249980926513672e+00 0.000000000000000000e+00
2.679749965667724609e+00 0.000000000000000000e+00
2.683249950408935547e+00 0.000000000000000000e+00
2.686749935150146484e+00 0.000000000000000000e+00
2.690249919891357422e+00 0.000000000000000000e+00
2.693749904632568359e+00 0.000000000000000000e+00
2.697249889373779297e+00 0.000000000000000000e+00
2.700749874114990234e+00 0.000000000000000000e+00
2.704250097274780273e+00 0.000000000000000000e+00
2.707750082015991211e+00 0.000000000000000000e+00
2.711250066757202148e+00 0.000000000000000000e+00
2.714750051498413086e+00 0.000000000000000000e+00
2.718250036239624023e+00 0.000000000000000000e+00
2.721750020980834961e+00 0.000000000000000000e+00
2.725250005722045898e+00 0.000000000000000000e+00
2.728749990463256836e+00 0.000000000000000000e+00
2.732249975204467773e+00 0.000000000000000000e+00
2.735749959945678711e+00 0.000000000000000000e+00
2.739249944686889648e+00 0.000000000000000000e+00
2.742749929428100586e+00 0.000000000000000000e+00
2.746249914169311523e+00 0.000000000000000000e+00
2.749749898910522461e+00 0.000000000000000000e+00
2.753250122070312500e+00 0.000000000000000000e+00
2.756750106811523438e+00 0.000000000000000000e+00
2.760250091552734375e+00 0.000000000000000000e+00
2.763750076293945312e+00 0.000000000000000000e+00
2.767250061035156250e+00 0.000000000000000000e+00
2.770750045776367188e+00 0.000000000000000000e+00
2.774250030517578125e+00 0.000000000000000000e+00
2.777750015258789062e+00 0.000000000000000000e+00
2.781250000000000000e+00 0.000000000000000000e+00
2.784749984741210938e+00 0.000000000000000000e+00
2.788249969482421875e+00 0.000000000000000000e+00
2.791749954223632812e+00 0.000000000000000000e+00
2.795249938964843750e+00 0.000000000000000000e+00
2.798749923706054688e+00 0.000000000000000000e+00
2.802249908447265625e+00 0.000000000000000000e+00
2.805749893188476562e+00 0.000000000000000000e+00
2.809249877929687500e+00 0.000000000000000000e+00
2.812750101089477539e+00 0.000000000000000000e+00
2.816250085830688477e+00 0.000000000000000000e+00
2.819750070571899414e+00 0.000000000000000000e+00
2.823250055313110352e+00 0.000000000000000000e+00
2.826750040054321289e+00 0.000000000000000000e+00
2.830250024795532227e+00 0.000000000000000000e+00
2.833750009536743164e+00 0.000000000000000000e+00
2.837249994277954102e+00 0.000000000000000000e+00
2.840749979019165039e+00 0.000000000000000000e+00
2.844249963760375977e+00 0.000000000000000000e+00
2.847749948501586914e+00 0.000000000000000000e+00
2.851249933242797852e+00 0.000000000000000000e+00
2.854749917984008789e+00 0.000000000000000000e+00
2.858249902725219727e+00 0.000000000000000000e+00
2.861750125885009766e+00 0.000000000000000000e+00
2.865250110626220703e+00 0.000000000000000000e+00
2.868750095367431641e+00 0.000000000000000000e+00
2.872250080108642578e+00 0.000000000000000000e+00
2.875750064849853516e+00 0.000000000000000000e+00
2.879250049591064453e+00 0.000000000000000000e+00
2.882750034332275391e+00 0.000000000000000000e+00
2.886250019073486328e+00 0.000000000000000000e+00
2.889750003814697266e+00 0.000000000000000000e+00
2.893249988555908203e+00 0.000000000000000000e+00
2.896749973297119141e+00 0.000000000000000000e+00
2.900249958038330078e+00 0.000000000000000000e+00
2.903749942779541016e+00 0.000000000000000000e+00
2.907249927520751953e+00 0.000000000000000000e+00
2.910749912261962891e+00 0.000000000000000000e+00
2.914249897003173828e+00 0.000000000000000000e+00
2.917749881744384766e+00 0.000000000000000000e+00
2.921250104904174805e+00 0.000000000000000000e+00
2.924750089645385742e+00 0.000000000000000000e+00
2.928250074386596680e+00 0.000000000000000000e+00
2.931750059127807617e+00 0.000000000000000000e+00
2.935250043869018555e+00 0.000000000000000000e+00
2.938750028610229492e+00 0.000000000000000000e+00
2.942250013351440430e+00 0.000000000000000000e+00
2.945749998092651367e+00 0.000000000000000000e+00
2.949249982833862305e+00 0.000000000000000000e+00
2.952749967575073242e+00 0.000000000000000000e+00
2.956249952316284180e+00 0.000000000000000000e+00
2.959749937057495117e+00 0.000000000000000000e+00
2.963249921798706055e+00 0.000000000000000000e+00
2.966749906539916992e+00 0.000000000000000000e+00
2.970249891281127930e+00 0.000000000000000000e+00
2.973750114440917969e+00 0.000000000000000000e+00
2.977250099182128906e+00 0.000000000000000000e+00
2.980750083923339844e+00 0.000000000000000000e+00
2.984250068664550781e+00 0.000000000000000000e+00
2.987750053405761719e+00 0.000000000000000000e+00
2.991250038146972656e+00 0.000000000000000000e+00
2.994750022888183594e+00 0.000000000000000000e+00
2.998250007629394531e+00 0.000000000000000000e+00
