-4.982499999999999707e-01 0.000000000000000000e+00
-4.947500000000000231e-01 0.000000000000000000e+00
-4.912499999999999645e-01 0.000000000000000000e+00
-4.877500000000000169e-01 0.000000000000000000e+00
-4.842499999999999583e-01 0.000000000000000000e+00
-4.807500000000000107e-01 0.000000000000000000e+00
-4.772499999999999520e-01 0.000000000000000000e+00
-4.737500000000000044e-01 0.000000000000000000e+00
-4.702500000000000013e-01 0.000000000000000000e+00
-4.667499999999999982e-01 0.000000000000000000e+00
-4.632499999999999951e-01 0.000000000000000000e+00
-4.597499999999999920e-01 0.000000000000000000e+00
-4.562500000000000444e-01 0.000000000000000000e+00
-4.527499999999999858e-01 0.000000000000000000e+00
-4.492500000000000382e-01 0.000000000000000000e+00
-4.457499999999999796e-01 0.000000000000000000e+00
-4.422500000000000320e-01 0.000000000000000000e+00
-4.387499999999999734e-01 0.000000000000000000e+00
-4.352500000000000258e-01 0.000000000000000000e+00
-4.317499999999999671e-01 0.000000000000000000e+00
-4.282500000000000195e-01 0.000000000000000000e+00
-4.247499999999999609e-01 0.000000000000000000e+00
-4.212500000000000133e-01 0.000000000000000000e+00
-4.177499999999999547e-01 0.000000000000000000e+00
-4.142500000000000071e-01 0.000000000000000000e+00
-4.107500000000000040e-01 0.000000000000000000e+00
-4.072500000000000009e-01 0.000000000000000000e+00
-4.037499999999999978e-01 0.000000000000000000e+00
-4.002499999999999947e-01 0.000000000000000000e+00
-3.967499999999999916e-01 0.000000000000000000e+00
-3.932499999999999885e-01 0.000000000000000000e+00
-3.897500000000000409e-01 0.000000000000000000e+00
-3.862499999999999822e-01 0.000000000000000000e+00
-3.827500000000000346e-01 0.000000000000000000e+00
-3.792499999999999760e-01 0.000000000000000000e+00
-3.757500000000000284e-01 0.000000000000000000e+00
-3.722499999999999698e-01 0.000000000000000000e+00
-3.687500000000000222e-01 0.000000000000000000e+00
-3.652499999999999636e-01 0.000000000000000000e+00
-3.617500000000000160e-01 0.000000000000000000e+00
-3.582499999999999574e-01 0.000000000000000000e+00
-3.547500000000000098e-01 0.000000000000000000e+00
-3.512500000000000067e-01 0.000000000000000000e+00
-3.477500000000000036e-01 0.000000000000000000e+00
-3.442500000000000004e-01 0.000000000000000000e+00
-3.407499999999999973e-01 0.000000000000000000e+00
-3.372499999999999942e-01 0.000000000000000000e+00
-3.337499999999999911e-01 0.000000000000000000e+00
-3.302499999999999880e-01 0.000000000000000000e+00
-3.267499999999999849e-01 0.000000000000000000e+00
-3.232499999999999818e-01 0.000000000000000000e+00
-3.197499999999999787e-01 0.000000000000000000e+00
-3.162500000000000311e-01 0.000000000000000000e+00
-3.127499999999999725e-01 0.000000000000000000e+00
-3.092500000000000249e-01 0.000000000000000000e+00
-3.057499999999999662e-01 0.000000000000000000e+00
-3.022500000000000187e-01 0.000000000000000000e+00
-2.987499999999999600e-01 0.000000000000000000e+00
-2.952500000000000124e-01 0.000000000000000000e+00
-2.917500000000000093e-01 0.000000000000000000e+00
-2.882500000000000062e-01 0.000000000000000000e+00
-2.847500000000000031e-01 0.000000000000000000e+00
-2.812500000000000000e-01 0.000000000000000000e+00
-2.777499999999999969e-01 0.000000000000000000e+00
-2.742499999999999938e-01 0.000000000000000000e+00
-2.707499999999999907e-01 0.000000000000000000e+00
-2.672499999999999876e-01 0.000000000000000000e+00
-2.637499999999999845e-01 0.000000000000000000e+00
-2.602499999999999813e-01 0.000000000000000000e+00
-2.567500000000000338e-01 0.000000000000000000e+00
-2.532499999999999751e-01 0.000000000000000000e+00
-2.497499999999999998e-01 0.000000000000000000e+00
-2.462499999999999967e-01 0.000000000000000000e+00
-2.427499999999999936e-01 0.000000000000000000e+00
-2.392499999999999905e-01 0.000000000000000000e+00
-2.357499999999999873e-01 0.000000000000000000e+00
-2.322499999999999842e-01 0.000000000000000000e+00
-2.287499999999999811e-01 0.000000000000000000e+00
-2.252499999999999780e-01 0.000000000000000000e+00
-2.217499999999999749e-01 0.000000000000000000e+00
-2.182499999999999718e-01 0.000000000000000000e+00
-2.147499999999999687e-01 0.000000000000000000e+00
-2.112499999999999933e-01 0.000000000000000000e+00
-2.077500000000000180e-01 0.000000000000000000e+00
-2.042500000000000149e-01 0.000000000000000000e+00
-2.007500000000000118e-01 0.000000000000000000e+00
-1.972500000000000087e-01 0.000000000000000000e+00
-1.937500000000000056e-01 0.000000000000000000e+00
-1.902500000000000024e-01 0.000000000000000000e+00
-1.867499999999999993e-01 0.000000000000000000e+00
-1.832499999999999962e-01 0.000000000000000000e+00
-1.797499999999999931e-01 0.000000000000000000e+00
-1.762499999999999900e-01 0.000000000000000000e+00
-1.727499999999999869e-01 0.000000000000000000e+00
-1.692499999999999838e-01 0.000000000000000000e+00
-1.657499999999999807e-01 0.000000000000000000e+00
-1.622499999999999776e-01 0.000000000000000000e+00
-1.587499999999999745e-01 0.000000000000000000e+00
-1.552499999999999714e-01 0.000000000000000000e+00
-1.517499999999999682e-01 4.511956376518355682e-06
-1.482499999999999929e-01 0.000000000000000000e+00
-1.447500000000000175e-01 2.224454328825231642e-05
-1.412500000000000144e-01 3.538774035405367613e-05
-1.377500000000000113e-01 1.760805898811668158e-04
-1.342500000000000082e-01 4.681158461607992649e-04
-1.307500000000000051e-01 1.290970249101519585e-03
-1.272500000000000020e-01 3.243860788643360138e-03
-1.237499999999999989e-01 7.268269080668687820e-03
-1.202499999999999958e-01 1.522551570087671280e-02
-1.167499999999999927e-01 2.921602129936218262e-02
-1.132499999999999896e-01 5.461969971656799316e-02
-1.097499999999999865e-01 9.587907791137695312e-02
-1.062499999999999833e-01 1.612725108861923218e-01
-1.027499999999999802e-01 2.565221488475799561e-01
-9.924999999999997713e-02 3.950925469398498535e-01
-9.574999999999997402e-02 5.828927755355834961e-01
-9.224999999999997091e-02 8.288999795913696289e-01
-8.874999999999996780e-02 1.145529627799987793e+00
-8.524999999999999245e-02 1.528299927711486816e+00
-8.175000000000001710e-02 1.980802655220031738e+00
-7.825000000000001399e-02 2.513959169387817383e+00
-7.475000000000001088e-02 3.110321760177612305e+00
-7.125000000000000777e-02 3.747749328613281250e+00
-6.775000000000000466e-02 4.431660652160644531e+00
-6.425000000000000155e-02 5.135603904724121094e+00
-6.074999999999999845e-02 5.838952541351318359e+00
-5.724999999999999534e-02 6.538720130920410156e+00
-5.374999999999999223e-02 7.204613685607910156e+00
-5.024999999999998912e-02 7.808869361877441406e+00
-4.674999999999998601e-02 8.345541000366210938e+00
-4.324999999999998290e-02 8.799616813659667969e+00
-3.974999999999997979e-02 9.196938514709472656e+00
-3.624999999999997669e-02 9.484282493591308594e+00
-3.274999999999997358e-02 9.692206382751464844e+00
-2.924999999999997047e-02 9.783269882202148438e+00
-2.574999999999996736e-02 9.808517456054687500e+00
-2.224999999999996425e-02 9.739699363708496094e+00
-1.874999999999998890e-02 9.599222183227539062e+00
-1.525000000000001354e-02 9.394392967224121094e+00
-1.175000000000001044e-02 9.124738693237304688e+00
-8.250000000000007327e-03 8.825962066650390625e+00
-4.750000000000004219e-03 8.470592498779296875e+00
-1.249999999999973355e-03 8.075696945190429688e+00
2.250000000000029754e-03 7.683005809783935547e+00
5.750000000000032863e-03 7.277886867523193359e+00
9.250000000000035971e-03 6.850438117980957031e+00
1.274999999999998357e-02 6.433800697326660156e+00
1.624999999999998668e-02 6.013803005218505859e+00
1.974999999999998979e-02 5.595116138458251953e+00
2.324999999999999289e-02 5.195366382598876953e+00
2.674999999999999600e-02 4.823349475860595703e+00
3.024999999999999911e-02 4.457095146179199219e+00
3.375000000000000222e-02 4.107603073120117188e+00
3.725000000000000533e-02 3.785389423370361328e+00
4.075000000000000844e-02 3.471783638000488281e+00
4.425000000000001155e-02 3.192631721496582031e+00
4.775000000000001465e-02 2.919910430908203125e+00
5.125000000000001776e-02 2.678950786590576172e+00
5.475000000000002087e-02 2.441341876983642578e+00
5.825000000000002398e-02 2.233415126800537109e+00
6.175000000000002709e-02 2.041409969329833984e+00
6.525000000000003020e-02 1.861695766448974609e+00
6.875000000000003331e-02 1.697901487350463867e+00
7.225000000000003642e-02 1.548918366432189941e+00
7.575000000000003952e-02 1.416139006614685059e+00
7.924999999999998712e-02 1.288707256317138672e+00
8.274999999999999023e-02 1.176682591438293457e+00
8.624999999999999334e-02 1.076515793800354004e+00
8.974999999999999645e-02 9.808081388473510742e-01
9.324999999999999956e-02 8.926180601119995117e-01
9.675000000000000266e-02 8.184492588043212891e-01
1.002500000000000058e-01 7.484344244003295898e-01
1.037500000000000089e-01 6.870923638343811035e-01
1.072500000000000120e-01 6.273535490036010742e-01
1.107500000000000151e-01 5.765654444694519043e-01
1.142500000000000182e-01 5.314623713493347168e-01
1.177500000000000213e-01 4.859530925750732422e-01
1.212500000000000244e-01 4.475669264793395996e-01
1.247500000000000275e-01 4.139275550842285156e-01
1.282500000000000306e-01 3.801024556159973145e-01
1.317500000000000338e-01 3.486295938491821289e-01
1.352500000000000369e-01 3.216080069541931152e-01
1.387499999999999845e-01 2.977166473865509033e-01
1.422499999999999876e-01 2.744862139225006104e-01
1.457499999999999907e-01 2.530759572982788086e-01
1.492499999999999938e-01 2.353041917085647583e-01
1.527499999999999969e-01 2.180971354246139526e-01
1.562500000000000000e-01 2.017837017774581909e-01
1.597500000000000031e-01 1.868290305137634277e-01
1.632500000000000062e-01 1.737851500511169434e-01
1.667500000000000093e-01 1.605862379074096680e-01
1.702500000000000124e-01 1.497832685708999634e-01
1.737500000000000155e-01 1.381591260433197021e-01
1.772500000000000187e-01 1.291459202766418457e-01
1.807500000000000218e-01 1.201900988817214966e-01
1.842500000000000249e-01 1.110665500164031982e-01
1.877500000000000280e-01 1.044846475124359131e-01
1.912500000000000311e-01 9.649446606636047363e-02
1.947500000000000342e-01 8.994208276271820068e-02
1.982500000000000373e-01 8.375127613544464111e-02
2.017500000000000404e-01 7.845567911863327026e-02
2.052499999999999880e-01 7.297702133655548096e-02
2.087499999999999911e-01 6.787759810686111450e-02
2.122499999999999942e-01 6.341109424829483032e-02
2.157499999999999973e-01 5.997347086668014526e-02
2.192500000000000004e-01 5.594125017523765564e-02
2.227500000000000036e-01 5.248095840215682983e-02
2.262500000000000067e-01 4.906717687845230103e-02
2.297500000000000098e-01 4.619051143527030945e-02
2.332500000000000129e-01 4.307337850332260132e-02
2.367500000000000160e-01 4.016570001840591431e-02
2.402500000000000191e-01 3.801343590021133423e-02
2.437500000000000222e-01 3.594411537051200867e-02
2.472500000000000253e-01 3.344000130891799927e-02
2.507500000000000284e-01 3.122209385037422180e-02
2.542500000000000315e-01 2.990751899778842926e-02
2.577500000000000346e-01 2.802717871963977814e-02
2.612500000000000377e-01 2.656924538314342499e-02
2.647500000000000409e-01 2.493712864816188812e-02
2.682500000000000440e-01 2.321583405137062073e-02
2.717499999999999916e-01 2.205318957567214966e-02
2.752499999999999947e-01 2.115988358855247498e-02
2.787499999999999978e-01 1.980538852512836456e-02
2.822500000000000009e-01 1.843173056840896606e-02
2.857500000000000040e-01 1.771664619445800781e-02
2.892500000000000071e-01 1.682836376130580902e-02
2.927500000000000102e-01 1.566833816468715668e-02
2.962500000000000133e-01 1.482663024216890335e-02
2.997500000000000164e-01 1.419565733522176743e-02
3.032500000000000195e-01 1.317023485898971558e-02
3.067500000000000226e-01 1.289237011224031448e-02
3.102500000000000258e-01 1.226125657558441162e-02
3.137500000000000289e-01 1.151503343135118484e-02
3.172500000000000320e-01 1.066122949123382568e-02
3.207500000000000351e-01 1.018226612359285355e-02
3.242500000000000382e-01 9.771822020411491394e-03
3.277500000000000413e-01 9.363360702991485596e-03
3.312499999999999889e-01 8.897338993847370148e-03
3.347499999999999920e-01 8.640087209641933441e-03
3.382499999999999951e-01 7.958236150443553925e-03
3.417499999999999982e-01 7.687555626034736633e-03
3.452500000000000013e-01 7.166573312133550644e-03
3.487500000000000044e-01 7.127831224352121353e-03
3.522500000000000075e-01 6.566946860402822495e-03
3.557500000000000107e-01 6.259759888052940369e-03
3.592500000000000138e-01 5.979834124445915222e-03
3.627500000000000169e-01 5.566502455621957779e-03
3.662500000000000200e-01 5.318729672580957413e-03
3.697500000000000231e-01 5.059602204710245132e-03
3.732500000000000262e-01 4.797618370503187180e-03
3.767500000000000293e-01 4.739040974527597427e-03
3.802500000000000324e-01 4.438078962266445160e-03
3.837500000000000355e-01 4.314091987907886505e-03
3.872500000000000386e-01 4.058303311467170715e-03
3.907500000000000417e-01 3.900574753060936928e-03
3.942500000000000449e-01 3.675316693261265755e-03
3.977499999999999925e-01 3.546542488038539886e-03
4.012499999999999956e-01 3.360514994710683823e-03
4.047499999999999987e-01 3.165658097714185715e-03
4.082500000000000018e-01 2.983281621709465981e-03
4.117500000000000049e-01 2.897798782214522362e-03
4.152500000000000080e-01 2.760527655482292175e-03
4.187500000000000111e-01 2.678535412997007370e-03
4.222500000000000142e-01 2.503196243196725845e-03
4.257500000000000173e-01 2.370010130107402802e-03
4.292500000000000204e-01 2.263538772240281105e-03
4.327500000000000235e-01 2.160435775294899940e-03
4.362500000000000266e-01 2.064688364043831825e-03
4.397500000000000298e-01 1.978729385882616043e-03
4.432500000000000329e-01 1.946625998243689537e-03
4.467500000000000360e-01 1.782647101208567619e-03
4.502500000000000391e-01 1.669479068368673325e-03
4.537500000000000422e-01 1.573395798914134502e-03
4.572500000000000453e-01 1.557064359076321125e-03
4.607500000000000484e-01 1.504607731476426125e-03
4.642499999999999960e-01 1.376009080559015274e-03
4.677499999999999991e-01 1.325716497376561165e-03
4.712500000000000022e-01 1.292693312279880047e-03
4.747500000000000053e-01 1.211011433042585850e-03
4.782500000000000084e-01 1.195967197418212891e-03
4.817500000000000115e-01 1.078676199540495872e-03
4.852500000000000147e-01 1.014053006656467915e-03
4.887500000000000178e-01 1.027145772241055965e-03
4.922500000000000209e-01 9.466397459618747234e-04
4.957500000000000240e-01 9.452133672311902046e-04
4.992500000000000826e-01 9.219375788234174252e-04
5.027500000000000302e-01 8.452337351627647877e-04
5.062499999999999778e-01 8.027605363167822361e-04
5.097500000000000364e-01 8.481390541419386864e-04
5.132500000000000950e-01 7.533765747211873531e-04
5.167500000000000426e-01 7.770984084345400333e-04
5.202499999999999902e-01 7.219098624773323536e-04
5.237500000000000488e-01 6.914714467711746693e-04
5.272499999999999964e-01 6.526443758048117161e-04
5.307499999999999440e-01 6.616723840124905109e-04
5.342500000000000027e-01 5.967481411062180996e-04
5.377500000000000613e-01 5.805480759590864182e-04
5.412500000000000089e-01 6.102633196860551834e-04
5.447499999999999565e-01 5.708815297111868858e-04
5.482500000000000151e-01 5.344172823242843151e-04
5.517500000000000737e-01 5.390779115259647369e-04
5.552500000000000213e-01 5.048895254731178284e-04
5.587499999999999689e-01 4.826639778912067413e-04
5.622500000000000275e-01 5.120154819451272488e-04
5.657500000000000862e-01 4.927285481244325638e-04
5.692500000000000338e-01 4.720913711935281754e-04
5.727499999999999813e-01 4.567178548313677311e-04
5.762500000000000400e-01 4.605725989677011967e-04
5.797500000000000986e-01 4.409849934745579958e-04
5.832500000000000462e-01 4.569252487272024155e-04
5.867499999999999938e-01 4.427509556990116835e-04
5.902500000000000524e-01 4.289471835363656282e-04
5.937500000000000000e-01 4.055721801705658436e-04
5.972499999999999476e-01 4.367691872175782919e-04
6.007500000000000062e-01 3.953621780965477228e-04
6.042500000000000648e-01 4.120968515053391457e-04
6.077500000000000124e-01 3.884288307745009661e-04
6.112499999999999600e-01 3.851375950034707785e-04
6.147500000000000187e-01 3.940462484024465084e-04
6.182500000000000773e-01 3.835450916085392237e-04
6.217500000000000249e-01 3.776158846449106932e-04
6.252499999999999725e-01 3.711783210746943951e-04
6.287500000000000311e-01 3.843079321086406708e-04
6.322500000000000897e-01 3.842029836960136890e-04
6.357500000000000373e-01 3.538065066095441580e-04
6.392499999999999849e-01 3.469079674687236547e-04
6.427500000000000435e-01 3.381746937520802021e-04
6.462500000000001021e-01 3.571805718820542097e-04
6.497500000000000497e-01 3.390993806533515453e-04
6.532499999999999973e-01 3.227400884497910738e-04
6.567500000000000560e-01 3.010520595125854015e-04
6.602500000000000036e-01 3.538005112204700708e-04
6.637499999999999512e-01 3.183859225828200579e-04
6.672500000000000098e-01 3.152036806568503380e-04
6.707500000000000684e-01 3.150376142002642155e-04
6.742500000000000160e-01 3.004481550306081772e-04
6.777499999999999636e-01 3.255654009990394115e-04
6.812500000000000222e-01 3.247111453674733639e-04
6.847500000000000808e-01 3.210854774806648493e-04
6.882500000000000284e-01 3.249213914386928082e-04
6.917499999999999760e-01 3.134777361992746592e-04
6.952500000000000346e-01 2.984692982863634825e-04
6.987500000000000933e-01 3.163806395605206490e-04
7.022500000000000409e-01 2.734890440478920937e-04
7.057499999999999885e-01 2.736014721449464560e-04
7.092500000000000471e-01 2.820870431605726480e-04
7.127500000000001057e-01 2.857789222616702318e-04
7.162500000000000533e-01 3.011015942320227623e-04
7.197500000000000009e-01 2.731146232690662146e-04
7.232500000000000595e-01 2.569792850408703089e-04
7.267500000000000071e-01 2.941664715763181448e-04
7.302499999999999547e-01 2.625111374072730541e-04
7.337500000000000133e-01 2.919131948146969080e-04
7.372500000000000719e-01 2.612741664052009583e-04
7.407500000000000195e-01 2.483260468579828739e-04
7.442499999999999671e-01 2.357572229811921716e-04
7.477500000000000258e-01 2.521442074794322252e-04
7.512500000000000844e-01 2.984004386235028505e-04
7.547500000000000320e-01 2.607921196613460779e-04
7.582499999999999796e-01 2.561659202910959721e-04
7.617500000000000382e-01 2.755856839939951897e-04
7.652500000000000968e-01 2.427948056720197201e-04
7.687500000000000444e-01 2.718528849072754383e-04
7.722499999999999920e-01 2.869634772650897503e-04
7.757500000000000506e-01 2.474192588124424219e-04
7.792499999999999982e-01 2.525593445170670748e-04
7.827499999999999458e-01 2.747941471170634031e-04
7.862500000000000044e-01 2.341798826819285750e-04
7.897500000000000631e-01 2.305496745975688100e-04
7.932500000000000107e-01 2.624054322950541973e-04
7.967499999999999583e-01 2.258330787299200892e-04
8.002500000000000169e-01 2.133757952833548188e-04
8.037500000000000755e-01 2.346293476875871420e-04
8.072500000000000231e-01 2.633092808537185192e-04
8.107499999999999707e-01 2.407804131507873535e-04
8.142500000000000293e-01 2.417918731225654483e-04
8.177500000000000879e-01 2.499230904504656792e-04
8.212500000000000355e-01 2.073403447866439819e-04
8.247499999999999831e-01 2.036920195678249002e-04
8.282500000000000417e-01 2.472048799972981215e-04
8.317500000000001004e-01 2.456252113915979862e-04
8.352500000000000480e-01 2.133805246558040380e-04
8.387499999999999956e-01 2.285499795107170939e-04
8.422500000000000542e-01 2.424813719699159265e-04
8.457500000000000018e-01 2.659543533809483051e-04
8.492499999999999494e-01 2.216691646026447415e-04
8.527500000000000080e-01 2.576320839580148458e-04
8.562500000000000666e-01 2.263993810629472136e-04
8.597500000000000142e-01 2.036657679127529263e-04
8.632499999999999618e-01 2.526764001231640577e-04
8.667500000000000204e-01 2.228233352070674300e-04
8.702500000000000790e-01 2.522400172892957926e-04
8.737500000000000266e-01 2.026085421675816178e-04
8.772499999999999742e-01 2.351309958612546325e-04
8.807500000000000329e-01 2.519496192689985037e-04
8.842500000000000915e-01 2.439161471556872129e-04
8.877500000000000391e-01 1.970225275726988912e-04
8.912499999999999867e-01 2.276211889693513513e-04
8.947500000000000453e-01 2.205001364927738905e-04
8.982500000000001039e-01 2.068279718514531851e-04
9.017500000000000515e-01 2.235479914816096425e-04
9.052499999999999991e-01 1.564197737025097013e-04
9.087500000000000577e-01 1.822878839448094368e-04
9.122500000000000053e-01 1.993987825699150562e-04
9.157499999999999529e-01 2.029626193689182401e-04
9.192500000000000115e-01 2.009682793868705630e-04
9.227500000000000702e-01 1.987393043236806989e-04
9.262500000000000178e-01 1.830628607422113419e-04
9.297499999999999654e-01 2.151562657672911882e-04
9.332500000000000240e-01 2.024640125455334783e-04
9.367500000000000826e-01 1.837459567468613386e-04
9.402500000000000302e-01 1.970010198419913650e-04
9.437499999999999778e-01 2.066440792987123132e-04
9.472500000000000364e-01 1.658354449318721890e-04
9.507500000000000950e-01 1.801908510969951749e-04
9.542500000000000426e-01 1.711781951598823071e-04
9.577499999999999902e-01 1.654059160500764847e-04
9.612500000000000488e-01 1.516348129371181130e-04
9.647500000000001075e-01 1.596659567439928651e-04
9.682500000000000551e-01 1.702198205748572946e-04
9.717500000000000027e-01 1.618199021322652698e-04
9.752500000000000613e-01 1.878852781374007463e-04
9.787500000000000089e-01 1.868794206529855728e-04
9.822499999999999565e-01 1.815995638025924563e-04
9.857500000000000151e-01 1.767465000739321113e-04
9.892500000000000737e-01 1.543259568279609084e-04
9.927500000000000213e-01 1.604417921043932438e-04
9.962499999999999689e-01 1.401469926349818707e-04
9.997500000000000275e-01 2.006101130973547697e-04
1.003249999999999975e+00 1.775303389877080917e-04
1.006750000000000034e+00 1.583153934916481376e-04
1.010250000000000092e+00 1.679222768871113658e-04
1.013749999999999929e+00 1.538657961646094918e-04
1.017250000000000210e+00 1.632260682526975870e-04
1.020750000000000046e+00 1.397586020175367594e-04
1.024249999999999883e+00 1.582788099767640233e-04
1.027750000000000163e+00 1.784737396519631147e-04
1.031250000000000000e+00 1.657575048739090562e-04
1.034750000000000059e+00 1.739168365020304918e-04
1.038250000000000117e+00 1.561404642416164279e-04
1.041749999999999954e+00 1.722217421047389507e-04
1.045250000000000012e+00 1.461767242290079594e-04
1.048750000000000071e+00 1.612346241017803550e-04
1.052249999999999908e+00 1.511394511908292770e-04
1.055750000000000188e+00 1.434588048141449690e-04
1.059250000000000025e+00 1.629442704143002629e-04
1.062749999999999861e+00 1.395677973050624132e-04
1.066250000000000142e+00 1.311008236370980740e-04
1.069749999999999979e+00 1.649288460612297058e-04
1.073250000000000037e+00 1.642148272367194295e-04
1.076750000000000096e+00 1.477850019000470638e-04
1.080249999999999932e+00 1.489530113758519292e-04
1.083750000000000213e+00 1.412626152159646153e-04
1.087250000000000050e+00 1.992961333598941565e-04
1.090749999999999886e+00 1.472097064834088087e-04
1.094250000000000167e+00 1.334655098617076874e-04
1.097750000000000004e+00 1.059143105521798134e-04
1.101250000000000062e+00 1.235162490047514439e-04
1.104750000000000121e+00 1.411721023032441735e-04
1.108249999999999957e+00 1.235864619957283139e-04
1.111750000000000016e+00 1.486167602706700563e-04
1.115250000000000075e+00 1.577412331243976951e-04
1.118749999999999911e+00 1.329991355305537581e-04
1.122250000000000192e+00 1.129118900280445814e-04
1.125750000000000028e+00 1.409725664416328073e-04
1.129249999999999865e+00 1.228154724230989814e-04
1.132750000000000146e+00 8.941880514612421393e-05
1.136249999999999982e+00 1.414457219652831554e-04
1.139750000000000041e+00 1.484033127781003714e-04
1.143250000000000099e+00 1.312729873461648822e-04
1.146749999999999936e+00 1.256820105481892824e-04
1.150250000000000217e+00 1.543564576422795653e-04
1.153750000000000053e+00 1.291353255510330200e-04
1.157249999999999890e+00 1.239715784322470427e-04
1.160750000000000171e+00 1.225104933837428689e-04
1.164250000000000007e+00 8.852053724694997072e-05
1.167749999999999844e+00 1.121165623771958053e-04
1.171250000000000124e+00 1.170085815829224885e-04
1.174749999999999961e+00 1.306943740928545594e-04
1.178250000000000020e+00 1.037874244502745569e-04
1.181750000000000078e+00 8.780198550084605813e-05
1.185249999999999915e+00 1.263684680452570319e-04
1.188750000000000195e+00 1.041064533637836576e-04
1.192250000000000032e+00 9.451826917938888073e-05
1.195749999999999869e+00 1.354375563096255064e-04
1.199250000000000149e+00 8.954935037763789296e-05
1.202749999999999986e+00 1.126336574088782072e-04
1.206250000000000044e+00 9.638947813073173165e-05
1.209750000000000103e+00 1.261244760826230049e-04
1.213249999999999940e+00 1.318296272074803710e-04
1.216750000000000220e+00 9.880273864837363362e-05
1.220250000000000057e+00 1.058176640071906149e-04
1.223749999999999893e+00 1.104546463466249406e-04
1.227250000000000174e+00 9.778800449566915631e-05
1.230750000000000011e+00 9.379149560118094087e-05
1.234249999999999847e+00 9.395185770699754357e-05
1.237750000000000128e+00 1.287003397010266781e-04
1.241249999999999964e+00 8.255174179794266820e-05
1.244750000000000023e+00 9.160464105661958456e-05
1.248250000000000082e+00 9.080336167244240642e-05
1.251749999999999918e+00 8.168514614226296544e-05
1.255250000000000199e+00 1.278300042031332850e-04
1.258750000000000036e+00 7.568626460852101445e-05
1.262249999999999872e+00 6.785906589357182384e-05
1.265750000000000153e+00 9.880935976980254054e-05
1.269249999999999989e+00 1.039538037730380893e-04
1.272750000000000048e+00 8.896486542653292418e-05
1.276250000000000107e+00 1.160395186161622405e-04
1.279749999999999943e+00 1.234450464835390449e-04
1.283250000000000224e+00 8.402491221204400063e-05
1.286750000000000060e+00 1.046682737069204450e-04
1.290249999999999897e+00 7.530693983426317573e-05
1.293750000000000178e+00 9.902424062602221966e-05
1.297250000000000014e+00 9.205799142364412546e-05
1.300749999999999851e+00 7.806146459188312292e-05
1.304250000000000131e+00 1.005024314508773386e-04
1.307749999999999968e+00 8.753278234507888556e-05
1.311250000000000027e+00 7.635900692548602819e-05
1.314750000000000085e+00 7.977608765941113234e-05
1.318249999999999922e+00 7.123931573005393147e-05
1.321750000000000203e+00 8.202056778827682137e-05
1.325250000000000039e+00 1.081297741620801389e-04
1.328749999999999876e+00 8.094277291093021631e-05
1.332250000000000156e+00 5.780157516710460186e-05
1.335749999999999993e+00 7.465136150131002069e-05
1.339250000000000052e+00 9.293045150116086006e-05
1.342750000000000110e+00 1.180393010145053267e-04
1.346249999999999947e+00 7.522894156863912940e-05
1.349750000000000227e+00 8.762396464589983225e-05
1.353250000000000064e+00 1.144065463449805975e-04
1.356749999999999901e+00 9.835757373366504908e-05
1.360250000000000181e+00 8.764494850765913725e-05
1.363750000000000018e+00 7.467624527635052800e-05
1.367249999999999854e+00 1.229465560754761100e-04
1.370750000000000135e+00 9.098656300920993090e-05
1.374249999999999972e+00 7.726480544079095125e-05
1.377750000000000030e+00 8.275771688204258680e-05
1.381250000000000089e+00 1.033294174703769386e-04
1.384749999999999925e+00 6.870780634926632047e-05
1.388250000000000206e+00 9.834397496888414025e-05
1.391750000000000043e+00 9.368176688440144062e-05
1.395249999999999879e+00 1.064831012627109885e-04
1.398750000000000160e+00 1.257848343811929226e-04
1.402249999999999996e+00 8.955143857747316360e-05
1.405750000000000055e+00 8.417884964728727937e-05
1.409250000000000114e+00 5.725231676478870213e-05
1.412749999999999950e+00 6.512960680993273854e-05
1.416250000000000231e+00 7.119087968021631241e-05
1.419750000000000068e+00 6.712335743941366673e-05
1.423249999999999904e+00 5.919522664044052362e-05
1.426750000000000185e+00 7.949027349241077900e-05
1.430250000000000021e+00 4.696030009654350579e-05
1.433749999999999858e+00 9.761150431586429477e-05
1.437250000000000139e+00 7.021574128884822130e-05
1.440749999999999975e+00 7.593460031785070896e-05
1.444250000000000034e+00 7.423254282912239432e-05
1.447750000000000092e+00 6.332695193123072386e-05
1.451249999999999929e+00 6.623245280934497714e-05
1.454750000000000210e+00 7.586570427520200610e-05
1.458250000000000046e+00 4.936330878990702331e-05
1.461749999999999883e+00 6.919089355506002903e-05
1.465250000000000163e+00 7.984112744452431798e-05
1.468750000000000000e+00 5.517113459063693881e-05
1.472250000000000059e+00 6.238672358449548483e-05
1.475750000000000117e+00 5.523953223018907011e-05
1.479249999999999954e+00 5.570031862589530647e-05
1.482750000000000012e+00 7.869610271882265806e-05
1.486250000000000071e+00 8.611788507550954819e-05
1.489749999999999908e+00 6.599325570277869701e-05
1.493250000000000188e+00 7.237495447043329477e-05
1.496750000000000025e+00 6.212976586539298296e-05
1.500250000000000083e+00 5.874529597349464893e-05
1.503750000000000142e+00 5.011237954022362828e-05
1.507249999999999979e+00 8.535906817996874452e-05
1.510750000000000037e+00 6.121557089500129223e-05
1.514250000000000096e+00 4.850643017562106252e-05
1.517749999999999932e+00 4.218362664687447250e-05
1.521249999999999991e+00 6.547682278323918581e-05
1.524750000000000050e+00 5.099591726320795715e-05
1.528250000000000108e+00 6.183303048601374030e-05
1.531750000000000167e+00 3.357450259500183165e-05
1.535250000000000004e+00 7.114338222891092300e-05
1.538750000000000062e+00 6.048259456292726099e-05
1.542250000000000121e+00 7.027409446891397238e-05
1.545749999999999957e+00 9.135367145063355565e-05
1.549250000000000016e+00 7.023436774034053087e-05
1.552750000000000075e+00 6.504976772703230381e-05
1.556249999999999911e+00 6.625361857004463673e-05
1.559749999999999970e+00 8.772152796154841781e-05
1.563250000000000028e+00 5.586509723798371851e-05
1.566750000000000087e+00 4.469223131309263408e-05
1.570250000000000146e+00 6.383107393048703671e-05
1.573749999999999982e+00 5.219304148340597749e-05
1.577250000000000041e+00 7.460527558578178287e-05
1.580750000000000099e+00 7.634433131897822022e-05
1.584249999999999936e+00 7.978294888744130731e-05
1.587749999999999995e+00 5.320276613929308951e-05
1.591250000000000053e+00 6.664794636890292168e-05
1.594750000000000112e+00 5.023395351599901915e-05
1.598250000000000171e+00 8.598271233495324850e-05
1.601750000000000007e+00 8.415525371674448252e-05
1.605250000000000066e+00 5.084850636194460094e-05
1.608750000000000124e+00 5.477900049299933016e-05
1.612249999999999961e+00 7.266645843628793955e-05
1.615750000000000020e+00 5.477231752593070269e-05
1.619250000000000078e+00 6.557767483172938228e-05
1.622749999999999915e+00 5.691533078788779676e-05
1.626249999999999973e+00 6.803283031331375241e-05
1.629750000000000032e+00 7.867806561989709735e-05
1.633250000000000091e+00 6.462930468842387199e-05
1.636750000000000149e+00 8.197061833925545216e-05
1.640249999999999986e+00 7.949805876705795527e-05
1.643750000000000044e+00 5.169391806703060865e-05
1.647250000000000103e+00 5.201862950343638659e-05
1.650749999999999940e+00 4.925958637613803148e-05
1.654249999999999998e+00 6.479342118836939335e-05
1.657750000000000057e+00 5.409808363765478134e-05
1.661250000000000115e+00 4.772468673763796687e-05
1.664750000000000174e+00 4.407266169437207282e-05
1.668250000000000011e+00 9.798374230740591884e-05
1.671750000000000069e+00 3.706516508827917278e-05
1.675250000000000128e+00 6.287609721766784787e-05
1.678749999999999964e+00 5.446516297524794936e-05
1.682250000000000023e+00 5.948689431534148753e-05
1.685750000000000082e+00 4.914224700769409537e-05
1.689249999999999918e+00 6.710550951538607478e-05
1.692749999999999977e+00 7.066890975693240762e-05
1.696250000000000036e+00 6.405119347618892789e-05
1.699750000000000094e+00 6.244138057809323072e-05
1.703250000000000153e+00 4.672534851124510169e-05
1.706749999999999989e+00 3.306855069240555167e-05
1.710250000000000048e+00 4.299866486690007150e-05
1.713750000000000107e+00 3.763064160011708736e-05
1.717249999999999943e+00 7.091642328305169940e-05
1.720750000000000002e+00 6.048655632184818387e-05
1.724250000000000060e+00 5.106864045956172049e-05
1.727750000000000119e+00 7.430880214087665081e-05
1.731250000000000178e+00 8.601573063060641289e-05
1.734750000000000014e+00 5.259255340206436813e-05
1.738250000000000073e+00 5.109862104291096330e-05
1.741750000000000131e+00 7.647748861927539110e-05
1.745249999999999968e+00 4.213861029711551964e-05
1.748750000000000027e+00 5.960008274996653199e-05
1.752250000000000085e+00 6.295179628068581223e-05
1.755749999999999922e+00 4.241114584146998823e-05
1.759249999999999980e+00 3.666081465780735016e-05
1.762750000000000039e+00 5.517100726137869060e-05
1.766250000000000098e+00 6.737448711646720767e-05
1.769750000000000156e+00 5.002096440875902772e-05
1.773249999999999993e+00 3.906862548319622874e-05
1.776750000000000052e+00 3.013110654137562960e-05
1.780250000000000110e+00 4.186363003100268543e-05
1.783749999999999947e+00 9.139980102190747857e-05
1.787250000000000005e+00 5.615736881736665964e-05
1.790750000000000064e+00 8.061606786213815212e-05
1.794250000000000123e+00 3.078550071222707629e-05
1.797750000000000181e+00 3.873383684549480677e-05
1.801250000000000018e+00 4.726376209873706102e-05
1.804750000000000076e+00 3.870684668072499335e-05
1.808250000000000135e+00 5.587393752648495138e-05
1.811749999999999972e+00 5.926752419327385724e-05
1.815250000000000030e+00 6.003787711961194873e-05
1.818750000000000089e+00 3.692684185807593167e-05
1.822249999999999925e+00 7.008212560322135687e-05
1.825749999999999984e+00 4.906875983579084277e-05
1.829250000000000043e+00 7.785433263052254915e-05
1.832750000000000101e+00 4.566036295727826655e-05
1.836250000000000160e+00 5.527615212486125529e-05
1.839749999999999996e+00 3.344096330692991614e-05
1.843250000000000055e+00 4.552191603579558432e-05
1.846750000000000114e+00 3.091760299867019057e-05
1.850249999999999950e+00 4.124477345612831414e-05
1.853750000000000009e+00 4.862823334406130016e-05
1.857250000000000068e+00 4.570499004330486059e-05
1.860750000000000126e+00 8.131831418722867966e-05
1.864250000000000185e+00 4.249421181157231331e-05
1.867750000000000021e+00 3.347208257764577866e-05
1.871250000000000080e+00 5.427166979643516243e-05
1.874750000000000139e+00 4.118803190067410469e-05
1.878249999999999975e+00 5.603233876172453165e-05
1.881750000000000034e+00 6.354472134262323380e-05
1.885250000000000092e+00 4.930757495458237827e-05
1.888749999999999929e+00 3.570832268451340497e-05
1.892249999999999988e+00 5.375951150199398398e-05
1.895750000000000046e+00 5.654087726725265384e-05
1.899250000000000105e+00 5.939669063081964850e-05
1.902750000000000163e+00 4.510839062277227640e-05
1.906250000000000000e+00 3.934799678972922266e-05
1.909750000000000059e+00 5.455823702504858375e-05
1.913250000000000117e+00 5.662902913172729313e-05
1.916749999999999954e+00 6.519207818200811744e-05
1.920250000000000012e+00 4.078897836734540761e-05
1.923750000000000071e+00 3.547600863385014236e-05
1.927250000000000130e+00 3.510878377710469067e-05
1.930750000000000188e+00 4.883955989498645067e-05
1.934250000000000025e+00 6.908354407642036676e-05
1.937750000000000083e+00 7.599282253067940474e-05
1.941250000000000142e+00 2.880763713619671762e-05
1.944749999999999979e+00 5.153651727596297860e-05
1.948250000000000037e+00 5.710494224331341684e-05
1.951750000000000096e+00 5.546415195567533374e-05
1.955249999999999932e+00 5.033208435634151101e-05
1.958749999999999991e+00 5.458257874124683440e-05
1.962250000000000050e+00 4.873064972343854606e-05
1.965750000000000108e+00 5.241607141215354204e-05
1.969250000000000167e+00 7.446837844327092171e-05
1.972750000000000004e+00 2.776703331619501114e-05
1.976250000000000062e+00 6.030242366250604391e-05
1.979750000000000121e+00 4.438649921212345362e-05
1.983249999999999957e+00 3.076481516472995281e-05
1.986750000000000016e+00 5.830710506415925920e-05
1.990250000000000075e+00 5.054045686847530305e-05
1.993750000000000133e+00 7.097153866197913885e-05
1.997250000000000192e+00 3.705841663759201765e-05
2.000750000000000028e+00 3.136325540253892541e-05
2.004249999999999865e+00 4.833974162465892732e-05
2.007750000000000146e+00 4.327776332502253354e-05
2.011249999999999982e+00 4.869168697041459382e-05
2.014750000000000263e+00 3.331012703711166978e-05
2.018250000000000099e+00 5.853818947798572481e-05
2.021749999999999936e+00 4.102207458345219493e-05
2.025249999999999773e+00 2.510768899810500443e-05
2.028750000000000053e+00 4.262228685547597706e-05
2.032250000000000334e+00 5.230912211118265986e-05
2.035750000000000171e+00 7.172555342549458146e-05
2.039250000000000007e+00 6.718939403071999550e-05
2.042749999999999844e+00 5.852288813912309706e-05
2.046250000000000124e+00 6.596890307264402509e-05
2.049749999999999961e+00 5.825034168083220720e-05
2.053250000000000242e+00 6.041996675776317716e-05
2.056750000000000078e+00 4.817099761567078531e-05
2.060249999999999915e+00 8.083136344794183969e-05
2.063749999999999751e+00 4.537739368970505893e-05
2.067250000000000032e+00 4.107990389456972480e-05
2.070750000000000313e+00 4.540379813988693058e-05
2.074250000000000149e+00 3.278620351920835674e-05
2.077749999999999986e+00 5.972224244032986462e-05
2.081249999999999822e+00 3.992875281255692244e-05
2.084750000000000103e+00 5.657885049004107714e-05
2.088249999999999940e+00 5.087533645564690232e-05
2.091750000000000220e+00 4.940948201692663133e-05
2.095250000000000057e+00 6.974014831939712167e-05
2.098749999999999893e+00 4.594114579958841205e-05
2.102250000000000174e+00 3.542917329468764365e-05
2.105750000000000011e+00 7.038092735456302762e-05
2.109250000000000291e+00 6.001471410854719579e-05
2.112750000000000128e+00 6.217024929355829954e-05
2.116249999999999964e+00 4.419676406541839242e-05
2.119749999999999801e+00 7.286763866432011127e-05
2.123250000000000082e+00 5.810089714941568673e-05
2.126749999999999918e+00 4.037254620925523341e-05
2.130250000000000199e+00 2.702542042243294418e-05
2.133750000000000036e+00 5.358414273359812796e-05
2.137249999999999872e+00 3.615819878177717328e-05
2.140750000000000153e+00 3.522623956087045372e-05
2.144249999999999989e+00 4.902053115074522793e-05
2.147750000000000270e+00 1.093723258236423135e-04
2.151250000000000107e+00 2.338741069252137095e-05
2.154749999999999943e+00 6.703811959596350789e-05
2.158249999999999780e+00 6.420064164558425546e-05
2.161750000000000060e+00 2.387897075095679611e-05
2.165250000000000341e+00 3.168896728311665356e-05
2.168750000000000178e+00 5.064758806838653982e-05
2.172250000000000014e+00 3.034198016393929720e-05
2.175749999999999851e+00 1.044684995576972142e-05
2.179250000000000131e+00 2.641643550305161625e-05
2.182749999999999968e+00 5.722705463995225728e-05
2.186250000000000249e+00 5.574682290898635983e-05
2.189750000000000085e+00 6.032298551872372627e-05
2.193249999999999922e+00 3.085216667386703193e-05
2.196749999999999758e+00 5.685512951458804309e-05
2.200250000000000039e+00 4.527251803665421903e-05
2.203750000000000320e+00 5.193171455175615847e-05
2.207250000000000156e+00 3.547283267835155129e-05
2.210749999999999993e+00 5.271167538012377918e-05
2.214249999999999829e+00 5.248772868071682751e-05
2.217750000000000110e+00 2.489716825948562473e-05
2.221249999999999947e+00 5.472532939165830612e-05
2.224750000000000227e+00 4.778961010742932558e-05
2.228250000000000064e+00 1.860776319517754018e-05
2.231749999999999901e+00 5.742314169765450060e-05
2.235250000000000181e+00 7.389810343738645315e-05
2.238750000000000018e+00 3.982237103627994657e-05
2.242250000000000298e+00 4.194608118268661201e-05
2.245750000000000135e+00 6.356019730446860194e-05
2.249249999999999972e+00 4.834158607991412282e-05
2.252749999999999808e+00 2.387360655120573938e-05
2.256250000000000089e+00 1.552137473481707275e-05
2.259749999999999925e+00 4.820168396690860391e-05
2.263250000000000206e+00 3.300300886621698737e-05
2.266750000000000043e+00 3.568324245861731470e-05
2.270249999999999879e+00 7.034881127765402198e-05
2.273750000000000160e+00 3.652536179288290441e-05
2.277249999999999996e+00 5.551075446419417858e-05
2.280750000000000277e+00 3.740487227332778275e-05
2.284250000000000114e+00 6.891358498251065612e-05
2.287749999999999950e+00 4.139294105698354542e-05
2.291249999999999787e+00 2.966839565488044173e-05
2.294750000000000068e+00 4.746199192595668137e-05
2.298250000000000348e+00 3.139021646347828209e-05
2.301750000000000185e+00 2.429037340334616601e-05
2.305250000000000021e+00 4.722473750007338822e-05
2.308749999999999858e+00 4.152054316364228725e-05
2.312250000000000139e+00 2.489966027496848255e-05
2.315749999999999975e+00 3.789088441408239305e-05
2.319250000000000256e+00 6.026537448633462191e-05
2.322750000000000092e+00 2.920611950685270131e-05
2.326249999999999929e+00 4.649864422390237451e-05
2.329749999999999766e+00 5.626195343211293221e-05
2.333250000000000046e+00 2.970078094222117215e-05
2.336750000000000327e+00 4.549609002424404025e-05
2.340250000000000163e+00 4.715697286883369088e-05
2.343750000000000000e+00 4.956070551997981966e-05
2.347249999999999837e+00 2.176130328734871000e-05
2.350750000000000117e+00 4.386734872241504490e-05
2.354249999999999954e+00 4.942276791553013027e-05
2.357750000000000234e+00 4.296279075788334012e-05
2.361250000000000071e+00 4.106147025595419109e-05
2.364749999999999908e+00 3.625174576882272959e-05
2.368250000000000188e+00 5.194596815272234380e-05
2.371750000000000025e+00 4.155484566581435502e-05
2.375250000000000306e+00 4.634229480870999396e-05
2.378750000000000142e+00 5.053199856774881482e-05
2.382249999999999979e+00 3.059381924686022103e-05
2.385749999999999815e+00 4.225760858389548957e-05
2.389250000000000096e+00 3.089964957325719297e-05
2.392749999999999932e+00 3.952403494622558355e-05
2.396250000000000213e+00 4.774197805090807378e-05
2.399750000000000050e+00 1.246810552402166650e-05
2.403249999999999886e+00 1.380196499667363241e-05
2.406750000000000167e+00 3.111315163550898433e-05
2.410250000000000004e+00 6.453079549828544259e-05
2.413750000000000284e+00 6.930887320777401328e-05
2.417250000000000121e+00 3.740441388799808919e-05
2.420749999999999957e+00 4.703758168034255505e-05
2.424249999999999794e+00 4.039221312268637121e-05
2.427750000000000075e+00 3.152487624902278185e-05
2.431250000000000355e+00 9.328551641374360770e-06
2.434750000000000192e+00 5.091565981274470687e-05
2.438250000000000028e+00 3.710942473844625056e-05
2.441749999999999865e+00 2.553224476287141442e-05
2.445250000000000146e+00 4.675759919336996973e-05
2.448749999999999982e+00 6.785144068999215961e-05
2.452250000000000263e+00 7.745820767013356090e-05
2.455750000000000099e+00 1.714077370706945658e-05
2.459249999999999936e+00 3.234518590033985674e-05
2.462749999999999773e+00 4.154165435465984046e-05
2.466250000000000053e+00 2.827695607265923172e-05
2.469750000000000334e+00 3.334025313961319625e-05
2.473250000000000171e+00 1.207185960083734244e-05
2.476750000000000007e+00 5.761806460213847458e-05
2.480249999999999844e+00 1.842038909671828151e-05
2.483750000000000124e+00 2.746940663200803101e-05
2.487249999999999961e+00 6.045175905455835164e-05
2.490750000000000242e+00 2.392662099737208337e-05
2.494250000000000078e+00 8.346740651177242398e-05
2.497749999999999915e+00 3.479146107565611601e-05
2.501250000000000195e+00 3.551585541572421789e-05
2.504750000000000032e+00 2.171131382056046277e-05
2.508250000000000313e+00 1.441432596038794145e-05
2.511750000000000149e+00 1.284867448703153059e-05
2.515249999999999986e+00 4.601054388331249356e-05
2.518749999999999822e+00 3.978897439083084464e-05
2.522250000000000103e+00 2.147805753338616341e-05
2.525749999999999940e+00 6.341956031974405050e-05
2.529250000000000220e+00 4.666978566092438996e-05
2.532750000000000057e+00 4.595304562826640904e-05
2.536249999999999893e+00 6.039538493496365845e-05
2.539750000000000174e+00 6.317387305898591876e-05
2.543250000000000011e+00 4.220960181555710733e-05
2.546750000000000291e+00 2.424917875032406300e-05
2.550250000000000128e+00 2.988336018461268395e-05
2.553749999999999964e+00 8.015226921997964382e-05
2.557249999999999801e+00 4.032363358419388533e-05
2.560750000000000082e+00 3.436726183281280100e-05
2.564250000000000362e+00 3.319723327876999974e-05
2.567750000000000199e+00 3.467416172497905791e-05
2.571250000000000036e+00 6.782319542253389955e-05
2.574749999999999872e+00 4.124735642108134925e-05
2.578250000000000153e+00 5.391329614212736487e-05
2.581749999999999989e+00 3.726228533196263015e-05
2.585250000000000270e+00 7.334605470532551408e-05
2.588750000000000107e+00 5.495580626302398741e-05
2.592249999999999943e+00 2.755805689957924187e-05
2.595749999999999780e+00 9.210825373884290457e-05
2.599250000000000060e+00 5.851373862242326140e-05
2.602750000000000341e+00 8.402862295042723417e-05
2.606250000000000178e+00 4.992083631805144250e-05
2.609750000000000014e+00 5.266760490485467017e-05
2.613249999999999851e+00 8.805639481579419225e-06
2.616750000000000131e+00 3.182969157933257520e-05
2.620249999999999968e+00 3.111353362328372896e-05
2.623750000000000249e+00 6.927394133526831865e-05
2.627250000000000085e+00 4.105249172425828874e-05
2.630749999999999922e+00 7.605984865222126245e-05
2.634250000000000203e+00 5.349776620278134942e-05
2.637750000000000039e+00 8.154275565175339580e-05
2.641250000000000320e+00 2.728017716435715556e-05
2.644750000000000156e+00 3.614753950387239456e-05
2.648249999999999993e+00 4.793176412931643426e-05
2.651749999999999829e+00 5.463194611365906894e-05
2.655250000000000110e+00 3.171552452840842307e-05
2.658749999999999947e+00 4.562523463391698897e-05
2.662250000000000227e+00 3.272508183727040887e-05
2.665750000000000064e+00 2.939415935543365777e-05
2.669249999999999901e+00 3.717004437930881977e-05
2.672750000000000181e+00 3.432848461670801044e-05
2.676250000000000018e+00 4.411819099914282560e-05
2.679750000000000298e+00 2.576410588517319411e-05
2.683250000000000135e+00 1.814509596442803741e-05
2.686749999999999972e+00 3.147963798255659640e-05
2.690249999999999808e+00 6.221015064511448145e-05
2.693750000000000089e+00 1.251433423021808267e-05
2.697250000000000369e+00 4.756981797982007265e-05
2.700750000000000206e+00 2.161585143767297268e-05
2.704250000000000043e+00 8.818347123451530933e-05
2.707749999999999879e+00 7.512569573009386659e-05
2.711250000000000160e+00 5.502643762156367302e-05
2.714749999999999996e+00 6.801811105106025934e-05
2.718250000000000277e+00 3.799068872467614710e-05
2.721750000000000114e+00 4.875249942415393889e-05
2.725249999999999950e+00 3.909565202775411308e-05
2.728749999999999787e+00 5.413939288700930774e-05
2.732250000000000068e+00 1.949460784089751542e-05
2.735750000000000348e+00 2.970112473121844232e-05
2.739250000000000185e+00 2.912582749559078366e-05
2.742750000000000021e+00 4.442134377313777804e-05
2.746249999999999858e+00 6.606366514461115003e-05
2.749750000000000139e+00 3.131210178253240883e-05
2.753249999999999975e+00 3.243241008021868765e-05
2.756750000000000256e+00 3.247470522182993591e-05
2.760250000000000092e+00 5.444365160656161606e-05
2.763749999999999929e+00 6.664161628577858210e-05
2.767249999999999766e+00 4.319245272199623287e-05
2.770750000000000046e+00 1.483282449044054374e-05
2.774250000000000327e+00 3.709779048222117126e-05
2.777750000000000163e+00 5.313980364007875323e-05
2.781250000000000000e+00 5.463294291985221207e-05
2.784749999999999837e+00 9.975228749681264162e-06
2.788250000000000117e+00 2.963946826639585197e-05
2.791749999999999954e+00 1.084059931599767879e-05
2.795250000000000234e+00 1.086291013052687049e-05
2.798750000000000071e+00 3.335067594889551401e-05
2.802249999999999908e+00 5.526841050595976412e-05
2.805750000000000188e+00 4.310743315727449954e-05
2.809250000000000025e+00 5.309421976562589407e-05
2.812750000000000306e+00 7.165251008700579405e-05
2.816250000000000142e+00 4.716848343377932906e-05
2.819749999999999979e+00 2.223808041890151799e-05
2.823249999999999815e+00 6.565233343280851841e-05
2.826750000000000096e+00 7.082720549078658223e-05
2.830249999999999932e+00 5.005833736504428089e-05
2.833750000000000213e+00 5.641798634314909577e-05
2.837250000000000050e+00 1.117629381042206660e-05
2.840749999999999886e+00 2.330203642486594617e-05
2.844250000000000167e+00 4.450886626727879047e-05
2.847750000000000004e+00 7.026187086012214422e-05
2.851250000000000284e+00 4.399599856697022915e-05
2.854750000000000121e+00 4.970520603819750249e-05
2.858249999999999957e+00 2.271734410896897316e-05
2.861749999999999794e+00 4.600217289407737553e-05
2.865250000000000075e+00 1.288379189645638689e-05
2.868750000000000355e+00 7.192465272964909673e-05
2.872250000000000192e+00 5.692870036000385880e-05
2.875750000000000028e+00 3.058016227441839874e-05
2.879249999999999865e+00 4.584078851621598005e-05
2.882750000000000146e+00 2.087054781441111118e-05
2.886249999999999982e+00 1.198851896333508193e-05
2.889750000000000263e+00 2.228286939498502761e-05
2.893250000000000099e+00 5.957642497378401458e-05
2.896749999999999936e+00 5.154156679054722190e-05
2.900249999999999773e+00 2.200418930442538112e-05
2.903750000000000053e+00 4.202924537821672857e-05
2.907250000000000334e+00 1.186787358165020123e-05
2.910750000000000171e+00 2.567092815297655761e-05
2.914250000000000007e+00 5.031912587583065033e-05
2.917749999999999844e+00 2.713871072046458721e-05
2.921250000000000124e+00 5.242795668891631067e-05
2.924749999999999961e+00 2.487043457222171128e-05
2.928250000000000242e+00 2.764442615443840623e-05
2.931750000000000078e+00 3.084550553467124701e-05
2.935249999999999915e+00 3.820245547103695571e-05
2.938750000000000195e+00 8.341572538483887911e-05
2.942250000000000032e+00 6.839565321570262313e-05
2.945750000000000313e+00 7.292846566997468472e-05
2.949250000000000149e+00 3.030520201718900353e-05
2.952749999999999986e+00 5.014629277866333723e-05
2.956249999999999822e+00 5.904974386794492602e-05
2.959750000000000103e+00 2.456545735185500234e-05
2.963249999999999940e+00 1.310449533775681630e-05
2.966750000000000220e+00 6.524931814055889845e-05
2.970250000000000057e+00 2.380444129812531173e-05
2.973749999999999893e+00 1.158267768914811313e-04
2.977250000000000174e+00 5.268842505756765604e-05
2.980750000000000011e+00 7.613872003275901079e-05
2.984250000000000291e+00 5.780939318356104195e-05
2.987750000000000128e+00 7.944049139041453600e-05
2.991249999999999964e+00 6.678039790131151676e-05
2.994749999999999801e+00 2.624477929202839732e-05
2.998250000000000082e+00 5.211003735894337296e-05
