-4.982500076293945312e-01 0.000000000000000000e+00
-4.947499930858612061e-01 0.000000000000000000e+00
-4.912499785423278809e-01 0.000000000000000000e+00
-4.877499938011169434e-01 0.000000000000000000e+00
-4.842500090599060059e-01 0.000000000000000000e+00
-4.807499945163726807e-01 0.000000000000000000e+00
-4.772499799728393555e-01 0.000000000000000000e+00
-4.737499952316284180e-01 0.000000000000000000e+00
-4.702500104904174805e-01 0.000000000000000000e+00
-4.667499959468841553e-01 0.000000000000000000e+00
-4.632499814033508301e-01 0.000000000000000000e+00
-4.597499966621398926e-01 0.000000000000000000e+00
-4.562500119209289551e-01 0.000000000000000000e+00
-4.527499973773956299e-01 0.000000000000000000e+00
-4.492499828338623047e-01 0.000000000000000000e+00
-4.457499980926513672e-01 0.000000000000000000e+00
-4.422500133514404297e-01 0.000000000000000000e+00
-4.387499988079071045e-01 0.000000000000000000e+00
-4.352499842643737793e-01 0.000000000000000000e+00
-4.317499995231628418e-01 0.000000000000000000e+00
-4.282500147819519043e-01 0.000000000000000000e+00
-4.247500002384185791e-01 0.000000000000000000e+00
-4.212499856948852539e-01 0.000000000000000000e+00
-4.177500009536743164e-01 0.000000000000000000e+00
-4.142500162124633789e-01 0.000000000000000000e+00
-4.107500016689300537e-01 0.000000000000000000e+00
-4.072499871253967285e-01 0.000000000000000000e+00
-4.037500023841857910e-01 0.000000000000000000e+00
-4.002500176429748535e-01 0.000000000000000000e+00
-3.967500030994415283e-01 0.000000000000000000e+00
-3.932499885559082031e-01 0.000000000000000000e+00
-3.897500038146972656e-01 0.000000000000000000e+00
-3.862500190734863281e-01 0.000000000000000000e+00
-3.827500045299530029e-01 0.000000000000000000e+00
-3.792499899864196777e-01 0.000000000000000000e+00
-3.757500052452087402e-01 0.000000000000000000e+00
-3.722500205039978027e-01 0.000000000000000000e+00
-3.687500059604644775e-01 0.000000000000000000e+00
-3.652499914169311523e-01 0.000000000000000000e+00
-3.617500066757202148e-01 0.000000000000000000e+00
-3.582500219345092773e-01 0.000000000000000000e+00
-3.547499775886535645e-01 0.000000000000000000e+00
-3.512499928474426270e-01 0.000000000000000000e+00
-3.477500081062316895e-01 0.000000000000000000e+00
-3.442499935626983643e-01 0.000000000000000000e+00
-3.407499790191650391e-01 0.000000000000000000e+00
-3.372499942779541016e-01 0.000000000000000000e+00
-3.337500095367431641e-01 0.000000000000000000e+00
-3.302499949932098389e-01 0.000000000000000000e+00
-3.267499804496765137e-01 0.000000000000000000e+00
-3.232499957084655762e-01 0.000000000000000000e+00
-3.197500109672546387e-01 0.000000000000000000e+00
-3.162499964237213135e-01 0.000000000000000000e+00
-3.127499818801879883e-01 0.000000000000000000e+00
-3.092499971389770508e-01 0.000000000000000000e+00
-3.057500123977661133e-01 0.000000000000000000e+00
-3.022499978542327881e-01 0.000000000000000000e+00
-2.987499833106994629e-01 0.000000000000000000e+00
-2.952499985694885254e-01 0.000000000000000000e+00
-2.917500138282775879e-01 0.000000000000000000e+00
-2.882499992847442627e-01 0.000000000000000000e+00
-2.847499847412109375e-01 0.000000000000000000e+00
-2.812500000000000000e-01 0.000000000000000000e+00
-2.777500152587890625e-01 0.000000000000000000e+00
-2.742500007152557373e-01 0.000000000000000000e+00
-2.707499861717224121e-01 0.000000000000000000e+00
-2.672500014305114746e-01 0.000000000000000000e+00
-2.637500166893005371e-01 0.000000000000000000e+00
-2.602500021457672119e-01 0.000000000000000000e+00
-2.567499876022338867e-01 0.000000000000000000e+00
-2.532500028610229492e-01 0.000000000000000000e+00
-2.497500032186508179e-01 0.000000000000000000e+00
-2.462500035762786865e-01 0.000000000000000000e+00
-2.427499890327453613e-01 0.000000000000000000e+00
-2.392500042915344238e-01 0.000000000000000000e+00
-2.357499897480010986e-01 0.000000000000000000e+00
-2.322500050067901611e-01 0.000000000000000000e+00
-2.287499904632568359e-01 0.000000000000000000e+00
-2.252500057220458984e-01 0.000000000000000000e+00
-2.217499911785125732e-01 0.000000000000000000e+00
-2.182500064373016357e-01 0.000000000000000000e+00
-2.147499918937683105e-01 0.000000000000000000e+00
-2.112500071525573730e-01 0.000000000000000000e+00
-2.077499926090240479e-01 0.000000000000000000e+00
-2.042500078678131104e-01 0.000000000000000000e+00
-2.007499933242797852e-01 0.000000000000000000e+00
-1.972500085830688477e-01 0.000000000000000000e+00
-1.937499940395355225e-01 0.000000000000000000e+00
-1.902500092983245850e-01 0.000000000000000000e+00
-1.867499947547912598e-01 0.000000000000000000e+00
-1.832500100135803223e-01 0.000000000000000000e+00
-1.797499954700469971e-01 0.000000000000000000e+00
-1.762500107288360596e-01 0.000000000000000000e+00
-1.727499961853027344e-01 0.000000000000000000e+00
-1.692500114440917969e-01 0.000000000000000000e+00
-1.657499969005584717e-01 0.000000000000000000e+00
-1.622500121593475342e-01 0.000000000000000000e+00
-1.587499976158142090e-01 0.000000000000000000e+00
-1.552500128746032715e-01 0.000000000000000000e+00
-1.517499983310699463e-01 0.000000000000000000e+00
-1.482500135898590088e-01 0.000000000000000000e+00
-1.447499990463256836e-01 0.000000000000000000e+00
-1.412500143051147461e-01 0.000000000000000000e+00
-1.377499997615814209e-01 0.000000000000000000e+00
-1.342500001192092896e-01 0.000000000000000000e+00
-1.307500004768371582e-01 0.000000000000000000e+00
-1.272499859333038330e-01 0.000000000000000000e+00
-1.237500011920928955e-01 0.000000000000000000e+00
-1.202500015497207642e-01 0.000000000000000000e+00
-1.167500019073486328e-01 0.000000000000000000e+00
-1.132500022649765015e-01 0.000000000000000000e+00
-1.097500026226043701e-01 0.000000000000000000e+00
-1.062500029802322388e-01 0.000000000000000000e+00
-1.027500033378601074e-01 0.000000000000000000e+00
-9.925000369548797607e-02 0.000000000000000000e+00
-9.574999660253524780e-02 0.000000000000000000e+00
-9.224999696016311646e-02 1.215568616895982316e-05
-8.874999731779098511e-02 1.008204980988982008e-04
-8.524999767541885376e-02 3.525208769807198616e-04
-8.174999803304672241e-02 1.055018224956512200e-03
-7.824999839067459106e-02 4.219113824365591445e-03
-7.474999874830245972e-02 1.867154868588961208e-02
-7.124999910593032837e-02 6.262811628824574428e-02
-6.774999946355819702e-02 1.687003718758100790e-01
-6.424999982118606567e-02 4.134584353208685115e-01
-6.075000017881393433e-02 8.990548200524515199e-01
-5.725000053644180298e-02 1.709907690669214775e+00
-5.375000089406967163e-02 2.873309019160174227e+00
-5.025000125169754028e-02 4.384467073934407821e+00
-4.675000160932540894e-02 6.147681074632313170e+00
-4.325000196695327759e-02 8.048583775332858181e+00
-3.974999859929084778e-02 9.938475132231589626e+00
-3.624999895691871643e-02 1.161567384396360758e+01
-3.274999931454658508e-02 1.294509899789182761e+01
-2.924999967217445374e-02 1.390926742011096273e+01
-2.575000002980232239e-02 1.454222565061434125e+01
-2.225000038743019104e-02 1.480214768519478064e+01
-1.875000074505805969e-02 1.470157501652744081e+01
-1.525000110268592834e-02 1.435029522854476802e+01
-1.174999959766864777e-02 1.379361790660417775e+01
-8.249999955296516418e-03 1.306459766849014947e+01
-4.750000312924385071e-03 1.222516083649416174e+01
-1.249999972060322762e-03 1.134600133692627821e+01
2.250000135973095894e-03 1.042525027806330229e+01
5.750000011175870895e-03 9.514815014664543824e+00
9.250000119209289551e-03 8.637609827003311480e+00
1.274999976158142090e-02 7.819006872701052657e+00
1.624999940395355225e-02 7.050553764366335407e+00
1.974999904632568359e-02 6.325805214900787732e+00
2.325000055134296417e-02 5.661614577662020587e+00
2.675000019371509552e-02 5.061648884787426361e+00
3.025000169873237610e-02 4.519284418958945615e+00
3.375000134110450745e-02 4.040792105917680566e+00
3.725000098347663879e-02 3.606050508004490229e+00
4.075000062584877014e-02 3.206303134370095620e+00
4.425000026822090149e-02 2.851326955599134738e+00
4.774999991059303284e-02 2.539504681418001120e+00
5.124999955296516418e-02 2.264288099779761865e+00
5.474999919533729553e-02 2.018449387988391575e+00
5.824999883770942688e-02 1.799375338159872717e+00
6.175000220537185669e-02 1.609431752228517309e+00
6.525000184774398804e-02 1.435229875482086248e+00
6.875000149011611938e-02 1.283075105169470875e+00
7.225000113248825073e-02 1.146823317463024683e+00
7.575000077486038208e-02 1.027973057517118205e+00
7.925000041723251343e-02 9.221797757905787485e-01
8.275000005960464478e-02 8.236176842455467106e-01
8.624999970197677612e-02 7.418193145792030263e-01
8.974999934434890747e-02 6.682032951376859486e-01
9.324999898672103882e-02 5.997775241665497248e-01
9.674999862909317017e-02 5.413796928018878019e-01
1.002499982714653015e-01 4.879129924953176101e-01
1.037499979138374329e-01 4.399977765900401350e-01
1.072499975562095642e-01 3.997397950751782614e-01
1.107499971985816956e-01 3.594605030526104583e-01
1.142499968409538269e-01 3.284841150460982018e-01
1.177499964833259583e-01 2.965853188512164729e-01
1.212500035762786865e-01 2.689986445110972291e-01
1.247500032186508179e-01 2.447215246298652669e-01
1.282500028610229492e-01 2.223044238817843687e-01
1.317499876022338867e-01 2.043332802012911564e-01
1.352500021457672119e-01 1.869191908712491412e-01
1.387499868869781494e-01 1.700662176616773713e-01
1.422500014305114746e-01 1.553813263350298790e-01
1.457499861717224121e-01 1.408348934725218438e-01
1.492500007152557373e-01 1.294881581805335247e-01
1.527499854564666748e-01 1.195782638691300914e-01
1.562500000000000000e-01 1.086951245312567371e-01
1.597500145435333252e-01 9.952713299817103620e-02
1.632499992847442627e-01 9.196343403287216001e-02
1.667500138282775879e-01 8.394587762641686490e-02
1.702499985694885254e-01 7.832840238839340608e-02
1.737500131130218506e-01 7.172090345122578148e-02
1.772499978542327881e-01 6.603238923554528850e-02
1.807500123977661133e-01 6.113335585660190780e-02
1.842499971389770508e-01 5.642661988943195595e-02
1.877500116825103760e-01 5.245444593639254222e-02
1.912499964237213135e-01 4.836043208718857067e-02
1.947500109672546387e-01 4.413752537521091479e-02
1.982499957084655762e-01 4.147787363091865603e-02
2.017500102519989014e-01 3.770213934137889300e-02
2.052499949932098389e-01 3.537794945475263714e-02
2.087500095367431641e-01 3.242395736500724296e-02
2.122499942779541016e-01 3.019511341247883840e-02
2.157500088214874268e-01 2.795960300206297086e-02
2.192499935626983643e-01 2.621079184651848096e-02
2.227500081062316895e-01 2.417351427285480830e-02
2.262499928474426270e-01 2.217402484010489241e-02
2.297500073909759521e-01 2.082790371166023599e-02
2.332499921321868896e-01 1.920882589903790197e-02
2.367500066757202148e-01 1.809050439227408505e-02
2.402499914169311523e-01 1.656173732847989605e-02
2.437500059604644775e-01 1.578034113131360563e-02
2.472499907016754150e-01 1.428907367032565198e-02
2.507500052452087402e-01 1.351078478106516184e-02
2.542499899864196777e-01 1.243331513668304369e-02
2.577500045299530029e-01 1.188946108909163732e-02
2.612500190734863281e-01 1.071225097724202643e-02
2.647500038146972656e-01 9.977425674857416313e-03
2.682499885559082031e-01 9.548554808925672002e-03
2.717500030994415283e-01 8.998860538778602480e-03
2.752500176429748535e-01 8.274969493082012795e-03
2.787500023841857910e-01 7.741754225256514826e-03
2.822499871253967285e-01 7.431544292033984665e-03
2.857500016689300537e-01 6.588819196917752169e-03
2.892500162124633789e-01 6.324670825928328452e-03
2.927500009536743164e-01 5.977775063052864421e-03
2.962499856948852539e-01 5.594364355681663049e-03
2.997500002384185791e-01 5.088579345435482494e-03
3.032500147819519043e-01 4.875193951999774906e-03
3.067499995231628418e-01 4.443738218040033106e-03
3.102499842643737793e-01 4.159440429473038221e-03
3.137499988079071045e-01 3.859156307121004714e-03
3.172500133514404297e-01 3.681830681493161467e-03
3.207499980926513672e-01 3.581523115796975392e-03
3.242499828338623047e-01 3.166722829965629496e-03
3.277499973773956299e-01 2.966872624199171256e-03
3.312500119209289551e-01 2.926805894475347728e-03
3.347499966621398926e-01 2.752051127132313074e-03
3.382499814033508301e-01 2.609835556601334053e-03
3.417499959468841553e-01 2.310895456949930028e-03
3.452500104904174805e-01 2.111503377255234248e-03
3.487499952316284180e-01 2.018500877037720555e-03
3.522499799728393555e-01 1.882080217851634903e-03
3.557499945163726807e-01 1.798904245329533856e-03
3.592500090599060059e-01 1.723167519568042944e-03
3.627499938011169434e-01 1.663023941430307210e-03
3.662499785423278809e-01 1.518612398712144377e-03
3.697499930858612061e-01 1.440813343271627909e-03
3.732500076293945312e-01 1.304149377322926049e-03
3.767499923706054688e-01 1.216758098788341949e-03
3.802500069141387939e-01 1.135981994757181458e-03
3.837500214576721191e-01 1.056057298679977672e-03
3.872500061988830566e-01 1.019050349786803982e-03
3.907499909400939941e-01 9.202798549952033013e-04
3.942500054836273193e-01 8.818482508210892306e-04
3.977500200271606445e-01 8.993227039818256670e-04
4.012500047683715820e-01 8.087256935891238988e-04
4.047499895095825195e-01 7.226631940870247885e-04
4.082500040531158447e-01 6.867968378866823884e-04
4.117500185966491699e-01 6.168415113259748594e-04
4.152500033378601074e-01 6.070777618574357826e-04
4.187499880790710449e-01 6.212524413902519114e-04
4.222500026226043701e-01 4.988154740697277019e-04
4.257500171661376953e-01 4.885757235207143596e-04
4.292500019073486328e-01 4.516328873600854643e-04
4.327499866485595703e-01 4.405355262998139881e-04
4.362500011920928955e-01 4.210064010458873366e-04
4.397500157356262207e-01 4.007861880324573153e-04
4.432500004768371582e-01 3.469398463538808522e-04
4.467499852180480957e-01 3.623436672493620964e-04
4.502499997615814209e-01 3.192211992116345595e-04
4.537500143051147461e-01 3.210493385157177988e-04
4.572499990463256836e-01 2.610872970726671005e-04
4.607499837875366211e-01 2.987077723294497412e-04
4.642499983310699463e-01 2.541649061063374509e-04
4.677500128746032715e-01 2.301503049029396581e-04
4.712499976158142090e-01 2.243087983860329252e-04
4.747499823570251465e-01 2.188515367574652120e-04
4.782499969005584717e-01 2.020304670362995422e-04
4.817500114440917969e-01 1.860319835310457178e-04
4.852499961853027344e-01 1.828747687292133124e-04
4.887499809265136719e-01 1.413391430631244538e-04
4.922499954700469971e-01 1.600166359983787659e-04
4.957500100135803223e-01 1.525341186540653195e-04
4.992499947547912598e-01 1.421187094804626577e-04
5.027499794960021973e-01 1.332956605699981323e-04
5.062500238418579102e-01 1.148013849668016014e-04
5.097500085830688477e-01 9.586828993636587490e-05
5.132499933242797852e-01 1.089192727241799417e-04
5.167499780654907227e-01 1.112055263883817796e-04
5.202499628067016602e-01 9.488056743827637913e-05
5.237500071525573730e-01 8.683596043785932043e-05
5.272499918937683105e-01 6.667402697865701215e-05
5.307500362396240234e-01 8.435015918028154931e-05
5.342500209808349609e-01 6.259109737748304130e-05
5.377500057220458984e-01 5.945566303630676566e-05
5.412499904632568359e-01 6.120358563169339780e-05
5.447499752044677734e-01 5.907465829989899165e-05
5.482500195503234863e-01 4.873596237362770177e-05
5.517500042915344238e-01 4.420860917275554105e-05
5.552499890327453613e-01 4.645226202404489891e-05
5.587500333786010742e-01 3.462060850175065966e-05
5.622500181198120117e-01 3.631838386531041521e-05
5.657500028610229492e-01 4.030823275379693632e-05
5.692499876022338867e-01 3.661311035356634225e-05
5.727499723434448242e-01 3.997127058778746089e-05
5.762500166893005371e-01 3.489456846149432956e-05
5.797500014305114746e-01 2.481626238699731653e-05
5.832499861717224121e-01 2.726916776753662101e-05
5.867500305175781250e-01 2.995847727496108584e-05
5.902500152587890625e-01 2.221658892561716810e-05
5.937500000000000000e-01 2.482145832409619613e-05
5.972499847412109375e-01 1.896170743464057178e-05
6.007499694824218750e-01 1.555756475934105240e-05
6.042500138282775879e-01 1.496580639445547253e-05
6.077499985694885254e-01 2.718926325168327996e-05
6.112499833106994629e-01 1.660571891137065123e-05
6.147500276565551758e-01 2.005950962224128362e-05
6.182500123977661133e-01 1.365088904195045692e-05
6.217499971389770508e-01 1.303092882620771640e-05
6.252499818801879883e-01 1.405873030344518790e-05
6.287499666213989258e-01 1.443454835548333796e-05
6.322500109672546387e-01 1.578175432140931770e-05
6.357499957084655762e-01 1.188482188626800726e-05
6.392499804496765137e-01 8.842642005946424279e-06
6.427500247955322266e-01 9.785715279491134493e-06
6.462500095367431641e-01 1.014815300041202082e-05
6.497499942779541016e-01 7.156201628468146388e-06
6.532499790191650391e-01 8.615174778607989978e-06
6.567499637603759766e-01 8.965115281194217659e-06
6.602500081062316895e-01 1.089222249332841992e-05
6.637499928474426270e-01 5.814491550834072529e-06
6.672500371932983398e-01 6.016654144328282889e-06
6.707500219345092773e-01 6.148565250498670988e-06
6.742500066757202148e-01 5.514284615729677877e-06
6.777499914169311523e-01 4.597429393351174377e-06
6.812499761581420898e-01 4.806783007840456751e-06
6.847500205039978027e-01 5.378447133808940835e-06
6.882500052452087402e-01 2.052673032831561318e-06
6.917499899864196777e-01 6.094760311411632806e-06
6.952500343322753906e-01 4.800430720680547216e-06
6.987500190734863281e-01 2.008553297180624712e-06
7.022500038146972656e-01 3.205706425450139969e-06
7.057499885559082031e-01 3.269861713500359037e-06
7.092499732971191406e-01 1.631959730369449973e-06
7.127500176429748535e-01 3.126277164144690799e-06
7.162500023841857910e-01 2.296622142471631990e-06
7.197499871253967285e-01 2.660582197355643824e-06
7.232500314712524414e-01 1.958232121480504106e-06
7.267500162124633789e-01 1.365786645405932555e-06
7.302500009536743164e-01 1.337213524315431912e-06
7.337499856948852539e-01 1.596623004621578297e-06
7.372499704360961914e-01 1.546057489698353213e-06
7.407500147819519043e-01 1.262673580177231354e-06
7.442499995231628418e-01 1.502399123501645841e-06
7.477499842643737793e-01 1.027249139596913161e-06
7.512500286102294922e-01 1.249641168083418253e-06
7.547500133514404297e-01 1.539112133171049493e-06
7.582499980926513672e-01 9.393761287796263513e-07
7.617499828338623047e-01 8.829580658756342672e-07
7.652499675750732422e-01 1.028171789640770266e-06
7.687500119209289551e-01 6.642818780765774426e-07
7.722499966621398926e-01 6.228469877022156957e-07
7.757499814033508301e-01 4.789401166559771716e-07
7.792500257492065430e-01 5.874676067155545908e-07
7.827500104904174805e-01 5.439214342309848556e-07
7.862499952316284180e-01 7.175654392658712654e-07
7.897499799728393555e-01 2.817034550739924845e-07
7.932499647140502930e-01 3.582039941003375119e-07
7.967500090599060059e-01 1.407082874120232959e-07
8.002499938011169434e-01 6.153734285966942968e-07
8.037499785423278809e-01 5.886044201317265497e-07
8.072500228881835938e-01 2.897360600653777620e-07
8.107500076293945312e-01 3.230603338265825801e-07
8.142499923706054688e-01 1.957587199993847790e-07
8.177499771118164062e-01 8.293452931902108271e-08
8.212500214576721191e-01 5.001747481345870531e-07
8.247500061988830566e-01 0.000000000000000000e+00
8.282499909400939941e-01 0.000000000000000000e+00
8.317500352859497070e-01 2.229404807431868972e-07
8.352500200271606445e-01 2.554271170654010309e-07
8.387500047683715820e-01 6.999873032930175689e-08
8.422499895095825195e-01 1.547705861861947398e-07
8.457499742507934570e-01 1.378056532985445925e-07
8.492500185966491699e-01 3.990635413997791910e-08
8.527500033378601074e-01 6.915365845800954969e-08
8.562499880790710449e-01 5.863536547869843593e-08
8.597500324249267578e-01 3.643645343239540879e-08
8.632500171661376953e-01 1.093602667272952647e-07
8.667500019073486328e-01 2.042067186911420187e-07
8.702499866485595703e-01 4.820788342631761461e-08
8.737499713897705078e-01 1.834669085549132816e-08
8.772500157356262207e-01 0.000000000000000000e+00
8.807500004768371582e-01 8.175492744227554662e-08
8.842499852180480957e-01 7.265556011569514924e-09
8.877500295639038086e-01 0.000000000000000000e+00
8.912500143051147461e-01 3.703337011962581162e-08
8.947499990463256836e-01 0.000000000000000000e+00
8.982499837875366211e-01 3.662245634886821362e-09
9.017499685287475586e-01 0.000000000000000000e+00
9.052500128746032715e-01 2.088710713353865311e-08
9.087499976158142090e-01 7.799595784260670902e-09
9.122499823570251465e-01 0.000000000000000000e+00
9.157500267028808594e-01 0.000000000000000000e+00
9.192500114440917969e-01 1.732123345547007180e-08
9.227499961853027344e-01 1.749924597789236304e-08
9.262499809265136719e-01 1.644043522348238380e-08
9.297499656677246094e-01 9.604808796722171996e-09
9.332500100135803223e-01 1.363130878352735879e-08
9.367499947547912598e-01 0.000000000000000000e+00
9.402499794960021973e-01 0.000000000000000000e+00
9.437500238418579102e-01 0.000000000000000000e+00
9.472500085830688477e-01 0.000000000000000000e+00
9.507499933242797852e-01 0.000000000000000000e+00
9.542499780654907227e-01 0.000000000000000000e+00
9.577499628067016602e-01 0.000000000000000000e+00
9.612500071525573730e-01 0.000000000000000000e+00
9.647499918937683105e-01 0.000000000000000000e+00
9.682500362396240234e-01 0.000000000000000000e+00
9.717500209808349609e-01 1.324383023908635957e-09
9.752500057220458984e-01 0.000000000000000000e+00
9.787499904632568359e-01 5.105567821415453460e-10
9.822499752044677734e-01 0.000000000000000000e+00
9.857500195503234863e-01 0.000000000000000000e+00
9.892500042915344238e-01 0.000000000000000000e+00
9.927499890327453613e-01 0.000000000000000000e+00
9.962500333786010742e-01 0.000000000000000000e+00
9.997500181198120117e-01 0.000000000000000000e+00
1.003250002861022949e+00 0.000000000000000000e+00
1.006749987602233887e+00 0.000000000000000000e+00
1.010249972343444824e+00 0.000000000000000000e+00
1.013749957084655762e+00 0.000000000000000000e+00
1.017250061035156250e+00 0.000000000000000000e+00
1.020750045776367188e+00 0.000000000000000000e+00
1.024250030517578125e+00 0.000000000000000000e+00
1.027750015258789062e+00 0.000000000000000000e+00
1.031250000000000000e+00 0.000000000000000000e+00
1.034749984741210938e+00 0.000000000000000000e+00
1.038249969482421875e+00 0.000000000000000000e+00
1.041749954223632812e+00 0.000000000000000000e+00
1.045249938964843750e+00 0.000000000000000000e+00
1.048750042915344238e+00 0.000000000000000000e+00
1.052250027656555176e+00 0.000000000000000000e+00
1.055750012397766113e+00 0.000000000000000000e+00
1.059249997138977051e+00 0.000000000000000000e+00
1.062749981880187988e+00 0.000000000000000000e+00
1.066249966621398926e+00 0.000000000000000000e+00
1.069749951362609863e+00 0.000000000000000000e+00
1.073250055313110352e+00 0.000000000000000000e+00
1.076750040054321289e+00 0.000000000000000000e+00
1.080250024795532227e+00 0.000000000000000000e+00
1.083750009536743164e+00 0.000000000000000000e+00
1.087249994277954102e+00 0.000000000000000000e+00
1.090749979019165039e+00 0.000000000000000000e+00
1.094249963760375977e+00 0.000000000000000000e+00
1.097749948501586914e+00 0.000000000000000000e+00
1.101249933242797852e+00 0.000000000000000000e+00
1.104750037193298340e+00 0.000000000000000000e+00
1.108250021934509277e+00 0.000000000000000000e+00
1.111750006675720215e+00 0.000000000000000000e+00
1.115249991416931152e+00 0.000000000000000000e+00
1.118749976158142090e+00 0.000000000000000000e+00
1.122249960899353027e+00 0.000000000000000000e+00
1.125750064849853516e+00 0.000000000000000000e+00
1.129250049591064453e+00 0.000000000000000000e+00
1.132750034332275391e+00 0.000000000000000000e+00
1.136250019073486328e+00 0.000000000000000000e+00
1.139750003814697266e+00 0.000000000000000000e+00
1.143249988555908203e+00 0.000000000000000000e+00
1.146749973297119141e+00 0.000000000000000000e+00
1.150249958038330078e+00 0.000000000000000000e+00
1.153749942779541016e+00 0.000000000000000000e+00
1.157250046730041504e+00 0.000000000000000000e+00
1.160750031471252441e+00 0.000000000000000000e+00
1.164250016212463379e+00 0.000000000000000000e+00
1.167750000953674316e+00 0.000000000000000000e+00
1.171249985694885254e+00 0.000000000000000000e+00
1.174749970436096191e+00 0.000000000000000000e+00
1.178249955177307129e+00 0.000000000000000000e+00
1.181750059127807617e+00 0.000000000000000000e+00
1.185250043869018555e+00 0.000000000000000000e+00
1.188750028610229492e+00 0.000000000000000000e+00
1.192250013351440430e+00 0.000000000000000000e+00
1.195749998092651367e+00 0.000000000000000000e+00
1.199249982833862305e+00 0.000000000000000000e+00
1.202749967575073242e+00 0.000000000000000000e+00
1.206249952316284180e+00 0.000000000000000000e+00
1.209749937057495117e+00 0.000000000000000000e+00
1.213250041007995605e+00 0.000000000000000000e+00
1.216750025749206543e+00 0.000000000000000000e+00
1.220250010490417480e+00 0.000000000000000000e+00
1.223749995231628418e+00 0.000000000000000000e+00
1.227249979972839355e+00 0.000000000000000000e+00
1.230749964714050293e+00 0.000000000000000000e+00
1.234249949455261230e+00 0.000000000000000000e+00
1.237750053405761719e+00 0.000000000000000000e+00
1.241250038146972656e+00 0.000000000000000000e+00
1.244750022888183594e+00 0.000000000000000000e+00
1.248250007629394531e+00 0.000000000000000000e+00
1.251749992370605469e+00 0.000000000000000000e+00
1.255249977111816406e+00 0.000000000000000000e+00
1.258749961853027344e+00 0.000000000000000000e+00
1.262249946594238281e+00 0.000000000000000000e+00
1.265750050544738770e+00 0.000000000000000000e+00
1.269250035285949707e+00 0.000000000000000000e+00
1.272750020027160645e+00 0.000000000000000000e+00
1.276250004768371582e+00 0.000000000000000000e+00
1.279749989509582520e+00 0.000000000000000000e+00
1.283249974250793457e+00 0.000000000000000000e+00
1.286749958992004395e+00 0.000000000000000000e+00
1.290250062942504883e+00 0.000000000000000000e+00
1.293750047683715820e+00 0.000000000000000000e+00
1.297250032424926758e+00 0.000000000000000000e+00
1.300750017166137695e+00 0.000000000000000000e+00
1.304250001907348633e+00 0.000000000000000000e+00
1.307749986648559570e+00 0.000000000000000000e+00
1.311249971389770508e+00 0.000000000000000000e+00
1.314749956130981445e+00 0.000000000000000000e+00
1.318249940872192383e+00 0.000000000000000000e+00
1.321750044822692871e+00 0.000000000000000000e+00
1.325250029563903809e+00 0.000000000000000000e+00
1.328750014305114746e+00 0.000000000000000000e+00
1.332249999046325684e+00 0.000000000000000000e+00
1.335749983787536621e+00 0.000000000000000000e+00
1.339249968528747559e+00 0.000000000000000000e+00
1.342749953269958496e+00 0.000000000000000000e+00
1.346250057220458984e+00 0.000000000000000000e+00
1.349750041961669922e+00 0.000000000000000000e+00
1.353250026702880859e+00 0.000000000000000000e+00
1.356750011444091797e+00 0.000000000000000000e+00
1.360249996185302734e+00 0.000000000000000000e+00
1.363749980926513672e+00 0.000000000000000000e+00
1.367249965667724609e+00 0.000000000000000000e+00
1.370749950408935547e+00 0.000000000000000000e+00
1.374249935150146484e+00 0.000000000000000000e+00
1.377750039100646973e+00 0.000000000000000000e+00
1.381250023841857910e+00 0.000000000000000000e+00
1.384750008583068848e+00 0.000000000000000000e+00
1.388249993324279785e+00 0.000000000000000000e+00
1.391749978065490723e+00 0.000000000000000000e+00
1.395249962806701660e+00 0.000000000000000000e+00
1.398750066757202148e+00 0.000000000000000000e+00
1.402250051498413086e+00 0.000000000000000000e+00
1.405750036239624023e+00 0.000000000000000000e+00
1.409250020980834961e+00 0.000000000000000000e+00
1.412750005722045898e+00 0.000000000000000000e+00
1.416249990463256836e+00 0.000000000000000000e+00
1.419749975204467773e+00 0.000000000000000000e+00
1.423249959945678711e+00 0.000000000000000000e+00
1.426749944686889648e+00 0.000000000000000000e+00
1.430250048637390137e+00 0.000000000000000000e+00
1.433750033378601074e+00 0.000000000000000000e+00
1.437250018119812012e+00 0.000000000000000000e+00
1.440750002861022949e+00 0.000000000000000000e+00
1.444249987602233887e+00 0.000000000000000000e+00
1.447749972343444824e+00 0.000000000000000000e+00
1.451249957084655762e+00 0.000000000000000000e+00
1.454750061035156250e+00 0.000000000000000000e+00
1.458250045776367188e+00 0.000000000000000000e+00
1.461750030517578125e+00 0.000000000000000000e+00
1.465250015258789062e+00 0.000000000000000000e+00
1.468750000000000000e+00 0.000000000000000000e+00
1.472249984741210938e+00 0.000000000000000000e+00
1.475749969482421875e+00 0.000000000000000000e+00
1.479249954223632812e+00 0.000000000000000000e+00
1.482749938964843750e+00 0.000000000000000000e+00
1.486250042915344238e+00 0.000000000000000000e+00
1.489750027656555176e+00 0.000000000000000000e+00
1.493250012397766113e+00 0.000000000000000000e+00
1.496749997138977051e+00 0.000000000000000000e+00
1.500249981880187988e+00 0.000000000000000000e+00
1.503749966621398926e+00 0.000000000000000000e+00
1.507249951362609863e+00 0.000000000000000000e+00
1.510750055313110352e+00 0.000000000000000000e+00
1.514250040054321289e+00 0.000000000000000000e+00
1.517750024795532227e+00 0.000000000000000000e+00
1.521250009536743164e+00 0.000000000000000000e+00
1.524749994277954102e+00 0.000000000000000000e+00
1.528249979019165039e+00 0.000000000000000000e+00
1.531749963760375977e+00 0.000000000000000000e+00
1.535249948501586914e+00 0.000000000000000000e+00
1.538749933242797852e+00 0.000000000000000000e+00
1.542250037193298340e+00 0.000000000000000000e+00
1.545750021934509277e+00 0.000000000000000000e+00
1.549250006675720215e+00 0.000000000000000000e+00
1.552749991416931152e+00 0.000000000000000000e+00
1.556249976158142090e+00 0.000000000000000000e+00
1.559749960899353027e+00 0.000000000000000000e+00
1.563250064849853516e+00 0.000000000000000000e+00
1.566750049591064453e+00 0.000000000000000000e+00
1.570250034332275391e+00 0.000000000000000000e+00
1.573750019073486328e+00 0.000000000000000000e+00
1.577250003814697266e+00 0.000000000000000000e+00
1.580749988555908203e+00 0.000000000000000000e+00
1.584249973297119141e+00 0.000000000000000000e+00
1.587749958038330078e+00 0.000000000000000000e+00
1.591249942779541016e+00 0.000000000000000000e+00
1.594750046730041504e+00 0.000000000000000000e+00
1.598250031471252441e+00 0.000000000000000000e+00
1.601750016212463379e+00 0.000000000000000000e+00
1.605250000953674316e+00 0.000000000000000000e+00
1.608749985694885254e+00 0.000000000000000000e+00
1.612249970436096191e+00 0.000000000000000000e+00
1.615749955177307129e+00 0.000000000000000000e+00
1.619250059127807617e+00 0.000000000000000000e+00
1.622750043869018555e+00 0.000000000000000000e+00
1.626250028610229492e+00 0.000000000000000000e+00
1.629750013351440430e+00 0.000000000000000000e+00
1.633249998092651367e+00 0.000000000000000000e+00
1.636749982833862305e+00 0.000000000000000000e+00
1.640249967575073242e+00 0.000000000000000000e+00
1.643749952316284180e+00 0.000000000000000000e+00
1.647249937057495117e+00 0.000000000000000000e+00
1.650750041007995605e+00 0.000000000000000000e+00
1.654250025749206543e+00 0.000000000000000000e+00
1.657750010490417480e+00 0.000000000000000000e+00
1.661249995231628418e+00 0.000000000000000000e+00
1.664749979972839355e+00 0.000000000000000000e+00
1.668249964714050293e+00 0.000000000000000000e+00
1.671749949455261230e+00 0.000000000000000000e+00
1.675250053405761719e+00 0.000000000000000000e+00
1.678750038146972656e+00 0.000000000000000000e+00
1.682250022888183594e+00 0.000000000000000000e+00
1.685750007629394531e+00 0.000000000000000000e+00
1.689249992370605469e+00 0.000000000000000000e+00
1.692749977111816406e+00 0.000000000000000000e+00
1.696249961853027344e+00 0.000000000000000000e+00
1.699749946594238281e+00 0.000000000000000000e+00
1.703250050544738770e+00 0.000000000000000000e+00
1.706750035285949707e+00 0.000000000000000000e+00
1.710250020027160645e+00 0.000000000000000000e+00
1.713750004768371582e+00 0.000000000000000000e+00
1.717249989509582520e+00 0.000000000000000000e+00
1.720749974250793457e+00 0.000000000000000000e+00
1.724249958992004395e+00 0.000000000000000000e+00
1.727750062942504883e+00 0.000000000000000000e+00
1.731250047683715820e+00 0.000000000000000000e+00
1.734750032424926758e+00 0.000000000000000000e+00
1.738250017166137695e+00 0.000000000000000000e+00
1.741750001907348633e+00 0.000000000000000000e+00
1.745249986648559570e+00 0.000000000000000000e+00
1.748749971389770508e+00 0.000000000000000000e+00
1.752249956130981445e+00 0.000000000000000000e+00
1.755749940872192383e+00 0.000000000000000000e+00
1.759250044822692871e+00 0.000000000000000000e+00
1.762750029563903809e+00 0.000000000000000000e+00
1.766250014305114746e+00 0.000000000000000000e+00
1.769749999046325684e+00 0.000000000000000000e+00
1.773249983787536621e+00 0.000000000000000000e+00
1.776749968528747559e+00 0.000000000000000000e+00
1.780249953269958496e+00 0.000000000000000000e+00
1.783750057220458984e+00 0.000000000000000000e+00
1.787250041961669922e+00 0.000000000000000000e+00
1.790750026702880859e+00 0.000000000000000000e+00
1.794250011444091797e+00 0.000000000000000000e+00
1.797749996185302734e+00 0.000000000000000000e+00
1.801249980926513672e+00 0.000000000000000000e+00
1.804749965667724609e+00 0.000000000000000000e+00
1.808249950408935547e+00 0.000000000000000000e+00
1.811749935150146484e+00 0.000000000000000000e+00
1.815250039100646973e+00 0.000000000000000000e+00
1.818750023841857910e+00 0.000000000000000000e+00
1.822250008583068848e+00 0.000000000000000000e+00
1.825749993324279785e+00 0.000000000000000000e+00
1.829249978065490723e+00 0.000000000000000000e+00
1.832749962806701660e+00 0.000000000000000000e+00
1.836250066757202148e+00 0.000000000000000000e+00
1.839750051498413086e+00 0.000000000000000000e+00
1.843250036239624023e+00 0.000000000000000000e+00
1.846750020980834961e+00 0.000000000000000000e+00
1.850250005722045898e+00 0.000000000000000000e+00
1.853749990463256836e+00 0.000000000000000000e+00
1.857249975204467773e+00 0.000000000000000000e+00
1.860749959945678711e+00 0.000000000000000000e+00
1.864249944686889648e+00 0.000000000000000000e+00
1.867750048637390137e+00 0.000000000000000000e+00
1.871250033378601074e+00 0.000000000000000000e+00
1.874750018119812012e+00 0.000000000000000000e+00
1.878250002861022949e+00 0.000000000000000000e+00
1.881749987602233887e+00 0.000000000000000000e+00
1.885249972343444824e+00 0.000000000000000000e+00
1.888749957084655762e+00 0.000000000000000000e+00
1.892250061035156250e+00 0.000000000000000000e+00
1.895750045776367188e+00 0.000000000000000000e+00
1.899250030517578125e+00 0.000000000000000000e+00
1.902750015258789062e+00 0.000000000000000000e+00
1.906250000000000000e+00 0.000000000000000000e+00
1.909749984741210938e+00 0.000000000000000000e+00
1.913249969482421875e+00 0.000000000000000000e+00
1.916749954223632812e+00 0.000000000000000000e+00
1.920249938964843750e+00 0.000000000000000000e+00
1.923750042915344238e+00 0.000000000000000000e+00
1.927250027656555176e+00 0.000000000000000000e+00
1.930750012397766113e+00 0.000000000000000000e+00
1.934249997138977051e+00 0.000000000000000000e+00
1.937749981880187988e+00 0.000000000000000000e+00
1.941249966621398926e+00 0.000000000000000000e+00
1.944749951362609863e+00 0.000000000000000000e+00
1.948250055313110352e+00 0.000000000000000000e+00
1.951750040054321289e+00 0.000000000000000000e+00
1.955250024795532227e+00 0.000000000000000000e+00
1.958750009536743164e+00 0.000000000000000000e+00
1.962249994277954102e+00 0.000000000000000000e+00
1.965749979019165039e+00 0.000000000000000000e+00
1.969249963760375977e+00 0.000000000000000000e+00
1.972749948501586914e+00 0.000000000000000000e+00
1.976249933242797852e+00 0.000000000000000000e+00
1.979750037193298340e+00 0.000000000000000000e+00
1.983250021934509277e+00 0.000000000000000000e+00
1.986750006675720215e+00 0.000000000000000000e+00
1.990249991416931152e+00 0.000000000000000000e+00
1.993749976158142090e+00 0.000000000000000000e+00
1.997249960899353027e+00 0.000000000000000000e+00
2.000750064849853516e+00 0.000000000000000000e+00
2.004250049591064453e+00 0.000000000000000000e+00
2.007750034332275391e+00 0.000000000000000000e+00
2.011250019073486328e+00 0.000000000000000000e+00
2.014750003814697266e+00 0.000000000000000000e+00
2.018249988555908203e+00 0.000000000000000000e+00
2.021749973297119141e+00 0.000000000000000000e+00
2.025249958038330078e+00 0.000000000000000000e+00
2.028749942779541016e+00 0.000000000000000000e+00
2.032249927520751953e+00 0.000000000000000000e+00
2.035749912261962891e+00 0.000000000000000000e+00
2.039249897003173828e+00 0.000000000000000000e+00
2.042749881744384766e+00 0.000000000000000000e+00
2.046250104904174805e+00 0.000000000000000000e+00
2.049750089645385742e+00 0.000000000000000000e+00
2.053250074386596680e+00 0.000000000000000000e+00
2.056750059127807617e+00 0.000000000000000000e+00
2.060250043869018555e+00 0.000000000000000000e+00
2.063750028610229492e+00 0.000000000000000000e+00
2.067250013351440430e+00 0.000000000000000000e+00
2.070749998092651367e+00 0.000000000000000000e+00
2.074249982833862305e+00 0.000000000000000000e+00
2.077749967575073242e+00 0.000000000000000000e+00
2.081249952316284180e+00 0.000000000000000000e+00
2.084749937057495117e+00 0.000000000000000000e+00
2.088249921798706055e+00 0.000000000000000000e+00
2.091749906539916992e+00 0.000000000000000000e+00
2.095249891281127930e+00 0.000000000000000000e+00
2.098750114440917969e+00 0.000000000000000000e+00
2.102250099182128906e+00 0.000000000000000000e+00
2.105750083923339844e+00 0.000000000000000000e+00
2.109250068664550781e+00 0.000000000000000000e+00
2.112750053405761719e+00 0.000000000000000000e+00
2.116250038146972656e+00 0.000000000000000000e+00
2.119750022888183594e+00 0.000000000000000000e+00
2.123250007629394531e+00 0.000000000000000000e+00
2.126749992370605469e+00 0.000000000000000000e+00
2.130249977111816406e+00 0.000000000000000000e+00
2.133749961853027344e+00 0.000000000000000000e+00
2.137249946594238281e+00 0.000000000000000000e+00
2.140749931335449219e+00 0.000000000000000000e+00
2.144249916076660156e+00 0.000000000000000000e+00
2.147749900817871094e+00 0.000000000000000000e+00
2.151249885559082031e+00 0.000000000000000000e+00
2.154750108718872070e+00 0.000000000000000000e+00
2.158250093460083008e+00 0.000000000000000000e+00
2.161750078201293945e+00 0.000000000000000000e+00
2.165250062942504883e+00 0.000000000000000000e+00
2.168750047683715820e+00 0.000000000000000000e+00
2.172250032424926758e+00 0.000000000000000000e+00
2.175750017166137695e+00 0.000000000000000000e+00
2.179250001907348633e+00 0.000000000000000000e+00
2.182749986648559570e+00 0.000000000000000000e+00
2.186249971389770508e+00 0.000000000000000000e+00
2.189749956130981445e+00 0.000000000000000000e+00
2.193249940872192383e+00 0.000000000000000000e+00
2.196749925613403320e+00 0.000000000000000000e+00
2.200249910354614258e+00 0.000000000000000000e+00
2.203749895095825195e+00 0.000000000000000000e+00
2.207250118255615234e+00 0.000000000000000000e+00
2.210750102996826172e+00 0.000000000000000000e+00
2.214250087738037109e+00 0.000000000000000000e+00
2.217750072479248047e+00 0.000000000000000000e+00
2.221250057220458984e+00 0.000000000000000000e+00
2.224750041961669922e+00 0.000000000000000000e+00
2.228250026702880859e+00 0.000000000000000000e+00
2.231750011444091797e+00 0.000000000000000000e+00
2.235249996185302734e+00 0.000000000000000000e+00
2.238749980926513672e+00 0.000000000000000000e+00
2.242249965667724609e+00 0.000000000000000000e+00
2.245749950408935547e+00 0.000000000000000000e+00
2.249249935150146484e+00 0.000000000000000000e+00
2.252749919891357422e+00 0.000000000000000000e+00
2.256249904632568359e+00 0.000000000000000000e+00
2.259749889373779297e+00 0.000000000000000000e+00
2.263249874114990234e+00 0.000000000000000000e+00
2.266750097274780273e+00 0.000000000000000000e+00
2.270250082015991211e+00 0.000000000000000000e+00
2.273750066757202148e+00 0.000000000000000000e+00
2.277250051498413086e+00 0.000000000000000000e+00
2.280750036239624023e+00 0.000000000000000000e+00
2.284250020980834961e+00 0.000000000000000000e+00
2.287750005722045898e+00 0.000000000000000000e+00
2.291249990463256836e+00 0.000000000000000000e+00
2.294749975204467773e+00 0.000000000000000000e+00
2.298249959945678711e+00 0.000000000000000000e+00
2.301749944686889648e+00 0.000000000000000000e+00
2.305249929428100586e+00 0.000000000000000000e+00
2.308749914169311523e+00 0.000000000000000000e+00
2.312249898910522461e+00 0.000000000000000000e+00
2.315750122070312500e+00 0.000000000000000000e+00
2.319250106811523438e+00 0.000000000000000000e+00
2.322750091552734375e+00 0.000000000000000000e+00
2.326250076293945312e+00 0.000000000000000000e+00
2.329750061035156250e+00 0.000000000000000000e+00
2.333250045776367188e+00 0.000000000000000000e+00
2.336750030517578125e+00 0.000000000000000000e+00
2.340250015258789062e+00 0.000000000000000000e+00
2.343750000000000000e+00 0.000000000000000000e+00
2.347249984741210938e+00 0.000000000000000000e+00
2.350749969482421875e+00 0.000000000000000000e+00
2.354249954223632812e+00 0.000000000000000000e+00
2.357749938964843750e+00 0.000000000000000000e+00
2.361249923706054688e+00 0.000000000000000000e+00
2.364749908447265625e+00 0.000000000000000000e+00
2.368249893188476562e+00 0.000000000000000000e+00
2.371749877929687500e+00 0.000000000000000000e+00
2.375250101089477539e+00 0.000000000000000000e+00
2.378750085830688477e+00 0.000000000000000000e+00
2.382250070571899414e+00 0.000000000000000000e+00
2.385750055313110352e+00 0.000000000000000000e+00
2.389250040054321289e+00 0.000000000000000000e+00
2.392750024795532227e+00 0.000000000000000000e+00
2.396250009536743164e+00 0.000000000000000000e+00
2.399749994277954102e+00 0.000000000000000000e+00
2.403249979019165039e+00 0.000000000000000000e+00
2.406749963760375977e+00 0.000000000000000000e+00
2.410249948501586914e+00 0.000000000000000000e+00
2.413749933242797852e+00 0.000000000000000000e+00
2.417249917984008789e+00 0.000000000000000000e+00
2.420749902725219727e+00 0.000000000000000000e+00
2.424250125885009766e+00 0.000000000000000000e+00
2.427750110626220703e+00 0.000000000000000000e+00
2.431250095367431641e+00 0.000000000000000000e+00
2.434750080108642578e+00 0.000000000000000000e+00
2.438250064849853516e+00 0.000000000000000000e+00
2.441750049591064453e+00 0.000000000000000000e+00
2.445250034332275391e+00 0.000000000000000000e+00
2.448750019073486328e+00 0.000000000000000000e+00
2.452250003814697266e+00 0.000000000000000000e+00
2.455749988555908203e+00 0.000000000000000000e+00
2.459249973297119141e+00 0.000000000000000000e+00
2.462749958038330078e+00 0.000000000000000000e+00
2.466249942779541016e+00 0.000000000000000000e+00
2.469749927520751953e+00 0.000000000000000000e+00
2.473249912261962891e+00 0.000000000000000000e+00
2.476749897003173828e+00 0.000000000000000000e+00
2.480249881744384766e+00 0.000000000000000000e+00
2.483750104904174805e+00 0.000000000000000000e+00
2.487250089645385742e+00 0.000000000000000000e+00
2.490750074386596680e+00 0.000000000000000000e+00
2.494250059127807617e+00 0.000000000000000000e+00
2.497750043869018555e+00 0.000000000000000000e+00
2.501250028610229492e+00 0.000000000000000000e+00
2.504750013351440430e+00 0.000000000000000000e+00
2.508249998092651367e+00 0.000000000000000000e+00
2.511749982833862305e+00 0.000000000000000000e+00
2.515249967575073242e+00 0.000000000000000000e+00
2.518749952316284180e+00 0.000000000000000000e+00
2.522249937057495117e+00 0.000000000000000000e+00
2.525749921798706055e+00 0.000000000000000000e+00
2.529249906539916992e+00 0.000000000000000000e+00
2.532749891281127930e+00 0.000000000000000000e+00
2.536250114440917969e+00 0.000000000000000000e+00
2.539750099182128906e+00 0.000000000000000000e+00
2.543250083923339844e+00 0.000000000000000000e+00
2.546750068664550781e+00 0.000000000000000000e+00
2.550250053405761719e+00 0.000000000000000000e+00
2.553750038146972656e+00 0.000000000000000000e+00
2.557250022888183594e+00 0.000000000000000000e+00
2.560750007629394531e+00 0.000000000000000000e+00
2.564249992370605469e+00 0.000000000000000000e+00
2.567749977111816406e+00 0.000000000000000000e+00
2.571249961853027344e+00 0.000000000000000000e+00
2.574749946594238281e+00 0.000000000000000000e+00
2.578249931335449219e+00 0.000000000000000000e+00
2.581749916076660156e+00 0.000000000000000000e+00
2.585249900817871094e+00 0.000000000000000000e+00
2.588749885559082031e+00 0.000000000000000000e+00
2.592250108718872070e+00 0.000000000000000000e+00
2.595750093460083008e+00 0.000000000000000000e+00
2.599250078201293945e+00 0.000000000000000000e+00
2.602750062942504883e+00 0.000000000000000000e+00
2.606250047683715820e+00 0.000000000000000000e+00
2.609750032424926758e+00 0.000000000000000000e+00
2.613250017166137695e+00 0.000000000000000000e+00
2.616750001907348633e+00 0.000000000000000000e+00
2.620249986648559570e+00 0.000000000000000000e+00
2.623749971389770508e+00 0.000000000000000000e+00
2.627249956130981445e+00 0.000000000000000000e+00
2.630749940872192383e+00 0.000000000000000000e+00
2.634249925613403320e+00 0.000000000000000000e+00
2.637749910354614258e+00 0.000000000000000000e+00
2.641249895095825195e+00 0.000000000000000000e+00
2.644750118255615234e+00 0.000000000000000000e+00
2.648250102996826172e+00 0.000000000000000000e+00
2.651750087738037109e+00 0.000000000000000000e+00
2.655250072479248047e+00 0.000000000000000000e+00
2.658750057220458984e+00 0.000000000000000000e+00
2.662250041961669922e+00 0.000000000000000000e+00
2.665750026702880859e+00 0.000000000000000000e+00
2.669250011444091797e+00 0.000000000000000000e+00
2.672749996185302734e+00 0.000000000000000000e+00
2.676249980926513672e+00 0.000000000000000000e+00
2.679749965667724609e+00 0.000000000000000000e+00
2.683249950408935547e+00 0.000000000000000000e+00
2.686749935150146484e+00 0.000000000000000000e+00
2.690249919891357422e+00 0.000000000000000000e+00
2.693749904632568359e+00 0.000000000000000000e+00
2.697249889373779297e+00 0.000000000000000000e+00
2.700749874114990234e+00 0.000000000000000000e+00
2.704250097274780273e+00 0.000000000000000000e+00
2.707750082015991211e+00 0.000000000000000000e+00
2.711250066757202148e+00 0.000000000000000000e+00
2.714750051498413086e+00 0.000000000000000000e+00
2.718250036239624023e+00 0.000000000000000000e+00
2.721750020980834961e+00 0.000000000000000000e+00
2.725250005722045898e+00 0.000000000000000000e+00
2.728749990463256836e+00 0.000000000000000000e+00
2.732249975204467773e+00 0.000000000000000000e+00
2.735749959945678711e+00 0.000000000000000000e+00
2.739249944686889648e+00 0.000000000000000000e+00
2.742749929428100586e+00 0.000000000000000000e+00
2.746249914169311523e+00 0.000000000000000000e+00
2.749749898910522461e+00 0.000000000000000000e+00
2.753250122070312500e+00 0.000000000000000000e+00
2.756750106811523438e+00 0.000000000000000000e+00
2.760250091552734375e+00 0.000000000000000000e+00
2.763750076293945312e+00 0.000000000000000000e+00
2.767250061035156250e+00 0.000000000000000000e+00
2.770750045776367188e+00 0.000000000000000000e+00
2.774250030517578125e+00 0.000000000000000000e+00
2.777750015258789062e+00 0.000000000000000000e+00
2.781250000000000000e+00 0.000000000000000000e+00
2.784749984741210938e+00 0.000000000000000000e+00
2.788249969482421875e+00 0.000000000000000000e+00
2.791749954223632812e+00 0.000000000000000000e+00
2.795249938964843750e+00 0.000000000000000000e+00
2.798749923706054688e+00 0.000000000000000000e+00
2.802249908447265625e+00 0.000000000000000000e+00
2.805749893188476562e+00 0.000000000000000000e+00
2.809249877929687500e+00 0.000000000000000000e+00
2.812750101089477539e+00 0.000000000000000000e+00
2.816250085830688477e+00 0.000000000000000000e+00
2.819750070571899414e+00 0.000000000000000000e+00
2.823250055313110352e+00 0.000000000000000000e+00
2.826750040054321289e+00 0.000000000000000000e+00
2.830250024795532227e+00 0.000000000000000000e+00
2.833750009536743164e+00 0.000000000000000000e+00
2.837249994277954102e+00 0.000000000000000000e+00
2.840749979019165039e+00 0.000000000000000000e+00
2.844249963760375977e+00 0.000000000000000000e+00
2.847749948501586914e+00 0.000000000000000000e+00
2.851249933242797852e+00 0.000000000000000000e+00
2.854749917984008789e+00 0.000000000000000000e+00
2.858249902725219727e+00 0.000000000000000000e+00
2.861750125885009766e+00 0.000000000000000000e+00
2.865250110626220703e+00 0.000000000000000000e+00
2.868750095367431641e+00 0.000000000000000000e+00
2.872250080108642578e+00 0.000000000000000000e+00
2.875750064849853516e+00 0.000000000000000000e+00
2.879250049591064453e+00 0.000000000000000000e+00
2.882750034332275391e+00 0.000000000000000000e+00
2.886250019073486328e+00 0.000000000000000000e+00
2.889750003814697266e+00 0.000000000000000000e+00
2.893249988555908203e+00 0.000000000000000000e+00
2.896749973297119141e+00 0.000000000000000000e+00
2.900249958038330078e+00 0.000000000000000000e+00
2.903749942779541016e+00 0.000000000000000000e+00
2.907249927520751953e+00 0.000000000000000000e+00
2.910749912261962891e+00 0.000000000000000000e+00
2.914249897003173828e+00 0.000000000000000000e+00
2.917749881744384766e+00 0.000000000000000000e+00
2.921250104904174805e+00 0.000000000000000000e+00
2.924750089645385742e+00 0.000000000000000000e+00
2.928250074386596680e+00 0.000000000000000000e+00
2.931750059127807617e+00 0.000000000000000000e+00
2.935250043869018555e+00 0.000000000000000000e+00
2.938750028610229492e+00 0.000000000000000000e+00
2.942250013351440430e+00 0.000000000000000000e+00
2.945749998092651367e+00 0.000000000000000000e+00
2.949249982833862305e+00 0.000000000000000000e+00
2.952749967575073242e+00 0.000000000000000000e+00
2.956249952316284180e+00 0.000000000000000000e+00
2.959749937057495117e+00 0.000000000000000000e+00
2.963249921798706055e+00 0.000000000000000000e+00
2.966749906539916992e+00 0.000000000000000000e+00
2.970249891281127930e+00 0.000000000000000000e+00
2.973750114440917969e+00 0.000000000000000000e+00
2.977250099182128906e+00 0.000000000000000000e+00
2.980750083923339844e+00 0.000000000000000000e+00
2.984250068664550781e+00 0.000000000000000000e+00
2.987750053405761719e+00 0.000000000000000000e+00
2.991250038146972656e+00 0.000000000000000000e+00
2.994750022888183594e+00 0.000000000000000000e+00
2.998250007629394531e+00 0.000000000000000000e+00
