-4.982500076293945312e-01 0.000000000000000000e+00
-4.947499930858612061e-01 0.000000000000000000e+00
-4.912499785423278809e-01 0.000000000000000000e+00
-4.877499938011169434e-01 0.000000000000000000e+00
-4.842500090599060059e-01 0.000000000000000000e+00
-4.807499945163726807e-01 0.000000000000000000e+00
-4.772499799728393555e-01 0.000000000000000000e+00
-4.737499952316284180e-01 0.000000000000000000e+00
-4.702500104904174805e-01 0.000000000000000000e+00
-4.667499959468841553e-01 0.000000000000000000e+00
-4.632499814033508301e-01 0.000000000000000000e+00
-4.597499966621398926e-01 0.000000000000000000e+00
-4.562500119209289551e-01 0.000000000000000000e+00
-4.527499973773956299e-01 0.000000000000000000e+00
-4.492499828338623047e-01 0.000000000000000000e+00
-4.457499980926513672e-01 0.000000000000000000e+00
-4.422500133514404297e-01 0.000000000000000000e+00
-4.387499988079071045e-01 0.000000000000000000e+00
-4.352499842643737793e-01 0.000000000000000000e+00
-4.317499995231628418e-01 0.000000000000000000e+00
-4.282500147819519043e-01 0.000000000000000000e+00
-4.247500002384185791e-01 0.000000000000000000e+00
-4.212499856948852539e-01 0.000000000000000000e+00
-4.177500009536743164e-01 0.000000000000000000e+00
-4.142500162124633789e-01 0.000000000000000000e+00
-4.107500016689300537e-01 0.000000000000000000e+00
-4.072499871253967285e-01 0.000000000000000000e+00
-4.037500023841857910e-01 0.000000000000000000e+00
-4.002500176429748535e-01 0.000000000000000000e+00
-3.967500030994415283e-01 0.000000000000000000e+00
-3.932499885559082031e-01 0.000000000000000000e+00
-3.897500038146972656e-01 0.000000000000000000e+00
-3.862500190734863281e-01 0.000000000000000000e+00
-3.827500045299530029e-01 0.000000000000000000e+00
-3.792499899864196777e-01 0.000000000000000000e+00
-3.757500052452087402e-01 0.000000000000000000e+00
-3.722500205039978027e-01 0.000000000000000000e+00
-3.687500059604644775e-01 0.000000000000000000e+00
-3.652499914169311523e-01 0.000000000000000000e+00
-3.617500066757202148e-01 0.000000000000000000e+00
-3.582500219345092773e-01 0.000000000000000000e+00
-3.547499775886535645e-01 0.000000000000000000e+00
-3.512499928474426270e-01 0.000000000000000000e+00
-3.477500081062316895e-01 0.000000000000000000e+00
-3.442499935626983643e-01 0.000000000000000000e+00
-3.407499790191650391e-01 0.000000000000000000e+00
-3.372499942779541016e-01 0.000000000000000000e+00
-3.337500095367431641e-01 0.000000000000000000e+00
-3.302499949932098389e-01 0.000000000000000000e+00
-3.267499804496765137e-01 0.000000000000000000e+00
-3.232499957084655762e-01 5.949200385657604784e-06
-3.197500109672546387e-01 0.000000000000000000e+00
-3.162499964237213135e-01 0.000000000000000000e+00
-3.127499818801879883e-01 0.000000000000000000e+00
-3.092499971389770508e-01 1.166229594673495740e-05
-3.057500123977661133e-01 5.793589934910414740e-06
-3.022499978542327881e-01 1.153416360466508195e-05
-2.987499833106994629e-01 2.296098136866930872e-05
-2.952499985694885254e-01 1.710342075966764241e-05
-2.917500138282775879e-01 1.697527113719843328e-05
-2.882499992847442627e-01 6.197662150952965021e-05
-2.847499847412109375e-01 4.489980710786767304e-05
-2.812500000000000000e-01 9.467821655562147498e-05
-2.777500152587890625e-01 8.870320016285404563e-05
-2.742500007152557373e-01 1.433783909305930138e-04
-2.707499861717224121e-01 2.466685255058109760e-04
-2.672500014305114746e-01 3.270685265306383371e-04
-2.637500166893005371e-01 4.118891374673694372e-04
-2.602500021457672119e-01 5.767486873082816601e-04
-2.567499876022338867e-01 8.360948995687067509e-04
-2.532500028610229492e-01 1.172787044197320938e-03
-2.497500032186508179e-01 1.829109620302915573e-03
-2.462500035762786865e-01 2.398154465481638908e-03
-2.427499890327453613e-01 3.103267634287476540e-03
-2.392500042915344238e-01 3.872754750773310661e-03
-2.357499897480010986e-01 5.741536617279052734e-03
-2.322500050067901611e-01 7.069635204970836639e-03
-2.287499904632568359e-01 9.581826627254486084e-03
-2.252500057220458984e-01 1.220920030027627945e-02
-2.217499911785125732e-01 1.602210290729999542e-02
-2.182500064373016357e-01 2.084724232554435730e-02
-2.147499918937683105e-01 2.655057050287723541e-02
-2.112500071525573730e-01 3.352245315909385681e-02
-2.077499926090240479e-01 4.282126203179359436e-02
-2.042500078678131104e-01 5.336116254329681396e-02
-2.007499933242797852e-01 6.699653714895248413e-02
-1.972500085830688477e-01 8.274003863334655762e-02
-1.937499940395355225e-01 9.899199008941650391e-02
-1.902500092983245850e-01 1.244461387395858765e-01
-1.867499947547912598e-01 1.508105844259262085e-01
-1.832500100135803223e-01 1.815749257802963257e-01
-1.797499954700469971e-01 2.200745344161987305e-01
-1.762500107288360596e-01 2.619913220405578613e-01
-1.727499961853027344e-01 3.093481361865997314e-01
-1.692500114440917969e-01 3.689764738082885742e-01
-1.657499969005584717e-01 4.308969378471374512e-01
-1.622500121593475342e-01 5.057651996612548828e-01
-1.587499976158142090e-01 5.847762227058410645e-01
-1.552500128746032715e-01 6.732792854309082031e-01
-1.517499983310699463e-01 7.775489091873168945e-01
-1.482500135898590088e-01 8.861553668975830078e-01
-1.447499990463256836e-01 1.002782821655273438e+00
-1.412500143051147461e-01 1.136923193931579590e+00
-1.377499997615814209e-01 1.276680588722229004e+00
-1.342500001192092896e-01 1.428025126457214355e+00
-1.307500004768371582e-01 1.593369007110595703e+00
-1.272499859333038330e-01 1.768415093421936035e+00
-1.237500011920928955e-01 1.942301630973815918e+00
-1.202500015497207642e-01 2.131916761398315430e+00
-1.167500019073486328e-01 2.329311370849609375e+00
-1.132500022649765015e-01 2.533154487609863281e+00
-1.097500026226043701e-01 2.739938974380493164e+00
-1.062500029802322388e-01 2.949084043502807617e+00
-1.027500033378601074e-01 3.160089731216430664e+00
-9.925000369548797607e-02 3.365325212478637695e+00
-9.574999660253524780e-02 3.582814931869506836e+00
-9.224999696016311646e-02 3.792250156402587891e+00
-8.874999731779098511e-02 3.987741708755493164e+00
-8.524999767541885376e-02 4.193877220153808594e+00
-8.174999803304672241e-02 4.382499217987060547e+00
-7.824999839067459106e-02 4.567333698272705078e+00
-7.474999874830245972e-02 4.741348266601562500e+00
-7.124999910593032837e-02 4.897484779357910156e+00
-6.774999946355819702e-02 5.039603233337402344e+00
-6.424999982118606567e-02 5.175440311431884766e+00
-6.075000017881393433e-02 5.297743797302246094e+00
-5.725000053644180298e-02 5.397533416748046875e+00
-5.375000089406967163e-02 5.482478618621826172e+00
-5.025000125169754028e-02 5.564742088317871094e+00
-4.675000160932540894e-02 5.617504596710205078e+00
-4.325000196695327759e-02 5.652687549591064453e+00
-3.974999859929084778e-02 5.678661823272705078e+00
-3.624999895691871643e-02 5.675950527191162109e+00
-3.274999931454658508e-02 5.674741744995117188e+00
-2.924999967217445374e-02 5.644448757171630859e+00
-2.575000002980232239e-02 5.611667633056640625e+00
-2.225000038743019104e-02 5.560750961303710938e+00
-1.875000074505805969e-02 5.496184825897216797e+00
-1.525000110268592834e-02 5.414181232452392578e+00
-1.174999959766864777e-02 5.332922458648681641e+00
-8.249999955296516418e-03 5.225073814392089844e+00
-4.750000312924385071e-03 5.121277809143066406e+00
-1.249999972060322762e-03 4.990568161010742188e+00
2.250000135973095894e-03 4.881230354309082031e+00
5.750000011175870895e-03 4.742229461669921875e+00
9.250000119209289551e-03 4.608309268951416016e+00
1.274999976158142090e-02 4.471275806427001953e+00
1.624999940395355225e-02 4.325642108917236328e+00
1.974999904632568359e-02 4.183640480041503906e+00
2.325000055134296417e-02 4.027870178222656250e+00
2.675000019371509552e-02 3.880601406097412109e+00
3.025000169873237610e-02 3.745545864105224609e+00
3.375000134110450745e-02 3.586451292037963867e+00
3.725000098347663879e-02 3.443994998931884766e+00
4.075000062584877014e-02 3.293164730072021484e+00
4.425000026822090149e-02 3.158320426940917969e+00
4.774999991059303284e-02 3.009570598602294922e+00
5.124999955296516418e-02 2.870891571044921875e+00
5.474999919533729553e-02 2.743905305862426758e+00
5.824999883770942688e-02 2.610633373260498047e+00
6.175000220537185669e-02 2.488850355148315430e+00
6.525000184774398804e-02 2.362030029296875000e+00
6.875000149011611938e-02 2.240624666213989258e+00
7.225000113248825073e-02 2.126085281372070312e+00
7.575000077486038208e-02 2.013940095901489258e+00
7.925000041723251343e-02 1.905384302139282227e+00
8.275000005960464478e-02 1.804080963134765625e+00
8.624999970197677612e-02 1.709895968437194824e+00
8.974999934434890747e-02 1.617561340332031250e+00
9.324999898672103882e-02 1.525436282157897949e+00
9.674999862909317017e-02 1.439820885658264160e+00
1.002499982714653015e-01 1.354461312294006348e+00
1.037499979138374329e-01 1.279058575630187988e+00
1.072499975562095642e-01 1.204405069351196289e+00
1.107499971985816956e-01 1.135636806488037109e+00
1.142499968409538269e-01 1.070386171340942383e+00
1.177499964833259583e-01 1.009013295173645020e+00
1.212500035762786865e-01 9.449441432952880859e-01
1.247500032186508179e-01 8.938013911247253418e-01
1.282500028610229492e-01 8.392269611358642578e-01
1.317499876022338867e-01 7.871121168136596680e-01
1.352500021457672119e-01 7.415242195129394531e-01
1.387499868869781494e-01 6.982532143592834473e-01
1.422500014305114746e-01 6.535251140594482422e-01
1.457499861717224121e-01 6.153817176818847656e-01
1.492500007152557373e-01 5.779520273208618164e-01
1.527499854564666748e-01 5.436583161354064941e-01
1.562500000000000000e-01 5.096853971481323242e-01
1.597500145435333252e-01 4.771339297294616699e-01
1.632499992847442627e-01 4.478585124015808105e-01
1.667500138282775879e-01 4.210899174213409424e-01
1.702499985694885254e-01 3.955447077751159668e-01
1.737500131130218506e-01 3.711365759372711182e-01
1.772499978542327881e-01 3.492227196693420410e-01
1.807500123977661133e-01 3.275758326053619385e-01
1.842499971389770508e-01 3.075073659420013428e-01
1.877500116825103760e-01 2.881268858909606934e-01
1.912499964237213135e-01 2.703197896480560303e-01
1.947500109672546387e-01 2.525098919868469238e-01
1.982499957084655762e-01 2.397802174091339111e-01
2.017500102519989014e-01 2.226155996322631836e-01
2.052499949932098389e-01 2.104915082454681396e-01
2.087500095367431641e-01 1.976926326751708984e-01
2.122499942779541016e-01 1.854893565177917480e-01
2.157500088214874268e-01 1.739734411239624023e-01
2.192499935626983643e-01 1.638338565826416016e-01
2.227500081062316895e-01 1.537944525480270386e-01
2.262499928474426270e-01 1.444240063428878784e-01
2.297500073909759521e-01 1.358337700366973877e-01
2.332499921321868896e-01 1.267509013414382935e-01
2.367500066757202148e-01 1.191431432962417603e-01
2.402499914169311523e-01 1.124005541205406189e-01
2.437500059604644775e-01 1.061419546604156494e-01
2.472499907016754150e-01 9.911657869815826416e-02
2.507500052452087402e-01 9.358196705579757690e-02
2.542499899864196777e-01 8.816444128751754761e-02
2.577500045299530029e-01 8.251764625310897827e-02
2.612500190734863281e-01 7.680896669626235962e-02
2.647500038146972656e-01 7.333973050117492676e-02
2.682499885559082031e-01 6.875434517860412598e-02
2.717500030994415283e-01 6.484874337911605835e-02
2.752500176429748535e-01 6.087793409824371338e-02
2.787500023841857910e-01 5.792382359504699707e-02
2.822499871253967285e-01 5.385314673185348511e-02
2.857500016689300537e-01 5.095610022544860840e-02
2.892500162124633789e-01 4.769701510667800903e-02
2.927500009536743164e-01 4.483111575245857239e-02
2.962499856948852539e-01 4.229145124554634094e-02
2.997500002384185791e-01 3.984387591481208801e-02
3.032500147819519043e-01 3.777826204895973206e-02
3.067499995231628418e-01 3.562492877244949341e-02
3.102499842643737793e-01 3.296727314591407776e-02
3.137499988079071045e-01 3.140819072723388672e-02
3.172500133514404297e-01 2.955005876719951630e-02
3.207499980926513672e-01 2.801451273262500763e-02
3.242499828338623047e-01 2.592823840677738190e-02
3.277499973773956299e-01 2.491598576307296753e-02
3.312500119209289551e-01 2.379598841071128845e-02
3.347499966621398926e-01 2.209023199975490570e-02
3.382499814033508301e-01 2.098433673381805420e-02
3.417499959468841553e-01 2.003071270883083344e-02
3.452500104904174805e-01 1.878463476896286011e-02
3.487499952316284180e-01 1.738932915031909943e-02
3.522499799728393555e-01 1.663463190197944641e-02
3.557499945163726807e-01 1.550813112407922745e-02
3.592500090599060059e-01 1.471164263784885406e-02
3.627499938011169434e-01 1.395240146666765213e-02
3.662499785423278809e-01 1.316859107464551926e-02
3.697499930858612061e-01 1.241139415651559830e-02
3.732500076293945312e-01 1.166413445025682449e-02
3.767499923706054688e-01 1.083107385784387589e-02
3.802500069141387939e-01 1.047481223940849304e-02
3.837500214576721191e-01 9.874066337943077087e-03
3.872500061988830566e-01 9.383278898894786835e-03
3.907499909400939941e-01 8.934956043958663940e-03
3.942500054836273193e-01 8.098446764051914215e-03
3.977500200271606445e-01 7.858539000153541565e-03
4.012500047683715820e-01 7.326851598918437958e-03
4.047499895095825195e-01 7.016653195023536682e-03
4.082500040531158447e-01 6.456180941313505173e-03
4.117500185966491699e-01 6.399406585842370987e-03
4.152500033378601074e-01 6.005404051393270493e-03
4.187499880790710449e-01 5.592512898147106171e-03
4.222500026226043701e-01 5.254642106592655182e-03
4.257500171661376953e-01 5.110371857881546021e-03
4.292500019073486328e-01 4.735560622066259384e-03
4.327499866485595703e-01 4.416421055793762207e-03
4.362500011920928955e-01 4.293414764106273651e-03
4.397500157356262207e-01 3.992079757153987885e-03
4.432500004768371582e-01 3.837390337139368057e-03
4.467499852180480957e-01 3.563384059816598892e-03
4.502499997615814209e-01 3.471738658845424652e-03
4.537500143051147461e-01 3.300553886219859123e-03
4.572499990463256836e-01 2.900519873946905136e-03
4.607499837875366211e-01 2.827444579452276230e-03
4.642499983310699463e-01 2.698404947295784950e-03
4.677500128746032715e-01 2.593840705230832100e-03
4.712499976158142090e-01 2.496399451047182083e-03
4.747499823570251465e-01 2.263759262859821320e-03
4.782499969005584717e-01 2.169948769733309746e-03
4.817500114440917969e-01 2.004803856834769249e-03
4.852499961853027344e-01 1.964475726708769798e-03
4.887499809265136719e-01 1.810953253880143166e-03
4.922499954700469971e-01 1.762136584147810936e-03
4.957500100135803223e-01 1.666038879193365574e-03
4.992499947547912598e-01 1.517770462669432163e-03
5.027499794960021973e-01 1.507128821685910225e-03
5.062500238418579102e-01 1.340409857220947742e-03
5.097500085830688477e-01 1.316589536145329475e-03
5.132499933242797852e-01 1.283182762563228607e-03
5.167499780654907227e-01 1.119253109209239483e-03
5.202499628067016602e-01 1.123701804317533970e-03
5.237500071525573730e-01 1.067201490513980389e-03
5.272499918937683105e-01 1.026983140036463737e-03
5.307500362396240234e-01 9.419013513252139091e-04
5.342500209808349609e-01 8.756590541452169418e-04
5.377500057220458984e-01 8.552939398214221001e-04
5.412499904632568359e-01 8.251630933955311775e-04
5.447499752044677734e-01 7.288106135092675686e-04
5.482500195503234863e-01 6.855873507447540760e-04
5.517500042915344238e-01 7.001730264164507389e-04
5.552499890327453613e-01 6.639988278038799763e-04
5.587500333786010742e-01 6.023209425620734692e-04
5.622500181198120117e-01 6.140493205748498440e-04
5.657500028610229492e-01 5.283216596581041813e-04
5.692499876022338867e-01 5.192301468923687935e-04
5.727499723434448242e-01 5.031825276091694832e-04
5.762500166893005371e-01 4.509148420765995979e-04
5.797500014305114746e-01 4.440712509676814079e-04
5.832499861717224121e-01 4.157432122156023979e-04
5.867500305175781250e-01 3.871980297844856977e-04
5.902500152587890625e-01 4.001634370069950819e-04
5.937500000000000000e-01 3.720495151355862617e-04
5.972499847412109375e-01 3.181015199515968561e-04
6.007499694824218750e-01 3.072240506298840046e-04
6.042500138282775879e-01 2.849776938091963530e-04
6.077499985694885254e-01 2.813794126268476248e-04
6.112499833106994629e-01 2.730688720475882292e-04
6.147500276565551758e-01 2.562944137025624514e-04
6.182500123977661133e-01 2.211279206676408648e-04
6.217499971389770508e-01 2.102800790453329682e-04
6.252499818801879883e-01 1.928311685333028436e-04
6.287499666213989258e-01 2.097285614581778646e-04
6.322500109672546387e-01 1.939156936714425683e-04
6.357499957084655762e-01 1.889522100100293756e-04
6.392499804496765137e-01 1.755931298248469830e-04
6.427500247955322266e-01 1.625093427719548345e-04
6.462500095367431641e-01 1.477556506870314479e-04
6.497499942779541016e-01 1.359339803457260132e-04
6.532499790191650391e-01 1.403807400492951274e-04
6.567499637603759766e-01 1.221032871399074793e-04
6.602500081062316895e-01 1.196315715787932277e-04
6.637499928474426270e-01 1.203338688355870545e-04
6.672500371932983398e-01 9.704853437142446637e-05
6.707500219345092773e-01 9.532558760838583112e-05
6.742500066757202148e-01 8.935616642702370882e-05
6.777499914169311523e-01 7.973078027134761214e-05
6.812499761581420898e-01 6.930314702913165092e-05
6.847500205039978027e-01 7.700965943513438106e-05
6.882500052452087402e-01 6.856482650619000196e-05
6.917499899864196777e-01 6.283835682552307844e-05
6.952500343322753906e-01 5.849073568242602050e-05
6.987500190734863281e-01 5.265819345368072391e-05
7.022500038146972656e-01 5.031598630012013018e-05
7.057499885559082031e-01 5.138323103892616928e-05
7.092499732971191406e-01 4.930767318001016974e-05
7.127500176429748535e-01 4.711317524197511375e-05
7.162500023841857910e-01 3.807915709330700338e-05
7.197499871253967285e-01 3.345391814946196973e-05
7.232500314712524414e-01 3.628280319389887154e-05
7.267500162124633789e-01 3.344017386552877724e-05
7.302500009536743164e-01 3.187546099070459604e-05
7.337499856948852539e-01 3.091498001595027745e-05
7.372499704360961914e-01 2.618690450617577881e-05
7.407500147819519043e-01 2.935103111667558551e-05
7.442499995231628418e-01 2.527913602534681559e-05
7.477499842643737793e-01 2.279432555951643735e-05
7.512500286102294922e-01 1.979185435629915446e-05
7.547500133514404297e-01 1.907061960082501173e-05
7.582499980926513672e-01 1.882025753729976714e-05
7.617499828338623047e-01 2.063261308649089187e-05
7.652499675750732422e-01 1.724595858831889927e-05
7.687500119209289551e-01 1.564194462844170630e-05
7.722499966621398926e-01 1.072776103683281690e-05
7.757499814033508301e-01 1.114133101509651169e-05
7.792500257492065430e-01 1.194821561512071639e-05
7.827500104904174805e-01 9.857101758825592697e-06
7.862499952316284180e-01 1.010385767585830763e-05
7.897499799728393555e-01 1.026042355078971013e-05
7.932499647140502930e-01 8.592868653067853302e-06
7.967500090599060059e-01 9.997776032832916826e-06
8.002499938011169434e-01 8.055380931182298809e-06
8.037499785423278809e-01 8.317610081576276571e-06
8.072500228881835938e-01 7.588713742734398693e-06
8.107500076293945312e-01 6.979204954404849559e-06
8.142499923706054688e-01 6.349943760142195970e-06
8.177499771118164062e-01 7.030917458905605599e-06
8.212500214576721191e-01 5.689002591680036858e-06
8.247500061988830566e-01 5.993258128000888973e-06
8.282499909400939941e-01 6.804072654631454498e-06
8.317500352859497070e-01 5.191315722186118364e-06
8.352500200271606445e-01 4.739641553896944970e-06
8.387500047683715820e-01 3.893106622854247689e-06
8.422499895095825195e-01 3.715012780958204530e-06
8.457499742507934570e-01 5.779990715382155031e-06
8.492500185966491699e-01 4.296060069464147091e-06
8.527500033378601074e-01 4.011732016806490719e-06
8.562499880790710449e-01 3.465323288764921017e-06
8.597500324249267578e-01 4.362256731837987900e-06
8.632500171661376953e-01 3.400891273486195132e-06
8.667500019073486328e-01 3.011766239069402218e-06
8.702499866485595703e-01 2.478706619513104670e-06
8.737499713897705078e-01 3.319673396617872640e-06
8.772500157356262207e-01 2.931190465460531414e-06
8.807500004768371582e-01 2.351795046706683934e-06
8.842499852180480957e-01 3.429787739150924608e-06
8.877500295639038086e-01 2.588255711089004762e-06
8.912500143051147461e-01 1.562815214128931984e-06
8.947499990463256836e-01 1.870873802545247599e-06
8.982499837875366211e-01 2.555337914600386284e-06
9.017499685287475586e-01 1.345596729152020998e-06
9.052500128746032715e-01 2.651312570378649980e-06
9.087499976158142090e-01 2.114213430104427971e-06
9.122499823570251465e-01 2.192798774558468722e-06
9.157500267028808594e-01 2.164098305001971312e-06
9.192500114440917969e-01 1.714442078082356602e-06
9.227499961853027344e-01 1.521597368991933763e-06
9.262499809265136719e-01 1.286753331442014314e-06
9.297499656677246094e-01 1.995203547267010435e-06
9.332500100135803223e-01 2.107198042722302489e-06
9.367499947547912598e-01 1.255946472156210802e-06
9.402499794960021973e-01 1.996024593609035946e-06
9.437500238418579102e-01 2.381975946263992228e-06
9.472500085830688477e-01 2.280185071867890656e-06
9.507499933242797852e-01 2.299720335940946825e-06
9.542499780654907227e-01 3.227685056117479689e-06
9.577499628067016602e-01 2.501773451513145119e-06
9.612500071525573730e-01 2.305718453499139287e-06
9.647499918937683105e-01 2.615650146253756247e-06
9.682500362396240234e-01 2.564230953794321977e-06
9.717500209808349609e-01 2.075861175399040803e-06
9.752500057220458984e-01 1.341543224953056779e-06
9.787499904632568359e-01 1.616290205674886238e-06
9.822499752044677734e-01 1.271968812943669036e-06
9.857500195503234863e-01 1.720946443128923420e-06
9.892500042915344238e-01 1.732194050418911502e-06
9.927499890327453613e-01 1.264477418772003148e-06
9.962500333786010742e-01 1.564844978929613717e-06
9.997500181198120117e-01 1.343078565696487203e-06
1.003250002861022949e+00 9.460199521527101751e-07
1.006749987602233887e+00 9.914481324813095853e-07
1.010249972343444824e+00 1.522346565252519213e-06
1.013749957084655762e+00 1.057782014868280385e-06
1.017250061035156250e+00 1.495512947258248460e-06
1.020750045776367188e+00 1.029162490340240765e-06
1.024250030517578125e+00 1.678010107752925251e-06
1.027750015258789062e+00 1.075425643648486584e-06
1.031250000000000000e+00 1.002441194941638969e-06
1.034749984741210938e+00 3.647230073511309456e-07
1.038249969482421875e+00 6.351015713335073087e-07
1.041749954223632812e+00 8.105151891868445091e-07
1.045249938964843750e+00 6.698879246869182680e-07
1.048750042915344238e+00 2.872224342809204245e-07
1.052250027656555176e+00 6.868017408123705536e-07
1.055750012397766113e+00 1.154875576503400225e-06
1.059249997138977051e+00 8.745594186621019617e-07
1.062749981880187988e+00 2.497339721685420955e-07
1.066249966621398926e+00 1.107295247493311763e-06
1.069749951362609863e+00 5.305239483277546242e-07
1.073250055313110352e+00 4.895294978268793784e-07
1.076750040054321289e+00 5.193346623855177313e-07
1.080250024795532227e+00 6.345556471387681086e-07
1.083750009536743164e+00 9.106657330448797438e-07
1.087249994277954102e+00 3.441505498358310433e-07
1.090749979019165039e+00 5.958096380709321238e-07
1.094249963760375977e+00 2.217875021415238734e-07
1.097749948501586914e+00 7.592209954054851551e-07
1.101249933242797852e+00 3.896774387612822466e-07
1.104750037193298340e+00 8.201949981412326451e-07
1.108250021934509277e+00 4.507724895574938273e-07
1.111750006675720215e+00 1.586902840244874824e-07
1.115249991416931152e+00 5.525350843527121469e-07
1.118749976158142090e+00 1.059369836298174050e-07
1.122249960899353027e+00 1.574501453660559491e-07
1.125750064849853516e+00 3.362468987688771449e-07
1.129250049591064453e+00 1.127526374489207228e-07
1.132750034332275391e+00 8.905988124752184376e-08
1.136250019073486328e+00 4.233014578858274035e-07
1.139750003814697266e+00 2.039901403350086184e-07
1.143249988555908203e+00 5.200171813157794531e-07
1.146749973297119141e+00 2.807036594276723918e-07
1.150249958038330078e+00 3.328694475612792303e-08
1.153749942779541016e+00 3.539482804626459256e-07
1.157250046730041504e+00 5.066555672783579212e-07
1.160750031471252441e+00 2.480628893408720614e-07
1.164250016212463379e+00 2.479689271694951458e-07
1.167750000953674316e+00 1.879705848750745645e-07
1.171249985694885254e+00 3.600889186827771482e-08
1.174749970436096191e+00 0.000000000000000000e+00
1.178249955177307129e+00 1.711006092364186770e-07
1.181750059127807617e+00 5.133923082212277222e-07
1.185250043869018555e+00 1.915000495955609949e-07
1.188750028610229492e+00 2.301588253317277122e-08
1.192250013351440430e+00 9.787699895014156937e-08
1.195749998092651367e+00 9.909363996030151611e-08
1.199249982833862305e+00 2.185546179589437088e-07
1.202749967575073242e+00 3.843161948680062778e-07
1.206249952316284180e+00 0.000000000000000000e+00
1.209749937057495117e+00 2.836532928540691501e-07
1.213250041007995605e+00 1.216668437109547085e-07
1.216750025749206543e+00 3.605306986287359905e-08
1.220250010490417480e+00 2.113359158784078318e-07
1.223749995231628418e+00 1.500580850688493229e-07
1.227249979972839355e+00 4.401919113661278971e-07
1.230749964714050293e+00 2.153199574195241439e-07
1.234249949455261230e+00 1.443952868385167676e-07
1.237750053405761719e+00 1.731572467633668566e-07
1.241250038146972656e+00 0.000000000000000000e+00
1.244750022888183594e+00 0.000000000000000000e+00
1.248250007629394531e+00 1.471732389290991705e-07
1.251749992370605469e+00 4.292026005714433268e-07
1.255249977111816406e+00 3.437725979438255308e-07
1.258749961853027344e+00 1.639332936065329704e-07
1.262249946594238281e+00 0.000000000000000000e+00
1.265750050544738770e+00 2.153576588170835748e-07
1.269250035285949707e+00 2.641991443397273542e-07
1.272750020027160645e+00 2.480331602328078588e-07
1.276250004768371582e+00 2.232737017493491294e-07
1.279749989509582520e+00 0.000000000000000000e+00
1.283249974250793457e+00 9.741171425048378296e-08
1.286749958992004395e+00 4.352500013737881090e-07
1.290250062942504883e+00 2.822123406076570973e-07
1.293750047683715820e+00 2.433716872474178672e-07
1.297250032424926758e+00 7.746128858343581669e-07
1.300750017166137695e+00 5.091664547762775328e-07
1.304250001907348633e+00 3.112626814072427806e-07
1.307749986648559570e+00 0.000000000000000000e+00
1.311249971389770508e+00 6.196213462317246012e-07
1.314749956130981445e+00 5.617484930553473532e-07
1.318249940872192383e+00 9.449461799704295117e-07
1.321750044822692871e+00 0.000000000000000000e+00
1.325250029563903809e+00 3.568543434084858745e-07
1.328750014305114746e+00 3.398101569018763257e-07
1.332249999046325684e+00 0.000000000000000000e+00
1.335749983787536621e+00 0.000000000000000000e+00
1.339249968528747559e+00 0.000000000000000000e+00
1.342749953269958496e+00 0.000000000000000000e+00
1.346250057220458984e+00 3.372585126726335147e-07
1.349750041961669922e+00 0.000000000000000000e+00
1.353250026702880859e+00 3.662392771275335690e-07
1.356750011444091797e+00 0.000000000000000000e+00
1.360249996185302734e+00 8.028204661059135105e-07
1.363749980926513672e+00 0.000000000000000000e+00
1.367249965667724609e+00 0.000000000000000000e+00
1.370749950408935547e+00 4.154637167630426120e-07
1.374249935150146484e+00 7.254773777276568580e-07
1.377750039100646973e+00 0.000000000000000000e+00
1.381250023841857910e+00 0.000000000000000000e+00
1.384750008583068848e+00 8.820892958283366170e-07
1.388249993324279785e+00 0.000000000000000000e+00
1.391749978065490723e+00 4.552267967028456042e-07
1.395249962806701660e+00 0.000000000000000000e+00
1.398750066757202148e+00 5.093899062558193691e-07
1.402250051498413086e+00 9.762061381479725242e-07
1.405750036239624023e+00 0.000000000000000000e+00
1.409250020980834961e+00 0.000000000000000000e+00
1.412750005722045898e+00 5.169090968593081925e-07
1.416249990463256836e+00 0.000000000000000000e+00
1.419749975204467773e+00 0.000000000000000000e+00
1.423249959945678711e+00 6.034329658177739475e-07
1.426749944686889648e+00 1.133437876887910534e-06
1.430250048637390137e+00 0.000000000000000000e+00
1.433750033378601074e+00 1.035822037920297589e-06
1.437250018119812012e+00 6.397476681740954518e-07
1.440750002861022949e+00 6.372889629346900620e-07
1.444249987602233887e+00 6.608929083995462861e-07
1.447749972343444824e+00 0.000000000000000000e+00
1.451249957084655762e+00 0.000000000000000000e+00
1.454750061035156250e+00 1.341617235084413551e-06
1.458250045776367188e+00 0.000000000000000000e+00
1.461750030517578125e+00 0.000000000000000000e+00
1.465250015258789062e+00 0.000000000000000000e+00
1.468750000000000000e+00 7.266806392181024421e-07
1.472249984741210938e+00 0.000000000000000000e+00
1.475749969482421875e+00 3.997366775365662761e-07
1.479249954223632812e+00 0.000000000000000000e+00
1.482749938964843750e+00 0.000000000000000000e+00
1.486250042915344238e+00 0.000000000000000000e+00
1.489750027656555176e+00 0.000000000000000000e+00
1.493250012397766113e+00 0.000000000000000000e+00
1.496749997138977051e+00 0.000000000000000000e+00
1.500249981880187988e+00 0.000000000000000000e+00
1.503749966621398926e+00 0.000000000000000000e+00
1.507249951362609863e+00 8.600995329288707580e-07
1.510750055313110352e+00 0.000000000000000000e+00
1.514250040054321289e+00 8.849851838022004813e-07
1.517750024795532227e+00 0.000000000000000000e+00
1.521250009536743164e+00 0.000000000000000000e+00
1.524749994277954102e+00 0.000000000000000000e+00
1.528249979019165039e+00 0.000000000000000000e+00
1.531749963760375977e+00 0.000000000000000000e+00
1.535249948501586914e+00 0.000000000000000000e+00
1.538749933242797852e+00 0.000000000000000000e+00
1.542250037193298340e+00 9.907636240313877352e-07
1.545750021934509277e+00 0.000000000000000000e+00
1.549250006675720215e+00 0.000000000000000000e+00
1.552749991416931152e+00 0.000000000000000000e+00
1.556249976158142090e+00 0.000000000000000000e+00
1.559749960899353027e+00 0.000000000000000000e+00
1.563250064849853516e+00 0.000000000000000000e+00
1.566750049591064453e+00 0.000000000000000000e+00
1.570250034332275391e+00 0.000000000000000000e+00
1.573750019073486328e+00 0.000000000000000000e+00
1.577250003814697266e+00 0.000000000000000000e+00
1.580749988555908203e+00 0.000000000000000000e+00
1.584249973297119141e+00 0.000000000000000000e+00
1.587749958038330078e+00 0.000000000000000000e+00
1.591249942779541016e+00 0.000000000000000000e+00
1.594750046730041504e+00 0.000000000000000000e+00
1.598250031471252441e+00 0.000000000000000000e+00
1.601750016212463379e+00 0.000000000000000000e+00
1.605250000953674316e+00 0.000000000000000000e+00
1.608749985694885254e+00 1.236768753187789116e-06
1.612249970436096191e+00 0.000000000000000000e+00
1.615749955177307129e+00 0.000000000000000000e+00
1.619250059127807617e+00 0.000000000000000000e+00
1.622750043869018555e+00 1.111359665628697257e-06
1.626250028610229492e+00 1.316168663834105246e-06
1.629750013351440430e+00 1.298491383749933448e-06
1.633249998092651367e+00 0.000000000000000000e+00
1.636749982833862305e+00 0.000000000000000000e+00
1.640249967575073242e+00 0.000000000000000000e+00
1.643749952316284180e+00 0.000000000000000000e+00
1.647249937057495117e+00 0.000000000000000000e+00
1.650750041007995605e+00 0.000000000000000000e+00
1.654250025749206543e+00 1.382311779707379173e-06
1.657750010490417480e+00 0.000000000000000000e+00
1.661249995231628418e+00 0.000000000000000000e+00
1.664749979972839355e+00 0.000000000000000000e+00
1.668249964714050293e+00 0.000000000000000000e+00
1.671749949455261230e+00 0.000000000000000000e+00
1.675250053405761719e+00 0.000000000000000000e+00
1.678750038146972656e+00 0.000000000000000000e+00
1.682250022888183594e+00 0.000000000000000000e+00
1.685750007629394531e+00 0.000000000000000000e+00
1.689249992370605469e+00 1.542277914268197492e-06
1.692749977111816406e+00 0.000000000000000000e+00
1.696249961853027344e+00 0.000000000000000000e+00
1.699749946594238281e+00 0.000000000000000000e+00
1.703250050544738770e+00 0.000000000000000000e+00
1.706750035285949707e+00 1.486803057559882291e-06
1.710250020027160645e+00 0.000000000000000000e+00
1.713750004768371582e+00 0.000000000000000000e+00
1.717249989509582520e+00 0.000000000000000000e+00
1.720749974250793457e+00 0.000000000000000000e+00
1.724249958992004395e+00 0.000000000000000000e+00
1.727750062942504883e+00 0.000000000000000000e+00
1.731250047683715820e+00 0.000000000000000000e+00
1.734750032424926758e+00 0.000000000000000000e+00
1.738250017166137695e+00 0.000000000000000000e+00
1.741750001907348633e+00 0.000000000000000000e+00
1.745249986648559570e+00 0.000000000000000000e+00
1.748749971389770508e+00 0.000000000000000000e+00
1.752249956130981445e+00 0.000000000000000000e+00
1.755749940872192383e+00 0.000000000000000000e+00
1.759250044822692871e+00 0.000000000000000000e+00
1.762750029563903809e+00 0.000000000000000000e+00
1.766250014305114746e+00 0.000000000000000000e+00
1.769749999046325684e+00 0.000000000000000000e+00
1.773249983787536621e+00 0.000000000000000000e+00
1.776749968528747559e+00 0.000000000000000000e+00
1.780249953269958496e+00 0.000000000000000000e+00
1.783750057220458984e+00 0.000000000000000000e+00
1.787250041961669922e+00 0.000000000000000000e+00
1.790750026702880859e+00 0.000000000000000000e+00
1.794250011444091797e+00 0.000000000000000000e+00
1.797749996185302734e+00 0.000000000000000000e+00
1.801249980926513672e+00 0.000000000000000000e+00
1.804749965667724609e+00 0.000000000000000000e+00
1.808249950408935547e+00 0.000000000000000000e+00
1.811749935150146484e+00 0.000000000000000000e+00
1.815250039100646973e+00 0.000000000000000000e+00
1.818750023841857910e+00 0.000000000000000000e+00
1.822250008583068848e+00 0.000000000000000000e+00
1.825749993324279785e+00 0.000000000000000000e+00
1.829249978065490723e+00 0.000000000000000000e+00
1.832749962806701660e+00 0.000000000000000000e+00
1.836250066757202148e+00 0.000000000000000000e+00
1.839750051498413086e+00 0.000000000000000000e+00
1.843250036239624023e+00 0.000000000000000000e+00
1.846750020980834961e+00 0.000000000000000000e+00
1.850250005722045898e+00 0.000000000000000000e+00
1.853749990463256836e+00 0.000000000000000000e+00
1.857249975204467773e+00 0.000000000000000000e+00
1.860749959945678711e+00 0.000000000000000000e+00
1.864249944686889648e+00 0.000000000000000000e+00
1.867750048637390137e+00 0.000000000000000000e+00
1.871250033378601074e+00 0.000000000000000000e+00
1.874750018119812012e+00 0.000000000000000000e+00
1.878250002861022949e+00 0.000000000000000000e+00
1.881749987602233887e+00 0.000000000000000000e+00
1.885249972343444824e+00 0.000000000000000000e+00
1.888749957084655762e+00 0.000000000000000000e+00
1.892250061035156250e+00 0.000000000000000000e+00
1.895750045776367188e+00 0.000000000000000000e+00
1.899250030517578125e+00 0.000000000000000000e+00
1.902750015258789062e+00 0.000000000000000000e+00
1.906250000000000000e+00 0.000000000000000000e+00
1.909749984741210938e+00 0.000000000000000000e+00
1.913249969482421875e+00 0.000000000000000000e+00
1.916749954223632812e+00 0.000000000000000000e+00
1.920249938964843750e+00 0.000000000000000000e+00
1.923750042915344238e+00 0.000000000000000000e+00
1.927250027656555176e+00 0.000000000000000000e+00
1.930750012397766113e+00 0.000000000000000000e+00
1.934249997138977051e+00 2.966754209410282783e-06
1.937749981880187988e+00 0.000000000000000000e+00
1.941249966621398926e+00 0.000000000000000000e+00
1.944749951362609863e+00 0.000000000000000000e+00
1.948250055313110352e+00 0.000000000000000000e+00
1.951750040054321289e+00 0.000000000000000000e+00
1.955250024795532227e+00 0.000000000000000000e+00
1.958750009536743164e+00 0.000000000000000000e+00
1.962249994277954102e+00 0.000000000000000000e+00
1.965749979019165039e+00 0.000000000000000000e+00
1.969249963760375977e+00 0.000000000000000000e+00
1.972749948501586914e+00 0.000000000000000000e+00
1.976249933242797852e+00 0.000000000000000000e+00
1.979750037193298340e+00 0.000000000000000000e+00
1.983250021934509277e+00 0.000000000000000000e+00
1.986750006675720215e+00 0.000000000000000000e+00
1.990249991416931152e+00 0.000000000000000000e+00
1.993749976158142090e+00 0.000000000000000000e+00
1.997249960899353027e+00 0.000000000000000000e+00
2.000750064849853516e+00 0.000000000000000000e+00
2.004250049591064453e+00 0.000000000000000000e+00
2.007750034332275391e+00 0.000000000000000000e+00
2.011250019073486328e+00 0.000000000000000000e+00
2.014750003814697266e+00 0.000000000000000000e+00
2.018249988555908203e+00 0.000000000000000000e+00
2.021749973297119141e+00 0.000000000000000000e+00
2.025249958038330078e+00 0.000000000000000000e+00
2.028749942779541016e+00 0.000000000000000000e+00
2.032249927520751953e+00 0.000000000000000000e+00
2.035749912261962891e+00 0.000000000000000000e+00
2.039249897003173828e+00 0.000000000000000000e+00
2.042749881744384766e+00 0.000000000000000000e+00
2.046250104904174805e+00 0.000000000000000000e+00
2.049750089645385742e+00 0.000000000000000000e+00
2.053250074386596680e+00 0.000000000000000000e+00
2.056750059127807617e+00 0.000000000000000000e+00
2.060250043869018555e+00 0.000000000000000000e+00
2.063750028610229492e+00 0.000000000000000000e+00
2.067250013351440430e+00 0.000000000000000000e+00
2.070749998092651367e+00 0.000000000000000000e+00
2.074249982833862305e+00 0.000000000000000000e+00
2.077749967575073242e+00 0.000000000000000000e+00
2.081249952316284180e+00 0.000000000000000000e+00
2.084749937057495117e+00 0.000000000000000000e+00
2.088249921798706055e+00 0.000000000000000000e+00
2.091749906539916992e+00 0.000000000000000000e+00
2.095249891281127930e+00 0.000000000000000000e+00
2.098750114440917969e+00 0.000000000000000000e+00
2.102250099182128906e+00 0.000000000000000000e+00
2.105750083923339844e+00 0.000000000000000000e+00
2.109250068664550781e+00 0.000000000000000000e+00
2.112750053405761719e+00 0.000000000000000000e+00
2.116250038146972656e+00 0.000000000000000000e+00
2.119750022888183594e+00 0.000000000000000000e+00
2.123250007629394531e+00 0.000000000000000000e+00
2.126749992370605469e+00 0.000000000000000000e+00
2.130249977111816406e+00 0.000000000000000000e+00
2.133749961853027344e+00 0.000000000000000000e+00
2.137249946594238281e+00 0.000000000000000000e+00
2.140749931335449219e+00 0.000000000000000000e+00
2.144249916076660156e+00 0.000000000000000000e+00
2.147749900817871094e+00 0.000000000000000000e+00
2.151249885559082031e+00 0.000000000000000000e+00
2.154750108718872070e+00 0.000000000000000000e+00
2.158250093460083008e+00 0.000000000000000000e+00
2.161750078201293945e+00 0.000000000000000000e+00
2.165250062942504883e+00 0.000000000000000000e+00
2.168750047683715820e+00 0.000000000000000000e+00
2.172250032424926758e+00 0.000000000000000000e+00
2.175750017166137695e+00 0.000000000000000000e+00
2.179250001907348633e+00 0.000000000000000000e+00
2.182749986648559570e+00 0.000000000000000000e+00
2.186249971389770508e+00 0.000000000000000000e+00
2.189749956130981445e+00 0.000000000000000000e+00
2.193249940872192383e+00 0.000000000000000000e+00
2.196749925613403320e+00 0.000000000000000000e+00
2.200249910354614258e+00 0.000000000000000000e+00
2.203749895095825195e+00 0.000000000000000000e+00
2.207250118255615234e+00 0.000000000000000000e+00
2.210750102996826172e+00 0.000000000000000000e+00
2.214250087738037109e+00 0.000000000000000000e+00
2.217750072479248047e+00 0.000000000000000000e+00
2.221250057220458984e+00 0.000000000000000000e+00
2.224750041961669922e+00 0.000000000000000000e+00
2.228250026702880859e+00 0.000000000000000000e+00
2.231750011444091797e+00 0.000000000000000000e+00
2.235249996185302734e+00 0.000000000000000000e+00
2.238749980926513672e+00 0.000000000000000000e+00
2.242249965667724609e+00 0.000000000000000000e+00
2.245749950408935547e+00 0.000000000000000000e+00
2.249249935150146484e+00 0.000000000000000000e+00
2.252749919891357422e+00 0.000000000000000000e+00
2.256249904632568359e+00 0.000000000000000000e+00
2.259749889373779297e+00 0.000000000000000000e+00
2.263249874114990234e+00 0.000000000000000000e+00
2.266750097274780273e+00 0.000000000000000000e+00
2.270250082015991211e+00 0.000000000000000000e+00
2.273750066757202148e+00 0.000000000000000000e+00
2.277250051498413086e+00 0.000000000000000000e+00
2.280750036239624023e+00 0.000000000000000000e+00
2.284250020980834961e+00 0.000000000000000000e+00
2.287750005722045898e+00 0.000000000000000000e+00
2.291249990463256836e+00 0.000000000000000000e+00
2.294749975204467773e+00 0.000000000000000000e+00
2.298249959945678711e+00 0.000000000000000000e+00
2.301749944686889648e+00 0.000000000000000000e+00
2.305249929428100586e+00 0.000000000000000000e+00
2.308749914169311523e+00 0.000000000000000000e+00
2.312249898910522461e+00 0.000000000000000000e+00
2.315750122070312500e+00 0.000000000000000000e+00
2.319250106811523438e+00 0.000000000000000000e+00
2.322750091552734375e+00 0.000000000000000000e+00
2.326250076293945312e+00 0.000000000000000000e+00
2.329750061035156250e+00 0.000000000000000000e+00
2.333250045776367188e+00 0.000000000000000000e+00
2.336750030517578125e+00 0.000000000000000000e+00
2.340250015258789062e+00 0.000000000000000000e+00
2.343750000000000000e+00 0.000000000000000000e+00
2.347249984741210938e+00 0.000000000000000000e+00
2.350749969482421875e+00 0.000000000000000000e+00
2.354249954223632812e+00 0.000000000000000000e+00
2.357749938964843750e+00 0.000000000000000000e+00
2.361249923706054688e+00 0.000000000000000000e+00
2.364749908447265625e+00 0.000000000000000000e+00
2.368249893188476562e+00 0.000000000000000000e+00
2.371749877929687500e+00 0.000000000000000000e+00
2.375250101089477539e+00 0.000000000000000000e+00
2.378750085830688477e+00 0.000000000000000000e+00
2.382250070571899414e+00 0.000000000000000000e+00
2.385750055313110352e+00 0.000000000000000000e+00
2.389250040054321289e+00 0.000000000000000000e+00
2.392750024795532227e+00 0.000000000000000000e+00
2.396250009536743164e+00 0.000000000000000000e+00
2.399749994277954102e+00 0.000000000000000000e+00
2.403249979019165039e+00 0.000000000000000000e+00
2.406749963760375977e+00 0.000000000000000000e+00
2.410249948501586914e+00 0.000000000000000000e+00
2.413749933242797852e+00 0.000000000000000000e+00
2.417249917984008789e+00 0.000000000000000000e+00
2.420749902725219727e+00 0.000000000000000000e+00
2.424250125885009766e+00 0.000000000000000000e+00
2.427750110626220703e+00 0.000000000000000000e+00
2.431250095367431641e+00 0.000000000000000000e+00
2.434750080108642578e+00 0.000000000000000000e+00
2.438250064849853516e+00 0.000000000000000000e+00
2.441750049591064453e+00 0.000000000000000000e+00
2.445250034332275391e+00 0.000000000000000000e+00
2.448750019073486328e+00 0.000000000000000000e+00
2.452250003814697266e+00 0.000000000000000000e+00
2.455749988555908203e+00 0.000000000000000000e+00
2.459249973297119141e+00 0.000000000000000000e+00
2.462749958038330078e+00 0.000000000000000000e+00
2.466249942779541016e+00 0.000000000000000000e+00
2.469749927520751953e+00 0.000000000000000000e+00
2.473249912261962891e+00 0.000000000000000000e+00
2.476749897003173828e+00 0.000000000000000000e+00
2.480249881744384766e+00 0.000000000000000000e+00
2.483750104904174805e+00 0.000000000000000000e+00
2.487250089645385742e+00 0.000000000000000000e+00
2.490750074386596680e+00 0.000000000000000000e+00
2.494250059127807617e+00 0.000000000000000000e+00
2.497750043869018555e+00 0.000000000000000000e+00
2.501250028610229492e+00 0.000000000000000000e+00
2.504750013351440430e+00 0.000000000000000000e+00
2.508249998092651367e+00 0.000000000000000000e+00
2.511749982833862305e+00 0.000000000000000000e+00
2.515249967575073242e+00 0.000000000000000000e+00
2.518749952316284180e+00 0.000000000000000000e+00
2.522249937057495117e+00 0.000000000000000000e+00
2.525749921798706055e+00 0.000000000000000000e+00
2.529249906539916992e+00 0.000000000000000000e+00
2.532749891281127930e+00 0.000000000000000000e+00
2.536250114440917969e+00 0.000000000000000000e+00
2.539750099182128906e+00 0.000000000000000000e+00
2.543250083923339844e+00 0.000000000000000000e+00
2.546750068664550781e+00 0.000000000000000000e+00
2.550250053405761719e+00 0.000000000000000000e+00
2.553750038146972656e+00 0.000000000000000000e+00
2.557250022888183594e+00 0.000000000000000000e+00
2.560750007629394531e+00 0.000000000000000000e+00
2.564249992370605469e+00 0.000000000000000000e+00
2.567749977111816406e+00 0.000000000000000000e+00
2.571249961853027344e+00 0.000000000000000000e+00
2.574749946594238281e+00 0.000000000000000000e+00
2.578249931335449219e+00 0.000000000000000000e+00
2.581749916076660156e+00 0.000000000000000000e+00
2.585249900817871094e+00 0.000000000000000000e+00
2.588749885559082031e+00 0.000000000000000000e+00
2.592250108718872070e+00 0.000000000000000000e+00
2.595750093460083008e+00 0.000000000000000000e+00
2.599250078201293945e+00 0.000000000000000000e+00
2.602750062942504883e+00 0.000000000000000000e+00
2.606250047683715820e+00 0.000000000000000000e+00
2.609750032424926758e+00 0.000000000000000000e+00
2.613250017166137695e+00 0.000000000000000000e+00
2.616750001907348633e+00 0.000000000000000000e+00
2.620249986648559570e+00 0.000000000000000000e+00
2.623749971389770508e+00 0.000000000000000000e+00
2.627249956130981445e+00 0.000000000000000000e+00
2.630749940872192383e+00 0.000000000000000000e+00
2.634249925613403320e+00 0.000000000000000000e+00
2.637749910354614258e+00 0.000000000000000000e+00
2.641249895095825195e+00 0.000000000000000000e+00
2.644750118255615234e+00 0.000000000000000000e+00
2.648250102996826172e+00 0.000000000000000000e+00
2.651750087738037109e+00 0.000000000000000000e+00
2.655250072479248047e+00 0.000000000000000000e+00
2.658750057220458984e+00 0.000000000000000000e+00
2.662250041961669922e+00 0.000000000000000000e+00
2.665750026702880859e+00 0.000000000000000000e+00
2.669250011444091797e+00 0.000000000000000000e+00
2.672749996185302734e+00 0.000000000000000000e+00
2.676249980926513672e+00 0.000000000000000000e+00
2.679749965667724609e+00 0.000000000000000000e+00
2.683249950408935547e+00 0.000000000000000000e+00
2.686749935150146484e+00 0.000000000000000000e+00
2.690249919891357422e+00 0.000000000000000000e+00
2.693749904632568359e+00 0.000000000000000000e+00
2.697249889373779297e+00 0.000000000000000000e+00
2.700749874114990234e+00 0.000000000000000000e+00
2.704250097274780273e+00 0.000000000000000000e+00
2.707750082015991211e+00 0.000000000000000000e+00
2.711250066757202148e+00 0.000000000000000000e+00
2.714750051498413086e+00 0.000000000000000000e+00
2.718250036239624023e+00 0.000000000000000000e+00
2.721750020980834961e+00 0.000000000000000000e+00
2.725250005722045898e+00 0.000000000000000000e+00
2.728749990463256836e+00 0.000000000000000000e+00
2.732249975204467773e+00 0.000000000000000000e+00
2.735749959945678711e+00 0.000000000000000000e+00
2.739249944686889648e+00 0.000000000000000000e+00
2.742749929428100586e+00 0.000000000000000000e+00
2.746249914169311523e+00 0.000000000000000000e+00
2.749749898910522461e+00 0.000000000000000000e+00
2.753250122070312500e+00 0.000000000000000000e+00
2.756750106811523438e+00 0.000000000000000000e+00
2.760250091552734375e+00 0.000000000000000000e+00
2.763750076293945312e+00 0.000000000000000000e+00
2.767250061035156250e+00 0.000000000000000000e+00
2.770750045776367188e+00 0.000000000000000000e+00
2.774250030517578125e+00 0.000000000000000000e+00
2.777750015258789062e+00 0.000000000000000000e+00
2.781250000000000000e+00 0.000000000000000000e+00
2.784749984741210938e+00 0.000000000000000000e+00
2.788249969482421875e+00 0.000000000000000000e+00
2.791749954223632812e+00 0.000000000000000000e+00
2.795249938964843750e+00 0.000000000000000000e+00
2.798749923706054688e+00 0.000000000000000000e+00
2.802249908447265625e+00 0.000000000000000000e+00
2.805749893188476562e+00 0.000000000000000000e+00
2.809249877929687500e+00 0.000000000000000000e+00
2.812750101089477539e+00 0.000000000000000000e+00
2.816250085830688477e+00 0.000000000000000000e+00
2.819750070571899414e+00 0.000000000000000000e+00
2.823250055313110352e+00 0.000000000000000000e+00
2.826750040054321289e+00 0.000000000000000000e+00
2.830250024795532227e+00 0.000000000000000000e+00
2.833750009536743164e+00 0.000000000000000000e+00
2.837249994277954102e+00 0.000000000000000000e+00
2.840749979019165039e+00 0.000000000000000000e+00
2.844249963760375977e+00 0.000000000000000000e+00
2.847749948501586914e+00 0.000000000000000000e+00
2.851249933242797852e+00 0.000000000000000000e+00
2.854749917984008789e+00 0.000000000000000000e+00
2.858249902725219727e+00 0.000000000000000000e+00
2.861750125885009766e+00 0.000000000000000000e+00
2.865250110626220703e+00 0.000000000000000000e+00
2.868750095367431641e+00 0.000000000000000000e+00
2.872250080108642578e+00 0.000000000000000000e+00
2.875750064849853516e+00 0.000000000000000000e+00
2.879250049591064453e+00 0.000000000000000000e+00
2.882750034332275391e+00 0.000000000000000000e+00
2.886250019073486328e+00 0.000000000000000000e+00
2.889750003814697266e+00 0.000000000000000000e+00
2.893249988555908203e+00 0.000000000000000000e+00
2.896749973297119141e+00 0.000000000000000000e+00
2.900249958038330078e+00 0.000000000000000000e+00
2.903749942779541016e+00 0.000000000000000000e+00
2.907249927520751953e+00 0.000000000000000000e+00
2.910749912261962891e+00 0.000000000000000000e+00
2.914249897003173828e+00 0.000000000000000000e+00
2.917749881744384766e+00 0.000000000000000000e+00
2.921250104904174805e+00 0.000000000000000000e+00
2.924750089645385742e+00 0.000000000000000000e+00
2.928250074386596680e+00 0.000000000000000000e+00
2.931750059127807617e+00 0.000000000000000000e+00
2.935250043869018555e+00 0.000000000000000000e+00
2.938750028610229492e+00 0.000000000000000000e+00
2.942250013351440430e+00 0.000000000000000000e+00
2.945749998092651367e+00 0.000000000000000000e+00
2.949249982833862305e+00 0.000000000000000000e+00
2.952749967575073242e+00 0.000000000000000000e+00
2.956249952316284180e+00 0.000000000000000000e+00
2.959749937057495117e+00 0.000000000000000000e+00
2.963249921798706055e+00 0.000000000000000000e+00
2.966749906539916992e+00 0.000000000000000000e+00
2.970249891281127930e+00 0.000000000000000000e+00
2.973750114440917969e+00 0.000000000000000000e+00
2.977250099182128906e+00 0.000000000000000000e+00
2.980750083923339844e+00 0.000000000000000000e+00
2.984250068664550781e+00 0.000000000000000000e+00
2.987750053405761719e+00 0.000000000000000000e+00
2.991250038146972656e+00 0.000000000000000000e+00
2.994750022888183594e+00 0.000000000000000000e+00
2.998250007629394531e+00 0.000000000000000000e+00
