-4.982500076293945312e-01 0.000000000000000000e+00
-4.947499930858612061e-01 0.000000000000000000e+00
-4.912499785423278809e-01 0.000000000000000000e+00
-4.877499938011169434e-01 0.000000000000000000e+00
-4.842500090599060059e-01 0.000000000000000000e+00
-4.807499945163726807e-01 0.000000000000000000e+00
-4.772499799728393555e-01 0.000000000000000000e+00
-4.737499952316284180e-01 0.000000000000000000e+00
-4.702500104904174805e-01 0.000000000000000000e+00
-4.667499959468841553e-01 0.000000000000000000e+00
-4.632499814033508301e-01 0.000000000000000000e+00
-4.597499966621398926e-01 0.000000000000000000e+00
-4.562500119209289551e-01 0.000000000000000000e+00
-4.527499973773956299e-01 0.000000000000000000e+00
-4.492499828338623047e-01 0.000000000000000000e+00
-4.457499980926513672e-01 0.000000000000000000e+00
-4.422500133514404297e-01 0.000000000000000000e+00
-4.387499988079071045e-01 0.000000000000000000e+00
-4.352499842643737793e-01 0.000000000000000000e+00
-4.317499995231628418e-01 0.000000000000000000e+00
-4.282500147819519043e-01 0.000000000000000000e+00
-4.247500002384185791e-01 0.000000000000000000e+00
-4.212499856948852539e-01 0.000000000000000000e+00
-4.177500009536743164e-01 0.000000000000000000e+00
-4.142500162124633789e-01 0.000000000000000000e+00
-4.107500016689300537e-01 0.000000000000000000e+00
-4.072499871253967285e-01 0.000000000000000000e+00
-4.037500023841857910e-01 0.000000000000000000e+00
-4.002500176429748535e-01 0.000000000000000000e+00
-3.967500030994415283e-01 0.000000000000000000e+00
-3.932499885559082031e-01 0.000000000000000000e+00
-3.897500038146972656e-01 0.000000000000000000e+00
-3.862500190734863281e-01 0.000000000000000000e+00
-3.827500045299530029e-01 0.000000000000000000e+00
-3.792499899864196777e-01 0.000000000000000000e+00
-3.757500052452087402e-01 0.000000000000000000e+00
-3.722500205039978027e-01 0.000000000000000000e+00
-3.687500059604644775e-01 0.000000000000000000e+00
-3.652499914169311523e-01 0.000000000000000000e+00
-3.617500066757202148e-01 0.000000000000000000e+00
-3.582500219345092773e-01 0.000000000000000000e+00
-3.547499775886535645e-01 0.000000000000000000e+00
-3.512499928474426270e-01 0.000000000000000000e+00
-3.477500081062316895e-01 0.000000000000000000e+00
-3.442499935626983643e-01 0.000000000000000000e+00
-3.407499790191650391e-01 0.000000000000000000e+00
-3.372499942779541016e-01 0.000000000000000000e+00
-3.337500095367431641e-01 0.000000000000000000e+00
-3.302499949932098389e-01 0.000000000000000000e+00
-3.267499804496765137e-01 0.000000000000000000e+00
-3.232499957084655762e-01 0.000000000000000000e+00
-3.197500109672546387e-01 0.000000000000000000e+00
-3.162499964237213135e-01 0.000000000000000000e+00
-3.127499818801879883e-01 0.000000000000000000e+00
-3.092499971389770508e-01 0.000000000000000000e+00
-3.057500123977661133e-01 0.000000000000000000e+00
-3.022499978542327881e-01 0.000000000000000000e+00
-2.987499833106994629e-01 0.000000000000000000e+00
-2.952499985694885254e-01 0.000000000000000000e+00
-2.917500138282775879e-01 0.000000000000000000e+00
-2.882499992847442627e-01 0.000000000000000000e+00
-2.847499847412109375e-01 0.000000000000000000e+00
-2.812500000000000000e-01 0.000000000000000000e+00
-2.777500152587890625e-01 0.000000000000000000e+00
-2.742500007152557373e-01 0.000000000000000000e+00
-2.707499861717224121e-01 0.000000000000000000e+00
-2.672500014305114746e-01 0.000000000000000000e+00
-2.637500166893005371e-01 0.000000000000000000e+00
-2.602500021457672119e-01 0.000000000000000000e+00
-2.567499876022338867e-01 0.000000000000000000e+00
-2.532500028610229492e-01 0.000000000000000000e+00
-2.497500032186508179e-01 0.000000000000000000e+00
-2.462500035762786865e-01 0.000000000000000000e+00
-2.427499890327453613e-01 0.000000000000000000e+00
-2.392500042915344238e-01 0.000000000000000000e+00
-2.357499897480010986e-01 0.000000000000000000e+00
-2.322500050067901611e-01 0.000000000000000000e+00
-2.287499904632568359e-01 0.000000000000000000e+00
-2.252500057220458984e-01 0.000000000000000000e+00
-2.217499911785125732e-01 0.000000000000000000e+00
-2.182500064373016357e-01 0.000000000000000000e+00
-2.147499918937683105e-01 0.000000000000000000e+00
-2.112500071525573730e-01 0.000000000000000000e+00
-2.077499926090240479e-01 0.000000000000000000e+00
-2.042500078678131104e-01 0.000000000000000000e+00
-2.007499933242797852e-01 0.000000000000000000e+00
-1.972500085830688477e-01 0.000000000000000000e+00
-1.937499940395355225e-01 0.000000000000000000e+00
-1.902500092983245850e-01 0.000000000000000000e+00
-1.867499947547912598e-01 2.395787973335913927e-05
-1.832500100135803223e-01 4.286019327318477568e-05
-1.797499954700469971e-01 1.610060731150073717e-04
-1.762500107288360596e-01 3.105223284061384712e-04
-1.727499961853027344e-01 5.142874989966433668e-04
-1.692500114440917969e-01 1.036414972378841767e-03
-1.657499969005584717e-01 2.018132429876035548e-03
-1.622500121593475342e-01 3.259769811186555896e-03
-1.587499976158142090e-01 5.084425898378420322e-03
-1.552500128746032715e-01 8.357519205190393208e-03
-1.517499983310699463e-01 1.300620488691688233e-02
-1.482500135898590088e-01 1.960977206934043024e-02
-1.447499990463256836e-01 3.079544686027121600e-02
-1.412500143051147461e-01 4.472470003267731836e-02
-1.377499997615814209e-01 6.581602060111603480e-02
-1.342500001192092896e-01 9.843022738061107946e-02
-1.307500004768371582e-01 1.413000537155284231e-01
-1.272499859333038330e-01 1.988193929207123511e-01
-1.237500011920928955e-01 2.790915217293610251e-01
-1.202500015497207642e-01 3.743765556925722771e-01
-1.167500019073486328e-01 4.931016677124752667e-01
-1.132500022649765015e-01 6.439125250640111986e-01
-1.097500026226043701e-01 8.256613395948040335e-01
-1.062500029802322388e-01 1.037742262744975719e+00
-1.027500033378601074e-01 1.289521266330847071e+00
-9.925000369548797607e-02 1.586814341487262414e+00
-9.574999660253524780e-02 1.920786810361879926e+00
-9.224999696016311646e-02 2.294135816222867330e+00
-8.874999731779098511e-02 2.698238640613197958e+00
-8.524999767541885376e-02 3.132286267631317678e+00
-8.174999803304672241e-02 3.572128508640572075e+00
-7.824999839067459106e-02 4.034660220399033825e+00
-7.474999874830245972e-02 4.502102528231889167e+00
-7.124999910593032837e-02 4.970316064738956818e+00
-6.774999946355819702e-02 5.423068848113449469e+00
-6.424999982118606567e-02 5.854970134560313788e+00
-6.075000017881393433e-02 6.265027782429741343e+00
-5.725000053644180298e-02 6.629812809472763746e+00
-5.375000089406967163e-02 6.957310999531912898e+00
-5.025000125169754028e-02 7.255606689958255195e+00
-4.675000160932540894e-02 7.490611415337760981e+00
-4.325000196695327759e-02 7.680039434971594581e+00
-3.974999859929084778e-02 7.840366545127805509e+00
-3.624999895691871643e-02 7.947726825509619175e+00
-3.274999931454658508e-02 7.988802703505633929e+00
-2.924999967217445374e-02 7.994158022747349435e+00
-2.575000002980232239e-02 7.951989698774275084e+00
-2.225000038743019104e-02 7.866773382194580222e+00
-1.875000074505805969e-02 7.735813785867398984e+00
-1.525000110268592834e-02 7.574435758593596191e+00
-1.174999959766864777e-02 7.374322139709564183e+00
-8.249999955296516418e-03 7.164436843596231341e+00
-4.750000312924385071e-03 6.927833665886461212e+00
-1.249999972060322762e-03 6.680244206428530340e+00
2.250000135973095894e-03 6.432427045274726751e+00
5.750000011175870895e-03 6.146784689203707686e+00
9.250000119209289551e-03 5.874364914231692936e+00
1.274999976158142090e-02 5.600856715104177930e+00
1.624999940395355225e-02 5.322657686916936193e+00
1.974999904632568359e-02 5.035854599595039005e+00
2.325000055134296417e-02 4.774220879359361902e+00
2.675000019371509552e-02 4.515690660152023028e+00
3.025000169873237610e-02 4.254012469842113120e+00
3.375000134110450745e-02 4.002791834404082927e+00
3.725000098347663879e-02 3.755964096796988283e+00
4.075000062584877014e-02 3.528307967295389425e+00
4.425000026822090149e-02 3.296131028686348774e+00
4.774999991059303284e-02 3.087139961480395822e+00
5.124999955296516418e-02 2.879749152154249536e+00
5.474999919533729553e-02 2.691785273587546268e+00
5.824999883770942688e-02 2.512711754723936597e+00
6.175000220537185669e-02 2.345947274719472286e+00
6.525000184774398804e-02 2.173413826908475510e+00
6.875000149011611938e-02 2.033013349512687196e+00
7.225000113248825073e-02 1.887430285852951917e+00
7.575000077486038208e-02 1.757686085583275437e+00
7.925000041723251343e-02 1.629461484678932592e+00
8.275000005960464478e-02 1.513340709514374494e+00
8.624999970197677612e-02 1.407865278170034706e+00
8.974999934434890747e-02 1.306337763214017400e+00
9.324999898672103882e-02 1.213428597119051711e+00
9.674999862909317017e-02 1.126607785137230699e+00
1.002499982714653015e-01 1.046468160573295281e+00
1.037499979138374329e-01 9.713375803602897207e-01
1.072499975562095642e-01 8.987291985224749036e-01
1.107499971985816956e-01 8.364487833121957427e-01
1.142499968409538269e-01 7.704469716910903321e-01
1.177499964833259583e-01 7.192598142931262428e-01
1.212500035762786865e-01 6.667925485648893424e-01
1.247500032186508179e-01 6.171579181570009398e-01
1.282500028610229492e-01 5.712624880645130743e-01
1.317499876022338867e-01 5.276121636881710986e-01
1.352500021457672119e-01 4.911283275059926123e-01
1.387499868869781494e-01 4.547566738873484726e-01
1.422500014305114746e-01 4.221017312287441703e-01
1.457499861717224121e-01 3.904875660256791337e-01
1.492500007152557373e-01 3.643262336618707797e-01
1.527499854564666748e-01 3.364334717588012835e-01
1.562500000000000000e-01 3.107929900281065638e-01
1.597500145435333252e-01 2.896321424667078759e-01
1.632499992847442627e-01 2.701422456173062647e-01
1.667500138282775879e-01 2.504067539363840633e-01
1.702499985694885254e-01 2.325767970714950339e-01
1.737500131130218506e-01 2.163303652678568167e-01
1.772499978542327881e-01 2.004233840658929677e-01
1.807500123977661133e-01 1.864150678596539767e-01
1.842499971389770508e-01 1.746547214143782945e-01
1.877500116825103760e-01 1.631356419540783143e-01
1.912499964237213135e-01 1.507714008513580672e-01
1.947500109672546387e-01 1.417587920463154461e-01
1.982499957084655762e-01 1.315700123687616185e-01
2.017500102519989014e-01 1.231876893975897974e-01
2.052499949932098389e-01 1.144797875012649319e-01
2.087500095367431641e-01 1.065291397704253157e-01
2.122499942779541016e-01 9.942276395283319856e-02
2.157500088214874268e-01 9.308806461500183926e-02
2.192499935626983643e-01 8.643948235011852943e-02
2.227500081062316895e-01 8.087861976637360228e-02
2.262499928474426270e-01 7.566246162494956462e-02
2.297500073909759521e-01 7.017286707298926729e-02
2.332499921321868896e-01 6.532264604189808033e-02
2.367500066757202148e-01 6.179729316343661460e-02
2.402499914169311523e-01 5.732824841121707260e-02
2.437500059604644775e-01 5.413554828231025018e-02
2.472499907016754150e-01 5.037666872059683859e-02
2.507500052452087402e-01 4.728290000089414163e-02
2.542499899864196777e-01 4.441530677478213590e-02
2.577500045299530029e-01 4.159423922623578518e-02
2.612500190734863281e-01 3.908511898729061934e-02
2.647500038146972656e-01 3.629456386968911430e-02
2.682499885559082031e-01 3.442042712321041059e-02
2.717500030994415283e-01 3.173974431523357564e-02
2.752500176429748535e-01 2.948493509216853353e-02
2.787500023841857910e-01 2.785411925632266111e-02
2.822499871253967285e-01 2.608971371773342873e-02
2.857500016689300537e-01 2.497768714919430810e-02
2.892500162124633789e-01 2.308854251895007051e-02
2.927500009536743164e-01 2.162912046478545139e-02
2.962499856948852539e-01 2.020290064198205365e-02
2.997500002384185791e-01 1.937143229856655435e-02
3.032500147819519043e-01 1.813640882636343571e-02
3.067499995231628418e-01 1.686615846633580940e-02
3.102499842643737793e-01 1.630589046264106431e-02
3.137499988079071045e-01 1.497886319836892743e-02
3.172500133514404297e-01 1.384310795866944971e-02
3.207499980926513672e-01 1.313781485270595385e-02
3.242499828338623047e-01 1.245083905733621564e-02
3.277499973773956299e-01 1.169152619808436905e-02
3.312500119209289551e-01 1.086838753390892941e-02
3.347499966621398926e-01 1.034039599221127717e-02
3.382499814033508301e-01 9.699013492532238337e-03
3.417499959468841553e-01 9.242195403519212760e-03
3.452500104904174805e-01 8.563081540558127938e-03
3.487499952316284180e-01 8.212124707519306496e-03
3.522499799728393555e-01 7.637102500177309072e-03
3.557499945163726807e-01 7.233353772296029736e-03
3.592500090599060059e-01 6.677333670515084134e-03
3.627499938011169434e-01 6.294737976404545660e-03
3.662499785423278809e-01 6.043512863597553728e-03
3.697499930858612061e-01 5.639999329268402181e-03
3.732500076293945312e-01 5.285754328398963552e-03
3.767499923706054688e-01 5.022503599066070398e-03
3.802500069141387939e-01 4.776366917403023112e-03
3.837500214576721191e-01 4.399624505991594527e-03
3.872500061988830566e-01 4.221916070952876424e-03
3.907499909400939941e-01 3.946372858153809372e-03
3.942500054836273193e-01 3.710938157550265366e-03
3.977500200271606445e-01 3.449674432685610227e-03
4.012500047683715820e-01 3.272458988350148909e-03
4.047499895095825195e-01 3.020012261970445640e-03
4.082500040531158447e-01 2.926287476177742274e-03
4.117500185966491699e-01 2.747468482481458304e-03
4.152500033378601074e-01 2.617392085861779561e-03
4.187499880790710449e-01 2.376298604075496868e-03
4.222500026226043701e-01 2.446147398782034382e-03
4.257500171661376953e-01 2.184228800750693915e-03
4.292500019073486328e-01 2.103420867694319116e-03
4.327499866485595703e-01 1.937345013933370773e-03
4.362500011920928955e-01 1.883490867547382491e-03
4.397500157356262207e-01 1.804461086808859405e-03
4.432500004768371582e-01 1.668953161542048765e-03
4.467499852180480957e-01 1.589423705755307024e-03
4.502499997615814209e-01 1.450187726843977067e-03
4.537500143051147461e-01 1.377214535370446845e-03
4.572499990463256836e-01 1.340365221231171449e-03
4.607499837875366211e-01 1.206535995393687730e-03
4.642499983310699463e-01 1.181270591896253254e-03
4.677500128746032715e-01 1.124617346454303678e-03
4.712499976158142090e-01 1.032502568839797994e-03
4.747499823570251465e-01 9.970971713920027610e-04
4.782499969005584717e-01 9.325514705911945893e-04
4.817500114440917969e-01 8.725304773224409546e-04
4.852499961853027344e-01 7.977440434076308673e-04
4.887499809265136719e-01 7.919438145067753164e-04
4.922499954700469971e-01 7.598110004093918063e-04
4.957500100135803223e-01 7.387299022698089234e-04
4.992499947547912598e-01 6.319636558252003872e-04
5.027499794960021973e-01 6.400963698928308207e-04
5.062500238418579102e-01 5.807558740352510409e-04
5.097500085830688477e-01 5.116397094495033068e-04
5.132499933242797852e-01 5.222371322322676103e-04
5.167499780654907227e-01 5.025478515606583577e-04
5.202499628067016602e-01 4.765388198099115629e-04
5.237500071525573730e-01 4.021577117998515827e-04
5.272499918937683105e-01 3.801535544409776575e-04
5.307500362396240234e-01 3.800194562909952169e-04
5.342500209808349609e-01 3.658703722893910117e-04
5.377500057220458984e-01 3.386602792271719967e-04
5.412499904632568359e-01 3.327408043453595121e-04
5.447499752044677734e-01 2.957712946538554170e-04
5.482500195503234863e-01 2.862203126474750824e-04
5.517500042915344238e-01 2.741460098483929487e-04
5.552499890327453613e-01 2.660607307822190643e-04
5.587500333786010742e-01 2.455735442658376006e-04
5.622500181198120117e-01 2.068987935695567844e-04
5.657500028610229492e-01 2.048687048460476887e-04
5.692499876022338867e-01 2.201713379074462357e-04
5.727499723434448242e-01 1.890568367371095861e-04
5.762500166893005371e-01 1.808133763850097936e-04
5.797500014305114746e-01 1.536239680093071005e-04
5.832499861717224121e-01 1.345553055305679019e-04
5.867500305175781250e-01 1.538334419183187002e-04
5.902500152587890625e-01 1.363810881375594872e-04
5.937500000000000000e-01 1.426255444185166267e-04
5.972499847412109375e-01 1.012539020827091506e-04
6.007499694824218750e-01 1.271103867395347053e-04
6.042500138282775879e-01 1.105796951536761990e-04
6.077499985694885254e-01 1.121663454041042541e-04
6.112499833106994629e-01 1.030711225517110105e-04
6.147500276565551758e-01 9.588231713656966487e-05
6.182500123977661133e-01 7.800915108197587346e-05
6.217499971389770508e-01 8.137740629782593991e-05
6.252499818801879883e-01 8.129102582477679725e-05
6.287499666213989258e-01 7.961620412798033856e-05
6.322500109672546387e-01 7.367899178235695970e-05
6.357499957084655762e-01 6.220038770358685316e-05
6.392499804496765137e-01 5.820143653529798183e-05
6.427500247955322266e-01 5.752439575925931463e-05
6.462500095367431641e-01 5.486766816714842230e-05
6.497499942779541016e-01 5.676249674526803030e-05
6.532499790191650391e-01 4.348571752743884690e-05
6.567499637603759766e-01 5.648705136649362872e-05
6.602500081062316895e-01 4.309176731131490756e-05
6.637499928474426270e-01 4.276858071339057681e-05
6.672500371932983398e-01 3.713722968286412506e-05
6.707500219345092773e-01 3.479819923173990557e-05
6.742500066757202148e-01 3.432139553862261947e-05
6.777499914169311523e-01 3.501289540227614446e-05
6.812499761581420898e-01 2.459918801589324890e-05
6.847500205039978027e-01 2.050319761497237315e-05
6.882500052452087402e-01 2.919037029710517037e-05
6.917499899864196777e-01 2.867340194374061146e-05
6.952500343322753906e-01 2.357572731495146708e-05
6.987500190734863281e-01 2.227764366755615174e-05
7.022500038146972656e-01 1.903222176067870190e-05
7.057499885559082031e-01 1.733349122513584288e-05
7.092499732971191406e-01 1.461509184334679922e-05
7.127500176429748535e-01 1.446222662990613396e-05
7.162500023841857910e-01 1.236363822410718804e-05
7.197499871253967285e-01 1.402076222629793247e-05
7.232500314712524414e-01 1.288729205932282410e-05
7.267500162124633789e-01 1.079762874984354970e-05
7.302500009536743164e-01 9.288420629524305830e-06
7.337499856948852539e-01 9.669860936901605706e-06
7.372499704360961914e-01 8.888848960308719862e-06
7.407500147819519043e-01 6.943533225085753005e-06
7.442499995231628418e-01 6.801580635430855566e-06
7.477499842643737793e-01 4.984960147310841697e-06
7.512500286102294922e-01 6.112268101658437805e-06
7.547500133514404297e-01 4.531339711677626232e-06
7.582499980926513672e-01 4.960294322307520517e-06
7.617499828338623047e-01 5.630873231669225211e-06
7.652499675750732422e-01 3.377701136239067600e-06
7.687500119209289551e-01 3.256670612059935417e-06
7.722499966621398926e-01 3.715618386933644650e-06
7.757499814033508301e-01 2.749541273337074010e-06
7.792500257492065430e-01 2.290497551573974975e-06
7.827500104904174805e-01 2.330720965753022992e-06
7.862499952316284180e-01 2.746336387638635985e-06
7.897499799728393555e-01 1.472401988133200895e-06
7.932499647140502930e-01 1.896507077209754704e-06
7.967500090599060059e-01 1.983642174388087036e-06
8.002499938011169434e-01 1.444868867864244405e-06
8.037499785423278809e-01 1.454300229281973751e-06
8.072500228881835938e-01 1.370261643912441169e-06
8.107500076293945312e-01 1.149720365049247821e-06
8.142499923706054688e-01 1.050417290697996833e-06
8.177499771118164062e-01 9.319563640909943483e-07
8.212500214576721191e-01 9.828105762595753335e-07
8.247500061988830566e-01 1.449116663567840949e-06
8.282499909400939941e-01 6.678039476498628497e-07
8.317500352859497070e-01 5.780571690228840545e-07
8.352500200271606445e-01 8.039914539501600207e-07
8.387500047683715820e-01 6.056780310224972072e-07
8.422499895095825195e-01 3.195275023993013312e-07
8.457499742507934570e-01 4.659652569522925465e-07
8.492500185966491699e-01 3.561029034987035795e-07
8.527500033378601074e-01 7.301911096180347861e-07
8.562499880790710449e-01 4.932018453408957335e-07
8.597500324249267578e-01 3.653321467443123672e-07
8.632500171661376953e-01 2.949476530598873870e-07
8.667500019073486328e-01 1.229901288674971103e-07
8.702499866485595703e-01 3.201123185848174509e-07
8.737499713897705078e-01 1.861758798319093561e-07
8.772500157356262207e-01 2.339718736169936101e-07
8.807500004768371582e-01 3.783768491158761409e-08
8.842499852180480957e-01 2.639230431643375447e-07
8.877500295639038086e-01 2.127394201303093203e-07
8.912500143051147461e-01 2.795841737723155783e-08
8.947499990463256836e-01 1.180948607995474412e-07
8.982499837875366211e-01 1.739903427443396601e-07
9.017499685287475586e-01 5.757270424651147624e-08
9.052500128746032715e-01 2.651153566219565430e-08
9.087499976158142090e-01 5.209838679947463966e-08
9.122499823570251465e-01 7.575134550661781261e-08
9.157500267028808594e-01 1.256199145376589195e-08
9.192500114440917969e-01 5.279628435360503068e-08
9.227499961853027344e-01 7.122962800727230438e-08
9.262499809265136719e-01 3.724698382520495500e-08
9.297499656677246094e-01 5.179736486085790214e-08
9.332500100135803223e-01 2.188055386500261621e-09
9.367499947547912598e-01 2.907667700238313465e-09
9.402499794960021973e-01 9.181903633537419013e-09
9.437500238418579102e-01 7.722737357474563385e-09
9.472500085830688477e-01 4.300253650887930658e-09
9.507499933242797852e-01 1.212830528763395509e-08
9.542499780654907227e-01 3.471683509510423095e-09
9.577499628067016602e-01 1.361938297004852651e-09
9.612500071525573730e-01 0.000000000000000000e+00
9.647499918937683105e-01 7.831982792701750652e-10
9.682500362396240234e-01 0.000000000000000000e+00
9.717500209808349609e-01 0.000000000000000000e+00
9.752500057220458984e-01 0.000000000000000000e+00
9.787499904632568359e-01 0.000000000000000000e+00
9.822499752044677734e-01 0.000000000000000000e+00
9.857500195503234863e-01 0.000000000000000000e+00
9.892500042915344238e-01 0.000000000000000000e+00
9.927499890327453613e-01 0.000000000000000000e+00
9.962500333786010742e-01 0.000000000000000000e+00
9.997500181198120117e-01 0.000000000000000000e+00
1.003250002861022949e+00 0.000000000000000000e+00
1.006749987602233887e+00 0.000000000000000000e+00
1.010249972343444824e+00 0.000000000000000000e+00
1.013749957084655762e+00 0.000000000000000000e+00
1.017250061035156250e+00 0.000000000000000000e+00
1.020750045776367188e+00 0.000000000000000000e+00
1.024250030517578125e+00 0.000000000000000000e+00
1.027750015258789062e+00 0.000000000000000000e+00
1.031250000000000000e+00 0.000000000000000000e+00
1.034749984741210938e+00 0.000000000000000000e+00
1.038249969482421875e+00 0.000000000000000000e+00
1.041749954223632812e+00 0.000000000000000000e+00
1.045249938964843750e+00 0.000000000000000000e+00
1.048750042915344238e+00 0.000000000000000000e+00
1.052250027656555176e+00 0.000000000000000000e+00
1.055750012397766113e+00 0.000000000000000000e+00
1.059249997138977051e+00 0.000000000000000000e+00
1.062749981880187988e+00 0.000000000000000000e+00
1.066249966621398926e+00 0.000000000000000000e+00
1.069749951362609863e+00 0.000000000000000000e+00
1.073250055313110352e+00 0.000000000000000000e+00
1.076750040054321289e+00 0.000000000000000000e+00
1.080250024795532227e+00 0.000000000000000000e+00
1.083750009536743164e+00 0.000000000000000000e+00
1.087249994277954102e+00 0.000000000000000000e+00
1.090749979019165039e+00 0.000000000000000000e+00
1.094249963760375977e+00 0.000000000000000000e+00
1.097749948501586914e+00 0.000000000000000000e+00
1.101249933242797852e+00 0.000000000000000000e+00
1.104750037193298340e+00 0.000000000000000000e+00
1.108250021934509277e+00 0.000000000000000000e+00
1.111750006675720215e+00 0.000000000000000000e+00
1.115249991416931152e+00 0.000000000000000000e+00
1.118749976158142090e+00 0.000000000000000000e+00
1.122249960899353027e+00 0.000000000000000000e+00
1.125750064849853516e+00 0.000000000000000000e+00
1.129250049591064453e+00 0.000000000000000000e+00
1.132750034332275391e+00 0.000000000000000000e+00
1.136250019073486328e+00 0.000000000000000000e+00
1.139750003814697266e+00 0.000000000000000000e+00
1.143249988555908203e+00 0.000000000000000000e+00
1.146749973297119141e+00 0.000000000000000000e+00
1.150249958038330078e+00 0.000000000000000000e+00
1.153749942779541016e+00 0.000000000000000000e+00
1.157250046730041504e+00 0.000000000000000000e+00
1.160750031471252441e+00 0.000000000000000000e+00
1.164250016212463379e+00 0.000000000000000000e+00
1.167750000953674316e+00 0.000000000000000000e+00
1.171249985694885254e+00 0.000000000000000000e+00
1.174749970436096191e+00 0.000000000000000000e+00
1.178249955177307129e+00 0.000000000000000000e+00
1.181750059127807617e+00 0.000000000000000000e+00
1.185250043869018555e+00 0.000000000000000000e+00
1.188750028610229492e+00 0.000000000000000000e+00
1.192250013351440430e+00 0.000000000000000000e+00
1.195749998092651367e+00 0.000000000000000000e+00
1.199249982833862305e+00 0.000000000000000000e+00
1.202749967575073242e+00 0.000000000000000000e+00
1.206249952316284180e+00 0.000000000000000000e+00
1.209749937057495117e+00 0.000000000000000000e+00
1.213250041007995605e+00 0.000000000000000000e+00
1.216750025749206543e+00 0.000000000000000000e+00
1.220250010490417480e+00 0.000000000000000000e+00
1.223749995231628418e+00 0.000000000000000000e+00
1.227249979972839355e+00 0.000000000000000000e+00
1.230749964714050293e+00 0.000000000000000000e+00
1.234249949455261230e+00 0.000000000000000000e+00
1.237750053405761719e+00 0.000000000000000000e+00
1.241250038146972656e+00 0.000000000000000000e+00
1.244750022888183594e+00 0.000000000000000000e+00
1.248250007629394531e+00 0.000000000000000000e+00
1.251749992370605469e+00 0.000000000000000000e+00
1.255249977111816406e+00 0.000000000000000000e+00
1.258749961853027344e+00 0.000000000000000000e+00
1.262249946594238281e+00 0.000000000000000000e+00
1.265750050544738770e+00 0.000000000000000000e+00
1.269250035285949707e+00 0.000000000000000000e+00
1.272750020027160645e+00 0.000000000000000000e+00
1.276250004768371582e+00 0.000000000000000000e+00
1.279749989509582520e+00 0.000000000000000000e+00
1.283249974250793457e+00 0.000000000000000000e+00
1.286749958992004395e+00 0.000000000000000000e+00
1.290250062942504883e+00 0.000000000000000000e+00
1.293750047683715820e+00 0.000000000000000000e+00
1.297250032424926758e+00 0.000000000000000000e+00
1.300750017166137695e+00 0.000000000000000000e+00
1.304250001907348633e+00 0.000000000000000000e+00
1.307749986648559570e+00 0.000000000000000000e+00
1.311249971389770508e+00 0.000000000000000000e+00
1.314749956130981445e+00 0.000000000000000000e+00
1.318249940872192383e+00 0.000000000000000000e+00
1.321750044822692871e+00 0.000000000000000000e+00
1.325250029563903809e+00 0.000000000000000000e+00
1.328750014305114746e+00 0.000000000000000000e+00
1.332249999046325684e+00 0.000000000000000000e+00
1.335749983787536621e+00 0.000000000000000000e+00
1.339249968528747559e+00 0.000000000000000000e+00
1.342749953269958496e+00 0.000000000000000000e+00
1.346250057220458984e+00 0.000000000000000000e+00
1.349750041961669922e+00 0.000000000000000000e+00
1.353250026702880859e+00 0.000000000000000000e+00
1.356750011444091797e+00 0.000000000000000000e+00
1.360249996185302734e+00 0.000000000000000000e+00
1.363749980926513672e+00 0.000000000000000000e+00
1.367249965667724609e+00 0.000000000000000000e+00
1.370749950408935547e+00 0.000000000000000000e+00
1.374249935150146484e+00 0.000000000000000000e+00
1.377750039100646973e+00 0.000000000000000000e+00
1.381250023841857910e+00 0.000000000000000000e+00
1.384750008583068848e+00 0.000000000000000000e+00
1.388249993324279785e+00 0.000000000000000000e+00
1.391749978065490723e+00 0.000000000000000000e+00
1.395249962806701660e+00 0.000000000000000000e+00
1.398750066757202148e+00 0.000000000000000000e+00
1.402250051498413086e+00 0.000000000000000000e+00
1.405750036239624023e+00 0.000000000000000000e+00
1.409250020980834961e+00 0.000000000000000000e+00
1.412750005722045898e+00 0.000000000000000000e+00
1.416249990463256836e+00 0.000000000000000000e+00
1.419749975204467773e+00 0.000000000000000000e+00
1.423249959945678711e+00 0.000000000000000000e+00
1.426749944686889648e+00 0.000000000000000000e+00
1.430250048637390137e+00 0.000000000000000000e+00
1.433750033378601074e+00 0.000000000000000000e+00
1.437250018119812012e+00 0.000000000000000000e+00
1.440750002861022949e+00 0.000000000000000000e+00
1.444249987602233887e+00 0.000000000000000000e+00
1.447749972343444824e+00 0.000000000000000000e+00
1.451249957084655762e+00 0.000000000000000000e+00
1.454750061035156250e+00 0.000000000000000000e+00
1.458250045776367188e+00 0.000000000000000000e+00
1.461750030517578125e+00 0.000000000000000000e+00
1.465250015258789062e+00 0.000000000000000000e+00
1.468750000000000000e+00 0.000000000000000000e+00
1.472249984741210938e+00 0.000000000000000000e+00
1.475749969482421875e+00 0.000000000000000000e+00
1.479249954223632812e+00 0.000000000000000000e+00
1.482749938964843750e+00 0.000000000000000000e+00
1.486250042915344238e+00 0.000000000000000000e+00
1.489750027656555176e+00 0.000000000000000000e+00
1.493250012397766113e+00 0.000000000000000000e+00
1.496749997138977051e+00 0.000000000000000000e+00
1.500249981880187988e+00 0.000000000000000000e+00
1.503749966621398926e+00 0.000000000000000000e+00
1.507249951362609863e+00 0.000000000000000000e+00
1.510750055313110352e+00 0.000000000000000000e+00
1.514250040054321289e+00 0.000000000000000000e+00
1.517750024795532227e+00 0.000000000000000000e+00
1.521250009536743164e+00 0.000000000000000000e+00
1.524749994277954102e+00 0.000000000000000000e+00
1.528249979019165039e+00 0.000000000000000000e+00
1.531749963760375977e+00 0.000000000000000000e+00
1.535249948501586914e+00 0.000000000000000000e+00
1.538749933242797852e+00 0.000000000000000000e+00
1.542250037193298340e+00 0.000000000000000000e+00
1.545750021934509277e+00 0.000000000000000000e+00
1.549250006675720215e+00 0.000000000000000000e+00
1.552749991416931152e+00 0.000000000000000000e+00
1.556249976158142090e+00 0.000000000000000000e+00
1.559749960899353027e+00 0.000000000000000000e+00
1.563250064849853516e+00 0.000000000000000000e+00
1.566750049591064453e+00 0.000000000000000000e+00
1.570250034332275391e+00 0.000000000000000000e+00
1.573750019073486328e+00 0.000000000000000000e+00
1.577250003814697266e+00 0.000000000000000000e+00
1.580749988555908203e+00 0.000000000000000000e+00
1.584249973297119141e+00 0.000000000000000000e+00
1.587749958038330078e+00 0.000000000000000000e+00
1.591249942779541016e+00 0.000000000000000000e+00
1.594750046730041504e+00 0.000000000000000000e+00
1.598250031471252441e+00 0.000000000000000000e+00
1.601750016212463379e+00 0.000000000000000000e+00
1.605250000953674316e+00 0.000000000000000000e+00
1.608749985694885254e+00 0.000000000000000000e+00
1.612249970436096191e+00 0.000000000000000000e+00
1.615749955177307129e+00 0.000000000000000000e+00
1.619250059127807617e+00 0.000000000000000000e+00
1.622750043869018555e+00 0.000000000000000000e+00
1.626250028610229492e+00 0.000000000000000000e+00
1.629750013351440430e+00 0.000000000000000000e+00
1.633249998092651367e+00 0.000000000000000000e+00
1.636749982833862305e+00 0.000000000000000000e+00
1.640249967575073242e+00 0.000000000000000000e+00
1.643749952316284180e+00 0.000000000000000000e+00
1.647249937057495117e+00 0.000000000000000000e+00
1.650750041007995605e+00 0.000000000000000000e+00
1.654250025749206543e+00 0.000000000000000000e+00
1.657750010490417480e+00 0.000000000000000000e+00
1.661249995231628418e+00 0.000000000000000000e+00
1.664749979972839355e+00 0.000000000000000000e+00
1.668249964714050293e+00 0.000000000000000000e+00
1.671749949455261230e+00 0.000000000000000000e+00
1.675250053405761719e+00 0.000000000000000000e+00
1.678750038146972656e+00 0.000000000000000000e+00
1.682250022888183594e+00 0.000000000000000000e+00
1.685750007629394531e+00 0.000000000000000000e+00
1.689249992370605469e+00 0.000000000000000000e+00
1.692749977111816406e+00 0.000000000000000000e+00
1.696249961853027344e+00 0.000000000000000000e+00
1.699749946594238281e+00 0.000000000000000000e+00
1.703250050544738770e+00 0.000000000000000000e+00
1.706750035285949707e+00 0.000000000000000000e+00
1.710250020027160645e+00 0.000000000000000000e+00
1.713750004768371582e+00 0.000000000000000000e+00
1.717249989509582520e+00 0.000000000000000000e+00
1.720749974250793457e+00 0.000000000000000000e+00
1.724249958992004395e+00 0.000000000000000000e+00
1.727750062942504883e+00 0.000000000000000000e+00
1.731250047683715820e+00 0.000000000000000000e+00
1.734750032424926758e+00 0.000000000000000000e+00
1.738250017166137695e+00 0.000000000000000000e+00
1.741750001907348633e+00 0.000000000000000000e+00
1.745249986648559570e+00 0.000000000000000000e+00
1.748749971389770508e+00 0.000000000000000000e+00
1.752249956130981445e+00 0.000000000000000000e+00
1.755749940872192383e+00 0.000000000000000000e+00
1.759250044822692871e+00 0.000000000000000000e+00
1.762750029563903809e+00 0.000000000000000000e+00
1.766250014305114746e+00 0.000000000000000000e+00
1.769749999046325684e+00 0.000000000000000000e+00
1.773249983787536621e+00 0.000000000000000000e+00
1.776749968528747559e+00 0.000000000000000000e+00
1.780249953269958496e+00 0.000000000000000000e+00
1.783750057220458984e+00 0.000000000000000000e+00
1.787250041961669922e+00 0.000000000000000000e+00
1.790750026702880859e+00 0.000000000000000000e+00
1.794250011444091797e+00 0.000000000000000000e+00
1.797749996185302734e+00 0.000000000000000000e+00
1.801249980926513672e+00 0.000000000000000000e+00
1.804749965667724609e+00 0.000000000000000000e+00
1.808249950408935547e+00 0.000000000000000000e+00
1.811749935150146484e+00 0.000000000000000000e+00
1.815250039100646973e+00 0.000000000000000000e+00
1.818750023841857910e+00 0.000000000000000000e+00
1.822250008583068848e+00 0.000000000000000000e+00
1.825749993324279785e+00 0.000000000000000000e+00
1.829249978065490723e+00 0.000000000000000000e+00
1.832749962806701660e+00 0.000000000000000000e+00
1.836250066757202148e+00 0.000000000000000000e+00
1.839750051498413086e+00 0.000000000000000000e+00
1.843250036239624023e+00 0.000000000000000000e+00
1.846750020980834961e+00 0.000000000000000000e+00
1.850250005722045898e+00 0.000000000000000000e+00
1.853749990463256836e+00 0.000000000000000000e+00
1.857249975204467773e+00 0.000000000000000000e+00
1.860749959945678711e+00 0.000000000000000000e+00
1.864249944686889648e+00 0.000000000000000000e+00
1.867750048637390137e+00 0.000000000000000000e+00
1.871250033378601074e+00 0.000000000000000000e+00
1.874750018119812012e+00 0.000000000000000000e+00
1.878250002861022949e+00 0.000000000000000000e+00
1.881749987602233887e+00 0.000000000000000000e+00
1.885249972343444824e+00 0.000000000000000000e+00
1.888749957084655762e+00 0.000000000000000000e+00
1.892250061035156250e+00 0.000000000000000000e+00
1.895750045776367188e+00 0.000000000000000000e+00
1.899250030517578125e+00 0.000000000000000000e+00
1.902750015258789062e+00 0.000000000000000000e+00
1.906250000000000000e+00 0.000000000000000000e+00
1.909749984741210938e+00 0.000000000000000000e+00
1.913249969482421875e+00 0.000000000000000000e+00
1.916749954223632812e+00 0.000000000000000000e+00
1.920249938964843750e+00 0.000000000000000000e+00
1.923750042915344238e+00 0.000000000000000000e+00
1.927250027656555176e+00 0.000000000000000000e+00
1.930750012397766113e+00 0.000000000000000000e+00
1.934249997138977051e+00 0.000000000000000000e+00
1.937749981880187988e+00 0.000000000000000000e+00
1.941249966621398926e+00 0.000000000000000000e+00
1.944749951362609863e+00 0.000000000000000000e+00
1.948250055313110352e+00 0.000000000000000000e+00
1.951750040054321289e+00 0.000000000000000000e+00
1.955250024795532227e+00 0.000000000000000000e+00
1.958750009536743164e+00 0.000000000000000000e+00
1.962249994277954102e+00 0.000000000000000000e+00
1.965749979019165039e+00 0.000000000000000000e+00
1.969249963760375977e+00 0.000000000000000000e+00
1.972749948501586914e+00 0.000000000000000000e+00
1.976249933242797852e+00 0.000000000000000000e+00
1.979750037193298340e+00 0.000000000000000000e+00
1.983250021934509277e+00 0.000000000000000000e+00
1.986750006675720215e+00 0.000000000000000000e+00
1.990249991416931152e+00 0.000000000000000000e+00
1.993749976158142090e+00 0.000000000000000000e+00
1.997249960899353027e+00 0.000000000000000000e+00
2.000750064849853516e+00 0.000000000000000000e+00
2.004250049591064453e+00 0.000000000000000000e+00
2.007750034332275391e+00 0.000000000000000000e+00
2.011250019073486328e+00 0.000000000000000000e+00
2.014750003814697266e+00 0.000000000000000000e+00
2.018249988555908203e+00 0.000000000000000000e+00
2.021749973297119141e+00 0.000000000000000000e+00
2.025249958038330078e+00 0.000000000000000000e+00
2.028749942779541016e+00 0.000000000000000000e+00
2.032249927520751953e+00 0.000000000000000000e+00
2.035749912261962891e+00 0.000000000000000000e+00
2.039249897003173828e+00 0.000000000000000000e+00
2.042749881744384766e+00 0.000000000000000000e+00
2.046250104904174805e+00 0.000000000000000000e+00
2.049750089645385742e+00 0.000000000000000000e+00
2.053250074386596680e+00 0.000000000000000000e+00
2.056750059127807617e+00 0.000000000000000000e+00
2.060250043869018555e+00 0.000000000000000000e+00
2.063750028610229492e+00 0.000000000000000000e+00
2.067250013351440430e+00 0.000000000000000000e+00
2.070749998092651367e+00 0.000000000000000000e+00
2.074249982833862305e+00 0.000000000000000000e+00
2.077749967575073242e+00 0.000000000000000000e+00
2.081249952316284180e+00 0.000000000000000000e+00
2.084749937057495117e+00 0.000000000000000000e+00
2.088249921798706055e+00 0.000000000000000000e+00
2.091749906539916992e+00 0.000000000000000000e+00
2.095249891281127930e+00 0.000000000000000000e+00
2.098750114440917969e+00 0.000000000000000000e+00
2.102250099182128906e+00 0.000000000000000000e+00
2.105750083923339844e+00 0.000000000000000000e+00
2.109250068664550781e+00 0.000000000000000000e+00
2.112750053405761719e+00 0.000000000000000000e+00
2.116250038146972656e+00 0.000000000000000000e+00
2.119750022888183594e+00 0.000000000000000000e+00
2.123250007629394531e+00 0.000000000000000000e+00
2.126749992370605469e+00 0.000000000000000000e+00
2.130249977111816406e+00 0.000000000000000000e+00
2.133749961853027344e+00 0.000000000000000000e+00
2.137249946594238281e+00 0.000000000000000000e+00
2.140749931335449219e+00 0.000000000000000000e+00
2.144249916076660156e+00 0.000000000000000000e+00
2.147749900817871094e+00 0.000000000000000000e+00
2.151249885559082031e+00 0.000000000000000000e+00
2.154750108718872070e+00 0.000000000000000000e+00
2.158250093460083008e+00 0.000000000000000000e+00
2.161750078201293945e+00 0.000000000000000000e+00
2.165250062942504883e+00 0.000000000000000000e+00
2.168750047683715820e+00 0.000000000000000000e+00
2.172250032424926758e+00 0.000000000000000000e+00
2.175750017166137695e+00 0.000000000000000000e+00
2.179250001907348633e+00 0.000000000000000000e+00
2.182749986648559570e+00 0.000000000000000000e+00
2.186249971389770508e+00 0.000000000000000000e+00
2.189749956130981445e+00 0.000000000000000000e+00
2.193249940872192383e+00 0.000000000000000000e+00
2.196749925613403320e+00 0.000000000000000000e+00
2.200249910354614258e+00 0.000000000000000000e+00
2.203749895095825195e+00 0.000000000000000000e+00
2.207250118255615234e+00 0.000000000000000000e+00
2.210750102996826172e+00 0.000000000000000000e+00
2.214250087738037109e+00 0.000000000000000000e+00
2.217750072479248047e+00 0.000000000000000000e+00
2.221250057220458984e+00 0.000000000000000000e+00
2.224750041961669922e+00 0.000000000000000000e+00
2.228250026702880859e+00 0.000000000000000000e+00
2.231750011444091797e+00 0.000000000000000000e+00
2.235249996185302734e+00 0.000000000000000000e+00
2.238749980926513672e+00 0.000000000000000000e+00
2.242249965667724609e+00 0.000000000000000000e+00
2.245749950408935547e+00 0.000000000000000000e+00
2.249249935150146484e+00 0.000000000000000000e+00
2.252749919891357422e+00 0.000000000000000000e+00
2.256249904632568359e+00 0.000000000000000000e+00
2.259749889373779297e+00 0.000000000000000000e+00
2.263249874114990234e+00 0.000000000000000000e+00
2.266750097274780273e+00 0.000000000000000000e+00
2.270250082015991211e+00 0.000000000000000000e+00
2.273750066757202148e+00 0.000000000000000000e+00
2.277250051498413086e+00 0.000000000000000000e+00
2.280750036239624023e+00 0.000000000000000000e+00
2.284250020980834961e+00 0.000000000000000000e+00
2.287750005722045898e+00 0.000000000000000000e+00
2.291249990463256836e+00 0.000000000000000000e+00
2.294749975204467773e+00 0.000000000000000000e+00
2.298249959945678711e+00 0.000000000000000000e+00
2.301749944686889648e+00 0.000000000000000000e+00
2.305249929428100586e+00 0.000000000000000000e+00
2.308749914169311523e+00 0.000000000000000000e+00
2.312249898910522461e+00 0.000000000000000000e+00
2.315750122070312500e+00 0.000000000000000000e+00
2.319250106811523438e+00 0.000000000000000000e+00
2.322750091552734375e+00 0.000000000000000000e+00
2.326250076293945312e+00 0.000000000000000000e+00
2.329750061035156250e+00 0.000000000000000000e+00
2.333250045776367188e+00 0.000000000000000000e+00
2.336750030517578125e+00 0.000000000000000000e+00
2.340250015258789062e+00 0.000000000000000000e+00
2.343750000000000000e+00 0.000000000000000000e+00
2.347249984741210938e+00 0.000000000000000000e+00
2.350749969482421875e+00 0.000000000000000000e+00
2.354249954223632812e+00 0.000000000000000000e+00
2.357749938964843750e+00 0.000000000000000000e+00
2.361249923706054688e+00 0.000000000000000000e+00
2.364749908447265625e+00 0.000000000000000000e+00
2.368249893188476562e+00 0.000000000000000000e+00
2.371749877929687500e+00 0.000000000000000000e+00
2.375250101089477539e+00 0.000000000000000000e+00
2.378750085830688477e+00 0.000000000000000000e+00
2.382250070571899414e+00 0.000000000000000000e+00
2.385750055313110352e+00 0.000000000000000000e+00
2.389250040054321289e+00 0.000000000000000000e+00
2.392750024795532227e+00 0.000000000000000000e+00
2.396250009536743164e+00 0.000000000000000000e+00
2.399749994277954102e+00 0.000000000000000000e+00
2.403249979019165039e+00 0.000000000000000000e+00
2.406749963760375977e+00 0.000000000000000000e+00
2.410249948501586914e+00 0.000000000000000000e+00
2.413749933242797852e+00 0.000000000000000000e+00
2.417249917984008789e+00 0.000000000000000000e+00
2.420749902725219727e+00 0.000000000000000000e+00
2.424250125885009766e+00 0.000000000000000000e+00
2.427750110626220703e+00 0.000000000000000000e+00
2.431250095367431641e+00 0.000000000000000000e+00
2.434750080108642578e+00 0.000000000000000000e+00
2.438250064849853516e+00 0.000000000000000000e+00
2.441750049591064453e+00 0.000000000000000000e+00
2.445250034332275391e+00 0.000000000000000000e+00
2.448750019073486328e+00 0.000000000000000000e+00
2.452250003814697266e+00 0.000000000000000000e+00
2.455749988555908203e+00 0.000000000000000000e+00
2.459249973297119141e+00 0.000000000000000000e+00
2.462749958038330078e+00 0.000000000000000000e+00
2.466249942779541016e+00 0.000000000000000000e+00
2.469749927520751953e+00 0.000000000000000000e+00
2.473249912261962891e+00 0.000000000000000000e+00
2.476749897003173828e+00 0.000000000000000000e+00
2.480249881744384766e+00 0.000000000000000000e+00
2.483750104904174805e+00 0.000000000000000000e+00
2.487250089645385742e+00 0.000000000000000000e+00
2.490750074386596680e+00 0.000000000000000000e+00
2.494250059127807617e+00 0.000000000000000000e+00
2.497750043869018555e+00 0.000000000000000000e+00
2.501250028610229492e+00 0.000000000000000000e+00
2.504750013351440430e+00 0.000000000000000000e+00
2.508249998092651367e+00 0.000000000000000000e+00
2.511749982833862305e+00 0.000000000000000000e+00
2.515249967575073242e+00 0.000000000000000000e+00
2.518749952316284180e+00 0.000000000000000000e+00
2.522249937057495117e+00 0.000000000000000000e+00
2.525749921798706055e+00 0.000000000000000000e+00
2.529249906539916992e+00 0.000000000000000000e+00
2.532749891281127930e+00 0.000000000000000000e+00
2.536250114440917969e+00 0.000000000000000000e+00
2.539750099182128906e+00 0.000000000000000000e+00
2.543250083923339844e+00 0.000000000000000000e+00
2.546750068664550781e+00 0.000000000000000000e+00
2.550250053405761719e+00 0.000000000000000000e+00
2.553750038146972656e+00 0.000000000000000000e+00
2.557250022888183594e+00 0.000000000000000000e+00
2.560750007629394531e+00 0.000000000000000000e+00
2.564249992370605469e+00 0.000000000000000000e+00
2.567749977111816406e+00 0.000000000000000000e+00
2.571249961853027344e+00 0.000000000000000000e+00
2.574749946594238281e+00 0.000000000000000000e+00
2.578249931335449219e+00 0.000000000000000000e+00
2.581749916076660156e+00 0.000000000000000000e+00
2.585249900817871094e+00 0.000000000000000000e+00
2.588749885559082031e+00 0.000000000000000000e+00
2.592250108718872070e+00 0.000000000000000000e+00
2.595750093460083008e+00 0.000000000000000000e+00
2.599250078201293945e+00 0.000000000000000000e+00
2.602750062942504883e+00 0.000000000000000000e+00
2.606250047683715820e+00 0.000000000000000000e+00
2.609750032424926758e+00 0.000000000000000000e+00
2.613250017166137695e+00 0.000000000000000000e+00
2.616750001907348633e+00 0.000000000000000000e+00
2.620249986648559570e+00 0.000000000000000000e+00
2.623749971389770508e+00 0.000000000000000000e+00
2.627249956130981445e+00 0.000000000000000000e+00
2.630749940872192383e+00 0.000000000000000000e+00
2.634249925613403320e+00 0.000000000000000000e+00
2.637749910354614258e+00 0.000000000000000000e+00
2.641249895095825195e+00 0.000000000000000000e+00
2.644750118255615234e+00 0.000000000000000000e+00
2.648250102996826172e+00 0.000000000000000000e+00
2.651750087738037109e+00 0.000000000000000000e+00
2.655250072479248047e+00 0.000000000000000000e+00
2.658750057220458984e+00 0.000000000000000000e+00
2.662250041961669922e+00 0.000000000000000000e+00
2.665750026702880859e+00 0.000000000000000000e+00
2.669250011444091797e+00 0.000000000000000000e+00
2.672749996185302734e+00 0.000000000000000000e+00
2.676249980926513672e+00 0.000000000000000000e+00
2.679749965667724609e+00 0.000000000000000000e+00
2.683249950408935547e+00 0.000000000000000000e+00
2.686749935150146484e+00 0.000000000000000000e+00
2.690249919891357422e+00 0.000000000000000000e+00
2.693749904632568359e+00 0.000000000000000000e+00
2.697249889373779297e+00 0.000000000000000000e+00
2.700749874114990234e+00 0.000000000000000000e+00
2.704250097274780273e+00 0.000000000000000000e+00
2.707750082015991211e+00 0.000000000000000000e+00
2.711250066757202148e+00 0.000000000000000000e+00
2.714750051498413086e+00 0.000000000000000000e+00
2.718250036239624023e+00 0.000000000000000000e+00
2.721750020980834961e+00 0.000000000000000000e+00
2.725250005722045898e+00 0.000000000000000000e+00
2.728749990463256836e+00 0.000000000000000000e+00
2.732249975204467773e+00 0.000000000000000000e+00
2.735749959945678711e+00 0.000000000000000000e+00
2.739249944686889648e+00 0.000000000000000000e+00
2.742749929428100586e+00 0.000000000000000000e+00
2.746249914169311523e+00 0.000000000000000000e+00
2.749749898910522461e+00 0.000000000000000000e+00
2.753250122070312500e+00 0.000000000000000000e+00
2.756750106811523438e+00 0.000000000000000000e+00
2.760250091552734375e+00 0.000000000000000000e+00
2.763750076293945312e+00 0.000000000000000000e+00
2.767250061035156250e+00 0.000000000000000000e+00
2.770750045776367188e+00 0.000000000000000000e+00
2.774250030517578125e+00 0.000000000000000000e+00
2.777750015258789062e+00 0.000000000000000000e+00
2.781250000000000000e+00 0.000000000000000000e+00
2.784749984741210938e+00 0.000000000000000000e+00
2.788249969482421875e+00 0.000000000000000000e+00
2.791749954223632812e+00 0.000000000000000000e+00
2.795249938964843750e+00 0.000000000000000000e+00
2.798749923706054688e+00 0.000000000000000000e+00
2.802249908447265625e+00 0.000000000000000000e+00
2.805749893188476562e+00 0.000000000000000000e+00
2.809249877929687500e+00 0.000000000000000000e+00
2.812750101089477539e+00 0.000000000000000000e+00
2.816250085830688477e+00 0.000000000000000000e+00
2.819750070571899414e+00 0.000000000000000000e+00
2.823250055313110352e+00 0.000000000000000000e+00
2.826750040054321289e+00 0.000000000000000000e+00
2.830250024795532227e+00 0.000000000000000000e+00
2.833750009536743164e+00 0.000000000000000000e+00
2.837249994277954102e+00 0.000000000000000000e+00
2.840749979019165039e+00 0.000000000000000000e+00
2.844249963760375977e+00 0.000000000000000000e+00
2.847749948501586914e+00 0.000000000000000000e+00
2.851249933242797852e+00 0.000000000000000000e+00
2.854749917984008789e+00 0.000000000000000000e+00
2.858249902725219727e+00 0.000000000000000000e+00
2.861750125885009766e+00 0.000000000000000000e+00
2.865250110626220703e+00 0.000000000000000000e+00
2.868750095367431641e+00 0.000000000000000000e+00
2.872250080108642578e+00 0.000000000000000000e+00
2.875750064849853516e+00 0.000000000000000000e+00
2.879250049591064453e+00 0.000000000000000000e+00
2.882750034332275391e+00 0.000000000000000000e+00
2.886250019073486328e+00 0.000000000000000000e+00
2.889750003814697266e+00 0.000000000000000000e+00
2.893249988555908203e+00 0.000000000000000000e+00
2.896749973297119141e+00 0.000000000000000000e+00
2.900249958038330078e+00 0.000000000000000000e+00
2.903749942779541016e+00 0.000000000000000000e+00
2.907249927520751953e+00 0.000000000000000000e+00
2.910749912261962891e+00 0.000000000000000000e+00
2.914249897003173828e+00 0.000000000000000000e+00
2.917749881744384766e+00 0.000000000000000000e+00
2.921250104904174805e+00 0.000000000000000000e+00
2.924750089645385742e+00 0.000000000000000000e+00
2.928250074386596680e+00 0.000000000000000000e+00
2.931750059127807617e+00 0.000000000000000000e+00
2.935250043869018555e+00 0.000000000000000000e+00
2.938750028610229492e+00 0.000000000000000000e+00
2.942250013351440430e+00 0.000000000000000000e+00
2.945749998092651367e+00 0.000000000000000000e+00
2.949249982833862305e+00 0.000000000000000000e+00
2.952749967575073242e+00 0.000000000000000000e+00
2.956249952316284180e+00 0.000000000000000000e+00
2.959749937057495117e+00 0.000000000000000000e+00
2.963249921798706055e+00 0.000000000000000000e+00
2.966749906539916992e+00 0.000000000000000000e+00
2.970249891281127930e+00 0.000000000000000000e+00
2.973750114440917969e+00 0.000000000000000000e+00
2.977250099182128906e+00 0.000000000000000000e+00
2.980750083923339844e+00 0.000000000000000000e+00
2.984250068664550781e+00 0.000000000000000000e+00
2.987750053405761719e+00 0.000000000000000000e+00
2.991250038146972656e+00 0.000000000000000000e+00
2.994750022888183594e+00 0.000000000000000000e+00
2.998250007629394531e+00 0.000000000000000000e+00
