-4.982500076293945312e-01 0.000000000000000000e+00
-4.947499930858612061e-01 0.000000000000000000e+00
-4.912499785423278809e-01 0.000000000000000000e+00
-4.877499938011169434e-01 0.000000000000000000e+00
-4.842500090599060059e-01 0.000000000000000000e+00
-4.807499945163726807e-01 0.000000000000000000e+00
-4.772499799728393555e-01 0.000000000000000000e+00
-4.737499952316284180e-01 0.000000000000000000e+00
-4.702500104904174805e-01 0.000000000000000000e+00
-4.667499959468841553e-01 0.000000000000000000e+00
-4.632499814033508301e-01 0.000000000000000000e+00
-4.597499966621398926e-01 0.000000000000000000e+00
-4.562500119209289551e-01 0.000000000000000000e+00
-4.527499973773956299e-01 0.000000000000000000e+00
-4.492499828338623047e-01 0.000000000000000000e+00
-4.457499980926513672e-01 0.000000000000000000e+00
-4.422500133514404297e-01 0.000000000000000000e+00
-4.387499988079071045e-01 0.000000000000000000e+00
-4.352499842643737793e-01 0.000000000000000000e+00
-4.317499995231628418e-01 0.000000000000000000e+00
-4.282500147819519043e-01 0.000000000000000000e+00
-4.247500002384185791e-01 0.000000000000000000e+00
-4.212499856948852539e-01 0.000000000000000000e+00
-4.177500009536743164e-01 0.000000000000000000e+00
-4.142500162124633789e-01 0.000000000000000000e+00
-4.107500016689300537e-01 0.000000000000000000e+00
-4.072499871253967285e-01 0.000000000000000000e+00
-4.037500023841857910e-01 0.000000000000000000e+00
-4.002500176429748535e-01 0.000000000000000000e+00
-3.967500030994415283e-01 0.000000000000000000e+00
-3.932499885559082031e-01 0.000000000000000000e+00
-3.897500038146972656e-01 0.000000000000000000e+00
-3.862500190734863281e-01 0.000000000000000000e+00
-3.827500045299530029e-01 0.000000000000000000e+00
-3.792499899864196777e-01 0.000000000000000000e+00
-3.757500052452087402e-01 0.000000000000000000e+00
-3.722500205039978027e-01 0.000000000000000000e+00
-3.687500059604644775e-01 0.000000000000000000e+00
-3.652499914169311523e-01 0.000000000000000000e+00
-3.617500066757202148e-01 0.000000000000000000e+00
-3.582500219345092773e-01 0.000000000000000000e+00
-3.547499775886535645e-01 0.000000000000000000e+00
-3.512499928474426270e-01 0.000000000000000000e+00
-3.477500081062316895e-01 0.000000000000000000e+00
-3.442499935626983643e-01 0.000000000000000000e+00
-3.407499790191650391e-01 0.000000000000000000e+00
-3.372499942779541016e-01 0.000000000000000000e+00
-3.337500095367431641e-01 0.000000000000000000e+00
-3.302499949932098389e-01 0.000000000000000000e+00
-3.267499804496765137e-01 0.000000000000000000e+00
-3.232499957084655762e-01 0.000000000000000000e+00
-3.197500109672546387e-01 0.000000000000000000e+00
-3.162499964237213135e-01 0.000000000000000000e+00
-3.127499818801879883e-01 0.000000000000000000e+00
-3.092499971389770508e-01 0.000000000000000000e+00
-3.057500123977661133e-01 0.000000000000000000e+00
-3.022499978542327881e-01 0.000000000000000000e+00
-2.987499833106994629e-01 0.000000000000000000e+00
-2.952499985694885254e-01 0.000000000000000000e+00
-2.917500138282775879e-01 0.000000000000000000e+00
-2.882499992847442627e-01 0.000000000000000000e+00
-2.847499847412109375e-01 0.000000000000000000e+00
-2.812500000000000000e-01 0.000000000000000000e+00
-2.777500152587890625e-01 0.000000000000000000e+00
-2.742500007152557373e-01 0.000000000000000000e+00
-2.707499861717224121e-01 0.000000000000000000e+00
-2.672500014305114746e-01 0.000000000000000000e+00
-2.637500166893005371e-01 0.000000000000000000e+00
-2.602500021457672119e-01 0.000000000000000000e+00
-2.567499876022338867e-01 0.000000000000000000e+00
-2.532500028610229492e-01 0.000000000000000000e+00
-2.497500032186508179e-01 0.000000000000000000e+00
-2.462500035762786865e-01 0.000000000000000000e+00
-2.427499890327453613e-01 0.000000000000000000e+00
-2.392500042915344238e-01 0.000000000000000000e+00
-2.357499897480010986e-01 0.000000000000000000e+00
-2.322500050067901611e-01 0.000000000000000000e+00
-2.287499904632568359e-01 0.000000000000000000e+00
-2.252500057220458984e-01 0.000000000000000000e+00
-2.217499911785125732e-01 0.000000000000000000e+00
-2.182500064373016357e-01 0.000000000000000000e+00
-2.147499918937683105e-01 0.000000000000000000e+00
-2.112500071525573730e-01 0.000000000000000000e+00
-2.077499926090240479e-01 0.000000000000000000e+00
-2.042500078678131104e-01 0.000000000000000000e+00
-2.007499933242797852e-01 0.000000000000000000e+00
-1.972500085830688477e-01 0.000000000000000000e+00
-1.937499940395355225e-01 0.000000000000000000e+00
-1.902500092983245850e-01 0.000000000000000000e+00
-1.867499947547912598e-01 0.000000000000000000e+00
-1.832500100135803223e-01 0.000000000000000000e+00
-1.797499954700469971e-01 0.000000000000000000e+00
-1.762500107288360596e-01 0.000000000000000000e+00
-1.727499961853027344e-01 0.000000000000000000e+00
-1.692500114440917969e-01 0.000000000000000000e+00
-1.657499969005584717e-01 0.000000000000000000e+00
-1.622500121593475342e-01 0.000000000000000000e+00
-1.587499976158142090e-01 0.000000000000000000e+00
-1.552500128746032715e-01 0.000000000000000000e+00
-1.517499983310699463e-01 0.000000000000000000e+00
-1.482500135898590088e-01 0.000000000000000000e+00
-1.447499990463256836e-01 0.000000000000000000e+00
-1.412500143051147461e-01 0.000000000000000000e+00
-1.377499997615814209e-01 0.000000000000000000e+00
-1.342500001192092896e-01 0.000000000000000000e+00
-1.307500004768371582e-01 0.000000000000000000e+00
-1.272499859333038330e-01 0.000000000000000000e+00
-1.237500011920928955e-01 0.000000000000000000e+00
-1.202500015497207642e-01 2.983875674544833601e-05
-1.167500019073486328e-01 2.799523645080626011e-04
-1.132500022649765015e-01 1.357576576992869377e-03
-1.097500026226043701e-01 2.921134233474731445e-03
-1.062500029802322388e-01 6.886208429932594299e-03
-1.027500033378601074e-01 1.407643128186464310e-02
-9.925000369548797607e-02 2.857704833149909973e-02
-9.574999660253524780e-02 5.475820973515510559e-02
-9.224999696016311646e-02 1.045734882354736328e-01
-8.874999731779098511e-02 1.907412558794021606e-01
-8.524999767541885376e-02 3.217451572418212891e-01
-8.174999803304672241e-02 5.235518217086791992e-01
-7.824999839067459106e-02 8.192188143730163574e-01
-7.474999874830245972e-02 1.214820623397827148e+00
-7.124999910593032837e-02 1.758276224136352539e+00
-6.774999946355819702e-02 2.420383930206298828e+00
-6.424999982118606567e-02 3.211331367492675781e+00
-6.075000017881393433e-02 4.089862346649169922e+00
-5.725000053644180298e-02 5.068921089172363281e+00
-5.375000089406967163e-02 6.081333637237548828e+00
-5.025000125169754028e-02 7.079543113708496094e+00
-4.675000160932540894e-02 8.066421508789062500e+00
-4.325000196695327759e-02 9.011805534362792969e+00
-3.974999859929084778e-02 9.821805953979492188e+00
-3.624999895691871643e-02 1.047037601470947266e+01
-3.274999931454658508e-02 1.095668315887451172e+01
-2.924999967217445374e-02 1.130452346801757812e+01
-2.575000002980232239e-02 1.150345897674560547e+01
-2.225000038743019104e-02 1.151849651336669922e+01
-1.875000074505805969e-02 1.139200973510742188e+01
-1.525000110268592834e-02 1.114522838592529297e+01
-1.174999959766864777e-02 1.078862285614013672e+01
-8.249999955296516418e-03 1.037844467163085938e+01
-4.750000312924385071e-03 9.902741432189941406e+00
-1.249999972060322762e-03 9.390325546264648438e+00
2.250000135973095894e-03 8.844314575195312500e+00
5.750000011175870895e-03 8.268135070800781250e+00
9.250000119209289551e-03 7.694415092468261719e+00
1.274999976158142090e-02 7.138612747192382812e+00
1.624999940395355225e-02 6.606016159057617188e+00
1.974999904632568359e-02 6.077581882476806641e+00
2.325000055134296417e-02 5.574263572692871094e+00
2.675000019371509552e-02 5.103018283843994141e+00
3.025000169873237610e-02 4.664441108703613281e+00
3.375000134110450745e-02 4.270212650299072266e+00
3.725000098347663879e-02 3.892328977584838867e+00
4.075000062584877014e-02 3.547286748886108398e+00
4.425000026822090149e-02 3.227154016494750977e+00
4.774999991059303284e-02 2.930646181106567383e+00
5.124999955296516418e-02 2.663577556610107422e+00
5.474999919533729553e-02 2.416223764419555664e+00
5.824999883770942688e-02 2.189951419830322266e+00
6.175000220537185669e-02 1.984000205993652344e+00
6.525000184774398804e-02 1.802138924598693848e+00
6.875000149011611938e-02 1.633706688880920410e+00
7.225000113248825073e-02 1.480260729789733887e+00
7.575000077486038208e-02 1.338906407356262207e+00
7.925000041723251343e-02 1.209285020828247070e+00
8.275000005960464478e-02 1.097834467887878418e+00
8.624999970197677612e-02 9.952361583709716797e-01
8.974999934434890747e-02 9.053640961647033691e-01
9.324999898672103882e-02 8.207876086235046387e-01
9.674999862909317017e-02 7.483798265457153320e-01
1.002499982714653015e-01 6.800696849822998047e-01
1.037499979138374329e-01 6.173926591873168945e-01
1.072499975562095642e-01 5.614436268806457520e-01
1.107499971985816956e-01 5.104476809501647949e-01
1.142499968409538269e-01 4.660426676273345947e-01
1.177499964833259583e-01 4.235192239284515381e-01
1.212500035762786865e-01 3.868846595287322998e-01
1.247500032186508179e-01 3.520325720310211182e-01
1.282500028610229492e-01 3.211322128772735596e-01
1.317499876022338867e-01 2.933146357536315918e-01
1.352500021457672119e-01 2.676600217819213867e-01
1.387499868869781494e-01 2.447686344385147095e-01
1.422500014305114746e-01 2.220505774021148682e-01
1.457499861717224121e-01 2.040362209081649780e-01
1.492500007152557373e-01 1.867181062698364258e-01
1.527499854564666748e-01 1.703914701938629150e-01
1.562500000000000000e-01 1.554406285285949707e-01
1.597500145435333252e-01 1.437444388866424561e-01
1.632499992847442627e-01 1.323040425777435303e-01
1.667500138282775879e-01 1.216964423656463623e-01
1.702499985694885254e-01 1.105951815843582153e-01
1.737500131130218506e-01 1.026104986667633057e-01
1.772499978542327881e-01 9.502382576465606689e-02
1.807500123977661133e-01 8.728721737861633301e-02
1.842499971389770508e-01 7.882513850927352905e-02
1.877500116825103760e-01 7.334662973880767822e-02
1.912499964237213135e-01 6.758667528629302979e-02
1.947500109672546387e-01 6.237509101629257202e-02
1.982499957084655762e-01 5.694970861077308655e-02
2.017500102519989014e-01 5.321940407156944275e-02
2.052499949932098389e-01 4.902326688170433044e-02
2.087500095367431641e-01 4.562777280807495117e-02
2.122499942779541016e-01 4.185752943158149719e-02
2.157500088214874268e-01 3.920311108231544495e-02
2.192499935626983643e-01 3.608823940157890320e-02
2.227500081062316895e-01 3.346827626228332520e-02
2.262499928474426270e-01 3.147475421428680420e-02
2.297500073909759521e-01 2.870307676494121552e-02
2.332499921321868896e-01 2.698528766632080078e-02
2.367500066757202148e-01 2.523017302155494690e-02
2.402499914169311523e-01 2.345180511474609375e-02
2.437500059604644775e-01 2.171541377902030945e-02
2.472499907016754150e-01 2.004396729171276093e-02
2.507500052452087402e-01 1.859620586037635803e-02
2.542499899864196777e-01 1.722337491810321808e-02
2.577500045299530029e-01 1.593133807182312012e-02
2.612500190734863281e-01 1.485890056937932968e-02
2.647500038146972656e-01 1.391540840268135071e-02
2.682499885559082031e-01 1.274487189948558807e-02
2.717500030994415283e-01 1.179986074566841125e-02
2.752500176429748535e-01 1.088996324688196182e-02
2.787500023841857910e-01 1.032596454024314880e-02
2.822499871253967285e-01 9.749131277203559875e-03
2.857500016689300537e-01 9.161868132650852203e-03
2.892500162124633789e-01 8.289038203656673431e-03
2.927500009536743164e-01 7.912986911833286285e-03
2.962499856948852539e-01 7.295681629329919815e-03
2.997500002384185791e-01 6.899034138768911362e-03
3.032500147819519043e-01 6.603066809475421906e-03
3.067499995231628418e-01 5.963381379842758179e-03
3.102499842643737793e-01 5.625155288726091385e-03
3.137499988079071045e-01 5.174438469111919403e-03
3.172500133514404297e-01 4.799343179911375046e-03
3.207499980926513672e-01 4.575495608150959015e-03
3.242499828338623047e-01 4.281241912394762039e-03
3.277499973773956299e-01 4.024678841233253479e-03
3.312500119209289551e-01 3.680164925754070282e-03
3.347499966621398926e-01 3.497250145301222801e-03
3.382499814033508301e-01 3.225912805646657944e-03
3.417499959468841553e-01 3.002548823133111000e-03
3.452500104904174805e-01 2.792315790429711342e-03
3.487499952316284180e-01 2.595342462882399559e-03
3.522499799728393555e-01 2.506915712729096413e-03
3.557499945163726807e-01 2.389681292697787285e-03
3.592500090599060059e-01 2.073881216347217560e-03
3.627499938011169434e-01 2.017789054661989212e-03
3.662499785423278809e-01 1.967937452718615532e-03
3.697499930858612061e-01 1.837152754887938499e-03
3.732500076293945312e-01 1.731851603835821152e-03
3.767499923706054688e-01 1.546701882034540176e-03
3.802500069141387939e-01 1.451871474273502827e-03
3.837500214576721191e-01 1.369340345263481140e-03
3.872500061988830566e-01 1.270894310437142849e-03
3.907499909400939941e-01 1.302202465012669563e-03
3.942500054836273193e-01 1.172531978227198124e-03
3.977500200271606445e-01 1.076823682524263859e-03
4.012500047683715820e-01 1.026942161843180656e-03
4.047499895095825195e-01 8.960007107816636562e-04
4.082500040531158447e-01 8.960360428318381310e-04
4.117500185966491699e-01 8.184078033082187176e-04
4.152500033378601074e-01 7.556884665973484516e-04
4.187499880790710449e-01 7.428518729284405708e-04
4.222500026226043701e-01 7.013615686446428299e-04
4.257500171661376953e-01 6.206553080119192600e-04
4.292500019073486328e-01 6.044445908628404140e-04
4.327499866485595703e-01 5.665901699103415012e-04
4.362500011920928955e-01 5.176907288841903210e-04
4.397500157356262207e-01 4.700009303633123636e-04
4.432500004768371582e-01 4.545989504549652338e-04
4.467499852180480957e-01 4.112458555027842522e-04
4.502499997615814209e-01 4.056890320498496294e-04
4.537500143051147461e-01 3.597634495235979557e-04
4.572499990463256836e-01 3.281410026829689741e-04
4.607499837875366211e-01 3.169853880535811186e-04
4.642499983310699463e-01 2.838154614437371492e-04
4.677500128746032715e-01 2.663893101271241903e-04
4.712499976158142090e-01 2.451459586154669523e-04
4.747499823570251465e-01 2.330853894818574190e-04
4.782499969005584717e-01 2.011734904954209924e-04
4.817500114440917969e-01 2.043684216914698482e-04
4.852499961853027344e-01 1.974602055270224810e-04
4.887499809265136719e-01 1.744815381243824959e-04
4.922499954700469971e-01 1.636317610973492265e-04
4.957500100135803223e-01 1.547680003568530083e-04
4.992499947547912598e-01 1.395923318341374397e-04
5.027499794960021973e-01 1.471876894356682897e-04
5.062500238418579102e-01 1.116577623179182410e-04
5.097500085830688477e-01 1.321847666986286640e-04
5.132499933242797852e-01 1.001314594759605825e-04
5.167499780654907227e-01 1.046978286467492580e-04
5.202499628067016602e-01 1.018506081891246140e-04
5.237500071525573730e-01 8.507325401296839118e-05
5.272499918937683105e-01 8.732122660148888826e-05
5.307500362396240234e-01 7.779274892527610064e-05
5.342500209808349609e-01 7.377903239103034139e-05
5.377500057220458984e-01 6.969313108129426837e-05
5.412499904632568359e-01 6.181102071423083544e-05
5.447499752044677734e-01 5.524055450223386288e-05
5.482500195503234863e-01 5.763547233073040843e-05
5.517500042915344238e-01 5.031680120737291873e-05
5.552499890327453613e-01 5.372619853005744517e-05
5.587500333786010742e-01 3.934526466764509678e-05
5.622500181198120117e-01 3.864286554744467139e-05
5.657500028610229492e-01 3.836031100945547223e-05
5.692499876022338867e-01 3.972364356741309166e-05
5.727499723434448242e-01 3.888400533469393849e-05
5.762500166893005371e-01 2.767564183159265667e-05
5.797500014305114746e-01 3.160665073664858937e-05
5.832499861717224121e-01 3.129774995613843203e-05
5.867500305175781250e-01 2.465626130288001150e-05
5.902500152587890625e-01 2.425571437925100327e-05
5.937500000000000000e-01 2.057934034382924438e-05
5.972499847412109375e-01 1.398032327415421605e-05
6.007499694824218750e-01 2.229926940344739705e-05
6.042500138282775879e-01 1.408318439644062892e-05
6.077499985694885254e-01 1.314030123467091471e-05
6.112499833106994629e-01 1.364038780593546107e-05
6.147500276565551758e-01 1.346598583040758967e-05
6.182500123977661133e-01 9.636854883865453303e-06
6.217499971389770508e-01 7.719270797679200768e-06
6.252499818801879883e-01 9.618559488444589078e-06
6.287499666213989258e-01 9.439325367566198111e-06
6.322500109672546387e-01 8.816322406346444041e-06
6.357499957084655762e-01 3.807710299952304922e-06
6.392499804496765137e-01 9.549612514092586935e-06
6.427500247955322266e-01 5.419019544206093997e-06
6.462500095367431641e-01 6.848250905022723600e-06
6.497499942779541016e-01 7.581363661302020773e-06
6.532499790191650391e-01 6.463217687269207090e-06
6.567499637603759766e-01 8.857093234837520868e-06
6.602500081062316895e-01 4.556565727398265153e-06
6.637499928474426270e-01 5.580225206358591095e-06
6.672500371932983398e-01 4.631720003089867532e-06
6.707500219345092773e-01 3.229671847293502651e-06
6.742500066757202148e-01 6.834439318481599912e-06
6.777499914169311523e-01 3.280607188571593724e-06
6.812499761581420898e-01 3.691159463414805941e-06
6.847500205039978027e-01 6.563660917890956625e-06
6.882500052452087402e-01 4.319814252085052431e-06
6.917499899864196777e-01 3.386929165571928024e-06
6.952500343322753906e-01 1.554134769321535714e-06
6.987500190734863281e-01 3.562817482816171832e-06
7.022500038146972656e-01 3.183328090017312206e-06
7.057499885559082031e-01 2.563576572356396355e-06
7.092499732971191406e-01 3.287095523774041794e-06
7.127500176429748535e-01 2.738059947660076432e-06
7.162500023841857910e-01 2.935554221039637923e-06
7.197499871253967285e-01 1.776794761099154130e-06
7.232500314712524414e-01 2.487983010723837651e-06
7.267500162124633789e-01 1.653246044952538796e-06
7.302500009536743164e-01 1.925070819197571836e-06
7.337499856948852539e-01 7.091932161529257428e-07
7.372499704360961914e-01 2.454209834468201734e-06
7.407500147819519043e-01 1.298255824622174259e-06
7.442499995231628418e-01 1.533806653242208995e-06
7.477499842643737793e-01 1.238379127244115807e-06
7.512500286102294922e-01 1.204947125188482460e-06
7.547500133514404297e-01 6.095045250731345732e-07
7.582499980926513672e-01 5.898703534512605984e-07
7.617499828338623047e-01 1.065478045347845182e-06
7.652499675750732422e-01 1.784033827334496891e-07
7.687500119209289551e-01 6.543438644257548731e-07
7.722499966621398926e-01 6.783370736229699105e-07
7.757499814033508301e-01 5.048557341069681570e-07
7.792500257492065430e-01 1.621550040908914525e-07
7.827500104904174805e-01 1.447937165721668862e-07
7.862499952316284180e-01 1.393804325289238477e-07
7.897499799728393555e-01 1.495342587531922618e-07
7.932499647140502930e-01 1.320004940907892887e-07
7.967500090599060059e-01 0.000000000000000000e+00
8.002499938011169434e-01 0.000000000000000000e+00
8.037499785423278809e-01 1.204556383527233265e-07
8.072500228881835938e-01 0.000000000000000000e+00
8.107500076293945312e-01 0.000000000000000000e+00
8.142499923706054688e-01 0.000000000000000000e+00
8.177499771118164062e-01 0.000000000000000000e+00
8.212500214576721191e-01 0.000000000000000000e+00
8.247500061988830566e-01 0.000000000000000000e+00
8.282499909400939941e-01 0.000000000000000000e+00
8.317500352859497070e-01 0.000000000000000000e+00
8.352500200271606445e-01 0.000000000000000000e+00
8.387500047683715820e-01 0.000000000000000000e+00
8.422499895095825195e-01 0.000000000000000000e+00
8.457499742507934570e-01 0.000000000000000000e+00
8.492500185966491699e-01 0.000000000000000000e+00
8.527500033378601074e-01 0.000000000000000000e+00
8.562499880790710449e-01 0.000000000000000000e+00
8.597500324249267578e-01 0.000000000000000000e+00
8.632500171661376953e-01 0.000000000000000000e+00
8.667500019073486328e-01 0.000000000000000000e+00
8.702499866485595703e-01 0.000000000000000000e+00
8.737499713897705078e-01 0.000000000000000000e+00
8.772500157356262207e-01 0.000000000000000000e+00
8.807500004768371582e-01 0.000000000000000000e+00
8.842499852180480957e-01 0.000000000000000000e+00
8.877500295639038086e-01 0.000000000000000000e+00
8.912500143051147461e-01 0.000000000000000000e+00
8.947499990463256836e-01 0.000000000000000000e+00
8.982499837875366211e-01 0.000000000000000000e+00
9.017499685287475586e-01 0.000000000000000000e+00
9.052500128746032715e-01 0.000000000000000000e+00
9.087499976158142090e-01 0.000000000000000000e+00
9.122499823570251465e-01 0.000000000000000000e+00
9.157500267028808594e-01 0.000000000000000000e+00
9.192500114440917969e-01 0.000000000000000000e+00
9.227499961853027344e-01 0.000000000000000000e+00
9.262499809265136719e-01 0.000000000000000000e+00
9.297499656677246094e-01 0.000000000000000000e+00
9.332500100135803223e-01 0.000000000000000000e+00
9.367499947547912598e-01 0.000000000000000000e+00
9.402499794960021973e-01 0.000000000000000000e+00
9.437500238418579102e-01 0.000000000000000000e+00
9.472500085830688477e-01 0.000000000000000000e+00
9.507499933242797852e-01 0.000000000000000000e+00
9.542499780654907227e-01 0.000000000000000000e+00
9.577499628067016602e-01 0.000000000000000000e+00
9.612500071525573730e-01 0.000000000000000000e+00
9.647499918937683105e-01 0.000000000000000000e+00
9.682500362396240234e-01 0.000000000000000000e+00
9.717500209808349609e-01 0.000000000000000000e+00
9.752500057220458984e-01 0.000000000000000000e+00
9.787499904632568359e-01 0.000000000000000000e+00
9.822499752044677734e-01 0.000000000000000000e+00
9.857500195503234863e-01 0.000000000000000000e+00
9.892500042915344238e-01 0.000000000000000000e+00
9.927499890327453613e-01 0.000000000000000000e+00
9.962500333786010742e-01 0.000000000000000000e+00
9.997500181198120117e-01 0.000000000000000000e+00
1.003250002861022949e+00 0.000000000000000000e+00
1.006749987602233887e+00 0.000000000000000000e+00
1.010249972343444824e+00 0.000000000000000000e+00
1.013749957084655762e+00 0.000000000000000000e+00
1.017250061035156250e+00 0.000000000000000000e+00
1.020750045776367188e+00 0.000000000000000000e+00
1.024250030517578125e+00 0.000000000000000000e+00
1.027750015258789062e+00 0.000000000000000000e+00
1.031250000000000000e+00 0.000000000000000000e+00
1.034749984741210938e+00 0.000000000000000000e+00
1.038249969482421875e+00 0.000000000000000000e+00
1.041749954223632812e+00 0.000000000000000000e+00
1.045249938964843750e+00 0.000000000000000000e+00
1.048750042915344238e+00 0.000000000000000000e+00
1.052250027656555176e+00 0.000000000000000000e+00
1.055750012397766113e+00 0.000000000000000000e+00
1.059249997138977051e+00 0.000000000000000000e+00
1.062749981880187988e+00 0.000000000000000000e+00
1.066249966621398926e+00 0.000000000000000000e+00
1.069749951362609863e+00 0.000000000000000000e+00
1.073250055313110352e+00 0.000000000000000000e+00
1.076750040054321289e+00 0.000000000000000000e+00
1.080250024795532227e+00 0.000000000000000000e+00
1.083750009536743164e+00 0.000000000000000000e+00
1.087249994277954102e+00 0.000000000000000000e+00
1.090749979019165039e+00 0.000000000000000000e+00
1.094249963760375977e+00 0.000000000000000000e+00
1.097749948501586914e+00 0.000000000000000000e+00
1.101249933242797852e+00 0.000000000000000000e+00
1.104750037193298340e+00 0.000000000000000000e+00
1.108250021934509277e+00 0.000000000000000000e+00
1.111750006675720215e+00 0.000000000000000000e+00
1.115249991416931152e+00 0.000000000000000000e+00
1.118749976158142090e+00 0.000000000000000000e+00
1.122249960899353027e+00 0.000000000000000000e+00
1.125750064849853516e+00 0.000000000000000000e+00
1.129250049591064453e+00 0.000000000000000000e+00
1.132750034332275391e+00 0.000000000000000000e+00
1.136250019073486328e+00 0.000000000000000000e+00
1.139750003814697266e+00 0.000000000000000000e+00
1.143249988555908203e+00 0.000000000000000000e+00
1.146749973297119141e+00 0.000000000000000000e+00
1.150249958038330078e+00 0.000000000000000000e+00
1.153749942779541016e+00 0.000000000000000000e+00
1.157250046730041504e+00 0.000000000000000000e+00
1.160750031471252441e+00 0.000000000000000000e+00
1.164250016212463379e+00 0.000000000000000000e+00
1.167750000953674316e+00 0.000000000000000000e+00
1.171249985694885254e+00 0.000000000000000000e+00
1.174749970436096191e+00 0.000000000000000000e+00
1.178249955177307129e+00 0.000000000000000000e+00
1.181750059127807617e+00 0.000000000000000000e+00
1.185250043869018555e+00 0.000000000000000000e+00
1.188750028610229492e+00 0.000000000000000000e+00
1.192250013351440430e+00 0.000000000000000000e+00
1.195749998092651367e+00 0.000000000000000000e+00
1.199249982833862305e+00 0.000000000000000000e+00
1.202749967575073242e+00 0.000000000000000000e+00
1.206249952316284180e+00 0.000000000000000000e+00
1.209749937057495117e+00 0.000000000000000000e+00
1.213250041007995605e+00 0.000000000000000000e+00
1.216750025749206543e+00 0.000000000000000000e+00
1.220250010490417480e+00 0.000000000000000000e+00
1.223749995231628418e+00 0.000000000000000000e+00
1.227249979972839355e+00 0.000000000000000000e+00
1.230749964714050293e+00 0.000000000000000000e+00
1.234249949455261230e+00 0.000000000000000000e+00
1.237750053405761719e+00 0.000000000000000000e+00
1.241250038146972656e+00 0.000000000000000000e+00
1.244750022888183594e+00 0.000000000000000000e+00
1.248250007629394531e+00 0.000000000000000000e+00
1.251749992370605469e+00 0.000000000000000000e+00
1.255249977111816406e+00 0.000000000000000000e+00
1.258749961853027344e+00 0.000000000000000000e+00
1.262249946594238281e+00 0.000000000000000000e+00
1.265750050544738770e+00 0.000000000000000000e+00
1.269250035285949707e+00 0.000000000000000000e+00
1.272750020027160645e+00 0.000000000000000000e+00
1.276250004768371582e+00 0.000000000000000000e+00
1.279749989509582520e+00 0.000000000000000000e+00
1.283249974250793457e+00 0.000000000000000000e+00
1.286749958992004395e+00 0.000000000000000000e+00
1.290250062942504883e+00 0.000000000000000000e+00
1.293750047683715820e+00 0.000000000000000000e+00
1.297250032424926758e+00 0.000000000000000000e+00
1.300750017166137695e+00 0.000000000000000000e+00
1.304250001907348633e+00 0.000000000000000000e+00
1.307749986648559570e+00 0.000000000000000000e+00
1.311249971389770508e+00 0.000000000000000000e+00
1.314749956130981445e+00 0.000000000000000000e+00
1.318249940872192383e+00 0.000000000000000000e+00
1.321750044822692871e+00 0.000000000000000000e+00
1.325250029563903809e+00 0.000000000000000000e+00
1.328750014305114746e+00 0.000000000000000000e+00
1.332249999046325684e+00 0.000000000000000000e+00
1.335749983787536621e+00 0.000000000000000000e+00
1.339249968528747559e+00 0.000000000000000000e+00
1.342749953269958496e+00 0.000000000000000000e+00
1.346250057220458984e+00 0.000000000000000000e+00
1.349750041961669922e+00 0.000000000000000000e+00
1.353250026702880859e+00 0.000000000000000000e+00
1.356750011444091797e+00 0.000000000000000000e+00
1.360249996185302734e+00 0.000000000000000000e+00
1.363749980926513672e+00 0.000000000000000000e+00
1.367249965667724609e+00 0.000000000000000000e+00
1.370749950408935547e+00 0.000000000000000000e+00
1.374249935150146484e+00 0.000000000000000000e+00
1.377750039100646973e+00 0.000000000000000000e+00
1.381250023841857910e+00 0.000000000000000000e+00
1.384750008583068848e+00 0.000000000000000000e+00
1.388249993324279785e+00 0.000000000000000000e+00
1.391749978065490723e+00 0.000000000000000000e+00
1.395249962806701660e+00 0.000000000000000000e+00
1.398750066757202148e+00 0.000000000000000000e+00
1.402250051498413086e+00 0.000000000000000000e+00
1.405750036239624023e+00 0.000000000000000000e+00
1.409250020980834961e+00 0.000000000000000000e+00
1.412750005722045898e+00 0.000000000000000000e+00
1.416249990463256836e+00 0.000000000000000000e+00
1.419749975204467773e+00 0.000000000000000000e+00
1.423249959945678711e+00 0.000000000000000000e+00
1.426749944686889648e+00 0.000000000000000000e+00
1.430250048637390137e+00 0.000000000000000000e+00
1.433750033378601074e+00 0.000000000000000000e+00
1.437250018119812012e+00 0.000000000000000000e+00
1.440750002861022949e+00 0.000000000000000000e+00
1.444249987602233887e+00 0.000000000000000000e+00
1.447749972343444824e+00 0.000000000000000000e+00
1.451249957084655762e+00 0.000000000000000000e+00
1.454750061035156250e+00 0.000000000000000000e+00
1.458250045776367188e+00 0.000000000000000000e+00
1.461750030517578125e+00 0.000000000000000000e+00
1.465250015258789062e+00 0.000000000000000000e+00
1.468750000000000000e+00 0.000000000000000000e+00
1.472249984741210938e+00 0.000000000000000000e+00
1.475749969482421875e+00 0.000000000000000000e+00
1.479249954223632812e+00 0.000000000000000000e+00
1.482749938964843750e+00 0.000000000000000000e+00
1.486250042915344238e+00 0.000000000000000000e+00
1.489750027656555176e+00 0.000000000000000000e+00
1.493250012397766113e+00 0.000000000000000000e+00
1.496749997138977051e+00 0.000000000000000000e+00
1.500249981880187988e+00 0.000000000000000000e+00
1.503749966621398926e+00 0.000000000000000000e+00
1.507249951362609863e+00 0.000000000000000000e+00
1.510750055313110352e+00 0.000000000000000000e+00
1.514250040054321289e+00 0.000000000000000000e+00
1.517750024795532227e+00 0.000000000000000000e+00
1.521250009536743164e+00 0.000000000000000000e+00
1.524749994277954102e+00 0.000000000000000000e+00
1.528249979019165039e+00 0.000000000000000000e+00
1.531749963760375977e+00 0.000000000000000000e+00
1.535249948501586914e+00 0.000000000000000000e+00
1.538749933242797852e+00 0.000000000000000000e+00
1.542250037193298340e+00 0.000000000000000000e+00
1.545750021934509277e+00 0.000000000000000000e+00
1.549250006675720215e+00 0.000000000000000000e+00
1.552749991416931152e+00 0.000000000000000000e+00
1.556249976158142090e+00 0.000000000000000000e+00
1.559749960899353027e+00 0.000000000000000000e+00
1.563250064849853516e+00 0.000000000000000000e+00
1.566750049591064453e+00 0.000000000000000000e+00
1.570250034332275391e+00 0.000000000000000000e+00
1.573750019073486328e+00 0.000000000000000000e+00
1.577250003814697266e+00 0.000000000000000000e+00
1.580749988555908203e+00 0.000000000000000000e+00
1.584249973297119141e+00 0.000000000000000000e+00
1.587749958038330078e+00 0.000000000000000000e+00
1.591249942779541016e+00 0.000000000000000000e+00
1.594750046730041504e+00 0.000000000000000000e+00
1.598250031471252441e+00 0.000000000000000000e+00
1.601750016212463379e+00 0.000000000000000000e+00
1.605250000953674316e+00 0.000000000000000000e+00
1.608749985694885254e+00 0.000000000000000000e+00
1.612249970436096191e+00 0.000000000000000000e+00
1.615749955177307129e+00 0.000000000000000000e+00
1.619250059127807617e+00 0.000000000000000000e+00
1.622750043869018555e+00 0.000000000000000000e+00
1.626250028610229492e+00 0.000000000000000000e+00
1.629750013351440430e+00 0.000000000000000000e+00
1.633249998092651367e+00 0.000000000000000000e+00
1.636749982833862305e+00 0.000000000000000000e+00
1.640249967575073242e+00 0.000000000000000000e+00
1.643749952316284180e+00 0.000000000000000000e+00
1.647249937057495117e+00 0.000000000000000000e+00
1.650750041007995605e+00 0.000000000000000000e+00
1.654250025749206543e+00 0.000000000000000000e+00
1.657750010490417480e+00 0.000000000000000000e+00
1.661249995231628418e+00 0.000000000000000000e+00
1.664749979972839355e+00 0.000000000000000000e+00
1.668249964714050293e+00 0.000000000000000000e+00
1.671749949455261230e+00 0.000000000000000000e+00
1.675250053405761719e+00 0.000000000000000000e+00
1.678750038146972656e+00 0.000000000000000000e+00
1.682250022888183594e+00 0.000000000000000000e+00
1.685750007629394531e+00 0.000000000000000000e+00
1.689249992370605469e+00 0.000000000000000000e+00
1.692749977111816406e+00 0.000000000000000000e+00
1.696249961853027344e+00 0.000000000000000000e+00
1.699749946594238281e+00 0.000000000000000000e+00
1.703250050544738770e+00 0.000000000000000000e+00
1.706750035285949707e+00 0.000000000000000000e+00
1.710250020027160645e+00 0.000000000000000000e+00
1.713750004768371582e+00 0.000000000000000000e+00
1.717249989509582520e+00 0.000000000000000000e+00
1.720749974250793457e+00 0.000000000000000000e+00
1.724249958992004395e+00 0.000000000000000000e+00
1.727750062942504883e+00 0.000000000000000000e+00
1.731250047683715820e+00 0.000000000000000000e+00
1.734750032424926758e+00 0.000000000000000000e+00
1.738250017166137695e+00 0.000000000000000000e+00
1.741750001907348633e+00 0.000000000000000000e+00
1.745249986648559570e+00 0.000000000000000000e+00
1.748749971389770508e+00 0.000000000000000000e+00
1.752249956130981445e+00 0.000000000000000000e+00
1.755749940872192383e+00 0.000000000000000000e+00
1.759250044822692871e+00 0.000000000000000000e+00
1.762750029563903809e+00 0.000000000000000000e+00
1.766250014305114746e+00 0.000000000000000000e+00
1.769749999046325684e+00 0.000000000000000000e+00
1.773249983787536621e+00 0.000000000000000000e+00
1.776749968528747559e+00 0.000000000000000000e+00
1.780249953269958496e+00 0.000000000000000000e+00
1.783750057220458984e+00 0.000000000000000000e+00
1.787250041961669922e+00 0.000000000000000000e+00
1.790750026702880859e+00 0.000000000000000000e+00
1.794250011444091797e+00 0.000000000000000000e+00
1.797749996185302734e+00 0.000000000000000000e+00
1.801249980926513672e+00 0.000000000000000000e+00
1.804749965667724609e+00 0.000000000000000000e+00
1.808249950408935547e+00 0.000000000000000000e+00
1.811749935150146484e+00 0.000000000000000000e+00
1.815250039100646973e+00 0.000000000000000000e+00
1.818750023841857910e+00 0.000000000000000000e+00
1.822250008583068848e+00 0.000000000000000000e+00
1.825749993324279785e+00 0.000000000000000000e+00
1.829249978065490723e+00 0.000000000000000000e+00
1.832749962806701660e+00 0.000000000000000000e+00
1.836250066757202148e+00 0.000000000000000000e+00
1.839750051498413086e+00 0.000000000000000000e+00
1.843250036239624023e+00 0.000000000000000000e+00
1.846750020980834961e+00 0.000000000000000000e+00
1.850250005722045898e+00 0.000000000000000000e+00
1.853749990463256836e+00 0.000000000000000000e+00
1.857249975204467773e+00 0.000000000000000000e+00
1.860749959945678711e+00 0.000000000000000000e+00
1.864249944686889648e+00 0.000000000000000000e+00
1.867750048637390137e+00 0.000000000000000000e+00
1.871250033378601074e+00 0.000000000000000000e+00
1.874750018119812012e+00 0.000000000000000000e+00
1.878250002861022949e+00 0.000000000000000000e+00
1.881749987602233887e+00 0.000000000000000000e+00
1.885249972343444824e+00 0.000000000000000000e+00
1.888749957084655762e+00 0.000000000000000000e+00
1.892250061035156250e+00 0.000000000000000000e+00
1.895750045776367188e+00 0.000000000000000000e+00
1.899250030517578125e+00 0.000000000000000000e+00
1.902750015258789062e+00 0.000000000000000000e+00
1.906250000000000000e+00 0.000000000000000000e+00
1.909749984741210938e+00 0.000000000000000000e+00
1.913249969482421875e+00 0.000000000000000000e+00
1.916749954223632812e+00 0.000000000000000000e+00
1.920249938964843750e+00 0.000000000000000000e+00
1.923750042915344238e+00 0.000000000000000000e+00
1.927250027656555176e+00 0.000000000000000000e+00
1.930750012397766113e+00 0.000000000000000000e+00
1.934249997138977051e+00 0.000000000000000000e+00
1.937749981880187988e+00 0.000000000000000000e+00
1.941249966621398926e+00 0.000000000000000000e+00
1.944749951362609863e+00 0.000000000000000000e+00
1.948250055313110352e+00 0.000000000000000000e+00
1.951750040054321289e+00 0.000000000000000000e+00
1.955250024795532227e+00 0.000000000000000000e+00
1.958750009536743164e+00 0.000000000000000000e+00
1.962249994277954102e+00 0.000000000000000000e+00
1.965749979019165039e+00 0.000000000000000000e+00
1.969249963760375977e+00 0.000000000000000000e+00
1.972749948501586914e+00 0.000000000000000000e+00
1.976249933242797852e+00 0.000000000000000000e+00
1.979750037193298340e+00 0.000000000000000000e+00
1.983250021934509277e+00 0.000000000000000000e+00
1.986750006675720215e+00 0.000000000000000000e+00
1.990249991416931152e+00 0.000000000000000000e+00
1.993749976158142090e+00 0.000000000000000000e+00
1.997249960899353027e+00 0.000000000000000000e+00
2.000750064849853516e+00 0.000000000000000000e+00
2.004250049591064453e+00 0.000000000000000000e+00
2.007750034332275391e+00 0.000000000000000000e+00
2.011250019073486328e+00 0.000000000000000000e+00
2.014750003814697266e+00 0.000000000000000000e+00
2.018249988555908203e+00 0.000000000000000000e+00
2.021749973297119141e+00 0.000000000000000000e+00
2.025249958038330078e+00 0.000000000000000000e+00
2.028749942779541016e+00 0.000000000000000000e+00
2.032249927520751953e+00 0.000000000000000000e+00
2.035749912261962891e+00 0.000000000000000000e+00
2.039249897003173828e+00 0.000000000000000000e+00
2.042749881744384766e+00 0.000000000000000000e+00
2.046250104904174805e+00 0.000000000000000000e+00
2.049750089645385742e+00 0.000000000000000000e+00
2.053250074386596680e+00 0.000000000000000000e+00
2.056750059127807617e+00 0.000000000000000000e+00
2.060250043869018555e+00 0.000000000000000000e+00
2.063750028610229492e+00 0.000000000000000000e+00
2.067250013351440430e+00 0.000000000000000000e+00
2.070749998092651367e+00 0.000000000000000000e+00
2.074249982833862305e+00 0.000000000000000000e+00
2.077749967575073242e+00 0.000000000000000000e+00
2.081249952316284180e+00 0.000000000000000000e+00
2.084749937057495117e+00 0.000000000000000000e+00
2.088249921798706055e+00 0.000000000000000000e+00
2.091749906539916992e+00 0.000000000000000000e+00
2.095249891281127930e+00 0.000000000000000000e+00
2.098750114440917969e+00 0.000000000000000000e+00
2.102250099182128906e+00 0.000000000000000000e+00
2.105750083923339844e+00 0.000000000000000000e+00
2.109250068664550781e+00 0.000000000000000000e+00
2.112750053405761719e+00 0.000000000000000000e+00
2.116250038146972656e+00 0.000000000000000000e+00
2.119750022888183594e+00 0.000000000000000000e+00
2.123250007629394531e+00 0.000000000000000000e+00
2.126749992370605469e+00 0.000000000000000000e+00
2.130249977111816406e+00 0.000000000000000000e+00
2.133749961853027344e+00 0.000000000000000000e+00
2.137249946594238281e+00 0.000000000000000000e+00
2.140749931335449219e+00 0.000000000000000000e+00
2.144249916076660156e+00 0.000000000000000000e+00
2.147749900817871094e+00 0.000000000000000000e+00
2.151249885559082031e+00 0.000000000000000000e+00
2.154750108718872070e+00 0.000000000000000000e+00
2.158250093460083008e+00 0.000000000000000000e+00
2.161750078201293945e+00 0.000000000000000000e+00
2.165250062942504883e+00 0.000000000000000000e+00
2.168750047683715820e+00 0.000000000000000000e+00
2.172250032424926758e+00 0.000000000000000000e+00
2.175750017166137695e+00 0.000000000000000000e+00
2.179250001907348633e+00 0.000000000000000000e+00
2.182749986648559570e+00 0.000000000000000000e+00
2.186249971389770508e+00 0.000000000000000000e+00
2.189749956130981445e+00 0.000000000000000000e+00
2.193249940872192383e+00 0.000000000000000000e+00
2.196749925613403320e+00 0.000000000000000000e+00
2.200249910354614258e+00 0.000000000000000000e+00
2.203749895095825195e+00 0.000000000000000000e+00
2.207250118255615234e+00 0.000000000000000000e+00
2.210750102996826172e+00 0.000000000000000000e+00
2.214250087738037109e+00 0.000000000000000000e+00
2.217750072479248047e+00 0.000000000000000000e+00
2.221250057220458984e+00 0.000000000000000000e+00
2.224750041961669922e+00 0.000000000000000000e+00
2.228250026702880859e+00 0.000000000000000000e+00
2.231750011444091797e+00 0.000000000000000000e+00
2.235249996185302734e+00 0.000000000000000000e+00
2.238749980926513672e+00 0.000000000000000000e+00
2.242249965667724609e+00 0.000000000000000000e+00
2.245749950408935547e+00 0.000000000000000000e+00
2.249249935150146484e+00 0.000000000000000000e+00
2.252749919891357422e+00 0.000000000000000000e+00
2.256249904632568359e+00 0.000000000000000000e+00
2.259749889373779297e+00 0.000000000000000000e+00
2.263249874114990234e+00 0.000000000000000000e+00
2.266750097274780273e+00 0.000000000000000000e+00
2.270250082015991211e+00 0.000000000000000000e+00
2.273750066757202148e+00 0.000000000000000000e+00
2.277250051498413086e+00 0.000000000000000000e+00
2.280750036239624023e+00 0.000000000000000000e+00
2.284250020980834961e+00 0.000000000000000000e+00
2.287750005722045898e+00 0.000000000000000000e+00
2.291249990463256836e+00 0.000000000000000000e+00
2.294749975204467773e+00 0.000000000000000000e+00
2.298249959945678711e+00 0.000000000000000000e+00
2.301749944686889648e+00 0.000000000000000000e+00
2.305249929428100586e+00 0.000000000000000000e+00
2.308749914169311523e+00 0.000000000000000000e+00
2.312249898910522461e+00 0.000000000000000000e+00
2.315750122070312500e+00 0.000000000000000000e+00
2.319250106811523438e+00 0.000000000000000000e+00
2.322750091552734375e+00 0.000000000000000000e+00
2.326250076293945312e+00 0.000000000000000000e+00
2.329750061035156250e+00 0.000000000000000000e+00
2.333250045776367188e+00 0.000000000000000000e+00
2.336750030517578125e+00 0.000000000000000000e+00
2.340250015258789062e+00 0.000000000000000000e+00
2.343750000000000000e+00 0.000000000000000000e+00
2.347249984741210938e+00 0.000000000000000000e+00
2.350749969482421875e+00 0.000000000000000000e+00
2.354249954223632812e+00 0.000000000000000000e+00
2.357749938964843750e+00 0.000000000000000000e+00
2.361249923706054688e+00 0.000000000000000000e+00
2.364749908447265625e+00 0.000000000000000000e+00
2.368249893188476562e+00 0.000000000000000000e+00
2.371749877929687500e+00 0.000000000000000000e+00
2.375250101089477539e+00 0.000000000000000000e+00
2.378750085830688477e+00 0.000000000000000000e+00
2.382250070571899414e+00 0.000000000000000000e+00
2.385750055313110352e+00 0.000000000000000000e+00
2.389250040054321289e+00 0.000000000000000000e+00
2.392750024795532227e+00 0.000000000000000000e+00
2.396250009536743164e+00 0.000000000000000000e+00
2.399749994277954102e+00 0.000000000000000000e+00
2.403249979019165039e+00 0.000000000000000000e+00
2.406749963760375977e+00 0.000000000000000000e+00
2.410249948501586914e+00 0.000000000000000000e+00
2.413749933242797852e+00 0.000000000000000000e+00
2.417249917984008789e+00 0.000000000000000000e+00
2.420749902725219727e+00 0.000000000000000000e+00
2.424250125885009766e+00 0.000000000000000000e+00
2.427750110626220703e+00 0.000000000000000000e+00
2.431250095367431641e+00 0.000000000000000000e+00
2.434750080108642578e+00 0.000000000000000000e+00
2.438250064849853516e+00 0.000000000000000000e+00
2.441750049591064453e+00 0.000000000000000000e+00
2.445250034332275391e+00 0.000000000000000000e+00
2.448750019073486328e+00 0.000000000000000000e+00
2.452250003814697266e+00 0.000000000000000000e+00
2.455749988555908203e+00 0.000000000000000000e+00
2.459249973297119141e+00 0.000000000000000000e+00
2.462749958038330078e+00 0.000000000000000000e+00
2.466249942779541016e+00 0.000000000000000000e+00
2.469749927520751953e+00 0.000000000000000000e+00
2.473249912261962891e+00 0.000000000000000000e+00
2.476749897003173828e+00 0.000000000000000000e+00
2.480249881744384766e+00 0.000000000000000000e+00
2.483750104904174805e+00 0.000000000000000000e+00
2.487250089645385742e+00 0.000000000000000000e+00
2.490750074386596680e+00 0.000000000000000000e+00
2.494250059127807617e+00 0.000000000000000000e+00
2.497750043869018555e+00 0.000000000000000000e+00
2.501250028610229492e+00 0.000000000000000000e+00
2.504750013351440430e+00 0.000000000000000000e+00
2.508249998092651367e+00 0.000000000000000000e+00
2.511749982833862305e+00 0.000000000000000000e+00
2.515249967575073242e+00 0.000000000000000000e+00
2.518749952316284180e+00 0.000000000000000000e+00
2.522249937057495117e+00 0.000000000000000000e+00
2.525749921798706055e+00 0.000000000000000000e+00
2.529249906539916992e+00 0.000000000000000000e+00
2.532749891281127930e+00 0.000000000000000000e+00
2.536250114440917969e+00 0.000000000000000000e+00
2.539750099182128906e+00 0.000000000000000000e+00
2.543250083923339844e+00 0.000000000000000000e+00
2.546750068664550781e+00 0.000000000000000000e+00
2.550250053405761719e+00 0.000000000000000000e+00
2.553750038146972656e+00 0.000000000000000000e+00
2.557250022888183594e+00 0.000000000000000000e+00
2.560750007629394531e+00 0.000000000000000000e+00
2.564249992370605469e+00 0.000000000000000000e+00
2.567749977111816406e+00 0.000000000000000000e+00
2.571249961853027344e+00 0.000000000000000000e+00
2.574749946594238281e+00 0.000000000000000000e+00
2.578249931335449219e+00 0.000000000000000000e+00
2.581749916076660156e+00 0.000000000000000000e+00
2.585249900817871094e+00 0.000000000000000000e+00
2.588749885559082031e+00 0.000000000000000000e+00
2.592250108718872070e+00 0.000000000000000000e+00
2.595750093460083008e+00 0.000000000000000000e+00
2.599250078201293945e+00 0.000000000000000000e+00
2.602750062942504883e+00 0.000000000000000000e+00
2.606250047683715820e+00 0.000000000000000000e+00
2.609750032424926758e+00 0.000000000000000000e+00
2.613250017166137695e+00 0.000000000000000000e+00
2.616750001907348633e+00 0.000000000000000000e+00
2.620249986648559570e+00 0.000000000000000000e+00
2.623749971389770508e+00 0.000000000000000000e+00
2.627249956130981445e+00 0.000000000000000000e+00
2.630749940872192383e+00 0.000000000000000000e+00
2.634249925613403320e+00 0.000000000000000000e+00
2.637749910354614258e+00 0.000000000000000000e+00
2.641249895095825195e+00 0.000000000000000000e+00
2.644750118255615234e+00 0.000000000000000000e+00
2.648250102996826172e+00 0.000000000000000000e+00
2.651750087738037109e+00 0.000000000000000000e+00
2.655250072479248047e+00 0.000000000000000000e+00
2.658750057220458984e+00 0.000000000000000000e+00
2.662250041961669922e+00 0.000000000000000000e+00
2.665750026702880859e+00 0.000000000000000000e+00
2.669250011444091797e+00 0.000000000000000000e+00
2.672749996185302734e+00 0.000000000000000000e+00
2.676249980926513672e+00 0.000000000000000000e+00
2.679749965667724609e+00 0.000000000000000000e+00
2.683249950408935547e+00 0.000000000000000000e+00
2.686749935150146484e+00 0.000000000000000000e+00
2.690249919891357422e+00 0.000000000000000000e+00
2.693749904632568359e+00 0.000000000000000000e+00
2.697249889373779297e+00 0.000000000000000000e+00
2.700749874114990234e+00 0.000000000000000000e+00
2.704250097274780273e+00 0.000000000000000000e+00
2.707750082015991211e+00 0.000000000000000000e+00
2.711250066757202148e+00 0.000000000000000000e+00
2.714750051498413086e+00 0.000000000000000000e+00
2.718250036239624023e+00 0.000000000000000000e+00
2.721750020980834961e+00 0.000000000000000000e+00
2.725250005722045898e+00 0.000000000000000000e+00
2.728749990463256836e+00 0.000000000000000000e+00
2.732249975204467773e+00 0.000000000000000000e+00
2.735749959945678711e+00 0.000000000000000000e+00
2.739249944686889648e+00 0.000000000000000000e+00
2.742749929428100586e+00 0.000000000000000000e+00
2.746249914169311523e+00 0.000000000000000000e+00
2.749749898910522461e+00 0.000000000000000000e+00
2.753250122070312500e+00 0.000000000000000000e+00
2.756750106811523438e+00 0.000000000000000000e+00
2.760250091552734375e+00 0.000000000000000000e+00
2.763750076293945312e+00 0.000000000000000000e+00
2.767250061035156250e+00 0.000000000000000000e+00
2.770750045776367188e+00 0.000000000000000000e+00
2.774250030517578125e+00 0.000000000000000000e+00
2.777750015258789062e+00 0.000000000000000000e+00
2.781250000000000000e+00 0.000000000000000000e+00
2.784749984741210938e+00 0.000000000000000000e+00
2.788249969482421875e+00 0.000000000000000000e+00
2.791749954223632812e+00 0.000000000000000000e+00
2.795249938964843750e+00 0.000000000000000000e+00
2.798749923706054688e+00 0.000000000000000000e+00
2.802249908447265625e+00 0.000000000000000000e+00
2.805749893188476562e+00 0.000000000000000000e+00
2.809249877929687500e+00 0.000000000000000000e+00
2.812750101089477539e+00 0.000000000000000000e+00
2.816250085830688477e+00 0.000000000000000000e+00
2.819750070571899414e+00 0.000000000000000000e+00
2.823250055313110352e+00 0.000000000000000000e+00
2.826750040054321289e+00 0.000000000000000000e+00
2.830250024795532227e+00 0.000000000000000000e+00
2.833750009536743164e+00 0.000000000000000000e+00
2.837249994277954102e+00 0.000000000000000000e+00
2.840749979019165039e+00 0.000000000000000000e+00
2.844249963760375977e+00 0.000000000000000000e+00
2.847749948501586914e+00 0.000000000000000000e+00
2.851249933242797852e+00 0.000000000000000000e+00
2.854749917984008789e+00 0.000000000000000000e+00
2.858249902725219727e+00 0.000000000000000000e+00
2.861750125885009766e+00 0.000000000000000000e+00
2.865250110626220703e+00 0.000000000000000000e+00
2.868750095367431641e+00 0.000000000000000000e+00
2.872250080108642578e+00 0.000000000000000000e+00
2.875750064849853516e+00 0.000000000000000000e+00
2.879250049591064453e+00 0.000000000000000000e+00
2.882750034332275391e+00 0.000000000000000000e+00
2.886250019073486328e+00 0.000000000000000000e+00
2.889750003814697266e+00 0.000000000000000000e+00
2.893249988555908203e+00 0.000000000000000000e+00
2.896749973297119141e+00 0.000000000000000000e+00
2.900249958038330078e+00 0.000000000000000000e+00
2.903749942779541016e+00 0.000000000000000000e+00
2.907249927520751953e+00 0.000000000000000000e+00
2.910749912261962891e+00 0.000000000000000000e+00
2.914249897003173828e+00 0.000000000000000000e+00
2.917749881744384766e+00 0.000000000000000000e+00
2.921250104904174805e+00 0.000000000000000000e+00
2.924750089645385742e+00 0.000000000000000000e+00
2.928250074386596680e+00 0.000000000000000000e+00
2.931750059127807617e+00 0.000000000000000000e+00
2.935250043869018555e+00 0.000000000000000000e+00
2.938750028610229492e+00 0.000000000000000000e+00
2.942250013351440430e+00 0.000000000000000000e+00
2.945749998092651367e+00 0.000000000000000000e+00
2.949249982833862305e+00 0.000000000000000000e+00
2.952749967575073242e+00 0.000000000000000000e+00
2.956249952316284180e+00 0.000000000000000000e+00
2.959749937057495117e+00 0.000000000000000000e+00
2.963249921798706055e+00 0.000000000000000000e+00
2.966749906539916992e+00 0.000000000000000000e+00
2.970249891281127930e+00 0.000000000000000000e+00
2.973750114440917969e+00 0.000000000000000000e+00
2.977250099182128906e+00 0.000000000000000000e+00
2.980750083923339844e+00 0.000000000000000000e+00
2.984250068664550781e+00 0.000000000000000000e+00
2.987750053405761719e+00 0.000000000000000000e+00
2.991250038146972656e+00 0.000000000000000000e+00
2.994750022888183594e+00 0.000000000000000000e+00
2.998250007629394531e+00 0.000000000000000000e+00
