-4.982500076293945312e-01 0.000000000000000000e+00
-4.947499930858612061e-01 0.000000000000000000e+00
-4.912499785423278809e-01 0.000000000000000000e+00
-4.877499938011169434e-01 0.000000000000000000e+00
-4.842500090599060059e-01 0.000000000000000000e+00
-4.807499945163726807e-01 0.000000000000000000e+00
-4.772499799728393555e-01 0.000000000000000000e+00
-4.737499952316284180e-01 0.000000000000000000e+00
-4.702500104904174805e-01 0.000000000000000000e+00
-4.667499959468841553e-01 0.000000000000000000e+00
-4.632499814033508301e-01 0.000000000000000000e+00
-4.597499966621398926e-01 0.000000000000000000e+00
-4.562500119209289551e-01 0.000000000000000000e+00
-4.527499973773956299e-01 0.000000000000000000e+00
-4.492499828338623047e-01 0.000000000000000000e+00
-4.457499980926513672e-01 0.000000000000000000e+00
-4.422500133514404297e-01 0.000000000000000000e+00
-4.387499988079071045e-01 0.000000000000000000e+00
-4.352499842643737793e-01 0.000000000000000000e+00
-4.317499995231628418e-01 0.000000000000000000e+00
-4.282500147819519043e-01 0.000000000000000000e+00
-4.247500002384185791e-01 0.000000000000000000e+00
-4.212499856948852539e-01 0.000000000000000000e+00
-4.177500009536743164e-01 0.000000000000000000e+00
-4.142500162124633789e-01 0.000000000000000000e+00
-4.107500016689300537e-01 0.000000000000000000e+00
-4.072499871253967285e-01 0.000000000000000000e+00
-4.037500023841857910e-01 0.000000000000000000e+00
-4.002500176429748535e-01 0.000000000000000000e+00
-3.967500030994415283e-01 0.000000000000000000e+00
-3.932499885559082031e-01 0.000000000000000000e+00
-3.897500038146972656e-01 0.000000000000000000e+00
-3.862500190734863281e-01 0.000000000000000000e+00
-3.827500045299530029e-01 0.000000000000000000e+00
-3.792499899864196777e-01 0.000000000000000000e+00
-3.757500052452087402e-01 0.000000000000000000e+00
-3.722500205039978027e-01 0.000000000000000000e+00
-3.687500059604644775e-01 0.000000000000000000e+00
-3.652499914169311523e-01 0.000000000000000000e+00
-3.617500066757202148e-01 0.000000000000000000e+00
-3.582500219345092773e-01 0.000000000000000000e+00
-3.547499775886535645e-01 0.000000000000000000e+00
-3.512499928474426270e-01 0.000000000000000000e+00
-3.477500081062316895e-01 0.000000000000000000e+00
-3.442499935626983643e-01 0.000000000000000000e+00
-3.407499790191650391e-01 0.000000000000000000e+00
-3.372499942779541016e-01 0.000000000000000000e+00
-3.337500095367431641e-01 0.000000000000000000e+00
-3.302499949932098389e-01 0.000000000000000000e+00
-3.267499804496765137e-01 0.000000000000000000e+00
-3.232499957084655762e-01 0.000000000000000000e+00
-3.197500109672546387e-01 0.000000000000000000e+00
-3.162499964237213135e-01 0.000000000000000000e+00
-3.127499818801879883e-01 0.000000000000000000e+00
-3.092499971389770508e-01 0.000000000000000000e+00
-3.057500123977661133e-01 0.000000000000000000e+00
-3.022499978542327881e-01 0.000000000000000000e+00
-2.987499833106994629e-01 0.000000000000000000e+00
-2.952499985694885254e-01 0.000000000000000000e+00
-2.917500138282775879e-01 0.000000000000000000e+00
-2.882499992847442627e-01 0.000000000000000000e+00
-2.847499847412109375e-01 0.000000000000000000e+00
-2.812500000000000000e-01 0.000000000000000000e+00
-2.777500152587890625e-01 0.000000000000000000e+00
-2.742500007152557373e-01 0.000000000000000000e+00
-2.707499861717224121e-01 0.000000000000000000e+00
-2.672500014305114746e-01 0.000000000000000000e+00
-2.637500166893005371e-01 0.000000000000000000e+00
-2.602500021457672119e-01 0.000000000000000000e+00
-2.567499876022338867e-01 0.000000000000000000e+00
-2.532500028610229492e-01 0.000000000000000000e+00
-2.497500032186508179e-01 0.000000000000000000e+00
-2.462500035762786865e-01 0.000000000000000000e+00
-2.427499890327453613e-01 0.000000000000000000e+00
-2.392500042915344238e-01 0.000000000000000000e+00
-2.357499897480010986e-01 0.000000000000000000e+00
-2.322500050067901611e-01 0.000000000000000000e+00
-2.287499904632568359e-01 0.000000000000000000e+00
-2.252500057220458984e-01 0.000000000000000000e+00
-2.217499911785125732e-01 0.000000000000000000e+00
-2.182500064373016357e-01 0.000000000000000000e+00
-2.147499918937683105e-01 0.000000000000000000e+00
-2.112500071525573730e-01 0.000000000000000000e+00
-2.077499926090240479e-01 0.000000000000000000e+00
-2.042500078678131104e-01 0.000000000000000000e+00
-2.007499933242797852e-01 0.000000000000000000e+00
-1.972500085830688477e-01 0.000000000000000000e+00
-1.937499940395355225e-01 0.000000000000000000e+00
-1.902500092983245850e-01 0.000000000000000000e+00
-1.867499947547912598e-01 0.000000000000000000e+00
-1.832500100135803223e-01 0.000000000000000000e+00
-1.797499954700469971e-01 0.000000000000000000e+00
-1.762500107288360596e-01 0.000000000000000000e+00
-1.727499961853027344e-01 0.000000000000000000e+00
-1.692500114440917969e-01 0.000000000000000000e+00
-1.657499969005584717e-01 0.000000000000000000e+00
-1.622500121593475342e-01 0.000000000000000000e+00
-1.587499976158142090e-01 0.000000000000000000e+00
-1.552500128746032715e-01 6.811959436674863321e-06
-1.517499983310699463e-01 1.362391887334972664e-05
-1.482500135898590088e-01 2.724783774669945328e-05
-1.447499990463256836e-01 8.855547267677321894e-05
-1.412500143051147461e-01 2.418245600019576416e-04
-1.377499997615814209e-01 5.994524304273879519e-04
-1.342500001192092896e-01 1.335144049588273289e-03
-1.307500004768371582e-01 2.980232253545252695e-03
-1.272499859333038330e-01 6.001336263710554605e-03
-1.237500011920928955e-01 1.214572367559128147e-02
-1.202500015497207642e-01 2.194132134552973651e-02
-1.167500019073486328e-01 3.967625773891274299e-02
-1.132500022649765015e-01 6.865092720280926986e-02
-1.097500026226043701e-01 1.138959617812037167e-01
-1.062500029802322388e-01 1.811334074009029460e-01
-1.027500033378601074e-01 2.792801189645143789e-01
-9.925000369548797607e-02 4.145349795594121534e-01
-9.574999660253524780e-02 5.971874539146936334e-01
-9.224999696016311646e-02 8.335556344078746127e-01
-8.874999731779098511e-02 1.133901737930306020e+00
-8.524999767541885376e-02 1.493375649363075208e+00
-8.174999803304672241e-02 1.921074740533861513e+00
-7.824999839067459106e-02 2.414665915335604041e+00
-7.474999874830245972e-02 2.956928540312388165e+00
-7.124999910593032837e-02 3.551309466939171600e+00
-6.774999946355819702e-02 4.171974339052365366e+00
-6.424999982118606567e-02 4.807407539224269222e+00
-6.075000017881393433e-02 5.442626162673919410e+00
-5.725000053644180298e-02 6.060808075572444054e+00
-5.375000089406967163e-02 6.658380405195310381e+00
-5.025000125169754028e-02 7.192683255570339718e+00
-4.675000160932540894e-02 7.673236340010286760e+00
-4.325000196695327759e-02 8.083759075461497190e+00
-3.974999859929084778e-02 8.423614543716642089e+00
-3.624999895691871643e-02 8.661515415083075098e+00
-3.274999931454658508e-02 8.846388588214713522e+00
-2.924999967217445374e-02 8.939341180707859991e+00
-2.575000002980232239e-02 8.960546810434228959e+00
-2.225000038743019104e-02 8.927737007807484915e+00
-1.875000074505805969e-02 8.818936391684912834e+00
-1.525000110268592834e-02 8.649342443569738137e+00
-1.174999959766864777e-02 8.446124663675135480e+00
-8.249999955296516418e-03 8.207072571163903874e+00
-4.750000312924385071e-03 7.921317684754829891e+00
-1.249999972060322762e-03 7.626645943443148390e+00
2.250000135973095894e-03 7.302556755304187242e+00
5.750000011175870895e-03 6.966570480009072419e+00
9.250000119209289551e-03 6.622791323118402573e+00
1.274999976158142090e-02 6.287990328765269865e+00
1.624999940395355225e-02 5.944885555858830273e+00
1.974999904632568359e-02 5.601429967041402058e+00
2.325000055134296417e-02 5.272296522939582175e+00
2.675000019371509552e-02 4.948987304156119649e+00
3.025000169873237610e-02 4.641529514981799664e+00
3.375000134110450745e-02 4.349245365452673262e+00
3.725000098347663879e-02 4.076726116229059116e+00
4.075000062584877014e-02 3.797486869021164502e+00
4.425000026822090149e-02 3.542757051866426199e+00
4.774999991059303284e-02 3.297318747383312765e+00
5.124999955296516418e-02 3.068549307641742274e+00
5.474999919533729553e-02 2.851033224889559126e+00
5.824999883770942688e-02 2.660066754041815695e+00
6.175000220537185669e-02 2.462840092471768383e+00
6.525000184774398804e-02 2.286454620798227921e+00
6.875000149011611938e-02 2.118958756189547987e+00
7.225000113248825073e-02 1.971687599148355785e+00
7.575000077486038208e-02 1.827686182636767631e+00
7.925000041723251343e-02 1.696385664494859613e+00
8.275000005960464478e-02 1.580234944140116449e+00
8.624999970197677612e-02 1.461434371564506840e+00
8.974999934434890747e-02 1.357351037351833378e+00
9.324999898672103882e-02 1.260045602778651075e+00
9.674999862909317017e-02 1.171691082905259806e+00
1.002499982714653015e-01 1.089004113283182029e+00
1.037499979138374329e-01 1.012018753709601038e+00
1.072499975562095642e-01 9.381941433146372411e-01
1.107499971985816956e-01 8.723906151563580735e-01
1.142499968409538269e-01 8.133070849823585968e-01
1.177499964833259583e-01 7.550035241638585193e-01
1.212500035762786865e-01 7.017646551865260873e-01
1.247500032186508179e-01 6.575482264830695422e-01
1.282500028610229492e-01 6.070920429356188031e-01
1.317499876022338867e-01 5.669900377319139206e-01
1.352500021457672119e-01 5.282299885372339077e-01
1.387499868869781494e-01 4.936456704772356763e-01
1.422500014305114746e-01 4.601614838662603790e-01
1.457499861717224121e-01 4.269599935719070594e-01
1.492500007152557373e-01 3.985779645790012427e-01
1.527499854564666748e-01 3.735337957100661188e-01
1.562500000000000000e-01 3.466572097526654517e-01
1.597500145435333252e-01 3.268548436702516380e-01
1.632499992847442627e-01 3.047091635416216415e-01
1.667500138282775879e-01 2.870423467426053699e-01
1.702499985694885254e-01 2.690792097080937917e-01
1.737500131130218506e-01 2.497502748065288380e-01
1.772499978542327881e-01 2.344165541145737386e-01
1.807500123977661133e-01 2.219847281426421126e-01
1.842499971389770508e-01 2.062150420467397938e-01
1.877500116825103760e-01 1.941204080669235721e-01
1.912499964237213135e-01 1.819917142899239726e-01
1.947500109672546387e-01 1.710823612520891990e-01
1.982499957084655762e-01 1.599856793297458335e-01
2.017500102519989014e-01 1.516103752023540974e-01
2.052499949932098389e-01 1.416853503031188233e-01
2.087500095367431641e-01 1.340593617137613158e-01
2.122499942779541016e-01 1.256602157283412124e-01
2.157500088214874268e-01 1.187154230826511780e-01
2.192499935626983643e-01 1.109872551017435510e-01
2.227500081062316895e-01 1.035860611737963038e-01
2.262499928474426270e-01 9.987354328080851051e-02
2.297500073909759521e-01 9.485653515569747452e-02
2.332499921321868896e-01 8.761882825423042420e-02
2.367500066757202148e-01 8.396080603673602982e-02
2.402499914169311523e-01 7.848739662936778105e-02
2.437500059604644775e-01 7.451943025750466798e-02
2.472499907016754150e-01 7.024492571099119620e-02
2.507500052452087402e-01 6.684575795209043991e-02
2.542499899864196777e-01 6.373269248953002120e-02
2.577500045299530029e-01 6.003039253569723149e-02
2.612500190734863281e-01 5.723748916666054204e-02
2.647500038146972656e-01 5.366802242184291055e-02
2.682499885559082031e-01 5.148478942238862016e-02
2.717500030994415283e-01 4.858630068208346503e-02
2.752500176429748535e-01 4.544598738177635378e-02
2.787500023841857910e-01 4.448550110120519374e-02
2.822499871253967285e-01 4.158360638118170638e-02
2.857500016689300537e-01 3.990105240032301021e-02
2.892500162124633789e-01 3.753049051636016264e-02
2.927500009536743164e-01 3.566060765099290930e-02
2.962499856948852539e-01 3.402233140647260151e-02
2.997500002384185791e-01 3.144741073940950787e-02
3.032500147819519043e-01 3.119877421997087341e-02
3.067499995231628418e-01 2.917221628756010154e-02
3.102499842643737793e-01 2.839565291177916645e-02
3.137499988079071045e-01 2.623285579063489720e-02
3.172500133514404297e-01 2.487386988301826252e-02
3.207499980926513672e-01 2.424376363512583885e-02
3.242499828338623047e-01 2.262251728919721996e-02
3.277499973773956299e-01 2.146107820524415649e-02
3.312500119209289551e-01 2.015318199340258160e-02
3.347499966621398926e-01 1.941067841480502432e-02
3.382499814033508301e-01 1.877035422775758661e-02
3.417499959468841553e-01 1.780986794718643004e-02
3.452500104904174805e-01 1.693453115957371108e-02
3.487499952316284180e-01 1.641001028294974615e-02
3.522499799728393555e-01 1.529966089477174246e-02
3.557499945163726807e-01 1.467296062659765622e-02
3.592500090599060059e-01 1.413481583110034155e-02
3.627499938011169434e-01 1.329694482038933263e-02
3.662499785423278809e-01 1.268727445080693357e-02
3.697499930858612061e-01 1.227855688460644142e-02
3.732500076293945312e-01 1.154286526544555554e-02
3.767499923706054688e-01 1.126357492854188590e-02
3.802500069141387939e-01 1.066412249811449914e-02
3.837500214576721191e-01 1.010213584458882242e-02
3.872500061988830566e-01 9.775161791628428701e-03
3.907499909400939941e-01 9.662764460923293358e-03
3.942500054836273193e-01 8.797645612465586698e-03
3.977500200271606445e-01 8.664812403450426748e-03
4.012500047683715820e-01 8.177757303728173596e-03
4.047499895095825195e-01 7.901872946542841392e-03
4.082500040531158447e-01 7.462501562877313192e-03
4.117500185966491699e-01 7.057189976395158472e-03
4.152500033378601074e-01 7.234300921748705072e-03
4.187499880790710449e-01 6.576946836109580190e-03
4.222500026226043701e-01 6.382805992164347283e-03
4.257500171661376953e-01 6.052425959485616125e-03
4.292500019073486328e-01 5.766323663145271616e-03
4.327499866485595703e-01 5.606242616383412189e-03
4.362500011920928955e-01 5.340576198353093156e-03
4.397500157356262207e-01 4.982948327927662520e-03
4.432500004768371582e-01 5.071503800604435820e-03
4.467499852180480957e-01 4.662786234403943665e-03
4.502499997615814209e-01 4.676410153277293404e-03
4.537500143051147461e-01 4.243850729048440074e-03
4.572499990463256836e-01 3.984996270454795042e-03
4.607499837875366211e-01 3.971372351581445304e-03
4.642499983310699463e-01 3.838539142566285353e-03
4.677500128746032715e-01 3.525189008479241801e-03
4.712499976158142090e-01 3.671646136367751490e-03
4.747499823570251465e-01 3.528594988197579236e-03
4.782499969005584717e-01 3.075599685658700864e-03
4.817500114440917969e-01 3.092629584250388038e-03
4.852499961853027344e-01 2.942766476643540914e-03
4.887499809265136719e-01 3.038133908756989084e-03
4.922499954700469971e-01 2.871240902558454787e-03
4.957500100135803223e-01 2.717971815233270663e-03
4.992499947547912598e-01 2.687317997768233751e-03
5.027499794960021973e-01 2.571514687344760974e-03
5.062500238418579102e-01 2.353531985371165158e-03
5.097500085830688477e-01 2.305848269314441073e-03
5.132499933242797852e-01 2.220698776356005641e-03
5.167499780654907227e-01 2.125331344242557471e-03
5.202499628067016602e-01 2.138955263115907210e-03
5.237500071525573730e-01 2.046993810720796475e-03
5.272499918937683105e-01 1.839229047902213180e-03
5.307500362396240234e-01 1.801763271000501399e-03
5.342500209808349609e-01 1.689365940295366056e-03
5.377500057220458984e-01 1.689365940295366056e-03
5.412499904632568359e-01 1.559938710998543757e-03
5.447499752044677734e-01 1.542908812406856584e-03
5.482500195503234863e-01 1.529284893533506846e-03
5.517500042915344238e-01 1.348767968461623027e-03
5.552499890327453613e-01 1.318114150996586116e-03
5.587500333786010742e-01 1.311302191559911247e-03
5.622500181198120117e-01 1.219340739164800512e-03
5.657500028610229492e-01 1.219340739164800512e-03
5.692499876022338867e-01 1.164845063671401558e-03
5.727499723434448242e-01 1.147815165079714384e-03
5.762500166893005371e-01 1.123973307051352342e-03
5.797500014305114746e-01 1.089913509867978213e-03
5.832499861717224121e-01 1.062665672121278736e-03
5.867500305175781250e-01 1.045635773529591563e-03
5.902500152587890625e-01 1.011575976346217216e-03
5.937500000000000000e-01 9.366444225427936546e-04
5.972499847412109375e-01 8.889607064860696782e-04
6.007499694824218750e-01 9.059906050777568514e-04
6.042500138282775879e-01 8.923666862044071129e-04
6.077499985694885254e-01 7.765633757809344440e-04
6.112499833106994629e-01 7.459095583158975324e-04
6.147500276565551758e-01 6.811959436674863829e-04
6.182500123977661133e-01 7.050378016958483169e-04
6.217499971389770508e-01 7.186617205691980554e-04
6.252499818801879883e-01 6.028584101457253866e-04
6.287499666213989258e-01 6.130763493007376904e-04
6.322500109672546387e-01 6.198883087374125597e-04
6.357499957084655762e-01 5.517687143706639756e-04
6.392499804496765137e-01 5.585806738073388449e-04
6.427500247955322266e-01 5.108969577506147601e-04
6.462500095367431641e-01 5.756105723990259096e-04
6.497499942779541016e-01 5.040849983139398909e-04
6.532499790191650391e-01 5.177089171872896294e-04
6.567499637603759766e-01 4.529953025388784257e-04
6.602500081062316895e-01 5.143029374689521947e-04
6.637499928474426270e-01 4.700252011305655446e-04
6.672500371932983398e-01 3.950936473271420913e-04
6.707500219345092773e-01 4.427773633838661218e-04
6.742500066757202148e-01 3.780637487354549181e-04
6.777499914169311523e-01 4.393713836655286872e-04
6.812499761581420898e-01 3.133501340870437145e-04
6.847500205039978027e-01 3.269740529603934530e-04
6.882500052452087402e-01 3.678458095804426143e-04
6.917499899864196777e-01 2.792903369036694224e-04
6.952500343322753906e-01 2.588544585936448147e-04
6.987500190734863281e-01 2.826963166220068028e-04
7.022500038146972656e-01 2.792903369036694224e-04
7.057499885559082031e-01 3.440039515520805719e-04
7.092499732971191406e-01 2.929142557770191067e-04
7.127500176429748535e-01 2.554484788753073801e-04
7.162500023841857910e-01 2.792903369036694224e-04
7.197499871253967285e-01 2.009528033819084803e-04
7.232500314712524414e-01 2.588544585936448147e-04
7.267500162124633789e-01 2.043587831002458878e-04
7.302500009536743164e-01 2.043587831002458878e-04
7.337499856948852539e-01 2.622604383119822493e-04
7.372499704360961914e-01 2.077647628185833224e-04
7.407500147819519043e-01 2.009528033819084803e-04
7.442499995231628418e-01 1.941408439452336110e-04
7.477499842643737793e-01 1.668930061985341611e-04
7.512500286102294922e-01 1.294272292968224073e-04
7.547500133514404297e-01 1.192092901418101035e-04
7.582499980926513672e-01 1.737049656352090033e-04
7.617499828338623047e-01 1.805169250718838725e-04
7.652499675750732422e-01 1.634870264801967265e-04
7.687500119209289551e-01 1.158033104234726824e-04
7.722499966621398926e-01 1.328332090151598420e-04
7.757499814033508301e-01 9.877341183178552282e-05
7.792500257492065430e-01 1.328332090151598420e-04
7.827500104904174805e-01 9.536743211344808819e-05
7.862499952316284180e-01 1.158033104234726824e-04
7.897499799728393555e-01 1.192092901418101035e-04
7.932499647140502930e-01 1.192092901418101035e-04
7.967500090599060059e-01 1.430511481701721187e-04
8.002499938011169434e-01 6.811959436674863829e-05
8.037499785423278809e-01 1.158033104234726824e-04
8.072500228881835938e-01 1.021793915501229439e-04
8.107500076293945312e-01 1.123973307051352478e-04
8.142499923706054688e-01 1.123973307051352478e-04
8.177499771118164062e-01 8.855547267677321894e-05
8.212500214576721191e-01 7.152557408508605937e-05
8.247500061988830566e-01 8.514949295843579787e-05
8.282499909400939941e-01 7.833753352176092862e-05
8.317500352859497070e-01 7.833753352176092862e-05
8.352500200271606445e-01 4.087175662004918162e-05
8.387500047683715820e-01 5.449567549339890657e-05
8.422499895095825195e-01 6.471361464841120367e-05
8.457499742507934570e-01 8.174351324009836324e-05
8.492500185966491699e-01 5.108969577506147194e-05
8.527500033378601074e-01 6.130763493007376904e-05
8.562499880790710449e-01 4.087175662004918162e-05
8.597500324249267578e-01 6.130763493007376904e-05
8.632500171661376953e-01 5.790165521173634119e-05
8.667500019073486328e-01 4.427773633838660947e-05
8.702499866485595703e-01 6.471361464841120367e-05
8.737499713897705078e-01 5.790165521173634119e-05
8.772500157356262207e-01 4.427773633838660947e-05
8.807500004768371582e-01 3.746577690171174700e-05
8.842499852180480957e-01 3.405979718337431915e-05
8.877500295639038086e-01 2.384185802836202205e-05
8.912500143051147461e-01 5.449567549339890657e-05
8.947499990463256836e-01 2.384185802836202205e-05
8.982499837875366211e-01 4.087175662004918162e-05
9.017499685287475586e-01 4.768371605672404410e-05
9.052500128746032715e-01 3.405979718337431915e-05
9.087499976158142090e-01 3.746577690171174700e-05
9.122499823570251465e-01 3.405979718337431915e-05
9.157500267028808594e-01 2.384185802836202205e-05
9.192500114440917969e-01 4.087175662004918162e-05
9.227499961853027344e-01 2.724783774669945328e-05
9.262499809265136719e-01 1.702989859168715957e-05
9.297499656677246094e-01 2.043587831002459081e-05
9.332500100135803223e-01 1.702989859168715957e-05
9.367499947547912598e-01 2.384185802836202205e-05
9.402499794960021973e-01 2.384185802836202205e-05
9.437500238418579102e-01 2.384185802836202205e-05
9.472500085830688477e-01 1.362391887334972664e-05
9.507499933242797852e-01 2.724783774669945328e-05
9.542499780654907227e-01 1.362391887334972664e-05
9.577499628067016602e-01 6.811959436674863321e-06
9.612500071525573730e-01 1.021793915501229541e-05
9.647499918937683105e-01 2.043587831002459081e-05
9.682500362396240234e-01 1.702989859168715957e-05
9.717500209808349609e-01 1.702989859168715957e-05
9.752500057220458984e-01 1.702989859168715957e-05
9.787499904632568359e-01 1.702989859168715957e-05
9.822499752044677734e-01 1.702989859168715957e-05
9.857500195503234863e-01 1.702989859168715957e-05
9.892500042915344238e-01 1.702989859168715957e-05
9.927499890327453613e-01 1.702989859168715957e-05
9.962500333786010742e-01 1.362391887334972664e-05
9.997500181198120117e-01 1.362391887334972664e-05
1.003250002861022949e+00 1.021793915501229541e-05
1.006749987602233887e+00 1.021793915501229541e-05
1.010249972343444824e+00 2.043587831002459081e-05
1.013749957084655762e+00 1.362391887334972664e-05
1.017250061035156250e+00 2.043587831002459081e-05
1.020750045776367188e+00 1.021793915501229541e-05
1.024250030517578125e+00 2.384185802836202205e-05
1.027750015258789062e+00 1.021793915501229541e-05
1.031250000000000000e+00 1.702989859168715957e-05
1.034749984741210938e+00 3.405979718337431661e-06
1.038249969482421875e+00 6.811959436674863321e-06
1.041749954223632812e+00 1.021793915501229541e-05
1.045249938964843750e+00 1.702989859168715957e-05
1.048750042915344238e+00 0.000000000000000000e+00
1.052250027656555176e+00 3.405979718337431661e-06
1.055750012397766113e+00 1.362391887334972664e-05
1.059249997138977051e+00 0.000000000000000000e+00
1.062749981880187988e+00 1.021793915501229541e-05
1.066249966621398926e+00 3.405979718337431661e-06
1.069749951362609863e+00 1.362391887334972664e-05
1.073250055313110352e+00 1.021793915501229541e-05
1.076750040054321289e+00 6.811959436674863321e-06
1.080250024795532227e+00 3.405979718337431661e-06
1.083750009536743164e+00 6.811959436674863321e-06
1.087249994277954102e+00 6.811959436674863321e-06
1.090749979019165039e+00 3.405979718337431661e-06
1.094249963760375977e+00 3.405979718337431661e-06
1.097749948501586914e+00 6.811959436674863321e-06
1.101249933242797852e+00 0.000000000000000000e+00
1.104750037193298340e+00 6.811959436674863321e-06
1.108250021934509277e+00 0.000000000000000000e+00
1.111750006675720215e+00 1.021793915501229541e-05
1.115249991416931152e+00 6.811959436674863321e-06
1.118749976158142090e+00 1.702989859168715957e-05
1.122249960899353027e+00 6.811959436674863321e-06
1.125750064849853516e+00 3.405979718337431661e-06
1.129250049591064453e+00 6.811959436674863321e-06
1.132750034332275391e+00 0.000000000000000000e+00
1.136250019073486328e+00 6.811959436674863321e-06
1.139750003814697266e+00 6.811959436674863321e-06
1.143249988555908203e+00 0.000000000000000000e+00
1.146749973297119141e+00 6.811959436674863321e-06
1.150249958038330078e+00 0.000000000000000000e+00
1.153749942779541016e+00 3.405979718337431661e-06
1.157250046730041504e+00 6.811959436674863321e-06
1.160750031471252441e+00 3.405979718337431661e-06
1.164250016212463379e+00 3.405979718337431661e-06
1.167750000953674316e+00 6.811959436674863321e-06
1.171249985694885254e+00 3.405979718337431661e-06
1.174749970436096191e+00 3.405979718337431661e-06
1.178249955177307129e+00 0.000000000000000000e+00
1.181750059127807617e+00 6.811959436674863321e-06
1.185250043869018555e+00 0.000000000000000000e+00
1.188750028610229492e+00 0.000000000000000000e+00
1.192250013351440430e+00 0.000000000000000000e+00
1.195749998092651367e+00 0.000000000000000000e+00
1.199249982833862305e+00 0.000000000000000000e+00
1.202749967575073242e+00 0.000000000000000000e+00
1.206249952316284180e+00 0.000000000000000000e+00
1.209749937057495117e+00 0.000000000000000000e+00
1.213250041007995605e+00 0.000000000000000000e+00
1.216750025749206543e+00 3.405979718337431661e-06
1.220250010490417480e+00 3.405979718337431661e-06
1.223749995231628418e+00 0.000000000000000000e+00
1.227249979972839355e+00 0.000000000000000000e+00
1.230749964714050293e+00 0.000000000000000000e+00
1.234249949455261230e+00 0.000000000000000000e+00
1.237750053405761719e+00 0.000000000000000000e+00
1.241250038146972656e+00 3.405979718337431661e-06
1.244750022888183594e+00 0.000000000000000000e+00
1.248250007629394531e+00 0.000000000000000000e+00
1.251749992370605469e+00 0.000000000000000000e+00
1.255249977111816406e+00 0.000000000000000000e+00
1.258749961853027344e+00 0.000000000000000000e+00
1.262249946594238281e+00 0.000000000000000000e+00
1.265750050544738770e+00 0.000000000000000000e+00
1.269250035285949707e+00 0.000000000000000000e+00
1.272750020027160645e+00 0.000000000000000000e+00
1.276250004768371582e+00 0.000000000000000000e+00
1.279749989509582520e+00 0.000000000000000000e+00
1.283249974250793457e+00 0.000000000000000000e+00
1.286749958992004395e+00 0.000000000000000000e+00
1.290250062942504883e+00 0.000000000000000000e+00
1.293750047683715820e+00 0.000000000000000000e+00
1.297250032424926758e+00 0.000000000000000000e+00
1.300750017166137695e+00 0.000000000000000000e+00
1.304250001907348633e+00 0.000000000000000000e+00
1.307749986648559570e+00 0.000000000000000000e+00
1.311249971389770508e+00 0.000000000000000000e+00
1.314749956130981445e+00 3.405979718337431661e-06
1.318249940872192383e+00 0.000000000000000000e+00
1.321750044822692871e+00 0.000000000000000000e+00
1.325250029563903809e+00 0.000000000000000000e+00
1.328750014305114746e+00 0.000000000000000000e+00
1.332249999046325684e+00 0.000000000000000000e+00
1.335749983787536621e+00 0.000000000000000000e+00
1.339249968528747559e+00 0.000000000000000000e+00
1.342749953269958496e+00 0.000000000000000000e+00
1.346250057220458984e+00 0.000000000000000000e+00
1.349750041961669922e+00 0.000000000000000000e+00
1.353250026702880859e+00 0.000000000000000000e+00
1.356750011444091797e+00 0.000000000000000000e+00
1.360249996185302734e+00 0.000000000000000000e+00
1.363749980926513672e+00 0.000000000000000000e+00
1.367249965667724609e+00 0.000000000000000000e+00
1.370749950408935547e+00 0.000000000000000000e+00
1.374249935150146484e+00 0.000000000000000000e+00
1.377750039100646973e+00 0.000000000000000000e+00
1.381250023841857910e+00 0.000000000000000000e+00
1.384750008583068848e+00 0.000000000000000000e+00
1.388249993324279785e+00 0.000000000000000000e+00
1.391749978065490723e+00 0.000000000000000000e+00
1.395249962806701660e+00 0.000000000000000000e+00
1.398750066757202148e+00 0.000000000000000000e+00
1.402250051498413086e+00 0.000000000000000000e+00
1.405750036239624023e+00 0.000000000000000000e+00
1.409250020980834961e+00 0.000000000000000000e+00
1.412750005722045898e+00 0.000000000000000000e+00
1.416249990463256836e+00 0.000000000000000000e+00
1.419749975204467773e+00 0.000000000000000000e+00
1.423249959945678711e+00 0.000000000000000000e+00
1.426749944686889648e+00 0.000000000000000000e+00
1.430250048637390137e+00 0.000000000000000000e+00
1.433750033378601074e+00 0.000000000000000000e+00
1.437250018119812012e+00 0.000000000000000000e+00
1.440750002861022949e+00 0.000000000000000000e+00
1.444249987602233887e+00 0.000000000000000000e+00
1.447749972343444824e+00 0.000000000000000000e+00
1.451249957084655762e+00 0.000000000000000000e+00
1.454750061035156250e+00 0.000000000000000000e+00
1.458250045776367188e+00 0.000000000000000000e+00
1.461750030517578125e+00 0.000000000000000000e+00
1.465250015258789062e+00 0.000000000000000000e+00
1.468750000000000000e+00 0.000000000000000000e+00
1.472249984741210938e+00 0.000000000000000000e+00
1.475749969482421875e+00 0.000000000000000000e+00
1.479249954223632812e+00 0.000000000000000000e+00
1.482749938964843750e+00 0.000000000000000000e+00
1.486250042915344238e+00 0.000000000000000000e+00
1.489750027656555176e+00 0.000000000000000000e+00
1.493250012397766113e+00 0.000000000000000000e+00
1.496749997138977051e+00 0.000000000000000000e+00
1.500249981880187988e+00 0.000000000000000000e+00
1.503749966621398926e+00 0.000000000000000000e+00
1.507249951362609863e+00 0.000000000000000000e+00
1.510750055313110352e+00 0.000000000000000000e+00
1.514250040054321289e+00 0.000000000000000000e+00
1.517750024795532227e+00 0.000000000000000000e+00
1.521250009536743164e+00 0.000000000000000000e+00
1.524749994277954102e+00 0.000000000000000000e+00
1.528249979019165039e+00 0.000000000000000000e+00
1.531749963760375977e+00 0.000000000000000000e+00
1.535249948501586914e+00 0.000000000000000000e+00
1.538749933242797852e+00 0.000000000000000000e+00
1.542250037193298340e+00 0.000000000000000000e+00
1.545750021934509277e+00 0.000000000000000000e+00
1.549250006675720215e+00 0.000000000000000000e+00
1.552749991416931152e+00 0.000000000000000000e+00
1.556249976158142090e+00 0.000000000000000000e+00
1.559749960899353027e+00 0.000000000000000000e+00
1.563250064849853516e+00 0.000000000000000000e+00
1.566750049591064453e+00 0.000000000000000000e+00
1.570250034332275391e+00 0.000000000000000000e+00
1.573750019073486328e+00 0.000000000000000000e+00
1.577250003814697266e+00 0.000000000000000000e+00
1.580749988555908203e+00 0.000000000000000000e+00
1.584249973297119141e+00 0.000000000000000000e+00
1.587749958038330078e+00 0.000000000000000000e+00
1.591249942779541016e+00 0.000000000000000000e+00
1.594750046730041504e+00 0.000000000000000000e+00
1.598250031471252441e+00 0.000000000000000000e+00
1.601750016212463379e+00 0.000000000000000000e+00
1.605250000953674316e+00 0.000000000000000000e+00
1.608749985694885254e+00 0.000000000000000000e+00
1.612249970436096191e+00 0.000000000000000000e+00
1.615749955177307129e+00 0.000000000000000000e+00
1.619250059127807617e+00 0.000000000000000000e+00
1.622750043869018555e+00 0.000000000000000000e+00
1.626250028610229492e+00 0.000000000000000000e+00
1.629750013351440430e+00 0.000000000000000000e+00
1.633249998092651367e+00 0.000000000000000000e+00
1.636749982833862305e+00 0.000000000000000000e+00
1.640249967575073242e+00 0.000000000000000000e+00
1.643749952316284180e+00 0.000000000000000000e+00
1.647249937057495117e+00 0.000000000000000000e+00
1.650750041007995605e+00 0.000000000000000000e+00
1.654250025749206543e+00 0.000000000000000000e+00
1.657750010490417480e+00 0.000000000000000000e+00
1.661249995231628418e+00 0.000000000000000000e+00
1.664749979972839355e+00 0.000000000000000000e+00
1.668249964714050293e+00 0.000000000000000000e+00
1.671749949455261230e+00 0.000000000000000000e+00
1.675250053405761719e+00 0.000000000000000000e+00
1.678750038146972656e+00 0.000000000000000000e+00
1.682250022888183594e+00 0.000000000000000000e+00
1.685750007629394531e+00 0.000000000000000000e+00
1.689249992370605469e+00 0.000000000000000000e+00
1.692749977111816406e+00 0.000000000000000000e+00
1.696249961853027344e+00 0.000000000000000000e+00
1.699749946594238281e+00 0.000000000000000000e+00
1.703250050544738770e+00 0.000000000000000000e+00
1.706750035285949707e+00 0.000000000000000000e+00
1.710250020027160645e+00 0.000000000000000000e+00
1.713750004768371582e+00 0.000000000000000000e+00
1.717249989509582520e+00 0.000000000000000000e+00
1.720749974250793457e+00 0.000000000000000000e+00
1.724249958992004395e+00 0.000000000000000000e+00
1.727750062942504883e+00 0.000000000000000000e+00
1.731250047683715820e+00 0.000000000000000000e+00
1.734750032424926758e+00 0.000000000000000000e+00
1.738250017166137695e+00 0.000000000000000000e+00
1.741750001907348633e+00 0.000000000000000000e+00
1.745249986648559570e+00 0.000000000000000000e+00
1.748749971389770508e+00 0.000000000000000000e+00
1.752249956130981445e+00 0.000000000000000000e+00
1.755749940872192383e+00 0.000000000000000000e+00
1.759250044822692871e+00 0.000000000000000000e+00
1.762750029563903809e+00 0.000000000000000000e+00
1.766250014305114746e+00 0.000000000000000000e+00
1.769749999046325684e+00 0.000000000000000000e+00
1.773249983787536621e+00 0.000000000000000000e+00
1.776749968528747559e+00 0.000000000000000000e+00
1.780249953269958496e+00 0.000000000000000000e+00
1.783750057220458984e+00 0.000000000000000000e+00
1.787250041961669922e+00 0.000000000000000000e+00
1.790750026702880859e+00 0.000000000000000000e+00
1.794250011444091797e+00 0.000000000000000000e+00
1.797749996185302734e+00 0.000000000000000000e+00
1.801249980926513672e+00 0.000000000000000000e+00
1.804749965667724609e+00 0.000000000000000000e+00
1.808249950408935547e+00 0.000000000000000000e+00
1.811749935150146484e+00 0.000000000000000000e+00
1.815250039100646973e+00 0.000000000000000000e+00
1.818750023841857910e+00 0.000000000000000000e+00
1.822250008583068848e+00 0.000000000000000000e+00
1.825749993324279785e+00 0.000000000000000000e+00
1.829249978065490723e+00 0.000000000000000000e+00
1.832749962806701660e+00 0.000000000000000000e+00
1.836250066757202148e+00 0.000000000000000000e+00
1.839750051498413086e+00 0.000000000000000000e+00
1.843250036239624023e+00 0.000000000000000000e+00
1.846750020980834961e+00 0.000000000000000000e+00
1.850250005722045898e+00 0.000000000000000000e+00
1.853749990463256836e+00 0.000000000000000000e+00
1.857249975204467773e+00 0.000000000000000000e+00
1.860749959945678711e+00 0.000000000000000000e+00
1.864249944686889648e+00 0.000000000000000000e+00
1.867750048637390137e+00 0.000000000000000000e+00
1.871250033378601074e+00 0.000000000000000000e+00
1.874750018119812012e+00 0.000000000000000000e+00
1.878250002861022949e+00 0.000000000000000000e+00
1.881749987602233887e+00 0.000000000000000000e+00
1.885249972343444824e+00 0.000000000000000000e+00
1.888749957084655762e+00 0.000000000000000000e+00
1.892250061035156250e+00 0.000000000000000000e+00
1.895750045776367188e+00 0.000000000000000000e+00
1.899250030517578125e+00 0.000000000000000000e+00
1.902750015258789062e+00 0.000000000000000000e+00
1.906250000000000000e+00 0.000000000000000000e+00
1.909749984741210938e+00 0.000000000000000000e+00
1.913249969482421875e+00 0.000000000000000000e+00
1.916749954223632812e+00 0.000000000000000000e+00
1.920249938964843750e+00 0.000000000000000000e+00
1.923750042915344238e+00 0.000000000000000000e+00
1.927250027656555176e+00 0.000000000000000000e+00
1.930750012397766113e+00 0.000000000000000000e+00
1.934249997138977051e+00 0.000000000000000000e+00
1.937749981880187988e+00 0.000000000000000000e+00
1.941249966621398926e+00 0.000000000000000000e+00
1.944749951362609863e+00 0.000000000000000000e+00
1.948250055313110352e+00 0.000000000000000000e+00
1.951750040054321289e+00 0.000000000000000000e+00
1.955250024795532227e+00 0.000000000000000000e+00
1.958750009536743164e+00 0.000000000000000000e+00
1.962249994277954102e+00 0.000000000000000000e+00
1.965749979019165039e+00 0.000000000000000000e+00
1.969249963760375977e+00 0.000000000000000000e+00
1.972749948501586914e+00 0.000000000000000000e+00
1.976249933242797852e+00 0.000000000000000000e+00
1.979750037193298340e+00 0.000000000000000000e+00
1.983250021934509277e+00 0.000000000000000000e+00
1.986750006675720215e+00 0.000000000000000000e+00
1.990249991416931152e+00 0.000000000000000000e+00
1.993749976158142090e+00 0.000000000000000000e+00
1.997249960899353027e+00 0.000000000000000000e+00
2.000750064849853516e+00 0.000000000000000000e+00
2.004250049591064453e+00 0.000000000000000000e+00
2.007750034332275391e+00 0.000000000000000000e+00
2.011250019073486328e+00 0.000000000000000000e+00
2.014750003814697266e+00 0.000000000000000000e+00
2.018249988555908203e+00 0.000000000000000000e+00
2.021749973297119141e+00 0.000000000000000000e+00
2.025249958038330078e+00 0.000000000000000000e+00
2.028749942779541016e+00 0.000000000000000000e+00
2.032249927520751953e+00 0.000000000000000000e+00
2.035749912261962891e+00 0.000000000000000000e+00
2.039249897003173828e+00 0.000000000000000000e+00
2.042749881744384766e+00 0.000000000000000000e+00
2.046250104904174805e+00 0.000000000000000000e+00
2.049750089645385742e+00 0.000000000000000000e+00
2.053250074386596680e+00 0.000000000000000000e+00
2.056750059127807617e+00 0.000000000000000000e+00
2.060250043869018555e+00 0.000000000000000000e+00
2.063750028610229492e+00 0.000000000000000000e+00
2.067250013351440430e+00 0.000000000000000000e+00
2.070749998092651367e+00 0.000000000000000000e+00
2.074249982833862305e+00 0.000000000000000000e+00
2.077749967575073242e+00 0.000000000000000000e+00
2.081249952316284180e+00 0.000000000000000000e+00
2.084749937057495117e+00 0.000000000000000000e+00
2.088249921798706055e+00 0.000000000000000000e+00
2.091749906539916992e+00 0.000000000000000000e+00
2.095249891281127930e+00 0.000000000000000000e+00
2.098750114440917969e+00 0.000000000000000000e+00
2.102250099182128906e+00 0.000000000000000000e+00
2.105750083923339844e+00 0.000000000000000000e+00
2.109250068664550781e+00 0.000000000000000000e+00
2.112750053405761719e+00 0.000000000000000000e+00
2.116250038146972656e+00 0.000000000000000000e+00
2.119750022888183594e+00 0.000000000000000000e+00
2.123250007629394531e+00 0.000000000000000000e+00
2.126749992370605469e+00 0.000000000000000000e+00
2.130249977111816406e+00 0.000000000000000000e+00
2.133749961853027344e+00 0.000000000000000000e+00
2.137249946594238281e+00 0.000000000000000000e+00
2.140749931335449219e+00 0.000000000000000000e+00
2.144249916076660156e+00 0.000000000000000000e+00
2.147749900817871094e+00 0.000000000000000000e+00
2.151249885559082031e+00 0.000000000000000000e+00
2.154750108718872070e+00 0.000000000000000000e+00
2.158250093460083008e+00 0.000000000000000000e+00
2.161750078201293945e+00 0.000000000000000000e+00
2.165250062942504883e+00 0.000000000000000000e+00
2.168750047683715820e+00 0.000000000000000000e+00
2.172250032424926758e+00 0.000000000000000000e+00
2.175750017166137695e+00 0.000000000000000000e+00
2.179250001907348633e+00 0.000000000000000000e+00
2.182749986648559570e+00 0.000000000000000000e+00
2.186249971389770508e+00 0.000000000000000000e+00
2.189749956130981445e+00 0.000000000000000000e+00
2.193249940872192383e+00 0.000000000000000000e+00
2.196749925613403320e+00 0.000000000000000000e+00
2.200249910354614258e+00 0.000000000000000000e+00
2.203749895095825195e+00 0.000000000000000000e+00
2.207250118255615234e+00 0.000000000000000000e+00
2.210750102996826172e+00 0.000000000000000000e+00
2.214250087738037109e+00 0.000000000000000000e+00
2.217750072479248047e+00 0.000000000000000000e+00
2.221250057220458984e+00 0.000000000000000000e+00
2.224750041961669922e+00 0.000000000000000000e+00
2.228250026702880859e+00 0.000000000000000000e+00
2.231750011444091797e+00 0.000000000000000000e+00
2.235249996185302734e+00 0.000000000000000000e+00
2.238749980926513672e+00 0.000000000000000000e+00
2.242249965667724609e+00 0.000000000000000000e+00
2.245749950408935547e+00 0.000000000000000000e+00
2.249249935150146484e+00 0.000000000000000000e+00
2.252749919891357422e+00 0.000000000000000000e+00
2.256249904632568359e+00 0.000000000000000000e+00
2.259749889373779297e+00 0.000000000000000000e+00
2.263249874114990234e+00 0.000000000000000000e+00
2.266750097274780273e+00 0.000000000000000000e+00
2.270250082015991211e+00 0.000000000000000000e+00
2.273750066757202148e+00 0.000000000000000000e+00
2.277250051498413086e+00 0.000000000000000000e+00
2.280750036239624023e+00 0.000000000000000000e+00
2.284250020980834961e+00 0.000000000000000000e+00
2.287750005722045898e+00 0.000000000000000000e+00
2.291249990463256836e+00 0.000000000000000000e+00
2.294749975204467773e+00 0.000000000000000000e+00
2.298249959945678711e+00 0.000000000000000000e+00
2.301749944686889648e+00 0.000000000000000000e+00
2.305249929428100586e+00 0.000000000000000000e+00
2.308749914169311523e+00 0.000000000000000000e+00
2.312249898910522461e+00 0.000000000000000000e+00
2.315750122070312500e+00 0.000000000000000000e+00
2.319250106811523438e+00 0.000000000000000000e+00
2.322750091552734375e+00 0.000000000000000000e+00
2.326250076293945312e+00 0.000000000000000000e+00
2.329750061035156250e+00 0.000000000000000000e+00
2.333250045776367188e+00 0.000000000000000000e+00
2.336750030517578125e+00 0.000000000000000000e+00
2.340250015258789062e+00 0.000000000000000000e+00
2.343750000000000000e+00 0.000000000000000000e+00
2.347249984741210938e+00 0.000000000000000000e+00
2.350749969482421875e+00 0.000000000000000000e+00
2.354249954223632812e+00 0.000000000000000000e+00
2.357749938964843750e+00 0.000000000000000000e+00
2.361249923706054688e+00 0.000000000000000000e+00
2.364749908447265625e+00 0.000000000000000000e+00
2.368249893188476562e+00 0.000000000000000000e+00
2.371749877929687500e+00 0.000000000000000000e+00
2.375250101089477539e+00 0.000000000000000000e+00
2.378750085830688477e+00 0.000000000000000000e+00
2.382250070571899414e+00 0.000000000000000000e+00
2.385750055313110352e+00 0.000000000000000000e+00
2.389250040054321289e+00 0.000000000000000000e+00
2.392750024795532227e+00 0.000000000000000000e+00
2.396250009536743164e+00 0.000000000000000000e+00
2.399749994277954102e+00 0.000000000000000000e+00
2.403249979019165039e+00 0.000000000000000000e+00
2.406749963760375977e+00 0.000000000000000000e+00
2.410249948501586914e+00 0.000000000000000000e+00
2.413749933242797852e+00 0.000000000000000000e+00
2.417249917984008789e+00 0.000000000000000000e+00
2.420749902725219727e+00 0.000000000000000000e+00
2.424250125885009766e+00 0.000000000000000000e+00
2.427750110626220703e+00 0.000000000000000000e+00
2.431250095367431641e+00 0.000000000000000000e+00
2.434750080108642578e+00 0.000000000000000000e+00
2.438250064849853516e+00 0.000000000000000000e+00
2.441750049591064453e+00 0.000000000000000000e+00
2.445250034332275391e+00 0.000000000000000000e+00
2.448750019073486328e+00 0.000000000000000000e+00
2.452250003814697266e+00 0.000000000000000000e+00
2.455749988555908203e+00 0.000000000000000000e+00
2.459249973297119141e+00 0.000000000000000000e+00
2.462749958038330078e+00 0.000000000000000000e+00
2.466249942779541016e+00 0.000000000000000000e+00
2.469749927520751953e+00 0.000000000000000000e+00
2.473249912261962891e+00 0.000000000000000000e+00
2.476749897003173828e+00 0.000000000000000000e+00
2.480249881744384766e+00 0.000000000000000000e+00
2.483750104904174805e+00 0.000000000000000000e+00
2.487250089645385742e+00 0.000000000000000000e+00
2.490750074386596680e+00 0.000000000000000000e+00
2.494250059127807617e+00 0.000000000000000000e+00
2.497750043869018555e+00 0.000000000000000000e+00
2.501250028610229492e+00 0.000000000000000000e+00
2.504750013351440430e+00 0.000000000000000000e+00
2.508249998092651367e+00 0.000000000000000000e+00
2.511749982833862305e+00 0.000000000000000000e+00
2.515249967575073242e+00 0.000000000000000000e+00
2.518749952316284180e+00 0.000000000000000000e+00
2.522249937057495117e+00 0.000000000000000000e+00
2.525749921798706055e+00 0.000000000000000000e+00
2.529249906539916992e+00 0.000000000000000000e+00
2.532749891281127930e+00 0.000000000000000000e+00
2.536250114440917969e+00 0.000000000000000000e+00
2.539750099182128906e+00 0.000000000000000000e+00
2.543250083923339844e+00 0.000000000000000000e+00
2.546750068664550781e+00 0.000000000000000000e+00
2.550250053405761719e+00 0.000000000000000000e+00
2.553750038146972656e+00 0.000000000000000000e+00
2.557250022888183594e+00 0.000000000000000000e+00
2.560750007629394531e+00 0.000000000000000000e+00
2.564249992370605469e+00 0.000000000000000000e+00
2.567749977111816406e+00 0.000000000000000000e+00
2.571249961853027344e+00 0.000000000000000000e+00
2.574749946594238281e+00 0.000000000000000000e+00
2.578249931335449219e+00 0.000000000000000000e+00
2.581749916076660156e+00 0.000000000000000000e+00
2.585249900817871094e+00 0.000000000000000000e+00
2.588749885559082031e+00 0.000000000000000000e+00
2.592250108718872070e+00 0.000000000000000000e+00
2.595750093460083008e+00 0.000000000000000000e+00
2.599250078201293945e+00 0.000000000000000000e+00
2.602750062942504883e+00 0.000000000000000000e+00
2.606250047683715820e+00 0.000000000000000000e+00
2.609750032424926758e+00 0.000000000000000000e+00
2.613250017166137695e+00 0.000000000000000000e+00
2.616750001907348633e+00 0.000000000000000000e+00
2.620249986648559570e+00 0.000000000000000000e+00
2.623749971389770508e+00 0.000000000000000000e+00
2.627249956130981445e+00 0.000000000000000000e+00
2.630749940872192383e+00 0.000000000000000000e+00
2.634249925613403320e+00 0.000000000000000000e+00
2.637749910354614258e+00 0.000000000000000000e+00
2.641249895095825195e+00 0.000000000000000000e+00
2.644750118255615234e+00 0.000000000000000000e+00
2.648250102996826172e+00 0.000000000000000000e+00
2.651750087738037109e+00 0.000000000000000000e+00
2.655250072479248047e+00 0.000000000000000000e+00
2.658750057220458984e+00 0.000000000000000000e+00
2.662250041961669922e+00 0.000000000000000000e+00
2.665750026702880859e+00 0.000000000000000000e+00
2.669250011444091797e+00 0.000000000000000000e+00
2.672749996185302734e+00 0.000000000000000000e+00
2.676249980926513672e+00 0.000000000000000000e+00
2.679749965667724609e+00 0.000000000000000000e+00
2.683249950408935547e+00 0.000000000000000000e+00
2.686749935150146484e+00 0.000000000000000000e+00
2.690249919891357422e+00 0.000000000000000000e+00
2.693749904632568359e+00 0.000000000000000000e+00
2.697249889373779297e+00 0.000000000000000000e+00
2.700749874114990234e+00 0.000000000000000000e+00
2.704250097274780273e+00 0.000000000000000000e+00
2.707750082015991211e+00 0.000000000000000000e+00
2.711250066757202148e+00 0.000000000000000000e+00
2.714750051498413086e+00 0.000000000000000000e+00
2.718250036239624023e+00 0.000000000000000000e+00
2.721750020980834961e+00 0.000000000000000000e+00
2.725250005722045898e+00 0.000000000000000000e+00
2.728749990463256836e+00 0.000000000000000000e+00
2.732249975204467773e+00 0.000000000000000000e+00
2.735749959945678711e+00 0.000000000000000000e+00
2.739249944686889648e+00 0.000000000000000000e+00
2.742749929428100586e+00 0.000000000000000000e+00
2.746249914169311523e+00 0.000000000000000000e+00
2.749749898910522461e+00 0.000000000000000000e+00
2.753250122070312500e+00 0.000000000000000000e+00
2.756750106811523438e+00 0.000000000000000000e+00
2.760250091552734375e+00 0.000000000000000000e+00
2.763750076293945312e+00 0.000000000000000000e+00
2.767250061035156250e+00 0.000000000000000000e+00
2.770750045776367188e+00 0.000000000000000000e+00
2.774250030517578125e+00 0.000000000000000000e+00
2.777750015258789062e+00 0.000000000000000000e+00
2.781250000000000000e+00 0.000000000000000000e+00
2.784749984741210938e+00 0.000000000000000000e+00
2.788249969482421875e+00 0.000000000000000000e+00
2.791749954223632812e+00 0.000000000000000000e+00
2.795249938964843750e+00 0.000000000000000000e+00
2.798749923706054688e+00 0.000000000000000000e+00
2.802249908447265625e+00 0.000000000000000000e+00
2.805749893188476562e+00 0.000000000000000000e+00
2.809249877929687500e+00 0.000000000000000000e+00
2.812750101089477539e+00 0.000000000000000000e+00
2.816250085830688477e+00 0.000000000000000000e+00
2.819750070571899414e+00 0.000000000000000000e+00
2.823250055313110352e+00 0.000000000000000000e+00
2.826750040054321289e+00 0.000000000000000000e+00
2.830250024795532227e+00 0.000000000000000000e+00
2.833750009536743164e+00 0.000000000000000000e+00
2.837249994277954102e+00 0.000000000000000000e+00
2.840749979019165039e+00 0.000000000000000000e+00
2.844249963760375977e+00 0.000000000000000000e+00
2.847749948501586914e+00 0.000000000000000000e+00
2.851249933242797852e+00 0.000000000000000000e+00
2.854749917984008789e+00 0.000000000000000000e+00
2.858249902725219727e+00 0.000000000000000000e+00
2.861750125885009766e+00 0.000000000000000000e+00
2.865250110626220703e+00 0.000000000000000000e+00
2.868750095367431641e+00 0.000000000000000000e+00
2.872250080108642578e+00 0.000000000000000000e+00
2.875750064849853516e+00 0.000000000000000000e+00
2.879250049591064453e+00 0.000000000000000000e+00
2.882750034332275391e+00 0.000000000000000000e+00
2.886250019073486328e+00 0.000000000000000000e+00
2.889750003814697266e+00 0.000000000000000000e+00
2.893249988555908203e+00 0.000000000000000000e+00
2.896749973297119141e+00 0.000000000000000000e+00
2.900249958038330078e+00 0.000000000000000000e+00
2.903749942779541016e+00 0.000000000000000000e+00
2.907249927520751953e+00 0.000000000000000000e+00
2.910749912261962891e+00 0.000000000000000000e+00
2.914249897003173828e+00 0.000000000000000000e+00
2.917749881744384766e+00 0.000000000000000000e+00
2.921250104904174805e+00 0.000000000000000000e+00
2.924750089645385742e+00 0.000000000000000000e+00
2.928250074386596680e+00 0.000000000000000000e+00
2.931750059127807617e+00 0.000000000000000000e+00
2.935250043869018555e+00 0.000000000000000000e+00
2.938750028610229492e+00 0.000000000000000000e+00
2.942250013351440430e+00 0.000000000000000000e+00
2.945749998092651367e+00 0.000000000000000000e+00
2.949249982833862305e+00 0.000000000000000000e+00
2.952749967575073242e+00 0.000000000000000000e+00
2.956249952316284180e+00 0.000000000000000000e+00
2.959749937057495117e+00 0.000000000000000000e+00
2.963249921798706055e+00 0.000000000000000000e+00
2.966749906539916992e+00 0.000000000000000000e+00
2.970249891281127930e+00 0.000000000000000000e+00
2.973750114440917969e+00 0.000000000000000000e+00
2.977250099182128906e+00 0.000000000000000000e+00
2.980750083923339844e+00 0.000000000000000000e+00
2.984250068664550781e+00 0.000000000000000000e+00
2.987750053405761719e+00 0.000000000000000000e+00
2.991250038146972656e+00 0.000000000000000000e+00
2.994750022888183594e+00 0.000000000000000000e+00
2.998250007629394531e+00 0.000000000000000000e+00
