-4.982500076293945312e-01 0.000000000000000000e+00
-4.947499930858612061e-01 0.000000000000000000e+00
-4.912499785423278809e-01 0.000000000000000000e+00
-4.877499938011169434e-01 0.000000000000000000e+00
-4.842500090599060059e-01 0.000000000000000000e+00
-4.807499945163726807e-01 0.000000000000000000e+00
-4.772499799728393555e-01 0.000000000000000000e+00
-4.737499952316284180e-01 0.000000000000000000e+00
-4.702500104904174805e-01 0.000000000000000000e+00
-4.667499959468841553e-01 0.000000000000000000e+00
-4.632499814033508301e-01 0.000000000000000000e+00
-4.597499966621398926e-01 0.000000000000000000e+00
-4.562500119209289551e-01 0.000000000000000000e+00
-4.527499973773956299e-01 0.000000000000000000e+00
-4.492499828338623047e-01 0.000000000000000000e+00
-4.457499980926513672e-01 0.000000000000000000e+00
-4.422500133514404297e-01 0.000000000000000000e+00
-4.387499988079071045e-01 0.000000000000000000e+00
-4.352499842643737793e-01 0.000000000000000000e+00
-4.317499995231628418e-01 0.000000000000000000e+00
-4.282500147819519043e-01 0.000000000000000000e+00
-4.247500002384185791e-01 0.000000000000000000e+00
-4.212499856948852539e-01 0.000000000000000000e+00
-4.177500009536743164e-01 0.000000000000000000e+00
-4.142500162124633789e-01 0.000000000000000000e+00
-4.107500016689300537e-01 0.000000000000000000e+00
-4.072499871253967285e-01 0.000000000000000000e+00
-4.037500023841857910e-01 0.000000000000000000e+00
-4.002500176429748535e-01 0.000000000000000000e+00
-3.967500030994415283e-01 0.000000000000000000e+00
-3.932499885559082031e-01 0.000000000000000000e+00
-3.897500038146972656e-01 0.000000000000000000e+00
-3.862500190734863281e-01 0.000000000000000000e+00
-3.827500045299530029e-01 0.000000000000000000e+00
-3.792499899864196777e-01 0.000000000000000000e+00
-3.757500052452087402e-01 0.000000000000000000e+00
-3.722500205039978027e-01 0.000000000000000000e+00
-3.687500059604644775e-01 0.000000000000000000e+00
-3.652499914169311523e-01 0.000000000000000000e+00
-3.617500066757202148e-01 0.000000000000000000e+00
-3.582500219345092773e-01 0.000000000000000000e+00
-3.547499775886535645e-01 0.000000000000000000e+00
-3.512499928474426270e-01 0.000000000000000000e+00
-3.477500081062316895e-01 0.000000000000000000e+00
-3.442499935626983643e-01 0.000000000000000000e+00
-3.407499790191650391e-01 0.000000000000000000e+00
-3.372499942779541016e-01 0.000000000000000000e+00
-3.337500095367431641e-01 0.000000000000000000e+00
-3.302499949932098389e-01 0.000000000000000000e+00
-3.267499804496765137e-01 0.000000000000000000e+00
-3.232499957084655762e-01 0.000000000000000000e+00
-3.197500109672546387e-01 0.000000000000000000e+00
-3.162499964237213135e-01 0.000000000000000000e+00
-3.127499818801879883e-01 0.000000000000000000e+00
-3.092499971389770508e-01 0.000000000000000000e+00
-3.057500123977661133e-01 0.000000000000000000e+00
-3.022499978542327881e-01 0.000000000000000000e+00
-2.987499833106994629e-01 0.000000000000000000e+00
-2.952499985694885254e-01 0.000000000000000000e+00
-2.917500138282775879e-01 0.000000000000000000e+00
-2.882499992847442627e-01 0.000000000000000000e+00
-2.847499847412109375e-01 0.000000000000000000e+00
-2.812500000000000000e-01 0.000000000000000000e+00
-2.777500152587890625e-01 0.000000000000000000e+00
-2.742500007152557373e-01 0.000000000000000000e+00
-2.707499861717224121e-01 0.000000000000000000e+00
-2.672500014305114746e-01 0.000000000000000000e+00
-2.637500166893005371e-01 0.000000000000000000e+00
-2.602500021457672119e-01 0.000000000000000000e+00
-2.567499876022338867e-01 0.000000000000000000e+00
-2.532500028610229492e-01 0.000000000000000000e+00
-2.497500032186508179e-01 0.000000000000000000e+00
-2.462500035762786865e-01 0.000000000000000000e+00
-2.427499890327453613e-01 0.000000000000000000e+00
-2.392500042915344238e-01 0.000000000000000000e+00
-2.357499897480010986e-01 0.000000000000000000e+00
-2.322500050067901611e-01 0.000000000000000000e+00
-2.287499904632568359e-01 0.000000000000000000e+00
-2.252500057220458984e-01 0.000000000000000000e+00
-2.217499911785125732e-01 0.000000000000000000e+00
-2.182500064373016357e-01 0.000000000000000000e+00
-2.147499918937683105e-01 0.000000000000000000e+00
-2.112500071525573730e-01 0.000000000000000000e+00
-2.077499926090240479e-01 0.000000000000000000e+00
-2.042500078678131104e-01 0.000000000000000000e+00
-2.007499933242797852e-01 0.000000000000000000e+00
-1.972500085830688477e-01 0.000000000000000000e+00
-1.937499940395355225e-01 0.000000000000000000e+00
-1.902500092983245850e-01 0.000000000000000000e+00
-1.867499947547912598e-01 0.000000000000000000e+00
-1.832500100135803223e-01 0.000000000000000000e+00
-1.797499954700469971e-01 0.000000000000000000e+00
-1.762500107288360596e-01 0.000000000000000000e+00
-1.727499961853027344e-01 0.000000000000000000e+00
-1.692500114440917969e-01 0.000000000000000000e+00
-1.657499969005584717e-01 0.000000000000000000e+00
-1.622500121593475342e-01 0.000000000000000000e+00
-1.587499976158142090e-01 0.000000000000000000e+00
-1.552500128746032715e-01 0.000000000000000000e+00
-1.517499983310699463e-01 0.000000000000000000e+00
-1.482500135898590088e-01 0.000000000000000000e+00
-1.447499990463256836e-01 0.000000000000000000e+00
-1.412500143051147461e-01 3.988795937729306182e-05
-1.377499997615814209e-01 1.805263118693971412e-04
-1.342500001192092896e-01 4.461612769797171970e-04
-1.307500004768371582e-01 1.417790494051994563e-03
-1.272499859333038330e-01 3.327420244021884500e-03
-1.237500011920928955e-01 7.262131309239289352e-03
-1.202500015497207642e-01 1.590127625049806911e-02
-1.167500019073486328e-01 3.114932538184514085e-02
-1.132500022649765015e-01 5.899593569699532192e-02
-1.097500026226043701e-01 1.065709222737624695e-01
-1.062500029802322388e-01 1.802723014625844111e-01
-1.027500033378601074e-01 2.932126847778105394e-01
-9.925000369548797607e-02 4.478812205318860595e-01
-9.574999660253524780e-02 6.693438057775273897e-01
-9.224999696016311646e-02 9.543079302675357978e-01
-8.874999731779098511e-02 1.319396212820965308e+00
-8.524999767541885376e-02 1.761687965632325881e+00
-8.174999803304672241e-02 2.276000591536723405e+00
-7.824999839067459106e-02 2.857999785141132509e+00
-7.474999874830245972e-02 3.508613673642749120e+00
-7.124999910593032837e-02 4.191906866131132503e+00
-6.774999946355819702e-02 4.905012308690303691e+00
-6.424999982118606567e-02 5.606097994006317364e+00
-6.075000017881393433e-02 6.300841825570555166e+00
-5.725000053644180298e-02 6.959990869214633946e+00
-5.375000089406967163e-02 7.559374958562411706e+00
-5.025000125169754028e-02 8.088882589737346862e+00
-4.675000160932540894e-02 8.537658743419971330e+00
-4.325000196695327759e-02 8.910097634552165857e+00
-3.974999859929084778e-02 9.187695947215882342e+00
-3.624999895691871643e-02 9.371556062576962276e+00
-3.274999931454658508e-02 9.458652269400712242e+00
-2.924999967217445374e-02 9.473181290789053577e+00
-2.575000002980232239e-02 9.413864905777979075e+00
-2.225000038743019104e-02 9.280631127277697345e+00
-1.875000074505805969e-02 9.076046285086881937e+00
-1.525000110268592834e-02 8.845257134826637113e+00
-1.174999959766864777e-02 8.543221997910698917e+00
-8.249999955296516418e-03 8.229566571354336446e+00
-4.750000312924385071e-03 7.882746352803527756e+00
-1.249999972060322762e-03 7.506325896146446297e+00
2.250000135973095894e-03 7.142628366736309964e+00
5.750000011175870895e-03 6.747394027355432478e+00
9.250000119209289551e-03 6.373700956893217473e+00
1.274999976158142090e-02 5.999747736834651235e+00
1.624999940395355225e-02 5.630984978280357822e+00
1.974999904632568359e-02 5.267106495843489000e+00
2.325000055134296417e-02 4.922513590607456635e+00
2.675000019371509552e-02 4.592553274189863366e+00
3.025000169873237610e-02 4.277385475522203606e+00
3.375000134110450745e-02 3.970425679692684007e+00
3.725000098347663879e-02 3.688863667284624892e+00
4.075000062584877014e-02 3.418925732886052948e+00
4.425000026822090149e-02 3.166716713857044674e+00
4.774999991059303284e-02 2.933051427172245429e+00
5.124999955296516418e-02 2.710624334598858987e+00
5.474999919533729553e-02 2.503796215751057819e+00
5.824999883770942688e-02 2.315409990238042948e+00
6.175000220537185669e-02 2.128750893947497946e+00
6.525000184774398804e-02 1.967238334778387721e+00
6.875000149011611938e-02 1.816603026662940046e+00
7.225000113248825073e-02 1.676140467049875182e+00
7.575000077486038208e-02 1.542423559412764655e+00
7.925000041723251343e-02 1.421859751146543172e+00
8.275000005960464478e-02 1.316039933092591152e+00
8.624999970197677612e-02 1.210291268191220349e+00
8.974999934434890747e-02 1.113033547534029610e+00
9.324999898672103882e-02 1.029893308201553559e+00
9.674999862909317017e-02 9.494132593572159884e-01
1.002499982714653015e-01 8.751720309045195600e-01
1.037499979138374329e-01 8.050167130433265594e-01
1.072499975562095642e-01 7.441332115843872774e-01
1.107499971985816956e-01 6.891088957241866542e-01
1.142499968409538269e-01 6.366876342439831138e-01
1.177499964833259583e-01 5.861090588792534639e-01
1.212500035762786865e-01 5.420719955078890928e-01
1.247500032186508179e-01 4.997128598927522147e-01
1.282500028610229492e-01 4.634696976433008153e-01
1.317499876022338867e-01 4.279860784114485339e-01
1.352500021457672119e-01 3.949277732678150299e-01
1.387499868869781494e-01 3.675094771084355116e-01
1.422500014305114746e-01 3.403823508336999981e-01
1.457499861717224121e-01 3.146838682345017846e-01
1.492500007152557373e-01 2.920562792759799353e-01
1.527499854564666748e-01 2.703662408131172201e-01
1.562500000000000000e-01 2.520458592501673700e-01
1.597500145435333252e-01 2.340958455544216721e-01
1.632499992847442627e-01 2.157314339291111216e-01
1.667500138282775879e-01 2.014162195277737211e-01
1.702499985694885254e-01 1.868997112523106685e-01
1.737500131130218506e-01 1.741121050952282034e-01
1.772499978542327881e-01 1.620938773398538646e-01
1.807500123977661133e-01 1.508562770030016653e-01
1.842499971389770508e-01 1.407205282081411823e-01
1.877500116825103760e-01 1.315208223485866690e-01
1.912499964237213135e-01 1.216129428984871891e-01
1.947500109672546387e-01 1.149093065700527161e-01
1.982499957084655762e-01 1.082358407439304449e-01
2.017500102519989014e-01 9.872233266583348155e-02
2.052499949932098389e-01 9.286413271347572496e-02
2.087500095367431641e-01 8.695428388895681815e-02
2.122499942779541016e-01 8.095650157702689864e-02
2.157500088214874268e-01 7.556521382622061189e-02
2.192499935626983643e-01 7.075463246084114088e-02
2.227500081062316895e-01 6.635347972500618696e-02
2.262499928474426270e-01 6.149605909588647112e-02
2.297500073909759521e-01 5.816872208310291253e-02
2.332499921321868896e-01 5.414205917724383699e-02
2.367500066757202148e-01 5.099712991604344464e-02
2.402499914169311523e-01 4.754536210490411391e-02
2.437500059604644775e-01 4.480602492242975743e-02
2.472499907016754150e-01 4.174107039572520078e-02
2.507500052452087402e-01 3.926918218172857633e-02
2.542499899864196777e-01 3.735177180886366244e-02
2.577500045299530029e-01 3.484294738225630905e-02
2.612500190734863281e-01 3.277042362552849003e-02
2.647500038146972656e-01 3.033643229809014977e-02
2.682499885559082031e-01 2.888693448083388612e-02
2.717500030994415283e-01 2.699663536717564899e-02
2.752500176429748535e-01 2.529068084244010667e-02
2.787500023841857910e-01 2.391918052938521444e-02
2.822499871253967285e-01 2.228453387190099458e-02
2.857500016689300537e-01 2.120566093979713365e-02
2.892500162124633789e-01 1.994373722777305347e-02
2.927500009536743164e-01 1.864955042052076836e-02
2.962499856948852539e-01 1.776287607880011263e-02
2.997500002384185791e-01 1.648129173653899507e-02
3.032500147819519043e-01 1.588427712307658932e-02
3.067499995231628418e-01 1.479168143928671388e-02
3.102499842643737793e-01 1.376732960569481724e-02
3.137499988079071045e-01 1.320255122108772265e-02
3.172500133514404297e-01 1.239160760678258318e-02
3.207499980926513672e-01 1.173901416916989238e-02
3.242499828338623047e-01 1.107843443989767196e-02
3.277499973773956299e-01 1.037125675446151814e-02
3.312500119209289551e-01 9.992015728474192351e-03
3.347499966621398926e-01 9.205165160045410480e-03
3.382499814033508301e-01 8.628954391950702241e-03
3.417499959468841553e-01 8.310454034150330238e-03
3.452500104904174805e-01 7.956882886410047984e-03
3.487499952316284180e-01 7.571511675936471245e-03
3.522499799728393555e-01 6.963671404507527571e-03
3.557499945163726807e-01 6.606797024923840959e-03
3.592500090599060059e-01 6.100649712473467032e-03
3.627499938011169434e-01 6.052283119522460821e-03
3.662499785423278809e-01 5.560158102698591759e-03
3.697499930858612061e-01 5.336925528773849535e-03
3.732500076293945312e-01 4.892238837709680412e-03
3.767499923706054688e-01 4.706535858526968673e-03
3.802500069141387939e-01 4.446765344560443638e-03
3.837500214576721191e-01 4.147657248324282918e-03
3.872500061988830566e-01 3.975273463452009930e-03
3.907499909400939941e-01 3.761842968742948757e-03
3.942500054836273193e-01 3.647042048620806245e-03
3.977500200271606445e-01 3.546406941800436460e-03
4.012500047683715820e-01 3.272717605009437154e-03
4.047499895095825195e-01 3.078530207893486175e-03
4.082500040531158447e-01 2.853435097661013910e-03
4.117500185966491699e-01 2.812030750495764578e-03
4.152500033378601074e-01 2.699104078510901252e-03
4.187499880790710449e-01 2.548600901773893229e-03
4.222500026226043701e-01 2.363860536040852944e-03
4.257500171661376953e-01 2.151644389288920409e-03
4.292500019073486328e-01 2.080437653634987366e-03
4.327499866485595703e-01 1.973628333545105872e-03
4.362500011920928955e-01 1.869371017126527723e-03
4.397500157356262207e-01 1.772933434040801972e-03
4.432500004768371582e-01 1.777818767329229907e-03
4.467499852180480957e-01 1.598577434240847821e-03
4.502499997615814209e-01 1.575110688634602909e-03
4.537500143051147461e-01 1.476715828915724227e-03
4.572499990463256836e-01 1.349525171240989127e-03
4.607499837875366211e-01 1.344348881265025565e-03
4.642499983310699463e-01 1.249669441754328340e-03
4.677500128746032715e-01 1.189614775431719999e-03
4.712499976158142090e-01 1.166161799250946002e-03
4.747499823570251465e-01 1.058437878190519399e-03
4.782499969005584717e-01 1.002622021340174308e-03
4.817500114440917969e-01 1.004048765263899998e-03
4.852499961853027344e-01 9.178512949838188570e-04
4.887499809265136719e-01 8.521520122414438705e-04
4.922499954700469971e-01 8.116281649125729660e-04
4.957500100135803223e-01 7.584941780627579714e-04
4.992499947547912598e-01 7.297551160362169935e-04
5.027499794960021973e-01 6.834363958318593084e-04
5.062500238418579102e-01 6.985021377192910915e-04
5.097500085830688477e-01 6.264102688117383728e-04
5.132499933242797852e-01 6.064928996920253409e-04
5.167499780654907227e-01 5.538386377738993040e-04
5.202499628067016602e-01 5.482667579033523265e-04
5.237500071525573730e-01 5.028249872243469986e-04
5.272499918937683105e-01 5.030804333172925712e-04
5.307500362396240234e-01 4.607279304838651107e-04
5.342500209808349609e-01 4.558585931962704364e-04
5.377500057220458984e-01 4.381047065291213192e-04
5.412499904632568359e-01 3.981095066963237939e-04
5.447499752044677734e-01 3.681084158890583465e-04
5.482500195503234863e-01 3.565387402438473328e-04
5.517500042915344238e-01 3.367495885670292177e-04
5.552499890327453613e-01 3.055161657810033797e-04
5.587500333786010742e-01 3.185202477857901294e-04
5.622500181198120117e-01 2.860552270391206967e-04
5.657500028610229492e-01 2.659230956107288017e-04
5.692499876022338867e-01 2.516688188837355364e-04
5.727499723434448242e-01 2.465914932888291070e-04
5.762500166893005371e-01 2.354362493809595950e-04
5.797500014305114746e-01 2.174346275834756852e-04
5.832499861717224121e-01 1.974097890250234657e-04
5.867500305175781250e-01 1.910707198220301596e-04
5.902500152587890625e-01 1.908184123888572359e-04
5.937500000000000000e-01 1.826111242267897475e-04
5.972499847412109375e-01 1.703005363463802786e-04
6.007499694824218750e-01 1.562253681904683374e-04
6.042500138282775879e-01 1.518506112446427691e-04
6.077499985694885254e-01 1.388924192213487137e-04
6.112499833106994629e-01 1.364070142162178943e-04
6.147500276565551758e-01 1.326452265144936597e-04
6.182500123977661133e-01 1.103319854841717769e-04
6.217499971389770508e-01 1.155558584193465247e-04
6.252499818801879883e-01 1.100630402404044125e-04
6.287499666213989258e-01 1.154014704386365072e-04
6.322500109672546387e-01 1.021353385943274319e-04
6.357499957084655762e-01 8.958037588204093959e-05
6.392499804496765137e-01 9.040229874229413303e-05
6.427500247955322266e-01 8.361972336791011380e-05
6.462500095367431641e-01 7.305647378531505748e-05
6.497499942779541016e-01 7.418557948872472831e-05
6.532499790191650391e-01 7.130273327760348933e-05
6.567499637603759766e-01 7.199731371408413802e-05
6.602500081062316895e-01 6.533625332891742645e-05
6.637499928474426270e-01 5.694017550541724705e-05
6.672500371932983398e-01 5.802302037356632883e-05
6.707500219345092773e-01 4.673757400879031151e-05
6.742500066757202148e-01 5.361149732989652918e-05
6.777499914169311523e-01 4.529814929967158302e-05
6.812499761581420898e-01 3.959402932881733635e-05
6.847500205039978027e-01 4.176868070768342768e-05
6.882500052452087402e-01 3.664785665334205014e-05
6.917499899864196777e-01 3.426532847549446949e-05
6.952500343322753906e-01 3.429952856861609309e-05
6.987500190734863281e-01 3.100505471668636042e-05
7.022500038146972656e-01 3.591741347085530015e-05
7.057499885559082031e-01 2.756649644005022487e-05
7.092499732971191406e-01 2.704420339892672691e-05
7.127500176429748535e-01 2.992055677899899574e-05
7.162500023841857910e-01 2.555775292667315660e-05
7.197499871253967285e-01 2.163150186691336336e-05
7.232500314712524414e-01 1.790613498429866236e-05
7.267500162124633789e-01 1.728205939007017452e-05
7.302500009536743164e-01 2.169997787381429540e-05
7.337499856948852539e-01 2.070179956520809371e-05
7.372499704360961914e-01 1.699112913821918870e-05
7.407500147819519043e-01 1.326892368220831871e-05
7.442499995231628418e-01 1.526049804703339687e-05
7.477499842643737793e-01 1.207807070565954343e-05
7.512500286102294922e-01 1.361717433731911396e-05
7.547500133514404297e-01 1.158374261103705116e-05
7.582499980926513672e-01 1.331333762410692455e-05
7.617499828338623047e-01 1.102418602347103763e-05
7.652499675750732422e-01 8.005100018915379699e-06
7.687500119209289551e-01 7.234016074504929231e-06
7.722499966621398926e-01 8.257445303486995276e-06
7.757499814033508301e-01 6.896037148947719111e-06
7.792500257492065430e-01 6.888574737940741625e-06
7.827500104904174805e-01 6.242403837183515606e-06
7.862499952316284180e-01 7.685562882754236655e-06
7.897499799728393555e-01 5.818467165086953512e-06
7.932499647140502930e-01 5.367866470308295022e-06
7.967500090599060059e-01 3.804953827366658011e-06
8.002499938011169434e-01 5.231926376179202321e-06
8.037499785423278809e-01 3.685792928068763940e-06
8.072500228881835938e-01 2.641306924005795973e-06
8.107500076293945312e-01 3.844598736000221999e-06
8.142499923706054688e-01 3.363297777627589935e-06
8.177499771118164062e-01 2.702979946494943894e-06
8.212500214576721191e-01 2.546519759048998197e-06
8.247500061988830566e-01 2.410204422005198211e-06
8.282499909400939941e-01 2.610155807462113546e-06
8.317500352859497070e-01 2.305273558548517981e-06
8.352500200271606445e-01 2.054966976871254145e-06
8.387500047683715820e-01 2.900536179885089781e-06
8.422499895095825195e-01 1.782603167292438378e-06
8.457499742507934570e-01 1.411825471308805282e-06
8.492500185966491699e-01 1.243713050218351710e-06
8.527500033378601074e-01 1.581151521435937158e-06
8.562499880790710449e-01 1.723760335270273519e-06
8.597500324249267578e-01 1.199587664409611640e-06
8.632500171661376953e-01 1.148030389551842890e-06
8.667500019073486328e-01 1.600699679912193690e-06
8.702499866485595703e-01 8.751759735905433066e-07
8.737499713897705078e-01 1.177132099514918949e-06
8.772500157356262207e-01 1.178628725751818126e-06
8.807500004768371582e-01 6.765214647308648559e-07
8.842499852180480957e-01 8.408893304781657813e-07
8.877500295639038086e-01 6.463755147622593234e-07
8.912500143051147461e-01 1.611979083748523460e-06
8.947499990463256836e-01 8.131996730752215890e-07
8.982499837875366211e-01 5.303635448724141147e-07
9.017499685287475586e-01 3.583086989949861233e-07
9.052500128746032715e-01 4.406413954784890029e-07
9.087499976158142090e-01 7.743177076071213551e-07
9.122499823570251465e-01 6.442781646253505612e-07
9.157500267028808594e-01 7.434260743325134571e-07
9.192500114440917969e-01 2.112110305760813225e-07
9.227499961853027344e-01 4.051828282170523721e-07
9.262499809265136719e-01 1.154856745293043811e-06
9.297499656677246094e-01 5.564712811902503703e-07
9.332500100135803223e-01 6.907235176327903428e-07
9.367499947547912598e-01 6.159303080157679841e-07
9.402499794960021973e-01 6.772964300614635993e-07
9.437500238418579102e-01 5.625504727922860676e-07
9.472500085830688477e-01 4.341091264401233157e-07
9.507499933242797852e-01 3.935316775974585003e-07
9.542499780654907227e-01 4.280182660377798403e-07
9.577499628067016602e-01 7.163685746115500228e-07
9.612500071525573730e-01 2.945220507468766394e-07
9.647499918937683105e-01 5.060545948103338126e-07
9.682500362396240234e-01 7.811719628609716914e-07
9.717500209808349609e-01 2.934673732988890682e-07
9.752500057220458984e-01 4.935438665461270396e-07
9.787499904632568359e-01 4.344574795845665547e-07
9.822499752044677734e-01 3.468786908345459934e-07
9.857500195503234863e-01 5.132584510976227416e-07
9.892500042915344238e-01 9.711007646117923357e-07
9.927499890327453613e-01 5.104014351871035779e-07
9.962500333786010742e-01 5.742969179559174319e-07
9.997500181198120117e-01 5.356062814599483389e-07
1.003250002861022949e+00 7.410531644264850308e-07
1.006749987602233887e+00 6.081550179733023100e-07
1.010249972343444824e+00 4.842391105332832098e-07
1.013749957084655762e+00 7.350086770098193158e-07
1.017250061035156250e+00 5.334566887292735202e-07
1.020750045776367188e+00 2.333172147413772663e-07
1.024250030517578125e+00 5.558188627119505263e-07
1.027750015258789062e+00 2.984348621867628381e-07
1.031250000000000000e+00 3.263128360821622810e-07
1.034749984741210938e+00 1.387804846430449520e-07
1.038249969482421875e+00 2.492248629633481061e-07
1.041749954223632812e+00 2.385735625669270102e-09
1.045249938964843750e+00 2.681342008116803281e-07
1.048750042915344238e+00 2.574756283586557953e-07
1.052250027656555176e+00 9.101496119824224013e-08
1.055750012397766113e+00 2.229285915948086867e-07
1.059249997138977051e+00 2.117913355019328430e-07
1.062749981880187988e+00 1.042084014322433230e-07
1.066249966621398926e+00 1.844834403876456338e-08
1.069749951362609863e+00 4.231016215104409277e-07
1.073250055313110352e+00 1.378206100602887498e-07
1.076750040054321289e+00 7.797377962420143513e-08
1.080250024795532227e+00 1.865902748926834636e-07
1.083750009536743164e+00 6.080657613066759748e-08
1.087249994277954102e+00 3.808334988600731513e-08
1.090749979019165039e+00 9.088240092760407239e-08
1.094249963760375977e+00 1.496346588657162240e-07
1.097749948501586914e+00 1.100294363543044640e-07
1.101249933242797852e+00 1.589782466673774460e-07
1.104750037193298340e+00 9.590369579111111912e-08
1.108250021934509277e+00 1.159468369791459597e-07
1.111750006675720215e+00 0.000000000000000000e+00
1.115249991416931152e+00 0.000000000000000000e+00
1.118749976158142090e+00 7.349332665839368039e-08
1.122249960899353027e+00 1.145675594097256513e-07
1.125750064849853516e+00 5.628861696941032062e-08
1.129250049591064453e+00 1.792044717867732655e-08
1.132750034332275391e+00 2.433975939399185400e-08
1.136250019073486328e+00 5.500010488766068692e-08
1.139750003814697266e+00 1.753658247903964932e-07
1.143249988555908203e+00 0.000000000000000000e+00
1.146749973297119141e+00 1.172890276271473939e-07
1.150249958038330078e+00 1.027737542833614245e-07
1.153749942779541016e+00 8.946808241399392790e-08
1.157250046730041504e+00 0.000000000000000000e+00
1.160750031471252441e+00 4.404997854588283720e-08
1.164250016212463379e+00 1.957086661999241560e-07
1.167750000953674316e+00 8.465305566237867756e-08
1.171249985694885254e+00 1.294329765289289569e-09
1.174749970436096191e+00 1.255276214954081162e-07
1.178249955177307129e+00 8.437508746372480744e-08
1.181750059127807617e+00 1.991706289001539082e-07
1.185250043869018555e+00 1.405971834588729262e-07
1.188750028610229492e+00 1.189369007060301083e-07
1.192250013351440430e+00 1.131282756654224897e-07
1.195749998092651367e+00 2.596742180992765989e-07
1.199249982833862305e+00 1.224348446875855205e-07
1.202749967575073242e+00 2.318804528194688351e-07
1.206249952316284180e+00 0.000000000000000000e+00
1.209749937057495117e+00 3.516691605038098985e-07
1.213250041007995605e+00 2.229722854534434658e-07
1.216750025749206543e+00 1.199571725231656733e-07
1.220250010490417480e+00 0.000000000000000000e+00
1.223749995231628418e+00 2.848576176125601546e-07
1.227249979972839355e+00 0.000000000000000000e+00
1.230749964714050293e+00 0.000000000000000000e+00
1.234249949455261230e+00 1.765390426981042365e-07
1.237750053405761719e+00 2.100668991534339057e-07
1.241250038146972656e+00 0.000000000000000000e+00
1.244750022888183594e+00 1.231594535302549335e-07
1.248250007629394531e+00 2.067212992357602005e-07
1.251749992370605469e+00 3.355789807555050522e-07
1.255249977111816406e+00 3.061012547757333309e-07
1.258749961853027344e+00 2.088158968917131694e-07
1.262249946594238281e+00 1.673037535075074446e-07
1.265750050544738770e+00 0.000000000000000000e+00
1.269250035285949707e+00 2.377287217294091259e-07
1.272750020027160645e+00 1.093631010284438366e-07
1.276250004768371582e+00 2.466618037977941698e-07
1.279749989509582520e+00 2.487302742219544149e-07
1.283249974250793457e+00 2.317754494751695586e-07
1.286749958992004395e+00 2.651794797519510758e-07
1.290250062942504883e+00 0.000000000000000000e+00
1.293750047683715820e+00 2.655089141642217728e-07
1.297250032424926758e+00 0.000000000000000000e+00
1.300750017166137695e+00 0.000000000000000000e+00
1.304250001907348633e+00 0.000000000000000000e+00
1.307749986648559570e+00 3.210484763805960008e-07
1.311249971389770508e+00 2.808486958156096209e-07
1.314749956130981445e+00 0.000000000000000000e+00
1.318249940872192383e+00 3.406067592721485888e-07
1.321750044822692871e+00 0.000000000000000000e+00
1.325250029563903809e+00 0.000000000000000000e+00
1.328750014305114746e+00 0.000000000000000000e+00
1.332249999046325684e+00 0.000000000000000000e+00
1.335749983787536621e+00 0.000000000000000000e+00
1.339249968528747559e+00 0.000000000000000000e+00
1.342749953269958496e+00 0.000000000000000000e+00
1.346250057220458984e+00 3.777457436131600241e-07
1.349750041961669922e+00 0.000000000000000000e+00
1.353250026702880859e+00 0.000000000000000000e+00
1.356750011444091797e+00 0.000000000000000000e+00
1.360249996185302734e+00 3.565954733686341316e-07
1.363749980926513672e+00 0.000000000000000000e+00
1.367249965667724609e+00 4.343140728318624055e-07
1.370749950408935547e+00 4.635663447645862944e-07
1.374249935150146484e+00 0.000000000000000000e+00
1.377750039100646973e+00 0.000000000000000000e+00
1.381250023841857910e+00 0.000000000000000000e+00
1.384750008583068848e+00 0.000000000000000000e+00
1.388249993324279785e+00 5.114340765115400680e-07
1.391749978065490723e+00 5.070927208431055103e-07
1.395249962806701660e+00 0.000000000000000000e+00
1.398750066757202148e+00 5.397330557313457637e-07
1.402250051498413086e+00 4.809305015104636877e-07
1.405750036239624023e+00 0.000000000000000000e+00
1.409250020980834961e+00 0.000000000000000000e+00
1.412750005722045898e+00 0.000000000000000000e+00
1.416249990463256836e+00 0.000000000000000000e+00
1.419749975204467773e+00 0.000000000000000000e+00
1.423249959945678711e+00 6.138428686794034566e-07
1.426749944686889648e+00 0.000000000000000000e+00
1.430250048637390137e+00 0.000000000000000000e+00
1.433750033378601074e+00 0.000000000000000000e+00
1.437250018119812012e+00 0.000000000000000000e+00
1.440750002861022949e+00 0.000000000000000000e+00
1.444249987602233887e+00 0.000000000000000000e+00
1.447749972343444824e+00 0.000000000000000000e+00
1.451249957084655762e+00 0.000000000000000000e+00
1.454750061035156250e+00 0.000000000000000000e+00
1.458250045776367188e+00 0.000000000000000000e+00
1.461750030517578125e+00 0.000000000000000000e+00
1.465250015258789062e+00 7.285783795950448005e-07
1.468750000000000000e+00 0.000000000000000000e+00
1.472249984741210938e+00 0.000000000000000000e+00
1.475749969482421875e+00 0.000000000000000000e+00
1.479249954223632812e+00 0.000000000000000000e+00
1.482749938964843750e+00 0.000000000000000000e+00
1.486250042915344238e+00 0.000000000000000000e+00
1.489750027656555176e+00 0.000000000000000000e+00
1.493250012397766113e+00 0.000000000000000000e+00
1.496749997138977051e+00 0.000000000000000000e+00
1.500249981880187988e+00 0.000000000000000000e+00
1.503749966621398926e+00 0.000000000000000000e+00
1.507249951362609863e+00 0.000000000000000000e+00
1.510750055313110352e+00 0.000000000000000000e+00
1.514250040054321289e+00 0.000000000000000000e+00
1.517750024795532227e+00 0.000000000000000000e+00
1.521250009536743164e+00 0.000000000000000000e+00
1.524749994277954102e+00 0.000000000000000000e+00
1.528249979019165039e+00 0.000000000000000000e+00
1.531749963760375977e+00 0.000000000000000000e+00
1.535249948501586914e+00 0.000000000000000000e+00
1.538749933242797852e+00 0.000000000000000000e+00
1.542250037193298340e+00 0.000000000000000000e+00
1.545750021934509277e+00 0.000000000000000000e+00
1.549250006675720215e+00 0.000000000000000000e+00
1.552749991416931152e+00 0.000000000000000000e+00
1.556249976158142090e+00 0.000000000000000000e+00
1.559749960899353027e+00 0.000000000000000000e+00
1.563250064849853516e+00 0.000000000000000000e+00
1.566750049591064453e+00 0.000000000000000000e+00
1.570250034332275391e+00 0.000000000000000000e+00
1.573750019073486328e+00 1.114006099467718509e-06
1.577250003814697266e+00 0.000000000000000000e+00
1.580749988555908203e+00 0.000000000000000000e+00
1.584249973297119141e+00 0.000000000000000000e+00
1.587749958038330078e+00 0.000000000000000000e+00
1.591249942779541016e+00 0.000000000000000000e+00
1.594750046730041504e+00 0.000000000000000000e+00
1.598250031471252441e+00 0.000000000000000000e+00
1.601750016212463379e+00 0.000000000000000000e+00
1.605250000953674316e+00 0.000000000000000000e+00
1.608749985694885254e+00 0.000000000000000000e+00
1.612249970436096191e+00 0.000000000000000000e+00
1.615749955177307129e+00 0.000000000000000000e+00
1.619250059127807617e+00 0.000000000000000000e+00
1.622750043869018555e+00 0.000000000000000000e+00
1.626250028610229492e+00 0.000000000000000000e+00
1.629750013351440430e+00 0.000000000000000000e+00
1.633249998092651367e+00 0.000000000000000000e+00
1.636749982833862305e+00 0.000000000000000000e+00
1.640249967575073242e+00 0.000000000000000000e+00
1.643749952316284180e+00 0.000000000000000000e+00
1.647249937057495117e+00 0.000000000000000000e+00
1.650750041007995605e+00 0.000000000000000000e+00
1.654250025749206543e+00 0.000000000000000000e+00
1.657750010490417480e+00 0.000000000000000000e+00
1.661249995231628418e+00 0.000000000000000000e+00
1.664749979972839355e+00 0.000000000000000000e+00
1.668249964714050293e+00 0.000000000000000000e+00
1.671749949455261230e+00 0.000000000000000000e+00
1.675250053405761719e+00 0.000000000000000000e+00
1.678750038146972656e+00 0.000000000000000000e+00
1.682250022888183594e+00 0.000000000000000000e+00
1.685750007629394531e+00 0.000000000000000000e+00
1.689249992370605469e+00 0.000000000000000000e+00
1.692749977111816406e+00 0.000000000000000000e+00
1.696249961853027344e+00 0.000000000000000000e+00
1.699749946594238281e+00 0.000000000000000000e+00
1.703250050544738770e+00 0.000000000000000000e+00
1.706750035285949707e+00 0.000000000000000000e+00
1.710250020027160645e+00 0.000000000000000000e+00
1.713750004768371582e+00 0.000000000000000000e+00
1.717249989509582520e+00 0.000000000000000000e+00
1.720749974250793457e+00 0.000000000000000000e+00
1.724249958992004395e+00 0.000000000000000000e+00
1.727750062942504883e+00 0.000000000000000000e+00
1.731250047683715820e+00 0.000000000000000000e+00
1.734750032424926758e+00 0.000000000000000000e+00
1.738250017166137695e+00 0.000000000000000000e+00
1.741750001907348633e+00 0.000000000000000000e+00
1.745249986648559570e+00 0.000000000000000000e+00
1.748749971389770508e+00 0.000000000000000000e+00
1.752249956130981445e+00 0.000000000000000000e+00
1.755749940872192383e+00 0.000000000000000000e+00
1.759250044822692871e+00 0.000000000000000000e+00
1.762750029563903809e+00 0.000000000000000000e+00
1.766250014305114746e+00 0.000000000000000000e+00
1.769749999046325684e+00 0.000000000000000000e+00
1.773249983787536621e+00 0.000000000000000000e+00
1.776749968528747559e+00 0.000000000000000000e+00
1.780249953269958496e+00 0.000000000000000000e+00
1.783750057220458984e+00 0.000000000000000000e+00
1.787250041961669922e+00 0.000000000000000000e+00
1.790750026702880859e+00 0.000000000000000000e+00
1.794250011444091797e+00 0.000000000000000000e+00
1.797749996185302734e+00 0.000000000000000000e+00
1.801249980926513672e+00 0.000000000000000000e+00
1.804749965667724609e+00 0.000000000000000000e+00
1.808249950408935547e+00 0.000000000000000000e+00
1.811749935150146484e+00 0.000000000000000000e+00
1.815250039100646973e+00 0.000000000000000000e+00
1.818750023841857910e+00 0.000000000000000000e+00
1.822250008583068848e+00 0.000000000000000000e+00
1.825749993324279785e+00 0.000000000000000000e+00
1.829249978065490723e+00 0.000000000000000000e+00
1.832749962806701660e+00 0.000000000000000000e+00
1.836250066757202148e+00 0.000000000000000000e+00
1.839750051498413086e+00 0.000000000000000000e+00
1.843250036239624023e+00 0.000000000000000000e+00
1.846750020980834961e+00 0.000000000000000000e+00
1.850250005722045898e+00 0.000000000000000000e+00
1.853749990463256836e+00 0.000000000000000000e+00
1.857249975204467773e+00 0.000000000000000000e+00
1.860749959945678711e+00 0.000000000000000000e+00
1.864249944686889648e+00 0.000000000000000000e+00
1.867750048637390137e+00 0.000000000000000000e+00
1.871250033378601074e+00 0.000000000000000000e+00
1.874750018119812012e+00 0.000000000000000000e+00
1.878250002861022949e+00 0.000000000000000000e+00
1.881749987602233887e+00 0.000000000000000000e+00
1.885249972343444824e+00 0.000000000000000000e+00
1.888749957084655762e+00 0.000000000000000000e+00
1.892250061035156250e+00 0.000000000000000000e+00
1.895750045776367188e+00 0.000000000000000000e+00
1.899250030517578125e+00 0.000000000000000000e+00
1.902750015258789062e+00 0.000000000000000000e+00
1.906250000000000000e+00 0.000000000000000000e+00
1.909749984741210938e+00 0.000000000000000000e+00
1.913249969482421875e+00 0.000000000000000000e+00
1.916749954223632812e+00 0.000000000000000000e+00
1.920249938964843750e+00 0.000000000000000000e+00
1.923750042915344238e+00 0.000000000000000000e+00
1.927250027656555176e+00 0.000000000000000000e+00
1.930750012397766113e+00 0.000000000000000000e+00
1.934249997138977051e+00 0.000000000000000000e+00
1.937749981880187988e+00 0.000000000000000000e+00
1.941249966621398926e+00 0.000000000000000000e+00
1.944749951362609863e+00 0.000000000000000000e+00
1.948250055313110352e+00 0.000000000000000000e+00
1.951750040054321289e+00 0.000000000000000000e+00
1.955250024795532227e+00 0.000000000000000000e+00
1.958750009536743164e+00 0.000000000000000000e+00
1.962249994277954102e+00 0.000000000000000000e+00
1.965749979019165039e+00 0.000000000000000000e+00
1.969249963760375977e+00 0.000000000000000000e+00
1.972749948501586914e+00 0.000000000000000000e+00
1.976249933242797852e+00 0.000000000000000000e+00
1.979750037193298340e+00 0.000000000000000000e+00
1.983250021934509277e+00 0.000000000000000000e+00
1.986750006675720215e+00 0.000000000000000000e+00
1.990249991416931152e+00 0.000000000000000000e+00
1.993749976158142090e+00 0.000000000000000000e+00
1.997249960899353027e+00 0.000000000000000000e+00
2.000750064849853516e+00 0.000000000000000000e+00
2.004250049591064453e+00 0.000000000000000000e+00
2.007750034332275391e+00 0.000000000000000000e+00
2.011250019073486328e+00 0.000000000000000000e+00
2.014750003814697266e+00 0.000000000000000000e+00
2.018249988555908203e+00 0.000000000000000000e+00
2.021749973297119141e+00 0.000000000000000000e+00
2.025249958038330078e+00 0.000000000000000000e+00
2.028749942779541016e+00 0.000000000000000000e+00
2.032249927520751953e+00 0.000000000000000000e+00
2.035749912261962891e+00 0.000000000000000000e+00
2.039249897003173828e+00 0.000000000000000000e+00
2.042749881744384766e+00 0.000000000000000000e+00
2.046250104904174805e+00 0.000000000000000000e+00
2.049750089645385742e+00 0.000000000000000000e+00
2.053250074386596680e+00 0.000000000000000000e+00
2.056750059127807617e+00 0.000000000000000000e+00
2.060250043869018555e+00 0.000000000000000000e+00
2.063750028610229492e+00 0.000000000000000000e+00
2.067250013351440430e+00 0.000000000000000000e+00
2.070749998092651367e+00 0.000000000000000000e+00
2.074249982833862305e+00 0.000000000000000000e+00
2.077749967575073242e+00 0.000000000000000000e+00
2.081249952316284180e+00 0.000000000000000000e+00
2.084749937057495117e+00 0.000000000000000000e+00
2.088249921798706055e+00 0.000000000000000000e+00
2.091749906539916992e+00 0.000000000000000000e+00
2.095249891281127930e+00 0.000000000000000000e+00
2.098750114440917969e+00 0.000000000000000000e+00
2.102250099182128906e+00 0.000000000000000000e+00
2.105750083923339844e+00 0.000000000000000000e+00
2.109250068664550781e+00 0.000000000000000000e+00
2.112750053405761719e+00 0.000000000000000000e+00
2.116250038146972656e+00 0.000000000000000000e+00
2.119750022888183594e+00 0.000000000000000000e+00
2.123250007629394531e+00 0.000000000000000000e+00
2.126749992370605469e+00 0.000000000000000000e+00
2.130249977111816406e+00 0.000000000000000000e+00
2.133749961853027344e+00 0.000000000000000000e+00
2.137249946594238281e+00 0.000000000000000000e+00
2.140749931335449219e+00 0.000000000000000000e+00
2.144249916076660156e+00 0.000000000000000000e+00
2.147749900817871094e+00 0.000000000000000000e+00
2.151249885559082031e+00 0.000000000000000000e+00
2.154750108718872070e+00 0.000000000000000000e+00
2.158250093460083008e+00 0.000000000000000000e+00
2.161750078201293945e+00 0.000000000000000000e+00
2.165250062942504883e+00 0.000000000000000000e+00
2.168750047683715820e+00 0.000000000000000000e+00
2.172250032424926758e+00 0.000000000000000000e+00
2.175750017166137695e+00 0.000000000000000000e+00
2.179250001907348633e+00 0.000000000000000000e+00
2.182749986648559570e+00 0.000000000000000000e+00
2.186249971389770508e+00 0.000000000000000000e+00
2.189749956130981445e+00 0.000000000000000000e+00
2.193249940872192383e+00 0.000000000000000000e+00
2.196749925613403320e+00 0.000000000000000000e+00
2.200249910354614258e+00 0.000000000000000000e+00
2.203749895095825195e+00 0.000000000000000000e+00
2.207250118255615234e+00 0.000000000000000000e+00
2.210750102996826172e+00 0.000000000000000000e+00
2.214250087738037109e+00 0.000000000000000000e+00
2.217750072479248047e+00 0.000000000000000000e+00
2.221250057220458984e+00 0.000000000000000000e+00
2.224750041961669922e+00 0.000000000000000000e+00
2.228250026702880859e+00 0.000000000000000000e+00
2.231750011444091797e+00 0.000000000000000000e+00
2.235249996185302734e+00 0.000000000000000000e+00
2.238749980926513672e+00 0.000000000000000000e+00
2.242249965667724609e+00 0.000000000000000000e+00
2.245749950408935547e+00 0.000000000000000000e+00
2.249249935150146484e+00 0.000000000000000000e+00
2.252749919891357422e+00 0.000000000000000000e+00
2.256249904632568359e+00 0.000000000000000000e+00
2.259749889373779297e+00 0.000000000000000000e+00
2.263249874114990234e+00 0.000000000000000000e+00
2.266750097274780273e+00 0.000000000000000000e+00
2.270250082015991211e+00 0.000000000000000000e+00
2.273750066757202148e+00 0.000000000000000000e+00
2.277250051498413086e+00 0.000000000000000000e+00
2.280750036239624023e+00 0.000000000000000000e+00
2.284250020980834961e+00 0.000000000000000000e+00
2.287750005722045898e+00 0.000000000000000000e+00
2.291249990463256836e+00 0.000000000000000000e+00
2.294749975204467773e+00 0.000000000000000000e+00
2.298249959945678711e+00 0.000000000000000000e+00
2.301749944686889648e+00 0.000000000000000000e+00
2.305249929428100586e+00 0.000000000000000000e+00
2.308749914169311523e+00 0.000000000000000000e+00
2.312249898910522461e+00 0.000000000000000000e+00
2.315750122070312500e+00 0.000000000000000000e+00
2.319250106811523438e+00 0.000000000000000000e+00
2.322750091552734375e+00 0.000000000000000000e+00
2.326250076293945312e+00 0.000000000000000000e+00
2.329750061035156250e+00 0.000000000000000000e+00
2.333250045776367188e+00 0.000000000000000000e+00
2.336750030517578125e+00 0.000000000000000000e+00
2.340250015258789062e+00 0.000000000000000000e+00
2.343750000000000000e+00 0.000000000000000000e+00
2.347249984741210938e+00 0.000000000000000000e+00
2.350749969482421875e+00 0.000000000000000000e+00
2.354249954223632812e+00 0.000000000000000000e+00
2.357749938964843750e+00 0.000000000000000000e+00
2.361249923706054688e+00 0.000000000000000000e+00
2.364749908447265625e+00 0.000000000000000000e+00
2.368249893188476562e+00 0.000000000000000000e+00
2.371749877929687500e+00 0.000000000000000000e+00
2.375250101089477539e+00 0.000000000000000000e+00
2.378750085830688477e+00 0.000000000000000000e+00
2.382250070571899414e+00 0.000000000000000000e+00
2.385750055313110352e+00 0.000000000000000000e+00
2.389250040054321289e+00 0.000000000000000000e+00
2.392750024795532227e+00 0.000000000000000000e+00
2.396250009536743164e+00 0.000000000000000000e+00
2.399749994277954102e+00 0.000000000000000000e+00
2.403249979019165039e+00 0.000000000000000000e+00
2.406749963760375977e+00 0.000000000000000000e+00
2.410249948501586914e+00 0.000000000000000000e+00
2.413749933242797852e+00 0.000000000000000000e+00
2.417249917984008789e+00 0.000000000000000000e+00
2.420749902725219727e+00 0.000000000000000000e+00
2.424250125885009766e+00 0.000000000000000000e+00
2.427750110626220703e+00 0.000000000000000000e+00
2.431250095367431641e+00 0.000000000000000000e+00
2.434750080108642578e+00 0.000000000000000000e+00
2.438250064849853516e+00 0.000000000000000000e+00
2.441750049591064453e+00 0.000000000000000000e+00
2.445250034332275391e+00 0.000000000000000000e+00
2.448750019073486328e+00 0.000000000000000000e+00
2.452250003814697266e+00 0.000000000000000000e+00
2.455749988555908203e+00 0.000000000000000000e+00
2.459249973297119141e+00 0.000000000000000000e+00
2.462749958038330078e+00 0.000000000000000000e+00
2.466249942779541016e+00 0.000000000000000000e+00
2.469749927520751953e+00 0.000000000000000000e+00
2.473249912261962891e+00 0.000000000000000000e+00
2.476749897003173828e+00 0.000000000000000000e+00
2.480249881744384766e+00 0.000000000000000000e+00
2.483750104904174805e+00 0.000000000000000000e+00
2.487250089645385742e+00 0.000000000000000000e+00
2.490750074386596680e+00 0.000000000000000000e+00
2.494250059127807617e+00 0.000000000000000000e+00
2.497750043869018555e+00 0.000000000000000000e+00
2.501250028610229492e+00 0.000000000000000000e+00
2.504750013351440430e+00 0.000000000000000000e+00
2.508249998092651367e+00 0.000000000000000000e+00
2.511749982833862305e+00 0.000000000000000000e+00
2.515249967575073242e+00 0.000000000000000000e+00
2.518749952316284180e+00 0.000000000000000000e+00
2.522249937057495117e+00 0.000000000000000000e+00
2.525749921798706055e+00 0.000000000000000000e+00
2.529249906539916992e+00 0.000000000000000000e+00
2.532749891281127930e+00 0.000000000000000000e+00
2.536250114440917969e+00 0.000000000000000000e+00
2.539750099182128906e+00 0.000000000000000000e+00
2.543250083923339844e+00 0.000000000000000000e+00
2.546750068664550781e+00 0.000000000000000000e+00
2.550250053405761719e+00 0.000000000000000000e+00
2.553750038146972656e+00 0.000000000000000000e+00
2.557250022888183594e+00 0.000000000000000000e+00
2.560750007629394531e+00 0.000000000000000000e+00
2.564249992370605469e+00 0.000000000000000000e+00
2.567749977111816406e+00 0.000000000000000000e+00
2.571249961853027344e+00 0.000000000000000000e+00
2.574749946594238281e+00 0.000000000000000000e+00
2.578249931335449219e+00 0.000000000000000000e+00
2.581749916076660156e+00 0.000000000000000000e+00
2.585249900817871094e+00 0.000000000000000000e+00
2.588749885559082031e+00 0.000000000000000000e+00
2.592250108718872070e+00 0.000000000000000000e+00
2.595750093460083008e+00 0.000000000000000000e+00
2.599250078201293945e+00 0.000000000000000000e+00
2.602750062942504883e+00 0.000000000000000000e+00
2.606250047683715820e+00 0.000000000000000000e+00
2.609750032424926758e+00 0.000000000000000000e+00
2.613250017166137695e+00 0.000000000000000000e+00
2.616750001907348633e+00 0.000000000000000000e+00
2.620249986648559570e+00 0.000000000000000000e+00
2.623749971389770508e+00 0.000000000000000000e+00
2.627249956130981445e+00 0.000000000000000000e+00
2.630749940872192383e+00 0.000000000000000000e+00
2.634249925613403320e+00 0.000000000000000000e+00
2.637749910354614258e+00 0.000000000000000000e+00
2.641249895095825195e+00 0.000000000000000000e+00
2.644750118255615234e+00 0.000000000000000000e+00
2.648250102996826172e+00 0.000000000000000000e+00
2.651750087738037109e+00 0.000000000000000000e+00
2.655250072479248047e+00 0.000000000000000000e+00
2.658750057220458984e+00 0.000000000000000000e+00
2.662250041961669922e+00 0.000000000000000000e+00
2.665750026702880859e+00 0.000000000000000000e+00
2.669250011444091797e+00 0.000000000000000000e+00
2.672749996185302734e+00 0.000000000000000000e+00
2.676249980926513672e+00 0.000000000000000000e+00
2.679749965667724609e+00 0.000000000000000000e+00
2.683249950408935547e+00 0.000000000000000000e+00
2.686749935150146484e+00 0.000000000000000000e+00
2.690249919891357422e+00 0.000000000000000000e+00
2.693749904632568359e+00 0.000000000000000000e+00
2.697249889373779297e+00 0.000000000000000000e+00
2.700749874114990234e+00 0.000000000000000000e+00
2.704250097274780273e+00 0.000000000000000000e+00
2.707750082015991211e+00 0.000000000000000000e+00
2.711250066757202148e+00 0.000000000000000000e+00
2.714750051498413086e+00 0.000000000000000000e+00
2.718250036239624023e+00 0.000000000000000000e+00
2.721750020980834961e+00 0.000000000000000000e+00
2.725250005722045898e+00 0.000000000000000000e+00
2.728749990463256836e+00 0.000000000000000000e+00
2.732249975204467773e+00 0.000000000000000000e+00
2.735749959945678711e+00 0.000000000000000000e+00
2.739249944686889648e+00 0.000000000000000000e+00
2.742749929428100586e+00 0.000000000000000000e+00
2.746249914169311523e+00 0.000000000000000000e+00
2.749749898910522461e+00 0.000000000000000000e+00
2.753250122070312500e+00 0.000000000000000000e+00
2.756750106811523438e+00 0.000000000000000000e+00
2.760250091552734375e+00 0.000000000000000000e+00
2.763750076293945312e+00 0.000000000000000000e+00
2.767250061035156250e+00 0.000000000000000000e+00
2.770750045776367188e+00 0.000000000000000000e+00
2.774250030517578125e+00 0.000000000000000000e+00
2.777750015258789062e+00 0.000000000000000000e+00
2.781250000000000000e+00 0.000000000000000000e+00
2.784749984741210938e+00 0.000000000000000000e+00
2.788249969482421875e+00 0.000000000000000000e+00
2.791749954223632812e+00 0.000000000000000000e+00
2.795249938964843750e+00 0.000000000000000000e+00
2.798749923706054688e+00 0.000000000000000000e+00
2.802249908447265625e+00 0.000000000000000000e+00
2.805749893188476562e+00 0.000000000000000000e+00
2.809249877929687500e+00 0.000000000000000000e+00
2.812750101089477539e+00 0.000000000000000000e+00
2.816250085830688477e+00 0.000000000000000000e+00
2.819750070571899414e+00 0.000000000000000000e+00
2.823250055313110352e+00 0.000000000000000000e+00
2.826750040054321289e+00 0.000000000000000000e+00
2.830250024795532227e+00 0.000000000000000000e+00
2.833750009536743164e+00 0.000000000000000000e+00
2.837249994277954102e+00 0.000000000000000000e+00
2.840749979019165039e+00 0.000000000000000000e+00
2.844249963760375977e+00 0.000000000000000000e+00
2.847749948501586914e+00 0.000000000000000000e+00
2.851249933242797852e+00 0.000000000000000000e+00
2.854749917984008789e+00 0.000000000000000000e+00
2.858249902725219727e+00 0.000000000000000000e+00
2.861750125885009766e+00 0.000000000000000000e+00
2.865250110626220703e+00 0.000000000000000000e+00
2.868750095367431641e+00 0.000000000000000000e+00
2.872250080108642578e+00 0.000000000000000000e+00
2.875750064849853516e+00 0.000000000000000000e+00
2.879250049591064453e+00 0.000000000000000000e+00
2.882750034332275391e+00 0.000000000000000000e+00
2.886250019073486328e+00 0.000000000000000000e+00
2.889750003814697266e+00 0.000000000000000000e+00
2.893249988555908203e+00 0.000000000000000000e+00
2.896749973297119141e+00 0.000000000000000000e+00
2.900249958038330078e+00 0.000000000000000000e+00
2.903749942779541016e+00 0.000000000000000000e+00
2.907249927520751953e+00 0.000000000000000000e+00
2.910749912261962891e+00 0.000000000000000000e+00
2.914249897003173828e+00 0.000000000000000000e+00
2.917749881744384766e+00 0.000000000000000000e+00
2.921250104904174805e+00 0.000000000000000000e+00
2.924750089645385742e+00 0.000000000000000000e+00
2.928250074386596680e+00 0.000000000000000000e+00
2.931750059127807617e+00 0.000000000000000000e+00
2.935250043869018555e+00 0.000000000000000000e+00
2.938750028610229492e+00 0.000000000000000000e+00
2.942250013351440430e+00 0.000000000000000000e+00
2.945749998092651367e+00 0.000000000000000000e+00
2.949249982833862305e+00 0.000000000000000000e+00
2.952749967575073242e+00 0.000000000000000000e+00
2.956249952316284180e+00 0.000000000000000000e+00
2.959749937057495117e+00 0.000000000000000000e+00
2.963249921798706055e+00 0.000000000000000000e+00
2.966749906539916992e+00 0.000000000000000000e+00
2.970249891281127930e+00 0.000000000000000000e+00
2.973750114440917969e+00 0.000000000000000000e+00
2.977250099182128906e+00 0.000000000000000000e+00
2.980750083923339844e+00 0.000000000000000000e+00
2.984250068664550781e+00 0.000000000000000000e+00
2.987750053405761719e+00 0.000000000000000000e+00
2.991250038146972656e+00 0.000000000000000000e+00
2.994750022888183594e+00 0.000000000000000000e+00
2.998250007629394531e+00 0.000000000000000000e+00
