-4.982500076293945312e-01 0.000000000000000000e+00
-4.947499930858612061e-01 0.000000000000000000e+00
-4.912499785423278809e-01 0.000000000000000000e+00
-4.877499938011169434e-01 0.000000000000000000e+00
-4.842500090599060059e-01 0.000000000000000000e+00
-4.807499945163726807e-01 0.000000000000000000e+00
-4.772499799728393555e-01 0.000000000000000000e+00
-4.737499952316284180e-01 0.000000000000000000e+00
-4.702500104904174805e-01 0.000000000000000000e+00
-4.667499959468841553e-01 0.000000000000000000e+00
-4.632499814033508301e-01 0.000000000000000000e+00
-4.597499966621398926e-01 0.000000000000000000e+00
-4.562500119209289551e-01 0.000000000000000000e+00
-4.527499973773956299e-01 0.000000000000000000e+00
-4.492499828338623047e-01 0.000000000000000000e+00
-4.457499980926513672e-01 0.000000000000000000e+00
-4.422500133514404297e-01 0.000000000000000000e+00
-4.387499988079071045e-01 0.000000000000000000e+00
-4.352499842643737793e-01 0.000000000000000000e+00
-4.317499995231628418e-01 0.000000000000000000e+00
-4.282500147819519043e-01 0.000000000000000000e+00
-4.247500002384185791e-01 0.000000000000000000e+00
-4.212499856948852539e-01 0.000000000000000000e+00
-4.177500009536743164e-01 0.000000000000000000e+00
-4.142500162124633789e-01 0.000000000000000000e+00
-4.107500016689300537e-01 0.000000000000000000e+00
-4.072499871253967285e-01 0.000000000000000000e+00
-4.037500023841857910e-01 0.000000000000000000e+00
-4.002500176429748535e-01 0.000000000000000000e+00
-3.967500030994415283e-01 0.000000000000000000e+00
-3.932499885559082031e-01 0.000000000000000000e+00
-3.897500038146972656e-01 0.000000000000000000e+00
-3.862500190734863281e-01 0.000000000000000000e+00
-3.827500045299530029e-01 0.000000000000000000e+00
-3.792499899864196777e-01 0.000000000000000000e+00
-3.757500052452087402e-01 0.000000000000000000e+00
-3.722500205039978027e-01 0.000000000000000000e+00
-3.687500059604644775e-01 0.000000000000000000e+00
-3.652499914169311523e-01 0.000000000000000000e+00
-3.617500066757202148e-01 0.000000000000000000e+00
-3.582500219345092773e-01 0.000000000000000000e+00
-3.547499775886535645e-01 0.000000000000000000e+00
-3.512499928474426270e-01 0.000000000000000000e+00
-3.477500081062316895e-01 0.000000000000000000e+00
-3.442499935626983643e-01 0.000000000000000000e+00
-3.407499790191650391e-01 0.000000000000000000e+00
-3.372499942779541016e-01 0.000000000000000000e+00
-3.337500095367431641e-01 0.000000000000000000e+00
-3.302499949932098389e-01 0.000000000000000000e+00
-3.267499804496765137e-01 0.000000000000000000e+00
-3.232499957084655762e-01 0.000000000000000000e+00
-3.197500109672546387e-01 0.000000000000000000e+00
-3.162499964237213135e-01 0.000000000000000000e+00
-3.127499818801879883e-01 0.000000000000000000e+00
-3.092499971389770508e-01 0.000000000000000000e+00
-3.057500123977661133e-01 0.000000000000000000e+00
-3.022499978542327881e-01 0.000000000000000000e+00
-2.987499833106994629e-01 0.000000000000000000e+00
-2.952499985694885254e-01 0.000000000000000000e+00
-2.917500138282775879e-01 0.000000000000000000e+00
-2.882499992847442627e-01 0.000000000000000000e+00
-2.847499847412109375e-01 0.000000000000000000e+00
-2.812500000000000000e-01 0.000000000000000000e+00
-2.777500152587890625e-01 0.000000000000000000e+00
-2.742500007152557373e-01 0.000000000000000000e+00
-2.707499861717224121e-01 0.000000000000000000e+00
-2.672500014305114746e-01 0.000000000000000000e+00
-2.637500166893005371e-01 0.000000000000000000e+00
-2.602500021457672119e-01 0.000000000000000000e+00
-2.567499876022338867e-01 0.000000000000000000e+00
-2.532500028610229492e-01 0.000000000000000000e+00
-2.497500032186508179e-01 0.000000000000000000e+00
-2.462500035762786865e-01 0.000000000000000000e+00
-2.427499890327453613e-01 0.000000000000000000e+00
-2.392500042915344238e-01 0.000000000000000000e+00
-2.357499897480010986e-01 0.000000000000000000e+00
-2.322500050067901611e-01 0.000000000000000000e+00
-2.287499904632568359e-01 0.000000000000000000e+00
-2.252500057220458984e-01 0.000000000000000000e+00
-2.217499911785125732e-01 0.000000000000000000e+00
-2.182500064373016357e-01 0.000000000000000000e+00
-2.147499918937683105e-01 0.000000000000000000e+00
-2.112500071525573730e-01 0.000000000000000000e+00
-2.077499926090240479e-01 0.000000000000000000e+00
-2.042500078678131104e-01 0.000000000000000000e+00
-2.007499933242797852e-01 0.000000000000000000e+00
-1.972500085830688477e-01 0.000000000000000000e+00
-1.937499940395355225e-01 0.000000000000000000e+00
-1.902500092983245850e-01 0.000000000000000000e+00
-1.867499947547912598e-01 0.000000000000000000e+00
-1.832500100135803223e-01 4.758873769028818082e-06
-1.797499954700469971e-01 0.000000000000000000e+00
-1.762500107288360596e-01 1.412291776249523875e-05
-1.727499961853027344e-01 4.668003758238501083e-06
-1.692500114440917969e-01 3.721670122277657863e-05
-1.657499969005584717e-01 1.155962628384618065e-04
-1.622500121593475342e-01 2.158447982737580790e-04
-1.587499976158142090e-01 6.526138999690710759e-04
-1.552500128746032715e-01 1.587778282063147771e-03
-1.517499983310699463e-01 2.872275468232653260e-03
-1.482500135898590088e-01 5.642584329514714094e-03
-1.447499990463256836e-01 1.058029695793838258e-02
-1.412500143051147461e-01 1.963115186618915806e-02
-1.377499997615814209e-01 3.389487917939000561e-02
-1.342500001192092896e-01 5.631489620859140427e-02
-1.307500004768371582e-01 9.068482766707358644e-02
-1.272499859333038330e-01 1.424772983053385622e-01
-1.237500011920928955e-01 2.156809444874170922e-01
-1.202500015497207642e-01 3.144073262100411381e-01
-1.167500019073486328e-01 4.464567707057630064e-01
-1.132500022649765015e-01 6.161494485558864920e-01
-1.097500026226043701e-01 8.249158276914556609e-01
-1.062500029802322388e-01 1.074526346115711739e+00
-1.027500033378601074e-01 1.373209185021296630e+00
-9.925000369548797607e-02 1.714993609420466747e+00
-9.574999660253524780e-02 2.097603538785718147e+00
-9.224999696016311646e-02 2.526931851341631230e+00
-8.874999731779098511e-02 2.970979145452523174e+00
-8.524999767541885376e-02 3.450509549024807221e+00
-8.174999803304672241e-02 3.940929008776276277e+00
-7.824999839067459106e-02 4.443000983603320186e+00
-7.474999874830245972e-02 4.927686431860654359e+00
-7.124999910593032837e-02 5.405208677349617297e+00
-6.774999946355819702e-02 5.861855995758125104e+00
-6.424999982118606567e-02 6.277969930898673390e+00
-6.075000017881393433e-02 6.673515367424966094e+00
-5.725000053644180298e-02 7.011383245068808279e+00
-5.375000089406967163e-02 7.284824666211703104e+00
-5.025000125169754028e-02 7.530565643907463524e+00
-4.675000160932540894e-02 7.721580363996836560e+00
-4.325000196695327759e-02 7.862252469455121684e+00
-3.974999859929084778e-02 7.953067371315959200e+00
-3.624999895691871643e-02 7.982983201666601580e+00
-3.274999931454658508e-02 7.962968031584464867e+00
-2.924999967217445374e-02 7.899679620905851074e+00
-2.575000002980232239e-02 7.801991694750990192e+00
-2.225000038743019104e-02 7.678160464658048134e+00
-1.875000074505805969e-02 7.519450249652195772e+00
-1.525000110268592834e-02 7.312751727352899245e+00
-1.174999959766864777e-02 7.095485537446434954e+00
-8.249999955296516418e-03 6.867184866558470269e+00
-4.750000312924385071e-03 6.621553916134485185e+00
-1.249999972060322762e-03 6.360781163604635857e+00
2.250000135973095894e-03 6.107524844272192333e+00
5.750000011175870895e-03 5.833247322147345315e+00
9.250000119209289551e-03 5.564618975247333843e+00
1.274999976158142090e-02 5.307099988028143756e+00
1.624999940395355225e-02 5.032624886597685254e+00
1.974999904632568359e-02 4.768690800392627160e+00
2.325000055134296417e-02 4.517648300722977517e+00
2.675000019371509552e-02 4.266592651483344767e+00
3.025000169873237610e-02 4.025030641756585759e+00
3.375000134110450745e-02 3.788562495272113306e+00
3.725000098347663879e-02 3.563279213828813408e+00
4.075000062584877014e-02 3.353024179771671776e+00
4.425000026822090149e-02 3.143941677271933077e+00
4.774999991059303284e-02 2.942909637504878440e+00
5.124999955296516418e-02 2.761558225958070434e+00
5.474999919533729553e-02 2.587385105359532922e+00
5.824999883770942688e-02 2.416601428200367163e+00
6.175000220537185669e-02 2.259135868366106692e+00
6.525000184774398804e-02 2.110309530528208910e+00
6.875000149011611938e-02 1.973057241759490932e+00
7.225000113248825073e-02 1.843519631540334602e+00
7.575000077486038208e-02 1.715077610556143384e+00
7.925000041723251343e-02 1.600631329876499143e+00
8.275000005960464478e-02 1.489729006102051612e+00
8.624999970197677612e-02 1.395498896765868801e+00
8.974999934434890747e-02 1.292930723871512422e+00
9.324999898672103882e-02 1.206743204852231743e+00
9.674999862909317017e-02 1.128274793322907810e+00
1.002499982714653015e-01 1.046143989605605729e+00
1.037499979138374329e-01 9.745447239565701025e-01
1.072499975562095642e-01 9.124633918724625037e-01
1.107499971985816956e-01 8.435862646207936688e-01
1.142499968409538269e-01 7.870082117281511636e-01
1.177499964833259583e-01 7.350312286007792961e-01
1.212500035762786865e-01 6.833725654110541781e-01
1.247500032186508179e-01 6.373193569426408578e-01
1.282500028610229492e-01 5.950625529805760872e-01
1.317499876022338867e-01 5.543122010571595037e-01
1.352500021457672119e-01 5.174575149556966958e-01
1.387499868869781494e-01 4.794540040435514849e-01
1.422500014305114746e-01 4.485387427967338914e-01
1.457499861717224121e-01 4.155572024736514658e-01
1.492500007152557373e-01 3.888307162527676608e-01
1.527499854564666748e-01 3.645955728617588099e-01
1.562500000000000000e-01 3.393816033925267650e-01
1.597500145435333252e-01 3.160226853860705343e-01
1.632499992847442627e-01 2.936413676624360924e-01
1.667500138282775879e-01 2.754893073045713847e-01
1.702499985694885254e-01 2.578360228005840415e-01
1.737500131130218506e-01 2.402188868232684460e-01
1.772499978542327881e-01 2.247008482108618088e-01
1.807500123977661133e-01 2.082687515571604309e-01
1.842499971389770508e-01 1.953938614540366714e-01
1.877500116825103760e-01 1.821295711196716516e-01
1.912499964237213135e-01 1.717546473593073719e-01
1.947500109672546387e-01 1.592260389039572011e-01
1.982499957084655762e-01 1.497598449078126337e-01
2.017500102519989014e-01 1.397525983566441365e-01
2.052499949932098389e-01 1.318632220100416641e-01
2.087500095367431641e-01 1.229750432669126231e-01
2.122499942779541016e-01 1.142222547614720751e-01
2.157500088214874268e-01 1.075953434291167937e-01
2.192499935626983643e-01 1.017200147842566987e-01
2.227500081062316895e-01 9.467944856038755519e-02
2.262499928474426270e-01 8.960924649363624650e-02
2.297500073909759521e-01 8.332753932819488007e-02
2.332499921321868896e-01 7.861106195816555675e-02
2.367500066757202148e-01 7.341190909909990625e-02
2.402499914169311523e-01 6.905741453178966538e-02
2.437500059604644775e-01 6.479537422622339005e-02
2.472499907016754150e-01 6.111686273219498616e-02
2.507500052452087402e-01 5.736492207396662324e-02
2.542499899864196777e-01 5.447005905674708048e-02
2.577500045299530029e-01 5.078556295147729910e-02
2.612500190734863281e-01 4.749852594235162012e-02
2.647500038146972656e-01 4.488339012070119427e-02
2.682499885559082031e-01 4.237128176782684746e-02
2.717500030994415283e-01 3.975776717862037485e-02
2.752500176429748535e-01 3.700170961295751182e-02
2.787500023841857910e-01 3.544608658215932934e-02
2.822499871253967285e-01 3.327783993502542864e-02
2.857500016689300537e-01 3.089236107116625010e-02
2.892500162124633789e-01 2.938629755410227667e-02
2.927500009536743164e-01 2.772652130547043764e-02
2.962499856948852539e-01 2.616561481136493034e-02
2.997500002384185791e-01 2.455947919709539073e-02
3.032500147819519043e-01 2.338262494602759423e-02
3.067499995231628418e-01 2.166209614064357192e-02
3.102499842643737793e-01 2.058462651975858163e-02
3.137499988079071045e-01 1.943579729639238404e-02
3.172500133514404297e-01 1.847728600071115931e-02
3.207499980926513672e-01 1.719883219362989754e-02
3.242499828338623047e-01 1.619623894000001355e-02
3.277499973773956299e-01 1.527232614188195683e-02
3.312500119209289551e-01 1.439808313148745710e-02
3.347499966621398926e-01 1.345349364373306378e-02
3.382499814033508301e-01 1.297876748328703929e-02
3.417499959468841553e-01 1.197428316057306055e-02
3.452500104904174805e-01 1.153356806561229089e-02
3.487499952316284180e-01 1.084398416111569813e-02
3.522499799728393555e-01 1.013752841942866870e-02
3.557499945163726807e-01 9.802340132084454150e-03
3.592500090599060059e-01 9.141762735293983144e-03
3.627499938011169434e-01 8.854707022766306057e-03
3.662499785423278809e-01 8.341763696287628552e-03
3.697499930858612061e-01 7.645991626341845995e-03
3.732500076293945312e-01 7.346618215467967325e-03
3.767499923706054688e-01 7.039005754457798407e-03
3.802500069141387939e-01 6.529113736423346366e-03
3.837500214576721191e-01 6.388675018349589119e-03
3.872500061988830566e-01 6.016236766312531986e-03
3.907499909400939941e-01 5.557988428476797263e-03
3.942500054836273193e-01 5.227560768497900752e-03
3.977500200271606445e-01 4.959435526608622045e-03
4.012500047683715820e-01 4.605135368623015577e-03
4.047499895095825195e-01 4.400218417082031250e-03
4.082500040531158447e-01 4.143994006879567031e-03
4.117500185966491699e-01 3.993192112412329887e-03
4.152500033378601074e-01 3.697079943940250000e-03
4.187499880790710449e-01 3.666692138789071857e-03
4.222500026226043701e-01 3.351282699037185474e-03
4.257500171661376953e-01 3.160699768654269895e-03
4.292500019073486328e-01 3.060354246596986259e-03
4.327499866485595703e-01 2.868622907324635922e-03
4.362500011920928955e-01 2.700908271888446347e-03
4.397500157356262207e-01 2.571257637782163857e-03
4.432500004768371582e-01 2.441555052294692649e-03
4.467499852180480957e-01 2.374925935424958799e-03
4.502499997615814209e-01 2.231981493482667559e-03
4.537500143051147461e-01 2.035857368244656847e-03
4.572499990463256836e-01 2.012250512122412769e-03
4.607499837875366211e-01 1.887877002732718610e-03
4.642499983310699463e-01 1.805595989228763690e-03
4.677500128746032715e-01 1.737360621439776234e-03
4.712499976158142090e-01 1.623040548671099079e-03
4.747499823570251465e-01 1.530147627822953929e-03
4.782499969005584717e-01 1.446307200929272761e-03
4.817500114440917969e-01 1.372116206979120305e-03
4.852499961853027344e-01 1.308896482277641582e-03
4.887499809265136719e-01 1.240115636393940551e-03
4.922499954700469971e-01 1.189168557311910375e-03
4.957500100135803223e-01 1.085309575140423147e-03
4.992499947547912598e-01 1.059618338034502968e-03
5.027499794960021973e-01 1.034273125918088723e-03
5.062500238418579102e-01 9.453348519142231246e-04
5.097500085830688477e-01 8.770081916981265326e-04
5.132499933242797852e-01 8.651869143341702189e-04
5.167499780654907227e-01 8.077427214867421686e-04
5.202499628067016602e-01 7.942457338653864923e-04
5.237500071525573730e-01 7.431423057995108434e-04
5.272499918937683105e-01 6.657784244750733710e-04
5.307500362396240234e-01 6.244043469130565027e-04
5.342500209808349609e-01 6.193518353020332438e-04
5.377500057220458984e-01 5.978725904031298661e-04
5.412499904632568359e-01 5.705392920163968561e-04
5.447499752044677734e-01 5.355666061327610770e-04
5.482500195503234863e-01 5.004772585318582878e-04
5.517500042915344238e-01 4.990808022820947612e-04
5.552499890327453613e-01 4.485047049872358123e-04
5.587500333786010742e-01 4.209038268018359041e-04
5.622500181198120117e-01 4.036562901135214891e-04
5.657500028610229492e-01 3.668668152524143852e-04
5.692499876022338867e-01 3.308160903741857268e-04
5.727499723434448242e-01 3.537143332509545910e-04
5.762500166893005371e-01 2.939157709318574764e-04
5.797500014305114746e-01 3.183059762458810191e-04
5.832499861717224121e-01 2.829064950315896996e-04
5.867500305175781250e-01 2.747361670867148322e-04
5.902500152587890625e-01 2.650922411008405479e-04
5.937500000000000000e-01 2.500419357269610850e-04
5.972499847412109375e-01 2.467063570977301489e-04
6.007499694824218750e-01 2.082962790279091351e-04
6.042500138282775879e-01 1.924534061956739478e-04
6.077499985694885254e-01 2.083028629451523462e-04
6.112499833106994629e-01 2.002919674366968983e-04
6.147500276565551758e-01 1.813309561235416142e-04
6.182500123977661133e-01 1.565234734705358546e-04
6.217499971389770508e-01 1.543150595429529273e-04
6.252499818801879883e-01 1.434408214647305436e-04
6.287499666213989258e-01 1.341258399577864243e-04
6.322500109672546387e-01 1.274737884588292226e-04
6.357499957084655762e-01 1.292317736682541325e-04
6.392499804496765137e-01 1.150124589744259322e-04
6.427500247955322266e-01 1.020442385646230403e-04
6.462500095367431641e-01 1.024170218648800835e-04
6.497499942779541016e-01 1.073231194451111122e-04
6.532499790191650391e-01 9.962394582461672494e-05
6.567499637603759766e-01 8.243060016012100416e-05
6.602500081062316895e-01 8.330333524863906935e-05
6.637499928474426270e-01 6.963653543732854410e-05
6.672500371932983398e-01 8.037820250085826713e-05
6.707500219345092773e-01 6.784044494357069040e-05
6.742500066757202148e-01 5.877930810748983290e-05
6.777499914169311523e-01 6.375572835708634271e-05
6.812499761581420898e-01 6.178463572902831544e-05
6.847500205039978027e-01 5.941333170649078151e-05
6.882500052452087402e-01 4.243587248599377438e-05
6.917499899864196777e-01 4.985259136307392344e-05
6.952500343322753906e-01 4.266976940317973891e-05
6.987500190734863281e-01 4.608140689468832060e-05
7.022500038146972656e-01 4.087693019530369039e-05
7.057499885559082031e-01 3.401061374772001961e-05
7.092499732971191406e-01 3.684063070192498496e-05
7.127500176429748535e-01 3.318016927417580307e-05
7.162500023841857910e-01 3.088461250271742729e-05
7.197499871253967285e-01 2.662516182378740919e-05
7.232500314712524414e-01 2.836113188951727389e-05
7.267500162124633789e-01 2.463034076087141050e-05
7.302500009536743164e-01 1.889268622800295783e-05
7.337499856948852539e-01 2.213605687565821836e-05
7.372499704360961914e-01 1.981638096376008183e-05
7.407500147819519043e-01 1.934114439454462026e-05
7.442499995231628418e-01 1.894086201358154609e-05
7.477499842643737793e-01 1.734860811505399339e-05
7.512500286102294922e-01 1.624281030861310729e-05
7.547500133514404297e-01 1.272797166287595473e-05
7.582499980926513672e-01 1.172668094426748221e-05
7.617499828338623047e-01 9.766503094137160050e-06
7.652499675750732422e-01 1.049440516858294243e-05
7.687500119209289551e-01 9.917543923554398842e-06
7.722499966621398926e-01 1.096474204471693448e-05
7.757499814033508301e-01 8.444754861972883907e-06
7.792500257492065430e-01 9.500137203646419399e-06
7.827500104904174805e-01 8.387511912864324876e-06
7.862499952316284180e-01 7.769299463082835321e-06
7.897499799728393555e-01 7.655179346176002678e-06
7.932499647140502930e-01 6.321514434287577859e-06
7.967500090599060059e-01 5.035060799239735811e-06
8.002499938011169434e-01 5.283768134038937203e-06
8.037499785423278809e-01 3.642058589728731515e-06
8.072500228881835938e-01 4.886107234643017744e-06
8.107500076293945312e-01 4.305909220321373325e-06
8.142499923706054688e-01 4.368852161571229073e-06
8.177499771118164062e-01 4.010223443820287639e-06
8.212500214576721191e-01 3.082398697430592327e-06
8.247500061988830566e-01 3.655761320170675535e-06
8.282499909400939941e-01 4.511135349755880453e-06
8.317500352859497070e-01 3.167525298224824810e-06
8.352500200271606445e-01 2.463472768288324197e-06
8.387500047683715820e-01 2.569578891855176863e-06
8.422499895095825195e-01 1.653637594318979621e-06
8.457499742507934570e-01 1.336484796986474629e-06
8.492500185966491699e-01 1.593041999192501818e-06
8.527500033378601074e-01 1.556733126058362636e-06
8.562499880790710449e-01 1.492649424142932830e-06
8.597500324249267578e-01 1.763217032269854813e-06
8.632500171661376953e-01 1.365066987321904770e-06
8.667500019073486328e-01 1.175257560825768814e-06
8.702499866485595703e-01 8.948522428738383397e-07
8.737499713897705078e-01 9.351247247868755644e-07
8.772500157356262207e-01 1.231581695053445849e-06
8.807500004768371582e-01 9.454404827488492049e-07
8.842499852180480957e-01 5.714738401777432212e-07
8.877500295639038086e-01 5.852624251276281681e-07
8.912500143051147461e-01 7.107063901786322838e-07
8.947499990463256836e-01 1.028821096070995207e-06
8.982499837875366211e-01 9.444543458576583423e-07
9.017499685287475586e-01 4.649654127568719484e-07
9.052500128746032715e-01 7.095649939753423608e-07
9.087499976158142090e-01 3.756831225195591926e-07
9.122499823570251465e-01 1.472096219722441444e-07
9.157500267028808594e-01 7.178656604124058249e-07
9.192500114440917969e-01 7.502553318531917239e-07
9.227499961853027344e-01 8.178339117350741549e-07
9.262499809265136719e-01 5.302066393776151941e-07
9.297499656677246094e-01 4.502274304164524540e-07
9.332500100135803223e-01 1.396705345193795970e-07
9.367499947547912598e-01 6.250559498887243679e-07
9.402499794960021973e-01 4.812936173777794295e-07
9.437500238418579102e-01 2.880720906352882854e-07
9.472500085830688477e-01 5.966938103468640501e-07
9.507499933242797852e-01 5.215340110606415539e-07
9.542499780654907227e-01 7.332795925793672682e-07
9.577499628067016602e-01 7.163792935487428729e-07
9.612500071525573730e-01 5.679864300377900699e-07
9.647499918937683105e-01 2.937984140803012258e-07
9.682500362396240234e-01 8.563656252514200216e-07
9.717500209808349609e-01 7.369606583015235137e-07
9.752500057220458984e-01 6.232430019234205437e-07
9.787499904632568359e-01 2.871796786560275516e-07
9.822499752044677734e-01 2.820588779065919384e-07
9.857500195503234863e-01 3.784581491018133315e-07
9.892500042915344238e-01 3.169016154747525643e-07
9.927499890327453613e-01 1.710539653514018054e-07
9.962500333786010742e-01 2.196409510402982894e-07
9.997500181198120117e-01 4.744284040457088902e-07
1.003250002861022949e+00 2.791231207851006668e-07
1.006749987602233887e+00 2.064460353776033066e-07
1.010249972343444824e+00 3.098054202582169901e-07
1.013749957084655762e+00 2.821807911769167676e-07
1.017250061035156250e+00 5.404580189550837063e-08
1.020750045776367188e+00 2.492961959267364219e-07
1.024250030517578125e+00 1.731944341448201561e-07
1.027750015258789062e+00 9.811488592384342537e-08
1.031250000000000000e+00 1.562212885824880594e-07
1.034749984741210938e+00 3.443776776627103802e-07
1.038249969482421875e+00 8.012876641321333748e-08
1.041749954223632812e+00 1.388637889747681003e-07
1.045249938964843750e+00 6.155791024059170700e-08
1.048750042915344238e+00 1.400147327894613427e-07
1.052250027656555176e+00 4.311661425643609500e-07
1.055750012397766113e+00 8.507591230026190237e-08
1.059249997138977051e+00 2.201561068274749997e-07
1.062749981880187988e+00 1.318225337687788574e-07
1.066249966621398926e+00 1.523230306215084760e-07
1.069749951362609863e+00 2.208427347561026258e-08
1.073250055313110352e+00 1.408947689340550981e-07
1.076750040054321289e+00 2.040888364120303455e-07
1.080250024795532227e+00 1.432834086906245790e-07
1.083750009536743164e+00 1.797100874278308198e-07
1.087249994277954102e+00 2.173688168384704368e-08
1.090749979019165039e+00 4.033652706594751424e-08
1.094249963760375977e+00 1.146964659882108827e-08
1.097749948501586914e+00 1.232043829004024868e-08
1.101249933242797852e+00 3.530116506000167910e-08
1.104750037193298340e+00 2.188407217038370390e-08
1.108250021934509277e+00 3.521292291207176398e-08
1.111750006675720215e+00 1.299627952677464773e-08
1.115249991416931152e+00 7.741954901689122290e-09
1.118749976158142090e+00 3.198397769546962268e-08
1.122249960899353027e+00 4.112409984539687662e-08
1.125750064849853516e+00 1.266930708495240951e-07
1.129250049591064453e+00 8.190987264192689277e-09
1.132750034332275391e+00 6.439291876713883425e-08
1.136250019073486328e+00 0.000000000000000000e+00
1.139750003814697266e+00 1.589722949437772489e-07
1.143249988555908203e+00 2.057011173639603407e-07
1.146749973297119141e+00 3.841268526501511253e-08
1.150249958038330078e+00 7.535036091892482102e-08
1.153749942779541016e+00 1.391734745235690613e-07
1.157250046730041504e+00 1.044137355963458729e-07
1.160750031471252441e+00 1.912023747012902057e-09
1.164250016212463379e+00 2.164997816087256135e-07
1.167750000953674316e+00 0.000000000000000000e+00
1.171249985694885254e+00 8.430525666819513735e-08
1.174749970436096191e+00 0.000000000000000000e+00
1.178249955177307129e+00 4.267362701732794793e-07
1.181750059127807617e+00 1.864618249460482822e-07
1.185250043869018555e+00 1.088410149581530021e-07
1.188750028610229492e+00 1.018260963062393413e-07
1.192250013351440430e+00 0.000000000000000000e+00
1.195749998092651367e+00 2.355088995838499098e-07
1.199249982833862305e+00 1.124431059981413951e-07
1.202749967575073242e+00 1.268933099012996013e-07
1.206249952316284180e+00 1.309800725009931963e-07
1.209749937057495117e+00 1.568994308823387685e-07
1.213250041007995605e+00 0.000000000000000000e+00
1.216750025749206543e+00 0.000000000000000000e+00
1.220250010490417480e+00 3.096988374681417066e-07
1.223749995231628418e+00 1.404693210640136003e-07
1.227249979972839355e+00 1.183706185947020827e-07
1.230749964714050293e+00 1.420525300720639458e-07
1.234249949455261230e+00 0.000000000000000000e+00
1.237750053405761719e+00 0.000000000000000000e+00
1.241250038146972656e+00 0.000000000000000000e+00
1.244750022888183594e+00 1.935268565591414736e-07
1.248250007629394531e+00 0.000000000000000000e+00
1.251749992370605469e+00 0.000000000000000000e+00
1.255249977111816406e+00 0.000000000000000000e+00
1.258749961853027344e+00 4.321285025727115975e-07
1.262249946594238281e+00 0.000000000000000000e+00
1.265750050544738770e+00 0.000000000000000000e+00
1.269250035285949707e+00 0.000000000000000000e+00
1.272750020027160645e+00 0.000000000000000000e+00
1.276250004768371582e+00 5.150186249733738937e-07
1.279749989509582520e+00 0.000000000000000000e+00
1.283249974250793457e+00 0.000000000000000000e+00
1.286749958992004395e+00 5.389504755075589448e-07
1.290250062942504883e+00 0.000000000000000000e+00
1.293750047683715820e+00 0.000000000000000000e+00
1.297250032424926758e+00 0.000000000000000000e+00
1.300750017166137695e+00 3.014004349341260114e-07
1.304250001907348633e+00 0.000000000000000000e+00
1.307749986648559570e+00 2.427234999949823716e-07
1.311249971389770508e+00 0.000000000000000000e+00
1.314749956130981445e+00 0.000000000000000000e+00
1.318249940872192383e+00 0.000000000000000000e+00
1.321750044822692871e+00 0.000000000000000000e+00
1.325250029563903809e+00 0.000000000000000000e+00
1.328750014305114746e+00 0.000000000000000000e+00
1.332249999046325684e+00 0.000000000000000000e+00
1.335749983787536621e+00 0.000000000000000000e+00
1.339249968528747559e+00 0.000000000000000000e+00
1.342749953269958496e+00 3.828014821854239718e-07
1.346250057220458984e+00 0.000000000000000000e+00
1.349750041961669922e+00 0.000000000000000000e+00
1.353250026702880859e+00 0.000000000000000000e+00
1.356750011444091797e+00 0.000000000000000000e+00
1.360249996185302734e+00 0.000000000000000000e+00
1.363749980926513672e+00 0.000000000000000000e+00
1.367249965667724609e+00 0.000000000000000000e+00
1.370749950408935547e+00 0.000000000000000000e+00
1.374249935150146484e+00 0.000000000000000000e+00
1.377750039100646973e+00 4.637359545538936736e-07
1.381250023841857910e+00 0.000000000000000000e+00
1.384750008583068848e+00 0.000000000000000000e+00
1.388249993324279785e+00 0.000000000000000000e+00
1.391749978065490723e+00 0.000000000000000000e+00
1.395249962806701660e+00 0.000000000000000000e+00
1.398750066757202148e+00 0.000000000000000000e+00
1.402250051498413086e+00 0.000000000000000000e+00
1.405750036239624023e+00 5.557275115553557602e-07
1.409250020980834961e+00 0.000000000000000000e+00
1.412750005722045898e+00 0.000000000000000000e+00
1.416249990463256836e+00 0.000000000000000000e+00
1.419749975204467773e+00 0.000000000000000000e+00
1.423249959945678711e+00 0.000000000000000000e+00
1.426749944686889648e+00 0.000000000000000000e+00
1.430250048637390137e+00 0.000000000000000000e+00
1.433750033378601074e+00 0.000000000000000000e+00
1.437250018119812012e+00 0.000000000000000000e+00
1.440750002861022949e+00 0.000000000000000000e+00
1.444249987602233887e+00 0.000000000000000000e+00
1.447749972343444824e+00 0.000000000000000000e+00
1.451249957084655762e+00 0.000000000000000000e+00
1.454750061035156250e+00 0.000000000000000000e+00
1.458250045776367188e+00 0.000000000000000000e+00
1.461750030517578125e+00 0.000000000000000000e+00
1.465250015258789062e+00 0.000000000000000000e+00
1.468750000000000000e+00 0.000000000000000000e+00
1.472249984741210938e+00 0.000000000000000000e+00
1.475749969482421875e+00 0.000000000000000000e+00
1.479249954223632812e+00 0.000000000000000000e+00
1.482749938964843750e+00 0.000000000000000000e+00
1.486250042915344238e+00 0.000000000000000000e+00
1.489750027656555176e+00 0.000000000000000000e+00
1.493250012397766113e+00 0.000000000000000000e+00
1.496749997138977051e+00 0.000000000000000000e+00
1.500249981880187988e+00 0.000000000000000000e+00
1.503749966621398926e+00 0.000000000000000000e+00
1.507249951362609863e+00 0.000000000000000000e+00
1.510750055313110352e+00 0.000000000000000000e+00
1.514250040054321289e+00 0.000000000000000000e+00
1.517750024795532227e+00 0.000000000000000000e+00
1.521250009536743164e+00 0.000000000000000000e+00
1.524749994277954102e+00 0.000000000000000000e+00
1.528249979019165039e+00 0.000000000000000000e+00
1.531749963760375977e+00 0.000000000000000000e+00
1.535249948501586914e+00 0.000000000000000000e+00
1.538749933242797852e+00 0.000000000000000000e+00
1.542250037193298340e+00 0.000000000000000000e+00
1.545750021934509277e+00 0.000000000000000000e+00
1.549250006675720215e+00 0.000000000000000000e+00
1.552749991416931152e+00 0.000000000000000000e+00
1.556249976158142090e+00 0.000000000000000000e+00
1.559749960899353027e+00 0.000000000000000000e+00
1.563250064849853516e+00 0.000000000000000000e+00
1.566750049591064453e+00 0.000000000000000000e+00
1.570250034332275391e+00 0.000000000000000000e+00
1.573750019073486328e+00 0.000000000000000000e+00
1.577250003814697266e+00 0.000000000000000000e+00
1.580749988555908203e+00 0.000000000000000000e+00
1.584249973297119141e+00 0.000000000000000000e+00
1.587749958038330078e+00 0.000000000000000000e+00
1.591249942779541016e+00 0.000000000000000000e+00
1.594750046730041504e+00 0.000000000000000000e+00
1.598250031471252441e+00 0.000000000000000000e+00
1.601750016212463379e+00 0.000000000000000000e+00
1.605250000953674316e+00 0.000000000000000000e+00
1.608749985694885254e+00 0.000000000000000000e+00
1.612249970436096191e+00 0.000000000000000000e+00
1.615749955177307129e+00 0.000000000000000000e+00
1.619250059127807617e+00 0.000000000000000000e+00
1.622750043869018555e+00 0.000000000000000000e+00
1.626250028610229492e+00 0.000000000000000000e+00
1.629750013351440430e+00 0.000000000000000000e+00
1.633249998092651367e+00 0.000000000000000000e+00
1.636749982833862305e+00 0.000000000000000000e+00
1.640249967575073242e+00 0.000000000000000000e+00
1.643749952316284180e+00 0.000000000000000000e+00
1.647249937057495117e+00 0.000000000000000000e+00
1.650750041007995605e+00 0.000000000000000000e+00
1.654250025749206543e+00 0.000000000000000000e+00
1.657750010490417480e+00 0.000000000000000000e+00
1.661249995231628418e+00 0.000000000000000000e+00
1.664749979972839355e+00 0.000000000000000000e+00
1.668249964714050293e+00 0.000000000000000000e+00
1.671749949455261230e+00 0.000000000000000000e+00
1.675250053405761719e+00 0.000000000000000000e+00
1.678750038146972656e+00 0.000000000000000000e+00
1.682250022888183594e+00 0.000000000000000000e+00
1.685750007629394531e+00 0.000000000000000000e+00
1.689249992370605469e+00 0.000000000000000000e+00
1.692749977111816406e+00 0.000000000000000000e+00
1.696249961853027344e+00 0.000000000000000000e+00
1.699749946594238281e+00 0.000000000000000000e+00
1.703250050544738770e+00 0.000000000000000000e+00
1.706750035285949707e+00 0.000000000000000000e+00
1.710250020027160645e+00 0.000000000000000000e+00
1.713750004768371582e+00 0.000000000000000000e+00
1.717249989509582520e+00 0.000000000000000000e+00
1.720749974250793457e+00 0.000000000000000000e+00
1.724249958992004395e+00 0.000000000000000000e+00
1.727750062942504883e+00 0.000000000000000000e+00
1.731250047683715820e+00 0.000000000000000000e+00
1.734750032424926758e+00 0.000000000000000000e+00
1.738250017166137695e+00 0.000000000000000000e+00
1.741750001907348633e+00 0.000000000000000000e+00
1.745249986648559570e+00 0.000000000000000000e+00
1.748749971389770508e+00 0.000000000000000000e+00
1.752249956130981445e+00 0.000000000000000000e+00
1.755749940872192383e+00 0.000000000000000000e+00
1.759250044822692871e+00 0.000000000000000000e+00
1.762750029563903809e+00 0.000000000000000000e+00
1.766250014305114746e+00 0.000000000000000000e+00
1.769749999046325684e+00 0.000000000000000000e+00
1.773249983787536621e+00 0.000000000000000000e+00
1.776749968528747559e+00 0.000000000000000000e+00
1.780249953269958496e+00 0.000000000000000000e+00
1.783750057220458984e+00 0.000000000000000000e+00
1.787250041961669922e+00 0.000000000000000000e+00
1.790750026702880859e+00 0.000000000000000000e+00
1.794250011444091797e+00 0.000000000000000000e+00
1.797749996185302734e+00 0.000000000000000000e+00
1.801249980926513672e+00 0.000000000000000000e+00
1.804749965667724609e+00 0.000000000000000000e+00
1.808249950408935547e+00 0.000000000000000000e+00
1.811749935150146484e+00 0.000000000000000000e+00
1.815250039100646973e+00 0.000000000000000000e+00
1.818750023841857910e+00 0.000000000000000000e+00
1.822250008583068848e+00 0.000000000000000000e+00
1.825749993324279785e+00 0.000000000000000000e+00
1.829249978065490723e+00 0.000000000000000000e+00
1.832749962806701660e+00 0.000000000000000000e+00
1.836250066757202148e+00 0.000000000000000000e+00
1.839750051498413086e+00 0.000000000000000000e+00
1.843250036239624023e+00 0.000000000000000000e+00
1.846750020980834961e+00 0.000000000000000000e+00
1.850250005722045898e+00 0.000000000000000000e+00
1.853749990463256836e+00 0.000000000000000000e+00
1.857249975204467773e+00 0.000000000000000000e+00
1.860749959945678711e+00 0.000000000000000000e+00
1.864249944686889648e+00 0.000000000000000000e+00
1.867750048637390137e+00 0.000000000000000000e+00
1.871250033378601074e+00 0.000000000000000000e+00
1.874750018119812012e+00 0.000000000000000000e+00
1.878250002861022949e+00 0.000000000000000000e+00
1.881749987602233887e+00 0.000000000000000000e+00
1.885249972343444824e+00 0.000000000000000000e+00
1.888749957084655762e+00 0.000000000000000000e+00
1.892250061035156250e+00 0.000000000000000000e+00
1.895750045776367188e+00 0.000000000000000000e+00
1.899250030517578125e+00 0.000000000000000000e+00
1.902750015258789062e+00 0.000000000000000000e+00
1.906250000000000000e+00 0.000000000000000000e+00
1.909749984741210938e+00 0.000000000000000000e+00
1.913249969482421875e+00 0.000000000000000000e+00
1.916749954223632812e+00 0.000000000000000000e+00
1.920249938964843750e+00 0.000000000000000000e+00
1.923750042915344238e+00 0.000000000000000000e+00
1.927250027656555176e+00 0.000000000000000000e+00
1.930750012397766113e+00 0.000000000000000000e+00
1.934249997138977051e+00 0.000000000000000000e+00
1.937749981880187988e+00 0.000000000000000000e+00
1.941249966621398926e+00 0.000000000000000000e+00
1.944749951362609863e+00 0.000000000000000000e+00
1.948250055313110352e+00 0.000000000000000000e+00
1.951750040054321289e+00 0.000000000000000000e+00
1.955250024795532227e+00 0.000000000000000000e+00
1.958750009536743164e+00 0.000000000000000000e+00
1.962249994277954102e+00 0.000000000000000000e+00
1.965749979019165039e+00 0.000000000000000000e+00
1.969249963760375977e+00 0.000000000000000000e+00
1.972749948501586914e+00 0.000000000000000000e+00
1.976249933242797852e+00 0.000000000000000000e+00
1.979750037193298340e+00 0.000000000000000000e+00
1.983250021934509277e+00 0.000000000000000000e+00
1.986750006675720215e+00 0.000000000000000000e+00
1.990249991416931152e+00 0.000000000000000000e+00
1.993749976158142090e+00 0.000000000000000000e+00
1.997249960899353027e+00 0.000000000000000000e+00
2.000750064849853516e+00 0.000000000000000000e+00
2.004250049591064453e+00 0.000000000000000000e+00
2.007750034332275391e+00 0.000000000000000000e+00
2.011250019073486328e+00 0.000000000000000000e+00
2.014750003814697266e+00 0.000000000000000000e+00
2.018249988555908203e+00 0.000000000000000000e+00
2.021749973297119141e+00 0.000000000000000000e+00
2.025249958038330078e+00 0.000000000000000000e+00
2.028749942779541016e+00 0.000000000000000000e+00
2.032249927520751953e+00 0.000000000000000000e+00
2.035749912261962891e+00 0.000000000000000000e+00
2.039249897003173828e+00 0.000000000000000000e+00
2.042749881744384766e+00 0.000000000000000000e+00
2.046250104904174805e+00 0.000000000000000000e+00
2.049750089645385742e+00 0.000000000000000000e+00
2.053250074386596680e+00 0.000000000000000000e+00
2.056750059127807617e+00 0.000000000000000000e+00
2.060250043869018555e+00 0.000000000000000000e+00
2.063750028610229492e+00 0.000000000000000000e+00
2.067250013351440430e+00 0.000000000000000000e+00
2.070749998092651367e+00 0.000000000000000000e+00
2.074249982833862305e+00 0.000000000000000000e+00
2.077749967575073242e+00 0.000000000000000000e+00
2.081249952316284180e+00 0.000000000000000000e+00
2.084749937057495117e+00 0.000000000000000000e+00
2.088249921798706055e+00 0.000000000000000000e+00
2.091749906539916992e+00 0.000000000000000000e+00
2.095249891281127930e+00 0.000000000000000000e+00
2.098750114440917969e+00 0.000000000000000000e+00
2.102250099182128906e+00 0.000000000000000000e+00
2.105750083923339844e+00 0.000000000000000000e+00
2.109250068664550781e+00 0.000000000000000000e+00
2.112750053405761719e+00 0.000000000000000000e+00
2.116250038146972656e+00 0.000000000000000000e+00
2.119750022888183594e+00 0.000000000000000000e+00
2.123250007629394531e+00 0.000000000000000000e+00
2.126749992370605469e+00 0.000000000000000000e+00
2.130249977111816406e+00 0.000000000000000000e+00
2.133749961853027344e+00 0.000000000000000000e+00
2.137249946594238281e+00 0.000000000000000000e+00
2.140749931335449219e+00 0.000000000000000000e+00
2.144249916076660156e+00 0.000000000000000000e+00
2.147749900817871094e+00 0.000000000000000000e+00
2.151249885559082031e+00 0.000000000000000000e+00
2.154750108718872070e+00 0.000000000000000000e+00
2.158250093460083008e+00 0.000000000000000000e+00
2.161750078201293945e+00 0.000000000000000000e+00
2.165250062942504883e+00 0.000000000000000000e+00
2.168750047683715820e+00 0.000000000000000000e+00
2.172250032424926758e+00 0.000000000000000000e+00
2.175750017166137695e+00 0.000000000000000000e+00
2.179250001907348633e+00 0.000000000000000000e+00
2.182749986648559570e+00 0.000000000000000000e+00
2.186249971389770508e+00 0.000000000000000000e+00
2.189749956130981445e+00 0.000000000000000000e+00
2.193249940872192383e+00 0.000000000000000000e+00
2.196749925613403320e+00 0.000000000000000000e+00
2.200249910354614258e+00 0.000000000000000000e+00
2.203749895095825195e+00 0.000000000000000000e+00
2.207250118255615234e+00 0.000000000000000000e+00
2.210750102996826172e+00 0.000000000000000000e+00
2.214250087738037109e+00 0.000000000000000000e+00
2.217750072479248047e+00 0.000000000000000000e+00
2.221250057220458984e+00 0.000000000000000000e+00
2.224750041961669922e+00 0.000000000000000000e+00
2.228250026702880859e+00 0.000000000000000000e+00
2.231750011444091797e+00 0.000000000000000000e+00
2.235249996185302734e+00 0.000000000000000000e+00
2.238749980926513672e+00 0.000000000000000000e+00
2.242249965667724609e+00 0.000000000000000000e+00
2.245749950408935547e+00 0.000000000000000000e+00
2.249249935150146484e+00 0.000000000000000000e+00
2.252749919891357422e+00 0.000000000000000000e+00
2.256249904632568359e+00 0.000000000000000000e+00
2.259749889373779297e+00 0.000000000000000000e+00
2.263249874114990234e+00 0.000000000000000000e+00
2.266750097274780273e+00 0.000000000000000000e+00
2.270250082015991211e+00 0.000000000000000000e+00
2.273750066757202148e+00 0.000000000000000000e+00
2.277250051498413086e+00 0.000000000000000000e+00
2.280750036239624023e+00 0.000000000000000000e+00
2.284250020980834961e+00 0.000000000000000000e+00
2.287750005722045898e+00 0.000000000000000000e+00
2.291249990463256836e+00 0.000000000000000000e+00
2.294749975204467773e+00 0.000000000000000000e+00
2.298249959945678711e+00 0.000000000000000000e+00
2.301749944686889648e+00 0.000000000000000000e+00
2.305249929428100586e+00 0.000000000000000000e+00
2.308749914169311523e+00 0.000000000000000000e+00
2.312249898910522461e+00 0.000000000000000000e+00
2.315750122070312500e+00 0.000000000000000000e+00
2.319250106811523438e+00 0.000000000000000000e+00
2.322750091552734375e+00 0.000000000000000000e+00
2.326250076293945312e+00 0.000000000000000000e+00
2.329750061035156250e+00 0.000000000000000000e+00
2.333250045776367188e+00 0.000000000000000000e+00
2.336750030517578125e+00 0.000000000000000000e+00
2.340250015258789062e+00 0.000000000000000000e+00
2.343750000000000000e+00 0.000000000000000000e+00
2.347249984741210938e+00 0.000000000000000000e+00
2.350749969482421875e+00 0.000000000000000000e+00
2.354249954223632812e+00 0.000000000000000000e+00
2.357749938964843750e+00 0.000000000000000000e+00
2.361249923706054688e+00 0.000000000000000000e+00
2.364749908447265625e+00 0.000000000000000000e+00
2.368249893188476562e+00 0.000000000000000000e+00
2.371749877929687500e+00 0.000000000000000000e+00
2.375250101089477539e+00 0.000000000000000000e+00
2.378750085830688477e+00 0.000000000000000000e+00
2.382250070571899414e+00 0.000000000000000000e+00
2.385750055313110352e+00 0.000000000000000000e+00
2.389250040054321289e+00 0.000000000000000000e+00
2.392750024795532227e+00 0.000000000000000000e+00
2.396250009536743164e+00 0.000000000000000000e+00
2.399749994277954102e+00 0.000000000000000000e+00
2.403249979019165039e+00 0.000000000000000000e+00
2.406749963760375977e+00 0.000000000000000000e+00
2.410249948501586914e+00 0.000000000000000000e+00
2.413749933242797852e+00 0.000000000000000000e+00
2.417249917984008789e+00 0.000000000000000000e+00
2.420749902725219727e+00 0.000000000000000000e+00
2.424250125885009766e+00 0.000000000000000000e+00
2.427750110626220703e+00 0.000000000000000000e+00
2.431250095367431641e+00 0.000000000000000000e+00
2.434750080108642578e+00 0.000000000000000000e+00
2.438250064849853516e+00 0.000000000000000000e+00
2.441750049591064453e+00 0.000000000000000000e+00
2.445250034332275391e+00 0.000000000000000000e+00
2.448750019073486328e+00 0.000000000000000000e+00
2.452250003814697266e+00 0.000000000000000000e+00
2.455749988555908203e+00 0.000000000000000000e+00
2.459249973297119141e+00 0.000000000000000000e+00
2.462749958038330078e+00 0.000000000000000000e+00
2.466249942779541016e+00 0.000000000000000000e+00
2.469749927520751953e+00 0.000000000000000000e+00
2.473249912261962891e+00 0.000000000000000000e+00
2.476749897003173828e+00 0.000000000000000000e+00
2.480249881744384766e+00 0.000000000000000000e+00
2.483750104904174805e+00 0.000000000000000000e+00
2.487250089645385742e+00 0.000000000000000000e+00
2.490750074386596680e+00 0.000000000000000000e+00
2.494250059127807617e+00 0.000000000000000000e+00
2.497750043869018555e+00 0.000000000000000000e+00
2.501250028610229492e+00 0.000000000000000000e+00
2.504750013351440430e+00 0.000000000000000000e+00
2.508249998092651367e+00 0.000000000000000000e+00
2.511749982833862305e+00 0.000000000000000000e+00
2.515249967575073242e+00 0.000000000000000000e+00
2.518749952316284180e+00 0.000000000000000000e+00
2.522249937057495117e+00 0.000000000000000000e+00
2.525749921798706055e+00 0.000000000000000000e+00
2.529249906539916992e+00 0.000000000000000000e+00
2.532749891281127930e+00 0.000000000000000000e+00
2.536250114440917969e+00 0.000000000000000000e+00
2.539750099182128906e+00 0.000000000000000000e+00
2.543250083923339844e+00 0.000000000000000000e+00
2.546750068664550781e+00 0.000000000000000000e+00
2.550250053405761719e+00 0.000000000000000000e+00
2.553750038146972656e+00 0.000000000000000000e+00
2.557250022888183594e+00 0.000000000000000000e+00
2.560750007629394531e+00 0.000000000000000000e+00
2.564249992370605469e+00 0.000000000000000000e+00
2.567749977111816406e+00 0.000000000000000000e+00
2.571249961853027344e+00 0.000000000000000000e+00
2.574749946594238281e+00 0.000000000000000000e+00
2.578249931335449219e+00 0.000000000000000000e+00
2.581749916076660156e+00 0.000000000000000000e+00
2.585249900817871094e+00 0.000000000000000000e+00
2.588749885559082031e+00 0.000000000000000000e+00
2.592250108718872070e+00 0.000000000000000000e+00
2.595750093460083008e+00 0.000000000000000000e+00
2.599250078201293945e+00 0.000000000000000000e+00
2.602750062942504883e+00 0.000000000000000000e+00
2.606250047683715820e+00 0.000000000000000000e+00
2.609750032424926758e+00 0.000000000000000000e+00
2.613250017166137695e+00 0.000000000000000000e+00
2.616750001907348633e+00 0.000000000000000000e+00
2.620249986648559570e+00 0.000000000000000000e+00
2.623749971389770508e+00 0.000000000000000000e+00
2.627249956130981445e+00 0.000000000000000000e+00
2.630749940872192383e+00 0.000000000000000000e+00
2.634249925613403320e+00 0.000000000000000000e+00
2.637749910354614258e+00 0.000000000000000000e+00
2.641249895095825195e+00 0.000000000000000000e+00
2.644750118255615234e+00 0.000000000000000000e+00
2.648250102996826172e+00 0.000000000000000000e+00
2.651750087738037109e+00 0.000000000000000000e+00
2.655250072479248047e+00 0.000000000000000000e+00
2.658750057220458984e+00 0.000000000000000000e+00
2.662250041961669922e+00 0.000000000000000000e+00
2.665750026702880859e+00 0.000000000000000000e+00
2.669250011444091797e+00 0.000000000000000000e+00
2.672749996185302734e+00 0.000000000000000000e+00
2.676249980926513672e+00 0.000000000000000000e+00
2.679749965667724609e+00 0.000000000000000000e+00
2.683249950408935547e+00 0.000000000000000000e+00
2.686749935150146484e+00 0.000000000000000000e+00
2.690249919891357422e+00 0.000000000000000000e+00
2.693749904632568359e+00 0.000000000000000000e+00
2.697249889373779297e+00 0.000000000000000000e+00
2.700749874114990234e+00 0.000000000000000000e+00
2.704250097274780273e+00 0.000000000000000000e+00
2.707750082015991211e+00 0.000000000000000000e+00
2.711250066757202148e+00 0.000000000000000000e+00
2.714750051498413086e+00 0.000000000000000000e+00
2.718250036239624023e+00 0.000000000000000000e+00
2.721750020980834961e+00 0.000000000000000000e+00
2.725250005722045898e+00 0.000000000000000000e+00
2.728749990463256836e+00 0.000000000000000000e+00
2.732249975204467773e+00 0.000000000000000000e+00
2.735749959945678711e+00 0.000000000000000000e+00
2.739249944686889648e+00 0.000000000000000000e+00
2.742749929428100586e+00 0.000000000000000000e+00
2.746249914169311523e+00 0.000000000000000000e+00
2.749749898910522461e+00 0.000000000000000000e+00
2.753250122070312500e+00 0.000000000000000000e+00
2.756750106811523438e+00 0.000000000000000000e+00
2.760250091552734375e+00 0.000000000000000000e+00
2.763750076293945312e+00 0.000000000000000000e+00
2.767250061035156250e+00 0.000000000000000000e+00
2.770750045776367188e+00 0.000000000000000000e+00
2.774250030517578125e+00 0.000000000000000000e+00
2.777750015258789062e+00 0.000000000000000000e+00
2.781250000000000000e+00 0.000000000000000000e+00
2.784749984741210938e+00 0.000000000000000000e+00
2.788249969482421875e+00 0.000000000000000000e+00
2.791749954223632812e+00 0.000000000000000000e+00
2.795249938964843750e+00 0.000000000000000000e+00
2.798749923706054688e+00 0.000000000000000000e+00
2.802249908447265625e+00 0.000000000000000000e+00
2.805749893188476562e+00 0.000000000000000000e+00
2.809249877929687500e+00 0.000000000000000000e+00
2.812750101089477539e+00 0.000000000000000000e+00
2.816250085830688477e+00 0.000000000000000000e+00
2.819750070571899414e+00 0.000000000000000000e+00
2.823250055313110352e+00 0.000000000000000000e+00
2.826750040054321289e+00 0.000000000000000000e+00
2.830250024795532227e+00 0.000000000000000000e+00
2.833750009536743164e+00 0.000000000000000000e+00
2.837249994277954102e+00 0.000000000000000000e+00
2.840749979019165039e+00 0.000000000000000000e+00
2.844249963760375977e+00 0.000000000000000000e+00
2.847749948501586914e+00 0.000000000000000000e+00
2.851249933242797852e+00 0.000000000000000000e+00
2.854749917984008789e+00 0.000000000000000000e+00
2.858249902725219727e+00 0.000000000000000000e+00
2.861750125885009766e+00 0.000000000000000000e+00
2.865250110626220703e+00 0.000000000000000000e+00
2.868750095367431641e+00 0.000000000000000000e+00
2.872250080108642578e+00 0.000000000000000000e+00
2.875750064849853516e+00 0.000000000000000000e+00
2.879250049591064453e+00 0.000000000000000000e+00
2.882750034332275391e+00 0.000000000000000000e+00
2.886250019073486328e+00 0.000000000000000000e+00
2.889750003814697266e+00 0.000000000000000000e+00
2.893249988555908203e+00 0.000000000000000000e+00
2.896749973297119141e+00 0.000000000000000000e+00
2.900249958038330078e+00 0.000000000000000000e+00
2.903749942779541016e+00 0.000000000000000000e+00
2.907249927520751953e+00 0.000000000000000000e+00
2.910749912261962891e+00 0.000000000000000000e+00
2.914249897003173828e+00 0.000000000000000000e+00
2.917749881744384766e+00 0.000000000000000000e+00
2.921250104904174805e+00 0.000000000000000000e+00
2.924750089645385742e+00 0.000000000000000000e+00
2.928250074386596680e+00 0.000000000000000000e+00
2.931750059127807617e+00 0.000000000000000000e+00
2.935250043869018555e+00 0.000000000000000000e+00
2.938750028610229492e+00 0.000000000000000000e+00
2.942250013351440430e+00 0.000000000000000000e+00
2.945749998092651367e+00 0.000000000000000000e+00
2.949249982833862305e+00 0.000000000000000000e+00
2.952749967575073242e+00 0.000000000000000000e+00
2.956249952316284180e+00 0.000000000000000000e+00
2.959749937057495117e+00 0.000000000000000000e+00
2.963249921798706055e+00 0.000000000000000000e+00
2.966749906539916992e+00 0.000000000000000000e+00
2.970249891281127930e+00 0.000000000000000000e+00
2.973750114440917969e+00 0.000000000000000000e+00
2.977250099182128906e+00 0.000000000000000000e+00
2.980750083923339844e+00 0.000000000000000000e+00
2.984250068664550781e+00 0.000000000000000000e+00
2.987750053405761719e+00 0.000000000000000000e+00
2.991250038146972656e+00 0.000000000000000000e+00
2.994750022888183594e+00 0.000000000000000000e+00
2.998250007629394531e+00 0.000000000000000000e+00
