-4.982500076293945312e-01 0.000000000000000000e+00
-4.947499930858612061e-01 0.000000000000000000e+00
-4.912499785423278809e-01 0.000000000000000000e+00
-4.877499938011169434e-01 0.000000000000000000e+00
-4.842500090599060059e-01 0.000000000000000000e+00
-4.807499945163726807e-01 0.000000000000000000e+00
-4.772499799728393555e-01 0.000000000000000000e+00
-4.737499952316284180e-01 0.000000000000000000e+00
-4.702500104904174805e-01 0.000000000000000000e+00
-4.667499959468841553e-01 0.000000000000000000e+00
-4.632499814033508301e-01 0.000000000000000000e+00
-4.597499966621398926e-01 0.000000000000000000e+00
-4.562500119209289551e-01 0.000000000000000000e+00
-4.527499973773956299e-01 0.000000000000000000e+00
-4.492499828338623047e-01 0.000000000000000000e+00
-4.457499980926513672e-01 0.000000000000000000e+00
-4.422500133514404297e-01 0.000000000000000000e+00
-4.387499988079071045e-01 0.000000000000000000e+00
-4.352499842643737793e-01 0.000000000000000000e+00
-4.317499995231628418e-01 0.000000000000000000e+00
-4.282500147819519043e-01 0.000000000000000000e+00
-4.247500002384185791e-01 0.000000000000000000e+00
-4.212499856948852539e-01 0.000000000000000000e+00
-4.177500009536743164e-01 0.000000000000000000e+00
-4.142500162124633789e-01 0.000000000000000000e+00
-4.107500016689300537e-01 0.000000000000000000e+00
-4.072499871253967285e-01 0.000000000000000000e+00
-4.037500023841857910e-01 0.000000000000000000e+00
-4.002500176429748535e-01 0.000000000000000000e+00
-3.967500030994415283e-01 0.000000000000000000e+00
-3.932499885559082031e-01 0.000000000000000000e+00
-3.897500038146972656e-01 0.000000000000000000e+00
-3.862500190734863281e-01 0.000000000000000000e+00
-3.827500045299530029e-01 0.000000000000000000e+00
-3.792499899864196777e-01 0.000000000000000000e+00
-3.757500052452087402e-01 0.000000000000000000e+00
-3.722500205039978027e-01 0.000000000000000000e+00
-3.687500059604644775e-01 0.000000000000000000e+00
-3.652499914169311523e-01 0.000000000000000000e+00
-3.617500066757202148e-01 0.000000000000000000e+00
-3.582500219345092773e-01 0.000000000000000000e+00
-3.547499775886535645e-01 0.000000000000000000e+00
-3.512499928474426270e-01 0.000000000000000000e+00
-3.477500081062316895e-01 0.000000000000000000e+00
-3.442499935626983643e-01 0.000000000000000000e+00
-3.407499790191650391e-01 0.000000000000000000e+00
-3.372499942779541016e-01 0.000000000000000000e+00
-3.337500095367431641e-01 0.000000000000000000e+00
-3.302499949932098389e-01 0.000000000000000000e+00
-3.267499804496765137e-01 0.000000000000000000e+00
-3.232499957084655762e-01 0.000000000000000000e+00
-3.197500109672546387e-01 0.000000000000000000e+00
-3.162499964237213135e-01 0.000000000000000000e+00
-3.127499818801879883e-01 0.000000000000000000e+00
-3.092499971389770508e-01 0.000000000000000000e+00
-3.057500123977661133e-01 0.000000000000000000e+00
-3.022499978542327881e-01 0.000000000000000000e+00
-2.987499833106994629e-01 0.000000000000000000e+00
-2.952499985694885254e-01 0.000000000000000000e+00
-2.917500138282775879e-01 0.000000000000000000e+00
-2.882499992847442627e-01 0.000000000000000000e+00
-2.847499847412109375e-01 0.000000000000000000e+00
-2.812500000000000000e-01 0.000000000000000000e+00
-2.777500152587890625e-01 0.000000000000000000e+00
-2.742500007152557373e-01 0.000000000000000000e+00
-2.707499861717224121e-01 0.000000000000000000e+00
-2.672500014305114746e-01 0.000000000000000000e+00
-2.637500166893005371e-01 0.000000000000000000e+00
-2.602500021457672119e-01 0.000000000000000000e+00
-2.567499876022338867e-01 0.000000000000000000e+00
-2.532500028610229492e-01 0.000000000000000000e+00
-2.497500032186508179e-01 0.000000000000000000e+00
-2.462500035762786865e-01 0.000000000000000000e+00
-2.427499890327453613e-01 0.000000000000000000e+00
-2.392500042915344238e-01 0.000000000000000000e+00
-2.357499897480010986e-01 0.000000000000000000e+00
-2.322500050067901611e-01 0.000000000000000000e+00
-2.287499904632568359e-01 0.000000000000000000e+00
-2.252500057220458984e-01 0.000000000000000000e+00
-2.217499911785125732e-01 0.000000000000000000e+00
-2.182500064373016357e-01 0.000000000000000000e+00
-2.147499918937683105e-01 0.000000000000000000e+00
-2.112500071525573730e-01 3.405979711192779054e-06
-2.077499926090240479e-01 0.000000000000000000e+00
-2.042500078678131104e-01 1.021793913357833674e-05
-2.007499933242797852e-01 1.702989855596389400e-05
-1.972500085830688477e-01 4.768371595669890591e-05
-1.937499940395355225e-01 4.087175653431334696e-05
-1.902500092983245850e-01 1.260212493141328203e-04
-1.867499947547912598e-01 2.792903363178078765e-04
-1.832500100135803223e-01 5.006790175453385222e-04
-1.797499954700469971e-01 9.366444205780141870e-04
-1.762500107288360596e-01 1.771109449820244949e-03
-1.727499961853027344e-01 3.010886064694416435e-03
-1.692500114440917969e-01 5.187307100146602325e-03
-1.657499969005584717e-01 8.835111370834067973e-03
-1.622500121593475342e-01 1.457418718419390032e-02
-1.587499976158142090e-01 2.241475247935967655e-02
-1.552500128746032715e-01 3.479548872954543043e-02
-1.517499983310699463e-01 5.205358792615923796e-02
-1.482500135898590088e-01 7.628713357129586481e-02
-1.447499990463256836e-01 1.085792272131145958e-01
-1.412500143051147461e-01 1.528365275803535706e-01
-1.377499997615814209e-01 2.090522227135903910e-01
-1.342500001192092896e-01 2.814497274547040906e-01
-1.307500004768371582e-01 3.725494667899773571e-01
-1.272499859333038330e-01 4.852226816159456724e-01
-1.237500011920928955e-01 6.167479941433660073e-01
-1.202500015497207642e-01 7.736069837626382562e-01
-1.167500019073486328e-01 9.562560517550622308e-01
-1.132500022649765015e-01 1.165522851190457843e+00
-1.097500026226043701e-01 1.394261636634742452e+00
-1.062500029802322388e-01 1.651494848342865751e+00
-1.027500033378601074e-01 1.930584231857713329e+00
-9.925000369548797607e-02 2.225014147991773328e+00
-9.574999660253524780e-02 2.541599962147142122e+00
-9.224999696016311646e-02 2.868662569894139480e+00
-8.874999731779098511e-02 3.211062304280638546e+00
-8.524999767541885376e-02 3.546363976949011843e+00
-8.174999803304672241e-02 3.891001440005764422e+00
-7.824999839067459106e-02 4.222968658536879971e+00
-7.474999874830245972e-02 4.554012856566261647e+00
-7.124999910593032837e-02 4.866354820001484782e+00
-6.774999946355819702e-02 5.154412148095902424e+00
-6.424999982118606567e-02 5.433048536309160959e+00
-6.075000017881393433e-02 5.689076031199522099e+00
-5.725000053644180298e-02 5.912290317552252539e+00
-5.375000089406967163e-02 6.104094659008362456e+00
-5.025000125169754028e-02 6.275170207942153411e+00
-4.675000160932540894e-02 6.403248669001846416e+00
-4.325000196695327759e-02 6.516419156865649320e+00
-3.974999859929084778e-02 6.590291450821709418e+00
-3.624999895691871643e-02 6.626909138696743362e+00
-3.274999931454658508e-02 6.637242881140501538e+00
-2.924999967217445374e-02 6.634153657542450233e+00
-2.575000002980232239e-02 6.595230121402939183e+00
-2.225000038743019104e-02 6.534876160920602750e+00
-1.875000074505805969e-02 6.443841135199842363e+00
-1.525000110268592834e-02 6.338068435268750633e+00
-1.174999959766864777e-02 6.228644525087259964e+00
-8.249999955296516418e-03 6.089557937600991622e+00
-4.750000312924385071e-03 5.936081085834934434e+00
-1.249999972060322762e-03 5.776950307748296431e+00
2.250000135973095894e-03 5.608616572482015172e+00
5.750000011175870895e-03 5.433474283773060520e+00
9.250000119209289551e-03 5.255804758118400422e+00
1.274999976158142090e-02 5.061742252113769602e+00
1.624999940395355225e-02 4.879277107025750126e+00
1.974999904632568359e-02 4.692234325205887124e+00
2.325000055134296417e-02 4.505944264902198348e+00
2.675000019371509552e-02 4.313717581961899583e+00
3.025000169873237610e-02 4.123963640291927746e+00
3.375000134110450745e-02 3.940837735139937070e+00
3.725000098347663879e-02 3.765766972004916724e+00
4.075000062584877014e-02 3.592501378116828903e+00
4.425000026822090149e-02 3.413922455879280449e+00
4.774999991059303284e-02 3.250166357344842716e+00
5.124999955296516418e-02 3.090299887640587606e+00
5.474999919533729553e-02 2.934370730482470879e+00
5.824999883770942688e-02 2.782576432693742330e+00
6.175000220537185669e-02 2.640768467418230792e+00
6.525000184774398804e-02 2.503848083028281213e+00
6.875000149011611938e-02 2.374257366976818329e+00
7.225000113248825073e-02 2.246407106557775091e+00
7.575000077486038208e-02 2.130494805026462490e+00
7.925000041723251343e-02 2.007525313533558009e+00
8.275000005960464478e-02 1.899399081622032304e+00
8.624999970197677612e-02 1.793697907264875546e+00
8.974999934434890747e-02 1.696474216408877744e+00
9.324999898672103882e-02 1.599240307613746248e+00
9.674999862909317017e-02 1.513692315207717298e+00
1.002499982714653015e-01 1.426986289699882615e+00
1.037499979138374329e-01 1.349568370864470790e+00
1.072499975562095642e-01 1.272780558275629526e+00
1.107499971985816956e-01 1.200774741201303009e+00
1.142499968409538269e-01 1.132266865290371571e+00
1.177499964833259583e-01 1.070928576671500654e+00
1.212500035762786865e-01 1.011058265308154125e+00
1.247500032186508179e-01 9.516034834695729083e-01
1.282500028610229492e-01 9.021282221847866101e-01
1.317499876022338867e-01 8.498873053745117367e-01
1.352500021457672119e-01 7.984842595731903581e-01
1.387499868869781494e-01 7.559367610209700716e-01
1.422500014305114746e-01 7.136276810485334687e-01
1.457499861717224121e-01 6.716285452298152991e-01
1.492500007152557373e-01 6.374904105845300428e-01
1.527499854564666748e-01 5.982092465753436894e-01
1.562500000000000000e-01 5.684103300821180538e-01
1.597500145435333252e-01 5.357231427938009549e-01
1.632499992847442627e-01 5.061115551846909755e-01
1.667500138282775879e-01 4.773923342599134534e-01
1.702499985694885254e-01 4.508631582894329082e-01
1.737500131130218506e-01 4.253932420091333100e-01
1.772499978542327881e-01 4.042557319214709066e-01
1.807500123977661133e-01 3.801550194850707998e-01
1.842499971389770508e-01 3.602402561137266757e-01
1.877500116825103760e-01 3.417219444239715243e-01
1.912499964237213135e-01 3.235169828676461301e-01
1.947500109672546387e-01 3.064121527580359605e-01
1.982499957084655762e-01 2.905913769995455143e-01
2.017500102519989014e-01 2.750056138411273721e-01
2.052499949932098389e-01 2.591882440623480832e-01
2.087500095367431641e-01 2.457380301828478164e-01
2.122499942779541016e-01 2.335480287964888380e-01
2.157500088214874268e-01 2.216815954826932000e-01
2.192499935626983643e-01 2.099616192964788575e-01
2.227500081062316895e-01 1.988547194582792055e-01
2.262499928474426270e-01 1.897164758931489670e-01
2.297500073909759521e-01 1.806020741859971079e-01
2.332499921321868896e-01 1.718248644702533023e-01
2.367500066757202148e-01 1.604386742957358558e-01
2.402499914169311523e-01 1.535960610559495565e-01
2.437500059604644775e-01 1.451764792098809986e-01
2.472499907016754150e-01 1.380307337757985531e-01
2.507500052452087402e-01 1.315695902636658532e-01
2.542499899864196777e-01 1.256840573227247237e-01
2.577500045299530029e-01 1.195873536396896558e-01
2.612500190734863281e-01 1.141990937365826853e-01
2.647500038146972656e-01 1.080036166419230254e-01
2.682499885559082031e-01 1.025165833271914489e-01
2.717500030994415283e-01 9.793213463592596868e-02
2.752500176429748535e-01 9.422302273043703380e-02
2.787500023841857910e-01 8.842263928227572789e-02
2.822499871253967285e-01 8.408342113021613495e-02
2.857500016689300537e-01 8.022104013772352049e-02
2.892500162124633789e-01 7.716928231649479442e-02
2.927500009536743164e-01 7.354191392407448402e-02
2.962499856948852539e-01 6.967272097215948534e-02
2.997500002384185791e-01 6.684235183215828102e-02
3.032500147819519043e-01 6.374631627468405060e-02
3.067499995231628418e-01 6.084101558103661295e-02
3.102499842643737793e-01 5.828312481793083283e-02
3.137499988079071045e-01 5.565370848089000455e-02
3.172500133514404297e-01 5.226135268854199822e-02
3.207499980926513672e-01 4.974773966168172940e-02
3.242499828338623047e-01 4.795960031330551848e-02
3.277499973773956299e-01 4.657677255056125176e-02
3.312500119209289551e-01 4.388945455843015070e-02
3.347499966621398926e-01 4.275185733489176437e-02
3.382499814033508301e-01 4.048688082694856111e-02
3.417499959468841553e-01 3.854887837127986966e-02
3.452500104904174805e-01 3.732272567525047463e-02
3.487499952316284180e-01 3.564698365734362412e-02
3.522499799728393555e-01 3.448213859611569398e-02
3.557499945163726807e-01 3.270421718687306634e-02
3.592500090599060059e-01 3.091948381820804753e-02
3.627499938011169434e-01 2.958433977142047727e-02
3.662499785423278809e-01 2.865791328997604331e-02
3.697499930858612061e-01 2.717971809531837674e-02
3.732500076293945312e-01 2.638612482261045930e-02
3.767499923706054688e-01 2.485002797286251647e-02
3.802500069141387939e-01 2.454689577856635635e-02
3.837500214576721191e-01 2.322196967091236589e-02
3.872500061988830566e-01 2.188001366470241141e-02
3.907499909400939941e-01 2.133505691091156647e-02
3.942500054836273193e-01 2.029963907870896075e-02
3.977500200271606445e-01 1.958438333935847916e-02
4.012500047683715820e-01 1.863070902022450140e-02
4.047499895095825195e-01 1.809937618527842837e-02
4.082500040531158447e-01 1.758166726917712377e-02
4.117500185966491699e-01 1.671314244282296607e-02
4.152500033378601074e-01 1.586505349473596449e-02
4.187499880790710449e-01 1.569816048888751647e-02
4.222500026226043701e-01 1.529625488296676959e-02
4.257500171661376953e-01 1.410416198404929738e-02
4.292500019073486328e-01 1.383168360715387492e-02
4.327499866485595703e-01 1.340593614325477807e-02
4.362500011920928955e-01 1.277242391697292097e-02
4.397500157356262207e-01 1.237392429076336620e-02
4.432500004768371582e-01 1.192092898917472554e-02
4.467499852180480957e-01 1.137597223538388234e-02
4.502499997615814209e-01 1.101493838599744771e-02
4.537500143051147461e-01 1.026902882924622847e-02
4.572499990463256836e-01 1.029287068722457843e-02
4.607499837875366211e-01 9.938648797260529744e-03
4.642499983310699463e-01 9.185927281086924551e-03
4.677500128746032715e-01 9.087153869462334319e-03
4.712499976158142090e-01 8.913448904191502084e-03
4.747499823570251465e-01 8.378710089534236946e-03
4.782499969005584717e-01 8.038112118414958429e-03
4.817500114440917969e-01 7.755415802385957902e-03
4.852499961853027344e-01 7.394381952999523264e-03
4.887499809265136719e-01 7.169587292060799859e-03
4.922499954700469971e-01 6.897108915165377392e-03
4.957500100135803223e-01 6.597382700580412852e-03
4.992499947547912598e-01 6.760869726717666159e-03
5.027499794960021973e-01 6.144387398991773067e-03
5.062500238418579102e-01 6.035396048233603906e-03
5.097500085830688477e-01 5.868503042385158491e-03
5.132499933242797852e-01 5.766323651049374416e-03
5.167499780654907227e-01 5.313328349460735497e-03
5.202499628067016602e-01 5.388259903106976632e-03
5.237500071525573730e-01 5.245208755236879447e-03
5.272499918937683105e-01 4.758153656536312504e-03
5.307500362396240234e-01 4.809243352204203674e-03
5.342500209808349609e-01 4.652568285489336319e-03
5.377500057220458984e-01 4.437991563684190975e-03
5.412499904632568359e-01 4.294940415814094657e-03
5.447499752044677734e-01 4.199572983900696534e-03
5.482500195503234863e-01 3.937312546138852128e-03
5.517500042915344238e-01 3.893034809893346476e-03
5.552499890327453613e-01 3.749983662023249724e-03
5.587500333786010742e-01 3.634180351842695045e-03
5.622500181198120117e-01 3.532000960506911837e-03
5.657500028610229492e-01 3.402573731481586122e-03
5.692499876022338867e-01 3.140313293719742150e-03
5.727499723434448242e-01 3.211838867654790743e-03
5.762500166893005371e-01 2.758843566066150957e-03
5.797500014305114746e-01 3.170967111120477199e-03
5.832499861717224121e-01 2.687317992131102364e-03
5.867500305175781250e-01 2.643040255885596278e-03
5.902500152587890625e-01 2.707753870398259353e-03
5.937500000000000000e-01 2.564702722528162601e-03
5.972499847412109375e-01 2.411433635524487355e-03
6.007499694824218750e-01 2.537454884838620094e-03
6.042500138282775879e-01 2.309254244188704147e-03
6.077499985694885254e-01 2.115113400650715791e-03
6.112499833106994629e-01 2.295630325343933111e-03
6.147500276565551758e-01 1.992498131047775595e-03
6.182500123977661133e-01 2.128737319495486828e-03
6.217499971389770508e-01 2.053805765849245693e-03
6.252499818801879883e-01 1.863070902022450097e-03
6.287499666213989258e-01 1.832417084621715047e-03
6.322500109672546387e-01 1.733643672997124381e-03
6.357499957084655762e-01 1.624652322238955655e-03
6.392499804496765137e-01 1.696177896174003814e-03
6.427500247955322266e-01 1.706395835307582308e-03
6.462500095367431641e-01 1.556532728015100038e-03
6.497499942779541016e-01 1.416887559856196046e-03
6.532499790191650391e-01 1.420293539567388805e-03
6.567499637603759766e-01 1.495225093213629940e-03
6.602500081062316895e-01 1.508849012058400977e-03
6.637499928474426270e-01 1.215934756895822172e-03
6.672500371932983398e-01 1.260212493141328258e-03
6.707500219345092773e-01 1.249994554007749763e-03
6.742500066757202148e-01 1.345361985921147670e-03
6.777499914169311523e-01 1.185280939495087123e-03
6.812499761581420898e-01 1.175063000361508628e-03
6.847500205039978027e-01 1.093319487292881975e-03
6.882500052452087402e-01 1.069477629314532661e-03
6.917499899864196777e-01 1.110349385848845988e-03
6.952500343322753906e-01 1.103537426426460469e-03
6.987500190734863281e-01 9.298324611556286687e-04
7.022500038146972656e-01 8.787427654877369562e-04
7.057499885559082031e-01 9.775161771123275136e-04
7.092499732971191406e-01 8.549009075093875337e-04
7.127500176429748535e-01 8.446829683758091479e-04
7.162500023841857910e-01 8.889607046213153421e-04
7.197499871253967285e-01 7.356916176176402046e-04
7.232500314712524414e-01 7.016318205057125047e-04
7.267500162124633789e-01 7.833753335743391579e-04
7.302500009536743164e-01 6.811959422385557329e-04
7.337499856948852539e-01 6.369182059930496471e-04
7.372499704360961914e-01 6.846019219497486005e-04
7.407500147819519043e-01 6.062643885923145980e-04
7.442499995231628418e-01 6.675720233937846963e-04
7.477499842643737793e-01 6.403241857042424063e-04
7.512500286102294922e-01 6.028584088811218388e-04
7.547500133514404297e-01 5.756105711915796572e-04
7.582499980926513672e-01 4.870550987005673772e-04
7.617499828338623047e-01 5.245208755236879447e-04
7.652499675750732422e-01 5.892344900363508022e-04
7.687500119209289551e-01 5.415507740796518489e-04
7.722499966621398926e-01 5.279268552348807039e-04
7.757499814033508301e-01 4.461833421662540506e-04
7.792500257492065430e-01 5.074909769677240405e-04
7.827500104904174805e-01 4.461833421662540506e-04
7.862499952316284180e-01 4.189355044767118148e-04
7.897499799728393555e-01 4.053115856319406698e-04
7.932499647140502930e-01 4.564012812998323823e-04
7.967500090599060059e-01 4.087175653431334831e-04
8.002499938011169434e-01 3.916876667871695790e-04
8.037499785423278809e-01 3.916876667871695790e-04
8.072500228881835938e-01 4.257474638990973873e-04
8.107500076293945312e-01 3.780637479423984339e-04
8.142499923706054688e-01 3.814697276535912473e-04
8.177499771118164062e-01 3.576278696752417706e-04
8.212500214576721191e-01 3.167561131409284440e-04
8.247500061988830566e-01 3.746577682312056748e-04
8.282499909400939941e-01 3.610338493864345840e-04
8.317500352859497070e-01 3.167561131409284440e-04
8.352500200271606445e-01 2.929142551625789673e-04
8.387500047683715820e-01 3.133501334297356848e-04
8.422499895095825195e-01 2.316066203611089774e-04
8.457499742507934570e-01 2.656664174730367315e-04
8.492500185966491699e-01 2.554484783394583998e-04
8.527500033378601074e-01 2.520424986282656407e-04
8.562499880790710449e-01 2.656664174730367315e-04
8.597500324249267578e-01 2.282006406499161911e-04
8.632500171661376953e-01 2.077647623827595278e-04
8.667500019073486328e-01 1.532690870036750562e-04
8.702499866485595703e-01 1.975468232491811691e-04
8.737499713897705078e-01 2.077647623827595278e-04
8.772500157356262207e-01 2.418245594946873090e-04
8.807500004768371582e-01 2.077647623827595278e-04
8.842499852180480957e-01 1.532690870036750562e-04
8.877500295639038086e-01 2.213886812275306186e-04
8.912500143051147461e-01 1.907348638267956236e-04
8.947499990463256836e-01 1.975468232491811691e-04
8.982499837875366211e-01 1.396451681589039383e-04
9.017499685287475586e-01 1.771109449820245057e-04
9.052500128746032715e-01 1.839229044044100511e-04
9.087499976158142090e-01 1.737049652708317195e-04
9.122499823570251465e-01 1.771109449820245057e-04
9.157500267028808594e-01 1.226152696029400341e-04
9.192500114440917969e-01 1.294272290253256066e-04
9.227499961853027344e-01 1.634870261372533878e-04
9.262499809265136719e-01 1.396451681589039383e-04
9.297499656677246094e-01 1.634870261372533878e-04
9.332500100135803223e-01 1.260212493141328203e-04
9.367499947547912598e-01 1.055853710469761435e-04
9.402499794960021973e-01 1.362391884477111520e-04
9.437500238418579102e-01 1.294272290253256066e-04
9.472500085830688477e-01 1.123973304693617024e-04
9.507499933242797852e-01 1.158033101805544887e-04
9.542499780654907227e-01 9.196145220220502557e-05
9.577499628067016602e-01 8.514949277981946662e-05
9.612500071525573730e-01 1.260212493141328203e-04
9.647499918937683105e-01 1.192092898917472614e-04
9.682500362396240234e-01 8.174351306862669391e-05
9.717500209808349609e-01 1.328332087365183658e-04
9.752500057220458984e-01 9.877341162459058453e-05
9.787499904632568359e-01 7.493155364624113496e-05
9.822499752044677734e-01 9.196145220220502557e-05
9.857500195503234863e-01 7.152557393504836226e-05
9.892500042915344238e-01 8.514949277981946662e-05
9.927499890327453613e-01 5.449567537908446487e-05
9.962500333786010742e-01 5.790165509027724435e-05
9.997500181198120117e-01 5.108969566789168539e-05
1.003250002861022949e+00 8.514949277981946662e-05
1.006749987602233887e+00 7.493155364624113496e-05
1.010249972343444824e+00 6.811959422385557600e-05
1.013749957084655762e+00 5.108969566789168539e-05
1.017250061035156250e+00 6.130763480147001705e-05
1.020750045776367188e+00 6.130763480147001705e-05
1.024250030517578125e+00 4.087175653431334696e-05
1.027750015258789062e+00 3.746577682312056748e-05
1.031250000000000000e+00 8.174351306862669391e-05
1.034749984741210938e+00 5.790165509027724435e-05
1.038249969482421875e+00 4.087175653431334696e-05
1.041749954223632812e+00 7.493155364624113496e-05
1.045249938964843750e+00 4.427773624550612643e-05
1.048750042915344238e+00 3.746577682312056748e-05
1.052250027656555176e+00 5.108969566789168539e-05
1.055750012397766113e+00 4.087175653431334696e-05
1.059249997138977051e+00 3.405979711192778800e-05
1.062749981880187988e+00 5.449567537908446487e-05
1.066249966621398926e+00 5.449567537908446487e-05
1.069749951362609863e+00 4.087175653431334696e-05
1.073250055313110352e+00 4.768371595669890591e-05
1.076750040054321289e+00 4.427773624550612643e-05
1.080250024795532227e+00 2.384185797834945296e-05
1.083750009536743164e+00 3.405979711192778800e-05
1.087249994277954102e+00 4.087175653431334696e-05
1.090749979019165039e+00 1.702989855596389400e-05
1.094249963760375977e+00 4.087175653431334696e-05
1.097749948501586914e+00 2.384185797834945296e-05
1.101249933242797852e+00 3.065381740073500852e-05
1.104750037193298340e+00 3.065381740073500852e-05
1.108250021934509277e+00 2.384185797834945296e-05
1.111750006675720215e+00 5.790165509027724435e-05
1.115249991416931152e+00 3.746577682312056748e-05
1.118749976158142090e+00 1.702989855596389400e-05
1.122249960899353027e+00 3.065381740073500852e-05
1.125750064849853516e+00 2.384185797834945296e-05
1.129250049591064453e+00 2.043587826715667348e-05
1.132750034332275391e+00 2.384185797834945296e-05
1.136250019073486328e+00 2.043587826715667348e-05
1.139750003814697266e+00 3.065381740073500852e-05
1.143249988555908203e+00 2.384185797834945296e-05
1.146749973297119141e+00 3.065381740073500852e-05
1.150249958038330078e+00 2.043587826715667348e-05
1.153749942779541016e+00 2.724783768954223243e-05
1.157250046730041504e+00 2.043587826715667348e-05
1.160750031471252441e+00 2.724783768954223243e-05
1.164250016212463379e+00 2.724783768954223243e-05
1.167750000953674316e+00 2.384185797834945296e-05
1.171249985694885254e+00 1.021793913357833674e-05
1.174749970436096191e+00 6.811959422385558108e-06
1.178249955177307129e+00 1.702989855596389400e-05
1.181750059127807617e+00 1.021793913357833674e-05
1.185250043869018555e+00 1.362391884477111622e-05
1.188750028610229492e+00 2.724783768954223243e-05
1.192250013351440430e+00 1.702989855596389400e-05
1.195749998092651367e+00 6.811959422385558108e-06
1.199249982833862305e+00 3.405979711192779054e-06
1.202749967575073242e+00 0.000000000000000000e+00
1.206249952316284180e+00 2.384185797834945296e-05
1.209749937057495117e+00 1.362391884477111622e-05
1.213250041007995605e+00 1.362391884477111622e-05
1.216750025749206543e+00 6.811959422385558108e-06
1.220250010490417480e+00 2.384185797834945296e-05
1.223749995231628418e+00 1.021793913357833674e-05
1.227249979972839355e+00 3.405979711192779054e-06
1.230749964714050293e+00 6.811959422385558108e-06
1.234249949455261230e+00 0.000000000000000000e+00
1.237750053405761719e+00 1.021793913357833674e-05
1.241250038146972656e+00 1.362391884477111622e-05
1.244750022888183594e+00 6.811959422385558108e-06
1.248250007629394531e+00 3.405979711192779054e-06
1.251749992370605469e+00 6.811959422385558108e-06
1.255249977111816406e+00 3.405979711192779054e-06
1.258749961853027344e+00 1.021793913357833674e-05
1.262249946594238281e+00 6.811959422385558108e-06
1.265750050544738770e+00 6.811959422385558108e-06
1.269250035285949707e+00 1.021793913357833674e-05
1.272750020027160645e+00 6.811959422385558108e-06
1.276250004768371582e+00 6.811959422385558108e-06
1.279749989509582520e+00 1.702989855596389400e-05
1.283249974250793457e+00 1.021793913357833674e-05
1.286749958992004395e+00 1.362391884477111622e-05
1.290250062942504883e+00 3.405979711192779054e-06
1.293750047683715820e+00 3.405979711192779054e-06
1.297250032424926758e+00 3.405979711192779054e-06
1.300750017166137695e+00 6.811959422385558108e-06
1.304250001907348633e+00 6.811959422385558108e-06
1.307749986648559570e+00 0.000000000000000000e+00
1.311249971389770508e+00 3.405979711192779054e-06
1.314749956130981445e+00 0.000000000000000000e+00
1.318249940872192383e+00 3.405979711192779054e-06
1.321750044822692871e+00 3.405979711192779054e-06
1.325250029563903809e+00 3.405979711192779054e-06
1.328750014305114746e+00 0.000000000000000000e+00
1.332249999046325684e+00 6.811959422385558108e-06
1.335749983787536621e+00 3.405979711192779054e-06
1.339249968528747559e+00 6.811959422385558108e-06
1.342749953269958496e+00 6.811959422385558108e-06
1.346250057220458984e+00 3.405979711192779054e-06
1.349750041961669922e+00 0.000000000000000000e+00
1.353250026702880859e+00 0.000000000000000000e+00
1.356750011444091797e+00 3.405979711192779054e-06
1.360249996185302734e+00 6.811959422385558108e-06
1.363749980926513672e+00 3.405979711192779054e-06
1.367249965667724609e+00 0.000000000000000000e+00
1.370749950408935547e+00 0.000000000000000000e+00
1.374249935150146484e+00 3.405979711192779054e-06
1.377750039100646973e+00 1.362391884477111622e-05
1.381250023841857910e+00 1.021793913357833674e-05
1.384750008583068848e+00 0.000000000000000000e+00
1.388249993324279785e+00 6.811959422385558108e-06
1.391749978065490723e+00 3.405979711192779054e-06
1.395249962806701660e+00 6.811959422385558108e-06
1.398750066757202148e+00 1.021793913357833674e-05
1.402250051498413086e+00 0.000000000000000000e+00
1.405750036239624023e+00 3.405979711192779054e-06
1.409250020980834961e+00 3.405979711192779054e-06
1.412750005722045898e+00 3.405979711192779054e-06
1.416249990463256836e+00 0.000000000000000000e+00
1.419749975204467773e+00 6.811959422385558108e-06
1.423249959945678711e+00 3.405979711192779054e-06
1.426749944686889648e+00 6.811959422385558108e-06
1.430250048637390137e+00 0.000000000000000000e+00
1.433750033378601074e+00 0.000000000000000000e+00
1.437250018119812012e+00 0.000000000000000000e+00
1.440750002861022949e+00 0.000000000000000000e+00
1.444249987602233887e+00 0.000000000000000000e+00
1.447749972343444824e+00 3.405979711192779054e-06
1.451249957084655762e+00 0.000000000000000000e+00
1.454750061035156250e+00 0.000000000000000000e+00
1.458250045776367188e+00 0.000000000000000000e+00
1.461750030517578125e+00 6.811959422385558108e-06
1.465250015258789062e+00 0.000000000000000000e+00
1.468750000000000000e+00 0.000000000000000000e+00
1.472249984741210938e+00 0.000000000000000000e+00
1.475749969482421875e+00 0.000000000000000000e+00
1.479249954223632812e+00 3.405979711192779054e-06
1.482749938964843750e+00 0.000000000000000000e+00
1.486250042915344238e+00 0.000000000000000000e+00
1.489750027656555176e+00 3.405979711192779054e-06
1.493250012397766113e+00 0.000000000000000000e+00
1.496749997138977051e+00 0.000000000000000000e+00
1.500249981880187988e+00 0.000000000000000000e+00
1.503749966621398926e+00 0.000000000000000000e+00
1.507249951362609863e+00 3.405979711192779054e-06
1.510750055313110352e+00 0.000000000000000000e+00
1.514250040054321289e+00 0.000000000000000000e+00
1.517750024795532227e+00 0.000000000000000000e+00
1.521250009536743164e+00 3.405979711192779054e-06
1.524749994277954102e+00 0.000000000000000000e+00
1.528249979019165039e+00 3.405979711192779054e-06
1.531749963760375977e+00 0.000000000000000000e+00
1.535249948501586914e+00 0.000000000000000000e+00
1.538749933242797852e+00 0.000000000000000000e+00
1.542250037193298340e+00 3.405979711192779054e-06
1.545750021934509277e+00 0.000000000000000000e+00
1.549250006675720215e+00 0.000000000000000000e+00
1.552749991416931152e+00 0.000000000000000000e+00
1.556249976158142090e+00 0.000000000000000000e+00
1.559749960899353027e+00 3.405979711192779054e-06
1.563250064849853516e+00 0.000000000000000000e+00
1.566750049591064453e+00 0.000000000000000000e+00
1.570250034332275391e+00 0.000000000000000000e+00
1.573750019073486328e+00 3.405979711192779054e-06
1.577250003814697266e+00 0.000000000000000000e+00
1.580749988555908203e+00 0.000000000000000000e+00
1.584249973297119141e+00 0.000000000000000000e+00
1.587749958038330078e+00 0.000000000000000000e+00
1.591249942779541016e+00 0.000000000000000000e+00
1.594750046730041504e+00 3.405979711192779054e-06
1.598250031471252441e+00 0.000000000000000000e+00
1.601750016212463379e+00 0.000000000000000000e+00
1.605250000953674316e+00 0.000000000000000000e+00
1.608749985694885254e+00 0.000000000000000000e+00
1.612249970436096191e+00 0.000000000000000000e+00
1.615749955177307129e+00 0.000000000000000000e+00
1.619250059127807617e+00 0.000000000000000000e+00
1.622750043869018555e+00 0.000000000000000000e+00
1.626250028610229492e+00 3.405979711192779054e-06
1.629750013351440430e+00 0.000000000000000000e+00
1.633249998092651367e+00 0.000000000000000000e+00
1.636749982833862305e+00 0.000000000000000000e+00
1.640249967575073242e+00 0.000000000000000000e+00
1.643749952316284180e+00 0.000000000000000000e+00
1.647249937057495117e+00 0.000000000000000000e+00
1.650750041007995605e+00 0.000000000000000000e+00
1.654250025749206543e+00 0.000000000000000000e+00
1.657750010490417480e+00 0.000000000000000000e+00
1.661249995231628418e+00 0.000000000000000000e+00
1.664749979972839355e+00 0.000000000000000000e+00
1.668249964714050293e+00 0.000000000000000000e+00
1.671749949455261230e+00 0.000000000000000000e+00
1.675250053405761719e+00 0.000000000000000000e+00
1.678750038146972656e+00 0.000000000000000000e+00
1.682250022888183594e+00 0.000000000000000000e+00
1.685750007629394531e+00 0.000000000000000000e+00
1.689249992370605469e+00 0.000000000000000000e+00
1.692749977111816406e+00 0.000000000000000000e+00
1.696249961853027344e+00 0.000000000000000000e+00
1.699749946594238281e+00 0.000000000000000000e+00
1.703250050544738770e+00 3.405979711192779054e-06
1.706750035285949707e+00 0.000000000000000000e+00
1.710250020027160645e+00 0.000000000000000000e+00
1.713750004768371582e+00 0.000000000000000000e+00
1.717249989509582520e+00 0.000000000000000000e+00
1.720749974250793457e+00 0.000000000000000000e+00
1.724249958992004395e+00 0.000000000000000000e+00
1.727750062942504883e+00 0.000000000000000000e+00
1.731250047683715820e+00 0.000000000000000000e+00
1.734750032424926758e+00 0.000000000000000000e+00
1.738250017166137695e+00 0.000000000000000000e+00
1.741750001907348633e+00 0.000000000000000000e+00
1.745249986648559570e+00 0.000000000000000000e+00
1.748749971389770508e+00 0.000000000000000000e+00
1.752249956130981445e+00 0.000000000000000000e+00
1.755749940872192383e+00 0.000000000000000000e+00
1.759250044822692871e+00 0.000000000000000000e+00
1.762750029563903809e+00 0.000000000000000000e+00
1.766250014305114746e+00 0.000000000000000000e+00
1.769749999046325684e+00 0.000000000000000000e+00
1.773249983787536621e+00 0.000000000000000000e+00
1.776749968528747559e+00 0.000000000000000000e+00
1.780249953269958496e+00 0.000000000000000000e+00
1.783750057220458984e+00 0.000000000000000000e+00
1.787250041961669922e+00 0.000000000000000000e+00
1.790750026702880859e+00 0.000000000000000000e+00
1.794250011444091797e+00 0.000000000000000000e+00
1.797749996185302734e+00 0.000000000000000000e+00
1.801249980926513672e+00 0.000000000000000000e+00
1.804749965667724609e+00 0.000000000000000000e+00
1.808249950408935547e+00 0.000000000000000000e+00
1.811749935150146484e+00 0.000000000000000000e+00
1.815250039100646973e+00 0.000000000000000000e+00
1.818750023841857910e+00 0.000000000000000000e+00
1.822250008583068848e+00 0.000000000000000000e+00
1.825749993324279785e+00 0.000000000000000000e+00
1.829249978065490723e+00 0.000000000000000000e+00
1.832749962806701660e+00 0.000000000000000000e+00
1.836250066757202148e+00 0.000000000000000000e+00
1.839750051498413086e+00 0.000000000000000000e+00
1.843250036239624023e+00 0.000000000000000000e+00
1.846750020980834961e+00 0.000000000000000000e+00
1.850250005722045898e+00 0.000000000000000000e+00
1.853749990463256836e+00 0.000000000000000000e+00
1.857249975204467773e+00 0.000000000000000000e+00
1.860749959945678711e+00 0.000000000000000000e+00
1.864249944686889648e+00 0.000000000000000000e+00
1.867750048637390137e+00 0.000000000000000000e+00
1.871250033378601074e+00 0.000000000000000000e+00
1.874750018119812012e+00 0.000000000000000000e+00
1.878250002861022949e+00 0.000000000000000000e+00
1.881749987602233887e+00 0.000000000000000000e+00
1.885249972343444824e+00 0.000000000000000000e+00
1.888749957084655762e+00 0.000000000000000000e+00
1.892250061035156250e+00 0.000000000000000000e+00
1.895750045776367188e+00 0.000000000000000000e+00
1.899250030517578125e+00 0.000000000000000000e+00
1.902750015258789062e+00 0.000000000000000000e+00
1.906250000000000000e+00 0.000000000000000000e+00
1.909749984741210938e+00 0.000000000000000000e+00
1.913249969482421875e+00 0.000000000000000000e+00
1.916749954223632812e+00 0.000000000000000000e+00
1.920249938964843750e+00 0.000000000000000000e+00
1.923750042915344238e+00 0.000000000000000000e+00
1.927250027656555176e+00 0.000000000000000000e+00
1.930750012397766113e+00 0.000000000000000000e+00
1.934249997138977051e+00 0.000000000000000000e+00
1.937749981880187988e+00 0.000000000000000000e+00
1.941249966621398926e+00 0.000000000000000000e+00
1.944749951362609863e+00 0.000000000000000000e+00
1.948250055313110352e+00 0.000000000000000000e+00
1.951750040054321289e+00 0.000000000000000000e+00
1.955250024795532227e+00 0.000000000000000000e+00
1.958750009536743164e+00 0.000000000000000000e+00
1.962249994277954102e+00 0.000000000000000000e+00
1.965749979019165039e+00 0.000000000000000000e+00
1.969249963760375977e+00 0.000000000000000000e+00
1.972749948501586914e+00 0.000000000000000000e+00
1.976249933242797852e+00 0.000000000000000000e+00
1.979750037193298340e+00 0.000000000000000000e+00
1.983250021934509277e+00 0.000000000000000000e+00
1.986750006675720215e+00 0.000000000000000000e+00
1.990249991416931152e+00 0.000000000000000000e+00
1.993749976158142090e+00 0.000000000000000000e+00
1.997249960899353027e+00 0.000000000000000000e+00
2.000750064849853516e+00 0.000000000000000000e+00
2.004250049591064453e+00 0.000000000000000000e+00
2.007750034332275391e+00 0.000000000000000000e+00
2.011250019073486328e+00 0.000000000000000000e+00
2.014750003814697266e+00 0.000000000000000000e+00
2.018249988555908203e+00 0.000000000000000000e+00
2.021749973297119141e+00 0.000000000000000000e+00
2.025249958038330078e+00 0.000000000000000000e+00
2.028749942779541016e+00 0.000000000000000000e+00
2.032249927520751953e+00 0.000000000000000000e+00
2.035749912261962891e+00 0.000000000000000000e+00
2.039249897003173828e+00 0.000000000000000000e+00
2.042749881744384766e+00 0.000000000000000000e+00
2.046250104904174805e+00 0.000000000000000000e+00
2.049750089645385742e+00 0.000000000000000000e+00
2.053250074386596680e+00 0.000000000000000000e+00
2.056750059127807617e+00 0.000000000000000000e+00
2.060250043869018555e+00 0.000000000000000000e+00
2.063750028610229492e+00 0.000000000000000000e+00
2.067250013351440430e+00 0.000000000000000000e+00
2.070749998092651367e+00 0.000000000000000000e+00
2.074249982833862305e+00 0.000000000000000000e+00
2.077749967575073242e+00 0.000000000000000000e+00
2.081249952316284180e+00 0.000000000000000000e+00
2.084749937057495117e+00 0.000000000000000000e+00
2.088249921798706055e+00 0.000000000000000000e+00
2.091749906539916992e+00 0.000000000000000000e+00
2.095249891281127930e+00 0.000000000000000000e+00
2.098750114440917969e+00 0.000000000000000000e+00
2.102250099182128906e+00 0.000000000000000000e+00
2.105750083923339844e+00 0.000000000000000000e+00
2.109250068664550781e+00 0.000000000000000000e+00
2.112750053405761719e+00 0.000000000000000000e+00
2.116250038146972656e+00 0.000000000000000000e+00
2.119750022888183594e+00 0.000000000000000000e+00
2.123250007629394531e+00 0.000000000000000000e+00
2.126749992370605469e+00 0.000000000000000000e+00
2.130249977111816406e+00 0.000000000000000000e+00
2.133749961853027344e+00 0.000000000000000000e+00
2.137249946594238281e+00 0.000000000000000000e+00
2.140749931335449219e+00 0.000000000000000000e+00
2.144249916076660156e+00 0.000000000000000000e+00
2.147749900817871094e+00 0.000000000000000000e+00
2.151249885559082031e+00 0.000000000000000000e+00
2.154750108718872070e+00 0.000000000000000000e+00
2.158250093460083008e+00 0.000000000000000000e+00
2.161750078201293945e+00 0.000000000000000000e+00
2.165250062942504883e+00 0.000000000000000000e+00
2.168750047683715820e+00 0.000000000000000000e+00
2.172250032424926758e+00 0.000000000000000000e+00
2.175750017166137695e+00 0.000000000000000000e+00
2.179250001907348633e+00 0.000000000000000000e+00
2.182749986648559570e+00 0.000000000000000000e+00
2.186249971389770508e+00 0.000000000000000000e+00
2.189749956130981445e+00 0.000000000000000000e+00
2.193249940872192383e+00 0.000000000000000000e+00
2.196749925613403320e+00 0.000000000000000000e+00
2.200249910354614258e+00 0.000000000000000000e+00
2.203749895095825195e+00 0.000000000000000000e+00
2.207250118255615234e+00 0.000000000000000000e+00
2.210750102996826172e+00 0.000000000000000000e+00
2.214250087738037109e+00 0.000000000000000000e+00
2.217750072479248047e+00 0.000000000000000000e+00
2.221250057220458984e+00 0.000000000000000000e+00
2.224750041961669922e+00 0.000000000000000000e+00
2.228250026702880859e+00 0.000000000000000000e+00
2.231750011444091797e+00 0.000000000000000000e+00
2.235249996185302734e+00 0.000000000000000000e+00
2.238749980926513672e+00 0.000000000000000000e+00
2.242249965667724609e+00 0.000000000000000000e+00
2.245749950408935547e+00 0.000000000000000000e+00
2.249249935150146484e+00 0.000000000000000000e+00
2.252749919891357422e+00 0.000000000000000000e+00
2.256249904632568359e+00 0.000000000000000000e+00
2.259749889373779297e+00 0.000000000000000000e+00
2.263249874114990234e+00 0.000000000000000000e+00
2.266750097274780273e+00 0.000000000000000000e+00
2.270250082015991211e+00 0.000000000000000000e+00
2.273750066757202148e+00 0.000000000000000000e+00
2.277250051498413086e+00 0.000000000000000000e+00
2.280750036239624023e+00 0.000000000000000000e+00
2.284250020980834961e+00 0.000000000000000000e+00
2.287750005722045898e+00 0.000000000000000000e+00
2.291249990463256836e+00 0.000000000000000000e+00
2.294749975204467773e+00 0.000000000000000000e+00
2.298249959945678711e+00 0.000000000000000000e+00
2.301749944686889648e+00 0.000000000000000000e+00
2.305249929428100586e+00 0.000000000000000000e+00
2.308749914169311523e+00 0.000000000000000000e+00
2.312249898910522461e+00 0.000000000000000000e+00
2.315750122070312500e+00 0.000000000000000000e+00
2.319250106811523438e+00 0.000000000000000000e+00
2.322750091552734375e+00 0.000000000000000000e+00
2.326250076293945312e+00 0.000000000000000000e+00
2.329750061035156250e+00 0.000000000000000000e+00
2.333250045776367188e+00 0.000000000000000000e+00
2.336750030517578125e+00 0.000000000000000000e+00
2.340250015258789062e+00 0.000000000000000000e+00
2.343750000000000000e+00 0.000000000000000000e+00
2.347249984741210938e+00 0.000000000000000000e+00
2.350749969482421875e+00 0.000000000000000000e+00
2.354249954223632812e+00 0.000000000000000000e+00
2.357749938964843750e+00 0.000000000000000000e+00
2.361249923706054688e+00 0.000000000000000000e+00
2.364749908447265625e+00 0.000000000000000000e+00
2.368249893188476562e+00 0.000000000000000000e+00
2.371749877929687500e+00 0.000000000000000000e+00
2.375250101089477539e+00 0.000000000000000000e+00
2.378750085830688477e+00 0.000000000000000000e+00
2.382250070571899414e+00 0.000000000000000000e+00
2.385750055313110352e+00 0.000000000000000000e+00
2.389250040054321289e+00 0.000000000000000000e+00
2.392750024795532227e+00 0.000000000000000000e+00
2.396250009536743164e+00 0.000000000000000000e+00
2.399749994277954102e+00 0.000000000000000000e+00
2.403249979019165039e+00 0.000000000000000000e+00
2.406749963760375977e+00 0.000000000000000000e+00
2.410249948501586914e+00 0.000000000000000000e+00
2.413749933242797852e+00 0.000000000000000000e+00
2.417249917984008789e+00 0.000000000000000000e+00
2.420749902725219727e+00 0.000000000000000000e+00
2.424250125885009766e+00 0.000000000000000000e+00
2.427750110626220703e+00 0.000000000000000000e+00
2.431250095367431641e+00 0.000000000000000000e+00
2.434750080108642578e+00 0.000000000000000000e+00
2.438250064849853516e+00 0.000000000000000000e+00
2.441750049591064453e+00 0.000000000000000000e+00
2.445250034332275391e+00 0.000000000000000000e+00
2.448750019073486328e+00 0.000000000000000000e+00
2.452250003814697266e+00 0.000000000000000000e+00
2.455749988555908203e+00 0.000000000000000000e+00
2.459249973297119141e+00 0.000000000000000000e+00
2.462749958038330078e+00 0.000000000000000000e+00
2.466249942779541016e+00 0.000000000000000000e+00
2.469749927520751953e+00 0.000000000000000000e+00
2.473249912261962891e+00 0.000000000000000000e+00
2.476749897003173828e+00 0.000000000000000000e+00
2.480249881744384766e+00 0.000000000000000000e+00
2.483750104904174805e+00 0.000000000000000000e+00
2.487250089645385742e+00 0.000000000000000000e+00
2.490750074386596680e+00 0.000000000000000000e+00
2.494250059127807617e+00 0.000000000000000000e+00
2.497750043869018555e+00 0.000000000000000000e+00
2.501250028610229492e+00 0.000000000000000000e+00
2.504750013351440430e+00 0.000000000000000000e+00
2.508249998092651367e+00 0.000000000000000000e+00
2.511749982833862305e+00 0.000000000000000000e+00
2.515249967575073242e+00 0.000000000000000000e+00
2.518749952316284180e+00 0.000000000000000000e+00
2.522249937057495117e+00 0.000000000000000000e+00
2.525749921798706055e+00 0.000000000000000000e+00
2.529249906539916992e+00 0.000000000000000000e+00
2.532749891281127930e+00 0.000000000000000000e+00
2.536250114440917969e+00 0.000000000000000000e+00
2.539750099182128906e+00 0.000000000000000000e+00
2.543250083923339844e+00 0.000000000000000000e+00
2.546750068664550781e+00 0.000000000000000000e+00
2.550250053405761719e+00 0.000000000000000000e+00
2.553750038146972656e+00 0.000000000000000000e+00
2.557250022888183594e+00 0.000000000000000000e+00
2.560750007629394531e+00 0.000000000000000000e+00
2.564249992370605469e+00 0.000000000000000000e+00
2.567749977111816406e+00 0.000000000000000000e+00
2.571249961853027344e+00 0.000000000000000000e+00
2.574749946594238281e+00 0.000000000000000000e+00
2.578249931335449219e+00 0.000000000000000000e+00
2.581749916076660156e+00 0.000000000000000000e+00
2.585249900817871094e+00 0.000000000000000000e+00
2.588749885559082031e+00 0.000000000000000000e+00
2.592250108718872070e+00 0.000000000000000000e+00
2.595750093460083008e+00 0.000000000000000000e+00
2.599250078201293945e+00 0.000000000000000000e+00
2.602750062942504883e+00 0.000000000000000000e+00
2.606250047683715820e+00 0.000000000000000000e+00
2.609750032424926758e+00 0.000000000000000000e+00
2.613250017166137695e+00 0.000000000000000000e+00
2.616750001907348633e+00 0.000000000000000000e+00
2.620249986648559570e+00 0.000000000000000000e+00
2.623749971389770508e+00 0.000000000000000000e+00
2.627249956130981445e+00 0.000000000000000000e+00
2.630749940872192383e+00 0.000000000000000000e+00
2.634249925613403320e+00 0.000000000000000000e+00
2.637749910354614258e+00 0.000000000000000000e+00
2.641249895095825195e+00 0.000000000000000000e+00
2.644750118255615234e+00 0.000000000000000000e+00
2.648250102996826172e+00 0.000000000000000000e+00
2.651750087738037109e+00 0.000000000000000000e+00
2.655250072479248047e+00 0.000000000000000000e+00
2.658750057220458984e+00 0.000000000000000000e+00
2.662250041961669922e+00 0.000000000000000000e+00
2.665750026702880859e+00 0.000000000000000000e+00
2.669250011444091797e+00 0.000000000000000000e+00
2.672749996185302734e+00 0.000000000000000000e+00
2.676249980926513672e+00 0.000000000000000000e+00
2.679749965667724609e+00 0.000000000000000000e+00
2.683249950408935547e+00 0.000000000000000000e+00
2.686749935150146484e+00 0.000000000000000000e+00
2.690249919891357422e+00 0.000000000000000000e+00
2.693749904632568359e+00 0.000000000000000000e+00
2.697249889373779297e+00 0.000000000000000000e+00
2.700749874114990234e+00 0.000000000000000000e+00
2.704250097274780273e+00 0.000000000000000000e+00
2.707750082015991211e+00 0.000000000000000000e+00
2.711250066757202148e+00 0.000000000000000000e+00
2.714750051498413086e+00 0.000000000000000000e+00
2.718250036239624023e+00 0.000000000000000000e+00
2.721750020980834961e+00 0.000000000000000000e+00
2.725250005722045898e+00 0.000000000000000000e+00
2.728749990463256836e+00 0.000000000000000000e+00
2.732249975204467773e+00 0.000000000000000000e+00
2.735749959945678711e+00 0.000000000000000000e+00
2.739249944686889648e+00 0.000000000000000000e+00
2.742749929428100586e+00 0.000000000000000000e+00
2.746249914169311523e+00 0.000000000000000000e+00
2.749749898910522461e+00 0.000000000000000000e+00
2.753250122070312500e+00 0.000000000000000000e+00
2.756750106811523438e+00 0.000000000000000000e+00
2.760250091552734375e+00 0.000000000000000000e+00
2.763750076293945312e+00 0.000000000000000000e+00
2.767250061035156250e+00 0.000000000000000000e+00
2.770750045776367188e+00 0.000000000000000000e+00
2.774250030517578125e+00 0.000000000000000000e+00
2.777750015258789062e+00 0.000000000000000000e+00
2.781250000000000000e+00 0.000000000000000000e+00
2.784749984741210938e+00 0.000000000000000000e+00
2.788249969482421875e+00 0.000000000000000000e+00
2.791749954223632812e+00 0.000000000000000000e+00
2.795249938964843750e+00 0.000000000000000000e+00
2.798749923706054688e+00 0.000000000000000000e+00
2.802249908447265625e+00 0.000000000000000000e+00
2.805749893188476562e+00 0.000000000000000000e+00
2.809249877929687500e+00 0.000000000000000000e+00
2.812750101089477539e+00 0.000000000000000000e+00
2.816250085830688477e+00 0.000000000000000000e+00
2.819750070571899414e+00 0.000000000000000000e+00
2.823250055313110352e+00 0.000000000000000000e+00
2.826750040054321289e+00 0.000000000000000000e+00
2.830250024795532227e+00 0.000000000000000000e+00
2.833750009536743164e+00 0.000000000000000000e+00
2.837249994277954102e+00 0.000000000000000000e+00
2.840749979019165039e+00 0.000000000000000000e+00
2.844249963760375977e+00 0.000000000000000000e+00
2.847749948501586914e+00 0.000000000000000000e+00
2.851249933242797852e+00 0.000000000000000000e+00
2.854749917984008789e+00 0.000000000000000000e+00
2.858249902725219727e+00 0.000000000000000000e+00
2.861750125885009766e+00 0.000000000000000000e+00
2.865250110626220703e+00 0.000000000000000000e+00
2.868750095367431641e+00 0.000000000000000000e+00
2.872250080108642578e+00 0.000000000000000000e+00
2.875750064849853516e+00 0.000000000000000000e+00
2.879250049591064453e+00 0.000000000000000000e+00
2.882750034332275391e+00 0.000000000000000000e+00
2.886250019073486328e+00 0.000000000000000000e+00
2.889750003814697266e+00 0.000000000000000000e+00
2.893249988555908203e+00 0.000000000000000000e+00
2.896749973297119141e+00 0.000000000000000000e+00
2.900249958038330078e+00 0.000000000000000000e+00
2.903749942779541016e+00 0.000000000000000000e+00
2.907249927520751953e+00 0.000000000000000000e+00
2.910749912261962891e+00 0.000000000000000000e+00
2.914249897003173828e+00 0.000000000000000000e+00
2.917749881744384766e+00 0.000000000000000000e+00
2.921250104904174805e+00 0.000000000000000000e+00
2.924750089645385742e+00 0.000000000000000000e+00
2.928250074386596680e+00 0.000000000000000000e+00
2.931750059127807617e+00 0.000000000000000000e+00
2.935250043869018555e+00 0.000000000000000000e+00
2.938750028610229492e+00 0.000000000000000000e+00
2.942250013351440430e+00 0.000000000000000000e+00
2.945749998092651367e+00 0.000000000000000000e+00
2.949249982833862305e+00 0.000000000000000000e+00
2.952749967575073242e+00 0.000000000000000000e+00
2.956249952316284180e+00 0.000000000000000000e+00
2.959749937057495117e+00 0.000000000000000000e+00
2.963249921798706055e+00 0.000000000000000000e+00
2.966749906539916992e+00 0.000000000000000000e+00
2.970249891281127930e+00 0.000000000000000000e+00
2.973750114440917969e+00 0.000000000000000000e+00
2.977250099182128906e+00 0.000000000000000000e+00
2.980750083923339844e+00 0.000000000000000000e+00
2.984250068664550781e+00 0.000000000000000000e+00
2.987750053405761719e+00 0.000000000000000000e+00
2.991250038146972656e+00 0.000000000000000000e+00
2.994750022888183594e+00 0.000000000000000000e+00
2.998250007629394531e+00 0.000000000000000000e+00
