-4.982500076293945312e-01 0.000000000000000000e+00
-4.947499930858612061e-01 0.000000000000000000e+00
-4.912499785423278809e-01 0.000000000000000000e+00
-4.877499938011169434e-01 0.000000000000000000e+00
-4.842500090599060059e-01 0.000000000000000000e+00
-4.807499945163726807e-01 0.000000000000000000e+00
-4.772499799728393555e-01 0.000000000000000000e+00
-4.737499952316284180e-01 0.000000000000000000e+00
-4.702500104904174805e-01 0.000000000000000000e+00
-4.667499959468841553e-01 0.000000000000000000e+00
-4.632499814033508301e-01 0.000000000000000000e+00
-4.597499966621398926e-01 0.000000000000000000e+00
-4.562500119209289551e-01 0.000000000000000000e+00
-4.527499973773956299e-01 0.000000000000000000e+00
-4.492499828338623047e-01 0.000000000000000000e+00
-4.457499980926513672e-01 0.000000000000000000e+00
-4.422500133514404297e-01 0.000000000000000000e+00
-4.387499988079071045e-01 0.000000000000000000e+00
-4.352499842643737793e-01 0.000000000000000000e+00
-4.317499995231628418e-01 0.000000000000000000e+00
-4.282500147819519043e-01 0.000000000000000000e+00
-4.247500002384185791e-01 0.000000000000000000e+00
-4.212499856948852539e-01 0.000000000000000000e+00
-4.177500009536743164e-01 0.000000000000000000e+00
-4.142500162124633789e-01 0.000000000000000000e+00
-4.107500016689300537e-01 0.000000000000000000e+00
-4.072499871253967285e-01 0.000000000000000000e+00
-4.037500023841857910e-01 0.000000000000000000e+00
-4.002500176429748535e-01 0.000000000000000000e+00
-3.967500030994415283e-01 0.000000000000000000e+00
-3.932499885559082031e-01 0.000000000000000000e+00
-3.897500038146972656e-01 0.000000000000000000e+00
-3.862500190734863281e-01 0.000000000000000000e+00
-3.827500045299530029e-01 0.000000000000000000e+00
-3.792499899864196777e-01 0.000000000000000000e+00
-3.757500052452087402e-01 0.000000000000000000e+00
-3.722500205039978027e-01 0.000000000000000000e+00
-3.687500059604644775e-01 0.000000000000000000e+00
-3.652499914169311523e-01 0.000000000000000000e+00
-3.617500066757202148e-01 0.000000000000000000e+00
-3.582500219345092773e-01 0.000000000000000000e+00
-3.547499775886535645e-01 0.000000000000000000e+00
-3.512499928474426270e-01 0.000000000000000000e+00
-3.477500081062316895e-01 0.000000000000000000e+00
-3.442499935626983643e-01 0.000000000000000000e+00
-3.407499790191650391e-01 0.000000000000000000e+00
-3.372499942779541016e-01 0.000000000000000000e+00
-3.337500095367431641e-01 0.000000000000000000e+00
-3.302499949932098389e-01 0.000000000000000000e+00
-3.267499804496765137e-01 0.000000000000000000e+00
-3.232499957084655762e-01 0.000000000000000000e+00
-3.197500109672546387e-01 0.000000000000000000e+00
-3.162499964237213135e-01 0.000000000000000000e+00
-3.127499818801879883e-01 0.000000000000000000e+00
-3.092499971389770508e-01 0.000000000000000000e+00
-3.057500123977661133e-01 0.000000000000000000e+00
-3.022499978542327881e-01 0.000000000000000000e+00
-2.987499833106994629e-01 0.000000000000000000e+00
-2.952499985694885254e-01 0.000000000000000000e+00
-2.917500138282775879e-01 0.000000000000000000e+00
-2.882499992847442627e-01 0.000000000000000000e+00
-2.847499847412109375e-01 0.000000000000000000e+00
-2.812500000000000000e-01 0.000000000000000000e+00
-2.777500152587890625e-01 0.000000000000000000e+00
-2.742500007152557373e-01 0.000000000000000000e+00
-2.707499861717224121e-01 0.000000000000000000e+00
-2.672500014305114746e-01 0.000000000000000000e+00
-2.637500166893005371e-01 0.000000000000000000e+00
-2.602500021457672119e-01 0.000000000000000000e+00
-2.567499876022338867e-01 0.000000000000000000e+00
-2.532500028610229492e-01 0.000000000000000000e+00
-2.497500032186508179e-01 0.000000000000000000e+00
-2.462500035762786865e-01 0.000000000000000000e+00
-2.427499890327453613e-01 0.000000000000000000e+00
-2.392500042915344238e-01 0.000000000000000000e+00
-2.357499897480010986e-01 0.000000000000000000e+00
-2.322500050067901611e-01 0.000000000000000000e+00
-2.287499904632568359e-01 0.000000000000000000e+00
-2.252500057220458984e-01 0.000000000000000000e+00
-2.217499911785125732e-01 0.000000000000000000e+00
-2.182500064373016357e-01 0.000000000000000000e+00
-2.147499918937683105e-01 0.000000000000000000e+00
-2.112500071525573730e-01 0.000000000000000000e+00
-2.077499926090240479e-01 0.000000000000000000e+00
-2.042500078678131104e-01 0.000000000000000000e+00
-2.007499933242797852e-01 0.000000000000000000e+00
-1.972500085830688477e-01 0.000000000000000000e+00
-1.937499940395355225e-01 1.449403953301953152e-05
-1.902500092983245850e-01 1.680973364273086190e-04
-1.867499947547912598e-01 1.270543551072478294e-03
-1.832500100135803223e-01 4.894564859569072723e-03
-1.797499954700469971e-01 1.286144740879535675e-02
-1.762500107288360596e-01 3.006078861653804779e-02
-1.727499961853027344e-01 5.796590074896812439e-02
-1.692500114440917969e-01 1.011971309781074524e-01
-1.657499969005584717e-01 1.658111661672592163e-01
-1.622500121593475342e-01 2.468684911727905273e-01
-1.587499976158142090e-01 3.550383448600769043e-01
-1.552500128746032715e-01 4.841624498367309570e-01
-1.517499983310699463e-01 6.386342048645019531e-01
-1.482500135898590088e-01 8.173950314521789551e-01
-1.447499990463256836e-01 1.010863184928894043e+00
-1.412500143051147461e-01 1.230038523674011230e+00
-1.377499997615814209e-01 1.463678717613220215e+00
-1.342500001192092896e-01 1.711062908172607422e+00
-1.307500004768371582e-01 1.974817633628845215e+00
-1.272499859333038330e-01 2.243796586990356445e+00
-1.237500011920928955e-01 2.511821746826171875e+00
-1.202500015497207642e-01 2.788171529769897461e+00
-1.167500019073486328e-01 3.061887025833129883e+00
-1.132500022649765015e-01 3.342105865478515625e+00
-1.097500026226043701e-01 3.598752737045288086e+00
-1.062500029802322388e-01 3.849238157272338867e+00
-1.027500033378601074e-01 4.095472812652587891e+00
-9.925000369548797607e-02 4.326153755187988281e+00
-9.574999660253524780e-02 4.538132667541503906e+00
-9.224999696016311646e-02 4.731539249420166016e+00
-8.874999731779098511e-02 4.913373470306396484e+00
-8.524999767541885376e-02 5.078804492950439453e+00
-8.174999803304672241e-02 5.211556911468505859e+00
-7.824999839067459106e-02 5.348530769348144531e+00
-7.474999874830245972e-02 5.455167293548583984e+00
-7.124999910593032837e-02 5.539453983306884766e+00
-6.774999946355819702e-02 5.603531360626220703e+00
-6.424999982118606567e-02 5.654260158538818359e+00
-6.075000017881393433e-02 5.685359477996826172e+00
-5.725000053644180298e-02 5.704703807830810547e+00
-5.375000089406967163e-02 5.702088356018066406e+00
-5.025000125169754028e-02 5.689605712890625000e+00
-4.675000160932540894e-02 5.658317089080810547e+00
-4.325000196695327759e-02 5.611892700195312500e+00
-3.974999859929084778e-02 5.562541961669921875e+00
-3.624999895691871643e-02 5.488667011260986328e+00
-3.274999931454658508e-02 5.415158748626708984e+00
-2.924999967217445374e-02 5.322452545166015625e+00
-2.575000002980232239e-02 5.235424518585205078e+00
-2.225000038743019104e-02 5.121942996978759766e+00
-1.875000074505805969e-02 5.017169475555419922e+00
-1.525000110268592834e-02 4.896485328674316406e+00
-1.174999959766864777e-02 4.778861045837402344e+00
-8.249999955296516418e-03 4.654961109161376953e+00
-4.750000312924385071e-03 4.527702808380126953e+00
-1.249999972060322762e-03 4.391418933868408203e+00
2.250000135973095894e-03 4.261673927307128906e+00
5.750000011175870895e-03 4.133991241455078125e+00
9.250000119209289551e-03 4.004010200500488281e+00
1.274999976158142090e-02 3.873655319213867188e+00
1.624999940395355225e-02 3.739001989364624023e+00
1.974999904632568359e-02 3.604730129241943359e+00
2.325000055134296417e-02 3.480323553085327148e+00
2.675000019371509552e-02 3.347267150878906250e+00
3.025000169873237610e-02 3.221493482589721680e+00
3.375000134110450745e-02 3.094181299209594727e+00
3.725000098347663879e-02 2.968199729919433594e+00
4.075000062584877014e-02 2.851218461990356445e+00
4.425000026822090149e-02 2.730387926101684570e+00
4.774999991059303284e-02 2.618763208389282227e+00
5.124999955296516418e-02 2.506644010543823242e+00
5.474999919533729553e-02 2.402043104171752930e+00
5.824999883770942688e-02 2.291392326354980469e+00
6.175000220537185669e-02 2.188659191131591797e+00
6.525000184774398804e-02 2.095932006835937500e+00
6.875000149011611938e-02 1.999064087867736816e+00
7.225000113248825073e-02 1.909683346748352051e+00
7.575000077486038208e-02 1.817557811737060547e+00
7.925000041723251343e-02 1.732270598411560059e+00
8.275000005960464478e-02 1.646486282348632812e+00
8.624999970197677612e-02 1.570299029350280762e+00
8.974999934434890747e-02 1.495583534240722656e+00
9.324999898672103882e-02 1.421522498130798340e+00
9.674999862909317017e-02 1.356098651885986328e+00
1.002499982714653015e-01 1.287409543991088867e+00
1.037499979138374329e-01 1.225394964218139648e+00
1.072499975562095642e-01 1.162806987762451172e+00
1.107499971985816956e-01 1.103994846343994141e+00
1.142499968409538269e-01 1.051056146621704102e+00
1.177499964833259583e-01 9.930598139762878418e-01
1.212500035762786865e-01 9.434173703193664551e-01
1.247500032186508179e-01 8.928604722023010254e-01
1.282500028610229492e-01 8.464846611022949219e-01
1.317499876022338867e-01 8.042688369750976562e-01
1.352500021457672119e-01 7.626778483390808105e-01
1.387499868869781494e-01 7.220263481140136719e-01
1.422500014305114746e-01 6.844286322593688965e-01
1.457499861717224121e-01 6.503726243972778320e-01
1.492500007152557373e-01 6.130506992340087891e-01
1.527499854564666748e-01 5.830194950103759766e-01
1.562500000000000000e-01 5.520121455192565918e-01
1.597500145435333252e-01 5.220714211463928223e-01
1.632499992847442627e-01 4.941347539424896240e-01
1.667500138282775879e-01 4.686364829540252686e-01
1.702499985694885254e-01 4.436255693435668945e-01
1.737500131130218506e-01 4.187789261341094971e-01
1.772499978542327881e-01 3.962791860103607178e-01
1.807500123977661133e-01 3.743743598461151123e-01
1.842499971389770508e-01 3.559293150901794434e-01
1.877500116825103760e-01 3.347090184688568115e-01
1.912499964237213135e-01 3.190258443355560303e-01
1.947500109672546387e-01 3.015908300876617432e-01
1.982499957084655762e-01 2.834577560424804688e-01
2.017500102519989014e-01 2.696446478366851807e-01
2.052499949932098389e-01 2.552368044853210449e-01
2.087500095367431641e-01 2.406458109617233276e-01
2.122499942779541016e-01 2.274409979581832886e-01
2.157500088214874268e-01 2.155105173587799072e-01
2.192499935626983643e-01 2.044817358255386353e-01
2.227500081062316895e-01 1.942720562219619751e-01
2.262499928474426270e-01 1.825586557388305664e-01
2.297500073909759521e-01 1.727344095706939697e-01
2.332499921321868896e-01 1.632273197174072266e-01
2.367500066757202148e-01 1.546802818775177002e-01
2.402499914169311523e-01 1.459622830152511597e-01
2.437500059604644775e-01 1.387369036674499512e-01
2.472499907016754150e-01 1.308608502149581909e-01
2.507500052452087402e-01 1.234976351261138916e-01
2.542499899864196777e-01 1.165391430258750916e-01
2.577500045299530029e-01 1.097959354519844055e-01
2.612500190734863281e-01 1.045530736446380615e-01
2.647500038146972656e-01 9.871861338615417480e-02
2.682499885559082031e-01 9.362942725419998169e-02
2.717500030994415283e-01 8.884543925523757935e-02
2.752500176429748535e-01 8.343933522701263428e-02
2.787500023841857910e-01 7.937321066856384277e-02
2.822499871253967285e-01 7.533406466245651245e-02
2.857500016689300537e-01 7.159828394651412964e-02
2.892500162124633789e-01 6.752160936594009399e-02
2.927500009536743164e-01 6.415739655494689941e-02
2.962499856948852539e-01 6.104452908039093018e-02
2.997500002384185791e-01 5.767812579870223999e-02
3.032500147819519043e-01 5.459580942988395691e-02
3.067499995231628418e-01 5.159997567534446716e-02
3.102499842643737793e-01 4.866709932684898376e-02
3.137499988079071045e-01 4.654395207762718201e-02
3.172500133514404297e-01 4.384974017739295959e-02
3.207499980926513672e-01 4.183921217918395996e-02
3.242499828338623047e-01 3.972968831658363342e-02
3.277499973773956299e-01 3.764951229095458984e-02
3.312500119209289551e-01 3.610856086015701294e-02
3.347499966621398926e-01 3.436197713017463684e-02
3.382499814033508301e-01 3.223555535078048706e-02
3.417499959468841553e-01 3.071422874927520752e-02
3.452500104904174805e-01 2.923914976418018341e-02
3.487499952316284180e-01 2.788726985454559326e-02
3.522499799728393555e-01 2.665508165955543518e-02
3.557499945163726807e-01 2.528706751763820648e-02
3.592500090599060059e-01 2.395225316286087036e-02
3.627499938011169434e-01 2.287943474948406219e-02
3.662499785423278809e-01 2.213859371840953827e-02
3.697499930858612061e-01 2.084865048527717590e-02
3.732500076293945312e-01 1.957762800157070160e-02
3.767499923706054688e-01 1.845030486583709717e-02
3.802500069141387939e-01 1.793897151947021484e-02
3.837500214576721191e-01 1.709002815186977386e-02
3.872500061988830566e-01 1.601335592567920685e-02
3.907499909400939941e-01 1.570539176464080811e-02
3.942500054836273193e-01 1.462431345134973526e-02
3.977500200271606445e-01 1.407273672521114349e-02
4.012500047683715820e-01 1.342630013823509216e-02
4.047499895095825195e-01 1.290694065392017365e-02
4.082500040531158447e-01 1.207139343023300171e-02
4.117500185966491699e-01 1.154588069766759872e-02
4.152500033378601074e-01 1.103495713323354721e-02
4.187499880790710449e-01 1.055835466831922531e-02
4.222500026226043701e-01 9.995841421186923981e-03
4.257500171661376953e-01 9.375685825943946838e-03
4.292500019073486328e-01 9.022379294037818909e-03
4.327499866485595703e-01 8.577412925660610199e-03
4.362500011920928955e-01 8.154721930623054504e-03
4.397500157356262207e-01 7.932530716061592102e-03
4.432500004768371582e-01 7.520589977502822876e-03
4.467499852180480957e-01 7.076506502926349640e-03
4.502499997615814209e-01 6.620964966714382172e-03
4.537500143051147461e-01 6.323505192995071411e-03
4.572499990463256836e-01 6.011168938130140305e-03
4.607499837875366211e-01 5.696890875697135925e-03
4.642499983310699463e-01 5.486584268510341644e-03
4.677500128746032715e-01 5.147479474544525146e-03
4.712499976158142090e-01 4.844697192311286926e-03
4.747499823570251465e-01 4.648458212614059448e-03
4.782499969005584717e-01 4.355232231318950653e-03
4.817500114440917969e-01 4.146890714764595032e-03
4.852499961853027344e-01 3.996639046818017960e-03
4.887499809265136719e-01 3.681161673739552498e-03
4.922499954700469971e-01 3.433622885495424271e-03
4.957500100135803223e-01 3.431387245655059814e-03
4.992499947547912598e-01 3.142201108857989311e-03
5.027499794960021973e-01 2.951783593744039536e-03
5.062500238418579102e-01 2.861618995666503906e-03
5.097500085830688477e-01 2.692936919629573822e-03
5.132499933242797852e-01 2.597942948341369629e-03
5.167499780654907227e-01 2.391373272985219955e-03
5.202499628067016602e-01 2.244164235889911652e-03
5.237500071525573730e-01 2.096536802127957344e-03
5.272499918937683105e-01 1.954881940037012100e-03
5.307500362396240234e-01 1.888400991447269917e-03
5.342500209808349609e-01 1.801538746803998947e-03
5.377500057220458984e-01 1.637107343412935734e-03
5.412499904632568359e-01 1.599439186975359917e-03
5.447499752044677734e-01 1.488422858528792858e-03
5.482500195503234863e-01 1.385827665217220783e-03
5.517500042915344238e-01 1.330707687884569168e-03
5.552499890327453613e-01 1.253461465239524841e-03
5.587500333786010742e-01 1.170244184322655201e-03
5.622500181198120117e-01 1.149056944996118546e-03
5.657500028610229492e-01 1.030886895023286343e-03
5.692499876022338867e-01 1.008469727821648121e-03
5.727499723434448242e-01 9.374836809001863003e-04
5.762500166893005371e-01 8.450836176052689552e-04
5.797500014305114746e-01 8.199436124414205551e-04
5.832499861717224121e-01 7.484843954443931580e-04
5.867500305175781250e-01 7.219299441203474998e-04
5.902500152587890625e-01 7.055787136778235435e-04
5.937500000000000000e-01 6.451035151258111000e-04
5.972499847412109375e-01 6.164460792206227779e-04
6.007499694824218750e-01 5.545964231714606285e-04
6.042500138282775879e-01 5.383379757404327393e-04
6.077499985694885254e-01 5.274696159176528454e-04
6.112499833106994629e-01 4.916264442726969719e-04
6.147500276565551758e-01 4.351934185251593590e-04
6.182500123977661133e-01 4.335768171586096287e-04
6.217499971389770508e-01 3.917663416359573603e-04
6.252499818801879883e-01 3.675960761029273272e-04
6.287499666213989258e-01 3.518512239679694176e-04
6.322500109672546387e-01 3.479684819467365742e-04
6.357499957084655762e-01 3.018344577867537737e-04
6.392499804496765137e-01 3.015902766492217779e-04
6.427500247955322266e-01 2.892086631618440151e-04
6.462500095367431641e-01 2.639692393131554127e-04
6.497499942779541016e-01 2.488693862687796354e-04
6.532499790191650391e-01 2.194646367570385337e-04
6.567499637603759766e-01 2.186696219723671675e-04
6.602500081062316895e-01 1.946804695762693882e-04
6.637499928474426270e-01 1.765727065503597260e-04
6.672500371932983398e-01 1.634999207453802228e-04
6.707500219345092773e-01 1.595067005837336183e-04
6.742500066757202148e-01 1.580344542162492871e-04
6.777499914169311523e-01 1.457952748751267791e-04
6.812499761581420898e-01 1.541186938993632793e-04
6.847500205039978027e-01 1.231584610650315881e-04
6.882500052452087402e-01 1.197967503685504198e-04
6.917499899864196777e-01 1.057482440955936909e-04
6.952500343322753906e-01 1.081425361917354167e-04
6.987500190734863281e-01 1.063627860276028514e-04
7.022500038146972656e-01 1.029355626087635756e-04
7.057499885559082031e-01 9.592213609721511602e-05
7.092499732971191406e-01 8.723943756194785237e-05
7.127500176429748535e-01 8.850877202348783612e-05
7.162500023841857910e-01 7.636998634552583098e-05
7.197499871253967285e-01 6.506127101602032781e-05
7.232500314712524414e-01 7.517368794651702046e-05
7.267500162124633789e-01 6.882503657834604383e-05
7.302500009536743164e-01 6.472326640505343676e-05
7.337499856948852539e-01 6.214677705429494381e-05
7.372499704360961914e-01 5.839871664647944272e-05
7.407500147819519043e-01 5.454502388602122664e-05
7.442499995231628418e-01 5.138932829140685499e-05
7.477499842643737793e-01 5.347510159481316805e-05
7.512500286102294922e-01 4.748264473164454103e-05
7.547500133514404297e-01 4.636622543330304325e-05
7.582499980926513672e-01 4.347296635387465358e-05
7.617499828338623047e-01 4.131344394409097731e-05
7.652499675750732422e-01 3.583849320420995355e-05
7.687500119209289551e-01 3.425881732255220413e-05
7.722499966621398926e-01 3.349686448927968740e-05
7.757499814033508301e-01 3.513176852720789611e-05
7.792500257492065430e-01 3.069464582949876785e-05
7.827500104904174805e-01 3.043344258912838995e-05
7.862499952316284180e-01 3.429742719163186848e-05
7.897499799728393555e-01 2.678201781236566603e-05
7.932499647140502930e-01 2.529217636038083583e-05
7.967500090599060059e-01 2.956952812382951379e-05
8.002499938011169434e-01 2.704175494727678597e-05
8.037499785423278809e-01 2.676754957064986229e-05
8.072500228881835938e-01 2.497001878509763628e-05
8.107500076293945312e-01 2.258783024444710463e-05
8.142499923706054688e-01 2.592010241642128676e-05
8.177499771118164062e-01 2.559202948759775609e-05
8.212500214576721191e-01 2.523895273043308407e-05
8.247500061988830566e-01 1.893378976092208177e-05
8.282499909400939941e-01 1.655086089158430696e-05
8.317500352859497070e-01 2.583416244306135923e-05
8.352500200271606445e-01 1.855982736742589623e-05
8.387500047683715820e-01 2.008142655540723354e-05
8.422499895095825195e-01 1.829063330660574138e-05
8.457499742507934570e-01 1.948666431417223066e-05
8.492500185966491699e-01 1.904360942717175931e-05
8.527500033378601074e-01 2.070728805847465992e-05
8.562499880790710449e-01 1.562581564940046519e-05
8.597500324249267578e-01 1.555531525809783489e-05
8.632500171661376953e-01 1.669566518103238195e-05
8.667500019073486328e-01 1.528258871985599399e-05
8.702499866485595703e-01 1.790128953871317208e-05
8.737499713897705078e-01 2.155977199436165392e-05
8.772500157356262207e-01 1.486780092818662524e-05
8.807500004768371582e-01 1.686271752987522632e-05
8.842499852180480957e-01 1.853300273069180548e-05
8.877500295639038086e-01 2.079896330542396754e-05
8.912500143051147461e-01 2.049376053037121892e-05
8.947499990463256836e-01 1.728328425087966025e-05
8.982499837875366211e-01 1.859235089796129614e-05
9.017499685287475586e-01 1.790581700333859771e-05
9.052500128746032715e-01 1.673929727985523641e-05
9.087499976158142090e-01 1.781198807293549180e-05
9.122499823570251465e-01 1.572119435877539217e-05
9.157500267028808594e-01 1.575238457007799298e-05
9.192500114440917969e-01 1.604240424057934433e-05
9.227499961853027344e-01 1.240678011527052149e-05
9.262499809265136719e-01 1.595670073584187776e-05
9.297499656677246094e-01 1.417669864167692140e-05
9.332500100135803223e-01 1.831205736380070448e-05
9.367499947547912598e-01 1.558961957925930619e-05
9.402499794960021973e-01 1.517890177638037130e-05
9.437500238418579102e-01 2.304039117007050663e-05
9.472500085830688477e-01 2.427741674182470888e-05
9.507499933242797852e-01 1.840552977228071541e-05
9.542499780654907227e-01 1.685790448391344398e-05
9.577499628067016602e-01 1.948839053511619568e-05
9.612500071525573730e-01 2.127664447471033782e-05
9.647499918937683105e-01 1.972758400370366871e-05
9.682500362396240234e-01 2.676978510862682015e-05
9.717500209808349609e-01 1.966234049177728593e-05
9.752500057220458984e-01 2.718184623518027365e-05
9.787499904632568359e-01 1.982010144274681807e-05
9.822499752044677734e-01 2.915545701398514211e-05
9.857500195503234863e-01 2.019160092459060252e-05
9.892500042915344238e-01 2.161577504011802375e-05
9.927499890327453613e-01 2.340152786928229034e-05
9.962500333786010742e-01 2.316813879588153213e-05
9.997500181198120117e-01 2.752887485257815570e-05
1.003250002861022949e+00 2.415144808765035123e-05
1.006749987602233887e+00 2.304152440046891570e-05
1.010249972343444824e+00 2.242712798761203885e-05
1.013749957084655762e+00 1.993001387745607644e-05
1.017250061035156250e+00 1.703965062915813178e-05
1.020750045776367188e+00 1.978770524146966636e-05
1.024250030517578125e+00 2.212755316577386111e-05
1.027750015258789062e+00 2.200675953645259142e-05
1.031250000000000000e+00 1.927178709593135864e-05
1.034749984741210938e+00 2.039609898929484189e-05
1.038249969482421875e+00 2.307446084159892052e-05
1.041749954223632812e+00 1.606849218660499901e-05
1.045249938964843750e+00 1.908489321067463607e-05
1.048750042915344238e+00 2.051031515293288976e-05
1.052250027656555176e+00 1.900709867186378688e-05
1.055750012397766113e+00 1.909172715386375785e-05
1.059249997138977051e+00 1.793745104805566370e-05
1.062749981880187988e+00 1.986196184589061886e-05
1.066249966621398926e+00 2.184044387831818312e-05
1.069749951362609863e+00 1.401430472469655797e-05
1.073250055313110352e+00 1.739386425470001996e-05
1.076750040054321289e+00 1.361475733574479818e-05
1.080250024795532227e+00 1.730262556520756334e-05
1.083750009536743164e+00 1.773330041032750160e-05
1.087249994277954102e+00 1.557988070999272168e-05
1.090749979019165039e+00 1.969004006241448224e-05
1.094249963760375977e+00 2.253232923976611346e-05
1.097749948501586914e+00 1.613056520000100136e-05
1.101249933242797852e+00 1.626448647584766150e-05
1.104750037193298340e+00 1.763689033396076411e-05
1.108250021934509277e+00 1.605303259566426277e-05
1.111750006675720215e+00 1.850770968303550035e-05
1.115249991416931152e+00 2.055882941931486130e-05
1.118749976158142090e+00 1.361088834528345615e-05
1.122249960899353027e+00 1.452438118576537818e-05
1.125750064849853516e+00 1.591800537426024675e-05
1.129250049591064453e+00 2.221776776423212141e-05
1.132750034332275391e+00 1.760983650456182659e-05
1.136250019073486328e+00 1.825770050345454365e-05
1.139750003814697266e+00 2.294130536029115319e-05
1.143249988555908203e+00 2.620091072458308190e-05
1.146749973297119141e+00 2.000519816647283733e-05
1.150249958038330078e+00 2.347364898014348000e-05
1.153749942779541016e+00 1.916379187605343759e-05
1.157250046730041504e+00 2.034681529039517045e-05
1.160750031471252441e+00 2.409871558484155685e-05
1.164250016212463379e+00 2.025126013904809952e-05
1.167750000953674316e+00 2.529019366193097085e-05
1.171249985694885254e+00 2.280881744809448719e-05
1.174749970436096191e+00 2.297464016010053456e-05
1.178249955177307129e+00 3.095442662015557289e-05
1.181750059127807617e+00 2.424378544674254954e-05
1.185250043869018555e+00 3.217440462321974337e-05
1.188750028610229492e+00 2.795347063511144370e-05
1.192250013351440430e+00 2.970013338199350983e-05
1.195749998092651367e+00 2.937843783001881093e-05
1.199249982833862305e+00 3.234426549170166254e-05
1.202749967575073242e+00 3.062454925384372473e-05
1.206249952316284180e+00 3.968974124290980399e-05
1.209749937057495117e+00 3.599375850171782076e-05
1.213250041007995605e+00 3.732840195880271494e-05
1.216750025749206543e+00 3.569882392184808850e-05
1.220250010490417480e+00 3.674953404697589576e-05
1.223749995231628418e+00 4.277186235412955284e-05
1.227249979972839355e+00 3.995529186795465648e-05
1.230749964714050293e+00 5.155684993951581419e-05
1.234249949455261230e+00 4.401338082971051335e-05
1.237750053405761719e+00 4.971187809132970870e-05
1.241250038146972656e+00 4.168322993791662157e-05
1.244750022888183594e+00 4.927001646137796342e-05
1.248250007629394531e+00 5.175688420422375202e-05
1.251749992370605469e+00 5.426257484941743314e-05
1.255249977111816406e+00 5.556876931223087013e-05
1.258749961853027344e+00 6.166360981296747923e-05
1.262249946594238281e+00 5.595950642600655556e-05
1.265750050544738770e+00 5.809775757370516658e-05
1.269250035285949707e+00 5.953625441179610789e-05
1.272750020027160645e+00 7.162180554587393999e-05
1.276250004768371582e+00 6.452702655224129558e-05
1.279749989509582520e+00 6.891314114909619093e-05
1.283249974250793457e+00 6.952798867132514715e-05
1.286749958992004395e+00 7.381381874438375235e-05
1.290250062942504883e+00 7.897282921476289630e-05
1.293750047683715820e+00 7.451816782122477889e-05
1.297250032424926758e+00 8.036731742322444916e-05
1.300750017166137695e+00 8.305860683321952820e-05
1.304250001907348633e+00 8.443352999165654182e-05
1.307749986648559570e+00 8.709739631740376353e-05
1.311249971389770508e+00 8.667883230373263359e-05
1.314749956130981445e+00 8.588061609771102667e-05
1.318249940872192383e+00 9.079671872314065695e-05
1.321750044822692871e+00 8.938417886383831501e-05
1.325250029563903809e+00 8.583832095609977841e-05
1.328750014305114746e+00 9.147905075224116445e-05
1.332249999046325684e+00 9.208982373820617795e-05
1.335749983787536621e+00 1.035999521263875067e-04
1.339249968528747559e+00 9.783639688976109028e-05
1.342749953269958496e+00 9.578360914019867778e-05
1.346250057220458984e+00 9.805725130718201399e-05
1.349750041961669922e+00 1.052627339959144592e-04
1.353250026702880859e+00 1.044828386511653662e-04
1.356750011444091797e+00 1.153838456957601011e-04
1.360249996185302734e+00 1.126490315073169768e-04
1.363749980926513672e+00 1.057532499544322491e-04
1.367249965667724609e+00 1.115188642870634794e-04
1.370749950408935547e+00 1.077840424841269851e-04
1.374249935150146484e+00 1.104097900679334998e-04
1.377750039100646973e+00 1.024507510010153055e-04
1.381250023841857910e+00 1.153625998995266855e-04
1.384750008583068848e+00 1.083430834114551544e-04
1.388249993324279785e+00 1.212720962939783931e-04
1.391749978065490723e+00 1.146431823144666851e-04
1.395249962806701660e+00 1.116293424274772406e-04
1.398750066757202148e+00 1.085821495507843792e-04
1.402250051498413086e+00 1.108822325477376580e-04
1.405750036239624023e+00 1.093114260584115982e-04
1.409250020980834961e+00 1.197353121824562550e-04
1.412750005722045898e+00 1.235659001395106316e-04
1.416249990463256836e+00 1.151119577116332948e-04
1.419749975204467773e+00 1.162185362773016095e-04
1.423249959945678711e+00 1.270983048016205430e-04
1.426749944686889648e+00 1.191007613670080900e-04
1.430250048637390137e+00 1.095847619581036270e-04
1.433750033378601074e+00 1.120539745897985995e-04
1.437250018119812012e+00 1.159450184786692262e-04
1.440750002861022949e+00 1.096535488613881171e-04
1.444249987602233887e+00 1.042541989590972662e-04
1.447749972343444824e+00 1.039891285472549498e-04
1.451249957084655762e+00 1.049787606461904943e-04
1.454750061035156250e+00 1.074245301424525678e-04
1.458250045776367188e+00 8.082671411102637649e-05
1.461750030517578125e+00 8.777897892287001014e-05
1.465250015258789062e+00 1.047672121785581112e-04
1.468750000000000000e+00 9.264473919756710529e-05
1.472249984741210938e+00 1.177313315565697849e-04
1.475749969482421875e+00 8.909007010515779257e-05
1.479249954223632812e+00 1.069232748704962432e-04
1.482749938964843750e+00 9.426293399883434176e-05
1.486250042915344238e+00 8.366527617909014225e-05
1.489750027656555176e+00 8.117716788547113538e-05
1.493250012397766113e+00 7.075297617120668292e-05
1.496749997138977051e+00 8.686063665663823485e-05
1.500249981880187988e+00 7.562640530522912741e-05
1.503749966621398926e+00 7.649964391021057963e-05
1.507249951362609863e+00 6.897266575833782554e-05
1.510750055313110352e+00 7.446568633895367384e-05
1.514250040054321289e+00 7.080665091052651405e-05
1.517750024795532227e+00 7.515320612583309412e-05
1.521250009536743164e+00 7.995736814336851239e-05
1.524749994277954102e+00 7.338375144172459841e-05
1.528249979019165039e+00 6.850769568700343370e-05
1.531749963760375977e+00 6.064549233997240663e-05
1.535249948501586914e+00 6.597609171876683831e-05
1.538749933242797852e+00 4.392478876980021596e-05
1.542250037193298340e+00 6.263973045861348510e-05
1.545750021934509277e+00 6.969046808080747724e-05
1.549250006675720215e+00 6.187523104017600417e-05
1.552749991416931152e+00 5.912112828809767962e-05
1.556249976158142090e+00 5.785449684481136501e-05
1.559749960899353027e+00 6.473355460911989212e-05
1.563250064849853516e+00 4.926478140987455845e-05
1.566750049591064453e+00 4.271705620340071619e-05
1.570250034332275391e+00 5.100211637909524143e-05
1.573750019073486328e+00 4.697195618064142764e-05
1.577250003814697266e+00 4.562507092487066984e-05
1.580749988555908203e+00 3.495679629850201309e-05
1.584249973297119141e+00 5.162995148566551507e-05
1.587749958038330078e+00 3.533079507178626955e-05
1.591249942779541016e+00 3.290363383712247014e-05
1.594750046730041504e+00 4.739938958664424717e-05
1.598250031471252441e+00 3.233951065340079367e-05
1.601750016212463379e+00 3.969431418227031827e-05
1.605250000953674316e+00 3.527872104314155877e-05
1.608749985694885254e+00 3.887144703185185790e-05
1.612249970436096191e+00 2.349075111851561815e-05
1.615749955177307129e+00 3.040106457774527371e-05
1.619250059127807617e+00 3.014916546817403287e-05
1.622750043869018555e+00 2.292384851898532361e-05
1.626250028610229492e+00 2.076385317195672542e-05
1.629750013351440430e+00 3.421859582886099815e-05
1.633249998092651367e+00 2.958428922283928841e-05
1.636749982833862305e+00 2.222885632363613695e-05
1.640249967575073242e+00 2.783566196740139276e-05
1.643749952316284180e+00 2.468154889356810600e-05
1.647249937057495117e+00 3.114056744379922748e-05
1.650750041007995605e+00 3.413587546674534678e-05
1.654250025749206543e+00 1.912814150273334235e-05
1.657750010490417480e+00 2.167576894862577319e-05
1.661249995231628418e+00 2.991503606608603150e-05
1.664749979972839355e+00 1.488283214712282643e-05
1.668249964714050293e+00 1.392833746649557725e-05
1.671749949455261230e+00 2.672089794941712171e-05
1.675250053405761719e+00 1.885033998405560851e-05
1.678750038146972656e+00 1.807104490580968559e-05
1.682250022888183594e+00 1.753245669533498585e-05
1.685750007629394531e+00 2.517424400139134377e-05
1.689249992370605469e+00 1.194506330648437142e-05
1.692749977111816406e+00 2.213610241597052664e-05
1.696249961853027344e+00 1.120838351198472083e-05
1.699749946594238281e+00 2.269230571982916445e-05
1.703250050544738770e+00 1.312241784034995362e-05
1.706750035285949707e+00 1.054513268172740936e-05
1.710250020027160645e+00 1.492621231591328979e-05
1.713750004768371582e+00 1.770602648321073502e-05
1.717249989509582520e+00 9.922061508405022323e-06
1.720749974250793457e+00 2.366614717175252736e-05
1.724249958992004395e+00 6.198148184921592474e-06
1.727750062942504883e+00 1.262901423615403473e-05
1.731250047683715820e+00 1.692590194579679519e-05
1.734750032424926758e+00 1.724229514366015792e-05
1.738250017166137695e+00 1.373465784126892686e-05
1.741750001907348633e+00 2.148130261048208922e-05
1.745249986648559570e+00 1.728546703816391528e-05
1.748749971389770508e+00 1.070002508640754968e-05
1.752249956130981445e+00 8.973432159109506756e-06
1.755749940872192383e+00 9.407089237356558442e-06
1.759250044822692871e+00 5.453201538330176845e-06
1.762750029563903809e+00 9.957349902833811939e-06
1.766250014305114746e+00 9.018710443342570215e-06
1.769749999046325684e+00 5.780003903055330738e-06
1.773249983787536621e+00 1.141690245276549831e-05
1.776749968528747559e+00 2.055720506177749485e-05
1.780249953269958496e+00 5.948892066953703761e-06
1.783750057220458984e+00 1.518210137874120846e-05
1.787250041961669922e+00 8.567237273382488638e-06
1.790750026702880859e+00 9.898086318571586162e-06
1.794250011444091797e+00 6.237120032892562449e-06
1.797749996185302734e+00 6.241190931177698076e-06
1.801249980926513672e+00 4.122788595850579441e-06
1.804749965667724609e+00 5.826299457112327218e-06
1.808249950408935547e+00 1.237212654814356938e-05
1.811749935150146484e+00 8.323035217472352087e-06
1.815250039100646973e+00 1.445855377824045718e-05
1.818750023841857910e+00 4.316737431508954614e-06
1.822250008583068848e+00 1.851236788752430584e-06
1.825749993324279785e+00 4.207288384350249544e-06
1.829249978065490723e+00 7.435955467371968552e-06
1.832749962806701660e+00 8.043098205234855413e-06
1.836250066757202148e+00 4.161683136771898717e-06
1.839750051498413086e+00 8.107163012027740479e-06
1.843250036239624023e+00 4.270346380508271977e-06
1.846750020980834961e+00 0.000000000000000000e+00
1.850250005722045898e+00 8.493962013744749129e-06
1.853749990463256836e+00 4.869307758781360462e-06
1.857249975204467773e+00 2.252758577014901675e-06
1.860749959945678711e+00 0.000000000000000000e+00
1.864249944686889648e+00 4.177532900939695537e-06
1.867750048637390137e+00 4.689911293098703027e-06
1.871250033378601074e+00 2.532702865210012533e-06
1.874750018119812012e+00 4.851789981330512092e-06
1.878250002861022949e+00 2.497270315870991908e-06
1.881749987602233887e+00 5.720100034523056820e-06
1.885249972343444824e+00 0.000000000000000000e+00
1.888749957084655762e+00 9.776667866390198469e-06
1.892250061035156250e+00 5.023127414460759610e-06
1.895750045776367188e+00 2.674916004252736457e-06
1.899250030517578125e+00 2.137589490303071216e-06
1.902750015258789062e+00 0.000000000000000000e+00
1.906250000000000000e+00 0.000000000000000000e+00
1.909749984741210938e+00 2.760190000117290765e-06
1.913249969482421875e+00 2.781293687803554349e-06
1.916749954223632812e+00 0.000000000000000000e+00
1.920249938964843750e+00 5.485423116624588147e-06
1.923750042915344238e+00 2.319403847650391981e-06
1.927250027656555176e+00 2.900217623391654342e-06
1.930750012397766113e+00 0.000000000000000000e+00
1.934249997138977051e+00 0.000000000000000000e+00
1.937749981880187988e+00 8.119660378724802285e-06
1.941249966621398926e+00 0.000000000000000000e+00
1.944749951362609863e+00 2.816434971464332193e-06
1.948250055313110352e+00 2.762297981462324969e-06
1.951750040054321289e+00 5.924941433477215469e-06
1.955250024795532227e+00 3.067197440032032318e-06
1.958750009536743164e+00 3.047605787287466228e-06
1.962249994277954102e+00 5.602747933153295889e-06
1.965749979019165039e+00 2.995624981849687174e-06
1.969249963760375977e+00 3.208008820365648717e-06
1.972749948501586914e+00 5.786218935099896044e-06
1.976249933242797852e+00 5.576419425779022276e-06
1.979750037193298340e+00 0.000000000000000000e+00
1.983250021934509277e+00 0.000000000000000000e+00
1.986750006675720215e+00 0.000000000000000000e+00
1.990249991416931152e+00 3.280111286585452035e-06
1.993749976158142090e+00 2.690395376703236252e-06
1.997249960899353027e+00 6.077841135265771300e-06
2.000750064849853516e+00 0.000000000000000000e+00
2.004250049591064453e+00 6.797026344429468736e-06
2.007750034332275391e+00 3.448396228122874163e-06
2.011250019073486328e+00 3.413515969441505149e-06
2.014750003814697266e+00 0.000000000000000000e+00
2.018249988555908203e+00 0.000000000000000000e+00
2.021749973297119141e+00 3.517843879308202304e-06
2.025249958038330078e+00 6.958217454666737467e-06
2.028749942779541016e+00 0.000000000000000000e+00
2.032249927520751953e+00 2.232060751339304261e-06
2.035749912261962891e+00 0.000000000000000000e+00
2.039249897003173828e+00 3.654612100945087150e-06
2.042749881744384766e+00 0.000000000000000000e+00
2.046250104904174805e+00 3.435609869484324008e-06
2.049750089645385742e+00 3.643487389126676135e-06
2.053250074386596680e+00 3.752379825527896173e-06
2.056750059127807617e+00 7.570040452264947817e-06
2.060250043869018555e+00 0.000000000000000000e+00
2.063750028610229492e+00 0.000000000000000000e+00
2.067250013351440430e+00 3.874438789353007451e-06
2.070749998092651367e+00 6.993915121711324900e-06
2.074249982833862305e+00 0.000000000000000000e+00
2.077749967575073242e+00 7.694040505157317966e-06
2.081249952316284180e+00 0.000000000000000000e+00
2.084749937057495117e+00 4.008034466096432880e-06
2.088249921798706055e+00 3.980742803832981735e-06
2.091749906539916992e+00 6.637777460127836093e-06
2.095249891281127930e+00 0.000000000000000000e+00
2.098750114440917969e+00 0.000000000000000000e+00
2.102250099182128906e+00 4.128994532948127016e-06
2.105750083923339844e+00 0.000000000000000000e+00
2.109250068664550781e+00 0.000000000000000000e+00
2.112750053405761719e+00 0.000000000000000000e+00
2.116250038146972656e+00 3.696664407470962033e-06
2.119750022888183594e+00 4.259694833308458328e-06
2.123250007629394531e+00 0.000000000000000000e+00
2.126749992370605469e+00 0.000000000000000000e+00
2.130249977111816406e+00 8.171949048119131476e-06
2.133749961853027344e+00 0.000000000000000000e+00
2.137249946594238281e+00 0.000000000000000000e+00
2.140749931335449219e+00 4.389850346342427656e-06
2.144249916076660156e+00 4.403880211611976847e-06
2.147749900817871094e+00 0.000000000000000000e+00
2.151249885559082031e+00 2.576285623945295811e-05
2.154750108718872070e+00 3.823256065516034141e-06
2.158250093460083008e+00 0.000000000000000000e+00
2.161750078201293945e+00 0.000000000000000000e+00
2.165250062942504883e+00 4.541215730569092557e-06
2.168750047683715820e+00 8.098718353721778840e-06
2.172250032424926758e+00 0.000000000000000000e+00
2.175750017166137695e+00 0.000000000000000000e+00
2.179250001907348633e+00 9.381975360156502575e-06
2.182749986648559570e+00 4.693257778853876516e-06
2.186249971389770508e+00 0.000000000000000000e+00
2.189749956130981445e+00 4.406135303725022823e-06
2.193249940872192383e+00 0.000000000000000000e+00
2.196749925613403320e+00 4.825703854294260964e-06
2.200249910354614258e+00 4.838322183786658570e-06
2.203749895095825195e+00 4.908813934889622033e-06
2.207250118255615234e+00 4.760669071401935071e-06
2.210750102996826172e+00 1.473434622312197462e-05
2.214250087738037109e+00 4.971248017682228237e-06
2.217750072479248047e+00 5.018816864321706817e-06
2.221250057220458984e+00 0.000000000000000000e+00
2.224750041961669922e+00 0.000000000000000000e+00
2.228250026702880859e+00 5.084276381239760667e-06
2.231750011444091797e+00 0.000000000000000000e+00
2.235249996185302734e+00 0.000000000000000000e+00
2.238749980926513672e+00 1.035188051901059225e-05
2.242249965667724609e+00 0.000000000000000000e+00
2.245749950408935547e+00 0.000000000000000000e+00
2.249249935150146484e+00 0.000000000000000000e+00
2.252749919891357422e+00 1.021798834699438885e-05
2.256249904632568359e+00 0.000000000000000000e+00
2.259749889373779297e+00 4.890740456175990403e-06
2.263249874114990234e+00 1.083550341718364507e-05
2.266750097274780273e+00 0.000000000000000000e+00
2.270250082015991211e+00 0.000000000000000000e+00
2.273750066757202148e+00 0.000000000000000000e+00
2.277250051498413086e+00 5.497056918102316558e-06
2.280750036239624023e+00 1.631669329071883112e-05
2.284250020980834961e+00 1.100754707294981927e-05
2.287750005722045898e+00 0.000000000000000000e+00
2.291249990463256836e+00 5.660398528561927378e-06
2.294749975204467773e+00 5.606455488305073231e-06
2.298249959945678711e+00 5.655474524246528745e-06
2.301749944686889648e+00 5.507126843440346420e-06
2.305249929428100586e+00 0.000000000000000000e+00
2.308749914169311523e+00 0.000000000000000000e+00
2.312249898910522461e+00 0.000000000000000000e+00
2.315750122070312500e+00 1.008874914987245575e-05
2.319250106811523438e+00 1.164800778497010469e-05
2.322750091552734375e+00 0.000000000000000000e+00
2.326250076293945312e+00 1.144262023444753140e-05
2.329750061035156250e+00 0.000000000000000000e+00
2.333250045776367188e+00 1.140434687840752304e-05
2.336750030517578125e+00 1.201958366436883807e-05
2.340250015258789062e+00 6.057103291823295876e-06
2.343750000000000000e+00 6.092229796195169911e-06
2.347249984741210938e+00 1.774019983713515103e-05
2.350749969482421875e+00 6.001084329909645021e-06
2.354249954223632812e+00 0.000000000000000000e+00
2.357749938964843750e+00 0.000000000000000000e+00
2.361249923706054688e+00 6.272259270190261304e-06
2.364749908447265625e+00 6.240198217710712925e-06
2.368249893188476562e+00 6.382343144650803879e-06
2.371749877929687500e+00 6.273829512792872265e-06
2.375250101089477539e+00 1.235780291608534753e-05
2.378750085830688477e+00 0.000000000000000000e+00
2.382250070571899414e+00 0.000000000000000000e+00
2.385750055313110352e+00 0.000000000000000000e+00
2.389250040054321289e+00 1.912720654217991978e-05
2.392750024795532227e+00 1.248297940037446097e-05
2.396250009536743164e+00 0.000000000000000000e+00
2.399749994277954102e+00 6.635006229771533981e-06
2.403249979019165039e+00 6.671036317129619420e-06
2.406749963760375977e+00 6.674853011645609513e-06
2.410249948501586914e+00 0.000000000000000000e+00
2.413749933242797852e+00 6.766359092580387369e-06
2.417249917984008789e+00 1.333656655333470553e-05
2.420749902725219727e+00 6.464149919338524342e-06
2.424250125885009766e+00 0.000000000000000000e+00
2.427750110626220703e+00 0.000000000000000000e+00
2.431250095367431641e+00 0.000000000000000000e+00
2.434750080108642578e+00 0.000000000000000000e+00
2.438250064849853516e+00 6.734920589224202558e-06
2.441750049591064453e+00 0.000000000000000000e+00
2.445250034332275391e+00 6.847665645182132721e-06
2.448750019073486328e+00 0.000000000000000000e+00
2.452250003814697266e+00 1.421227716491557658e-05
2.455749988555908203e+00 0.000000000000000000e+00
2.459249973297119141e+00 7.162092970247613266e-06
2.462749958038330078e+00 6.950835540919797495e-06
2.466249942779541016e+00 0.000000000000000000e+00
2.469749927520751953e+00 0.000000000000000000e+00
2.473249912261962891e+00 0.000000000000000000e+00
2.476749897003173828e+00 0.000000000000000000e+00
2.480249881744384766e+00 0.000000000000000000e+00
2.483750104904174805e+00 7.041116077743936330e-06
2.487250089645385742e+00 0.000000000000000000e+00
2.490750074386596680e+00 0.000000000000000000e+00
2.494250059127807617e+00 0.000000000000000000e+00
2.497750043869018555e+00 0.000000000000000000e+00
2.501250028610229492e+00 7.569869012513663620e-06
2.504750013351440430e+00 2.237731132481712848e-05
2.508249998092651367e+00 1.539083677926100791e-05
2.511749982833862305e+00 0.000000000000000000e+00
2.515249967575073242e+00 0.000000000000000000e+00
2.518749952316284180e+00 0.000000000000000000e+00
2.522249937057495117e+00 0.000000000000000000e+00
2.525749921798706055e+00 1.584770507179200649e-05
2.529249906539916992e+00 0.000000000000000000e+00
2.532749891281127930e+00 0.000000000000000000e+00
2.536250114440917969e+00 8.028265256143640727e-06
2.539750099182128906e+00 0.000000000000000000e+00
2.543250083923339844e+00 0.000000000000000000e+00
2.546750068664550781e+00 0.000000000000000000e+00
2.550250053405761719e+00 0.000000000000000000e+00
2.553750038146972656e+00 8.074262041191104800e-06
2.557250022888183594e+00 0.000000000000000000e+00
2.560750007629394531e+00 0.000000000000000000e+00
2.564249992370605469e+00 0.000000000000000000e+00
2.567749977111816406e+00 0.000000000000000000e+00
2.571249961853027344e+00 0.000000000000000000e+00
2.574749946594238281e+00 0.000000000000000000e+00
2.578249931335449219e+00 1.695393439149484038e-05
2.581749916076660156e+00 1.704740316199604422e-05
2.585249900817871094e+00 0.000000000000000000e+00
2.588749885559082031e+00 0.000000000000000000e+00
2.592250108718872070e+00 0.000000000000000000e+00
2.595750093460083008e+00 1.728154711599927396e-05
2.599250078201293945e+00 0.000000000000000000e+00
2.602750062942504883e+00 0.000000000000000000e+00
2.606250047683715820e+00 7.836540135031100363e-06
2.609750032424926758e+00 0.000000000000000000e+00
2.613250017166137695e+00 8.870921192283276469e-06
2.616750001907348633e+00 8.804722710920032114e-06
2.620249986648559570e+00 0.000000000000000000e+00
2.623749971389770508e+00 8.961505955085158348e-06
2.627249956130981445e+00 7.957044545037206262e-06
2.630749940872192383e+00 8.914378668123390526e-06
2.634249925613403320e+00 0.000000000000000000e+00
2.637749910354614258e+00 0.000000000000000000e+00
2.641249895095825195e+00 9.144192517851479352e-06
2.644750118255615234e+00 0.000000000000000000e+00
2.648250102996826172e+00 0.000000000000000000e+00
2.651750087738037109e+00 9.280535778088960797e-06
2.655250072479248047e+00 9.194969607051461935e-06
2.658750057220458984e+00 0.000000000000000000e+00
2.662250041961669922e+00 0.000000000000000000e+00
2.665750026702880859e+00 9.107921869144774973e-06
2.669250011444091797e+00 0.000000000000000000e+00
2.672749996185302734e+00 0.000000000000000000e+00
2.676249980926513672e+00 9.407060133526101708e-06
2.679749965667724609e+00 0.000000000000000000e+00
2.683249950408935547e+00 9.642296390666160733e-06
2.686749935150146484e+00 9.626579412724822760e-06
2.690249919891357422e+00 0.000000000000000000e+00
2.693749904632568359e+00 9.740602763486094773e-06
2.697249889373779297e+00 9.811246854951605201e-06
2.700749874114990234e+00 9.790304829948581755e-06
2.704250097274780273e+00 0.000000000000000000e+00
2.707750082015991211e+00 0.000000000000000000e+00
2.711250066757202148e+00 0.000000000000000000e+00
2.714750051498413086e+00 0.000000000000000000e+00
2.718250036239624023e+00 0.000000000000000000e+00
2.721750020980834961e+00 0.000000000000000000e+00
2.725250005722045898e+00 9.150741789198946208e-06
2.728749990463256836e+00 1.013776272884570062e-05
2.732249975204467773e+00 0.000000000000000000e+00
2.735749959945678711e+00 0.000000000000000000e+00
2.739249944686889648e+00 1.025057190418010578e-05
2.742749929428100586e+00 0.000000000000000000e+00
2.746249914169311523e+00 0.000000000000000000e+00
2.749749898910522461e+00 9.265714652428869158e-06
2.753250122070312500e+00 0.000000000000000000e+00
2.756750106811523438e+00 0.000000000000000000e+00
2.760250091552734375e+00 1.051626622938783839e-05
2.763750076293945312e+00 0.000000000000000000e+00
2.767250061035156250e+00 0.000000000000000000e+00
2.770750045776367188e+00 0.000000000000000000e+00
2.774250030517578125e+00 0.000000000000000000e+00
2.777750015258789062e+00 1.076053831639001146e-05
2.781250000000000000e+00 0.000000000000000000e+00
2.784749984741210938e+00 0.000000000000000000e+00
2.788249969482421875e+00 0.000000000000000000e+00
2.791749954223632812e+00 0.000000000000000000e+00
2.795249938964843750e+00 0.000000000000000000e+00
2.798749923706054688e+00 0.000000000000000000e+00
2.802249908447265625e+00 0.000000000000000000e+00
2.805749893188476562e+00 0.000000000000000000e+00
2.809249877929687500e+00 0.000000000000000000e+00
2.812750101089477539e+00 0.000000000000000000e+00
2.816250085830688477e+00 1.118173713621217757e-05
2.819750070571899414e+00 0.000000000000000000e+00
2.823250055313110352e+00 0.000000000000000000e+00
2.826750040054321289e+00 1.133533896791050211e-05
2.830250024795532227e+00 0.000000000000000000e+00
2.833750009536743164e+00 0.000000000000000000e+00
2.837249994277954102e+00 0.000000000000000000e+00
2.840749979019165039e+00 1.086489464796613902e-05
2.844249963760375977e+00 0.000000000000000000e+00
2.847749948501586914e+00 0.000000000000000000e+00
2.851249933242797852e+00 0.000000000000000000e+00
2.854749917984008789e+00 1.168622748082270846e-05
2.858249902725219727e+00 0.000000000000000000e+00
2.861750125885009766e+00 0.000000000000000000e+00
2.865250110626220703e+00 0.000000000000000000e+00
2.868750095367431641e+00 0.000000000000000000e+00
2.872250080108642578e+00 0.000000000000000000e+00
2.875750064849853516e+00 0.000000000000000000e+00
2.879250049591064453e+00 0.000000000000000000e+00
2.882750034332275391e+00 1.205462922371225432e-05
2.886250019073486328e+00 0.000000000000000000e+00
2.889750003814697266e+00 0.000000000000000000e+00
2.893249988555908203e+00 0.000000000000000000e+00
2.896749973297119141e+00 0.000000000000000000e+00
2.900249958038330078e+00 0.000000000000000000e+00
2.903749942779541016e+00 1.228263135999441147e-05
2.907249927520751953e+00 1.232057184097357094e-05
2.910749912261962891e+00 1.185626388178206980e-05
2.914249897003173828e+00 0.000000000000000000e+00
2.917749881744384766e+00 0.000000000000000000e+00
2.921250104904174805e+00 0.000000000000000000e+00
2.924750089645385742e+00 0.000000000000000000e+00
2.928250074386596680e+00 0.000000000000000000e+00
2.931750059127807617e+00 0.000000000000000000e+00
2.935250043869018555e+00 1.164457080449210480e-05
2.938750028610229492e+00 0.000000000000000000e+00
2.942250013351440430e+00 0.000000000000000000e+00
2.945749998092651367e+00 0.000000000000000000e+00
2.949249982833862305e+00 1.203267038363264874e-05
2.952749967575073242e+00 0.000000000000000000e+00
2.956249952316284180e+00 0.000000000000000000e+00
2.959749937057495117e+00 0.000000000000000000e+00
2.963249921798706055e+00 0.000000000000000000e+00
2.966749906539916992e+00 0.000000000000000000e+00
2.970249891281127930e+00 0.000000000000000000e+00
2.973750114440917969e+00 0.000000000000000000e+00
2.977250099182128906e+00 0.000000000000000000e+00
2.980750083923339844e+00 0.000000000000000000e+00
2.984250068664550781e+00 0.000000000000000000e+00
2.987750053405761719e+00 0.000000000000000000e+00
2.991250038146972656e+00 0.000000000000000000e+00
2.994750022888183594e+00 0.000000000000000000e+00
2.998250007629394531e+00 0.000000000000000000e+00
