-4.982500076293945312e-01 0.000000000000000000e+00
-4.947499930858612061e-01 0.000000000000000000e+00
-4.912499785423278809e-01 0.000000000000000000e+00
-4.877499938011169434e-01 0.000000000000000000e+00
-4.842500090599060059e-01 0.000000000000000000e+00
-4.807499945163726807e-01 0.000000000000000000e+00
-4.772499799728393555e-01 0.000000000000000000e+00
-4.737499952316284180e-01 0.000000000000000000e+00
-4.702500104904174805e-01 0.000000000000000000e+00
-4.667499959468841553e-01 0.000000000000000000e+00
-4.632499814033508301e-01 0.000000000000000000e+00
-4.597499966621398926e-01 0.000000000000000000e+00
-4.562500119209289551e-01 0.000000000000000000e+00
-4.527499973773956299e-01 0.000000000000000000e+00
-4.492499828338623047e-01 0.000000000000000000e+00
-4.457499980926513672e-01 0.000000000000000000e+00
-4.422500133514404297e-01 0.000000000000000000e+00
-4.387499988079071045e-01 0.000000000000000000e+00
-4.352499842643737793e-01 0.000000000000000000e+00
-4.317499995231628418e-01 0.000000000000000000e+00
-4.282500147819519043e-01 0.000000000000000000e+00
-4.247500002384185791e-01 0.000000000000000000e+00
-4.212499856948852539e-01 0.000000000000000000e+00
-4.177500009536743164e-01 0.000000000000000000e+00
-4.142500162124633789e-01 0.000000000000000000e+00
-4.107500016689300537e-01 0.000000000000000000e+00
-4.072499871253967285e-01 0.000000000000000000e+00
-4.037500023841857910e-01 0.000000000000000000e+00
-4.002500176429748535e-01 0.000000000000000000e+00
-3.967500030994415283e-01 0.000000000000000000e+00
-3.932499885559082031e-01 0.000000000000000000e+00
-3.897500038146972656e-01 0.000000000000000000e+00
-3.862500190734863281e-01 0.000000000000000000e+00
-3.827500045299530029e-01 0.000000000000000000e+00
-3.792499899864196777e-01 0.000000000000000000e+00
-3.757500052452087402e-01 0.000000000000000000e+00
-3.722500205039978027e-01 0.000000000000000000e+00
-3.687500059604644775e-01 0.000000000000000000e+00
-3.652499914169311523e-01 0.000000000000000000e+00
-3.617500066757202148e-01 0.000000000000000000e+00
-3.582500219345092773e-01 0.000000000000000000e+00
-3.547499775886535645e-01 0.000000000000000000e+00
-3.512499928474426270e-01 0.000000000000000000e+00
-3.477500081062316895e-01 0.000000000000000000e+00
-3.442499935626983643e-01 0.000000000000000000e+00
-3.407499790191650391e-01 0.000000000000000000e+00
-3.372499942779541016e-01 0.000000000000000000e+00
-3.337500095367431641e-01 0.000000000000000000e+00
-3.302499949932098389e-01 0.000000000000000000e+00
-3.267499804496765137e-01 0.000000000000000000e+00
-3.232499957084655762e-01 0.000000000000000000e+00
-3.197500109672546387e-01 0.000000000000000000e+00
-3.162499964237213135e-01 0.000000000000000000e+00
-3.127499818801879883e-01 0.000000000000000000e+00
-3.092499971389770508e-01 0.000000000000000000e+00
-3.057500123977661133e-01 0.000000000000000000e+00
-3.022499978542327881e-01 0.000000000000000000e+00
-2.987499833106994629e-01 0.000000000000000000e+00
-2.952499985694885254e-01 0.000000000000000000e+00
-2.917500138282775879e-01 0.000000000000000000e+00
-2.882499992847442627e-01 0.000000000000000000e+00
-2.847499847412109375e-01 0.000000000000000000e+00
-2.812500000000000000e-01 0.000000000000000000e+00
-2.777500152587890625e-01 0.000000000000000000e+00
-2.742500007152557373e-01 0.000000000000000000e+00
-2.707499861717224121e-01 0.000000000000000000e+00
-2.672500014305114746e-01 0.000000000000000000e+00
-2.637500166893005371e-01 0.000000000000000000e+00
-2.602500021457672119e-01 0.000000000000000000e+00
-2.567499876022338867e-01 0.000000000000000000e+00
-2.532500028610229492e-01 0.000000000000000000e+00
-2.497500032186508179e-01 0.000000000000000000e+00
-2.462500035762786865e-01 0.000000000000000000e+00
-2.427499890327453613e-01 0.000000000000000000e+00
-2.392500042915344238e-01 0.000000000000000000e+00
-2.357499897480010986e-01 0.000000000000000000e+00
-2.322500050067901611e-01 0.000000000000000000e+00
-2.287499904632568359e-01 0.000000000000000000e+00
-2.252500057220458984e-01 0.000000000000000000e+00
-2.217499911785125732e-01 0.000000000000000000e+00
-2.182500064373016357e-01 0.000000000000000000e+00
-2.147499918937683105e-01 0.000000000000000000e+00
-2.112500071525573730e-01 0.000000000000000000e+00
-2.077499926090240479e-01 0.000000000000000000e+00
-2.042500078678131104e-01 0.000000000000000000e+00
-2.007499933242797852e-01 0.000000000000000000e+00
-1.972500085830688477e-01 0.000000000000000000e+00
-1.937499940395355225e-01 1.021793955269027970e-05
-1.902500092983245850e-01 1.192092947813866004e-04
-1.867499947547912598e-01 9.059906403385382338e-04
-1.832500100135803223e-01 3.511565226274559765e-03
-1.797499954700469971e-01 9.281295093693671047e-03
-1.762500107288360596e-01 2.182551888454643818e-02
-1.727499961853027344e-01 4.233973552649762662e-02
-1.692500114440917969e-01 7.436616406447986438e-02
-1.657499969005584717e-01 1.225914327733270831e-01
-1.622500121593475342e-01 1.836470275805024144e-01
-1.587499976158142090e-01 2.657243300274125253e-01
-1.552500128746032715e-01 3.645965191190945753e-01
-1.517499983310699463e-01 4.838977753564553952e-01
-1.482500135898590088e-01 6.231819153790274513e-01
-1.447499990463256836e-01 7.754564625529198896e-01
-1.412500143051147461e-01 9.495020329337442444e-01
-1.377499997615814209e-01 1.136905856289785799e+00
-1.342500001192092896e-01 1.337422702071779934e+00
-1.307500004768371582e-01 1.553252833263405686e+00
-1.272499859333038330e-01 1.775959637773992128e+00
-1.237500011920928955e-01 2.000693000295862056e+00
-1.202500015497207642e-01 2.234850709065163699e+00
-1.167500019073486328e-01 2.469951874253163204e+00
-1.132500022649765015e-01 2.713166083445999188e+00
-1.097500026226043701e-01 2.940283631863497060e+00
-1.062500029802322388e-01 3.165163451518955728e+00
-1.027500033378601074e-01 3.389406352942296419e+00
-9.925000369548797607e-02 3.603410878933841488e+00
-9.574999660253524780e-02 3.804557830988251510e+00
-9.224999696016311646e-02 3.992595166596559775e+00
-8.874999731779098511e-02 4.173064414976175307e+00
-8.524999767541885376e-02 4.341861370406768117e+00
-8.174999803304672241e-02 4.484629827816807968e+00
-7.824999839067459106e-02 4.632895536706194584e+00
-7.474999874830245972e-02 4.756702904286291833e+00
-7.124999910593032837e-02 4.862135010570801441e+00
-6.774999946355819702e-02 4.951174135832943968e+00
-6.424999982118606567e-02 5.029446958786402355e+00
-6.075000017881393433e-02 5.091115629966739498e+00
-5.725000053644180298e-02 5.142682164909316178e+00
-5.375000089406967163e-02 5.175130934948809269e+00
-5.025000125169754028e-02 5.198805900892392806e+00
-4.675000160932540894e-02 5.205423719742685584e+00
-4.325000196695327759e-02 5.197964623869221867e+00
-3.974999859929084778e-02 5.187658128840407556e+00
-3.624999895691871643e-02 5.153911680477722967e+00
-3.274999931454658508e-02 5.120120954376976563e+00
-2.924999967217445374e-02 5.067198839453742387e+00
-2.575000002980232239e-02 5.019065532200869484e+00
-2.225000038743019104e-02 4.944624436579669435e+00
-1.875000074505805969e-02 4.877322274725949924e+00
-1.525000110268592834e-02 4.793415961099108280e+00
-1.174999959766864777e-02 4.711345470611899344e+00
-8.249999955296516418e-03 4.621509346064646806e+00
-4.750000312924385071e-03 4.527170516154508384e+00
-1.249999972060322762e-03 4.422296990565546260e+00
2.250000135973095894e-03 4.322457503196209139e+00
5.750000011175870895e-03 4.222979049691067743e+00
9.250000119209289551e-03 4.119740394430536412e+00
1.274999976158142090e-02 4.014471775178869883e+00
1.624999940395355225e-02 3.903086016114992951e+00
1.974999904632568359e-02 3.790463886365240676e+00
2.325000055134296417e-02 3.686390766041239608e+00
2.675000019371509552e-02 3.571398074315263127e+00
3.025000169873237610e-02 3.462784782850016452e+00
3.375000134110450745e-02 3.350540716863713353e+00
3.725000098347663879e-02 3.237945834952768553e+00
4.075000062584877014e-02 3.133518492724273852e+00
4.425000026822090149e-02 3.023300984749254461e+00
4.774999991059303284e-02 2.921673357958197048e+00
5.124999955296516418e-02 2.817654733311810045e+00
5.474999919533729553e-02 2.720601337460506919e+00
5.824999883770942688e-02 2.615043209921514400e+00
6.175000220537185669e-02 2.516893088558222580e+00
6.525000184774398804e-02 2.428742924037163409e+00
6.875000149011611938e-02 2.334438153925534110e+00
7.225000113248825073e-02 2.247153108286602752e+00
7.575000077486038208e-02 2.155545874216883373e+00
7.925000041723251343e-02 2.070379348045209955e+00
8.275000005960464478e-02 1.983370186774201294e+00
8.624999970197677612e-02 1.906374606264829241e+00
8.974999934434890747e-02 1.830135153282356208e+00
9.324999898672103882e-02 1.753211098349852781e+00
9.674999862909317017e-02 1.685973650113299804e+00
1.002499982714653015e-01 1.613341129792926321e+00
1.037499979138374329e-01 1.548092773789297105e+00
1.072499975562095642e-01 1.480841701633340612e+00
1.107499971985816956e-01 1.417415544849941256e+00
1.142499968409538269e-01 1.360457343803394670e+00
1.177499964833259583e-01 1.295856123971435903e+00
1.212500035762786865e-01 1.241231019122753576e+00
1.247500032186508179e-01 1.184419275209795730e+00
1.282500028610229492e-01 1.132178356256741125e+00
1.317499876022338867e-01 1.084770522712109164e+00
1.352500021457672119e-01 1.037277539671204618e+00
1.387499868869781494e-01 9.902750177288294209e-01
1.422500014305114746e-01 9.466341978992892647e-01
1.457499861717224121e-01 9.071384555482904233e-01
1.492500007152557373e-01 8.624622178440776166e-01
1.527499854564666748e-01 8.271149589514710243e-01
1.562500000000000000e-01 7.898875991811694641e-01
1.597500145435333252e-01 7.535219523131446717e-01
1.632499992847442627e-01 7.195098375220896347e-01
1.667500138282775879e-01 6.881952587729448512e-01
1.702499985694885254e-01 6.571463464521699605e-01
1.737500131130218506e-01 6.259680068970610023e-01
1.772499978542327881e-01 5.975076392629676825e-01
1.807500123977661133e-01 5.695445446871053585e-01
1.842499971389770508e-01 5.462272066278660576e-01
1.877500116825103760e-01 5.183901333064868666e-01
1.912499964237213135e-01 4.986729159496455233e-01
1.947500109672546387e-01 4.756484921575834246e-01
1.982499957084655762e-01 4.510096339161963064e-01
2.017500102519989014e-01 4.330805559810757543e-01
2.052499949932098389e-01 4.136153811332007324e-01
2.087500095367431641e-01 3.936835870457529030e-01
2.122499942779541016e-01 3.755842101180875137e-01
2.157500088214874268e-01 3.591878231158705526e-01
2.192499935626983643e-01 3.439801230816165178e-01
2.227500081062316895e-01 3.298725545392021119e-01
2.262499928474426270e-01 3.130572320153248156e-01
2.297500073909759521e-01 2.990450309087355207e-01
2.332499921321868896e-01 2.853053081902179877e-01
2.367500066757202148e-01 2.729347893717609663e-01
2.402499914169311523e-01 2.600499675958185541e-01
2.437500059604644775e-01 2.495459257356529292e-01
2.472499907016754150e-01 2.377714533911028105e-01
2.507500052452087402e-01 2.265453438025470945e-01
2.542499899864196777e-01 2.160413019423814973e-01
2.577500045299530029e-01 2.055032002837069161e-01
2.612500190734863281e-01 1.977035064251533303e-01
2.647500038146972656e-01 1.885652624851973380e-01
2.682499885559082031e-01 1.806361413923096848e-01
2.717500030994415283e-01 1.732179172770565156e-01
2.752500176429748535e-01 1.643044680072597019e-01
2.787500023841857910e-01 1.579761574442935246e-01
2.822499871253967285e-01 1.514843598484842957e-01
2.857500016689300537e-01 1.454353396332916659e-01
2.892500162124633789e-01 1.387051234479196593e-01
2.927500009536743164e-01 1.330341669961765394e-01
2.962499856948852539e-01 1.280273766153583181e-01
2.997500002384185791e-01 1.222917065464481645e-01
3.032500147819519043e-01 1.170396856163653659e-01
3.067499995231628418e-01 1.117501989079227043e-01
3.102499842643737793e-01 1.065799214942614176e-01
3.137499988079071045e-01 1.029900187314162358e-01
3.172500133514404297e-01 9.810243764537937561e-02
3.207499980926513672e-01 9.460109035865750526e-02
3.242499828338623047e-01 9.087494840177645639e-02
3.277499973773956299e-01 8.712496458593912974e-02
3.312500119209289551e-01 8.445127040298516796e-02
3.347499966621398926e-01 8.131095698045835707e-02
3.382499814033508301e-01 7.717609744146969319e-02
3.417499959468841553e-01 7.439000592343614215e-02
3.452500104904174805e-01 7.161413234495528357e-02
3.487499952316284180e-01 6.907667735603718884e-02
3.522499799728393555e-01 6.679126487608547103e-02
3.557499945163726807e-01 6.405285707596447553e-02
3.592500090599060059e-01 6.143365857062486196e-02
3.627499938011169434e-01 5.938325870038501514e-02
3.662499785423278809e-01 5.815710595406217709e-02
3.697499930858612061e-01 5.536760845617773319e-02
3.732500076293945312e-01 5.271094417247825653e-02
3.767499923706054688e-01 5.024160878057810919e-02
3.802500069141387939e-01 4.940373773725750817e-02
3.837500214576721191e-01 4.767690595285285077e-02
3.872500061988830566e-01 4.528590809752332247e-02
3.907499909400939941e-01 4.489081443481929973e-02
3.942500054836273193e-01 4.236357738545390439e-02
3.977500200271606445e-01 4.128388177271962584e-02
4.012500047683715820e-01 3.992148983236092769e-02
4.047499895095825195e-01 3.885882411888113425e-02
4.082500040531158447e-01 3.682545414789577254e-02
4.117500185966491699e-01 3.564698511948549003e-02
4.152500033378601074e-01 3.453322970824224819e-02
4.187499880790710449e-01 3.343650419625349146e-02
4.222500026226043701e-01 3.204005245738582308e-02
4.257500171661376953e-01 3.051076750433317705e-02
4.292500019073486328e-01 2.972739213862692076e-02
4.327499866485595703e-01 2.866132044529623446e-02
4.362500011920928955e-01 2.765655638928169249e-02
4.397500157356262207e-01 2.725124478702497730e-02
4.432500004768371582e-01 2.617154917429070568e-02
4.467499852180480957e-01 2.495220838766966376e-02
4.502499997615814209e-01 2.368858986298696609e-02
4.537500143051147461e-01 2.296311615474595780e-02
4.572499990463256836e-01 2.209799727261817920e-02
4.607499837875366211e-01 2.128056210840295615e-02
4.642499983310699463e-01 2.078328905017202965e-02
4.677500128746032715e-01 1.976149509490300257e-02
4.712499976158142090e-01 1.892703003143329440e-02
4.747499823570251465e-01 1.840591511424609014e-02
4.782499969005584717e-01 1.752036035301293357e-02
4.817500114440917969e-01 1.695837367761496989e-02
4.852499961853027344e-01 1.656328001491094368e-02
4.887499809265136719e-01 1.550742626113294810e-02
4.922499954700469971e-01 1.471042697602310649e-02
4.957500100135803223e-01 1.488072596856794549e-02
4.992499947547912598e-01 1.386233799314981301e-02
5.027499794960021973e-01 1.329013337819915860e-02
5.062500238418579102e-01 1.301424901027651952e-02
5.097500085830688477e-01 1.242842047592227807e-02
5.132499933242797852e-01 1.225812148337743906e-02
5.167499780654907227e-01 1.136916074229338443e-02
5.202499628067016602e-01 1.091616542212411542e-02
5.237500071525573730e-01 1.038823854523511850e-02
5.272499918937683105e-01 9.853499708644327185e-03
5.307500362396240234e-01 9.638922978037830699e-03
5.342500209808349609e-01 9.407316348176850834e-03
5.377500057220458984e-01 8.664812740681357428e-03
5.412499904632568359e-01 8.675030680234048150e-03
5.447499752044677734e-01 8.164133702599534609e-03
5.482500195503234863e-01 7.782663959299097184e-03
5.517500042915344238e-01 7.602147027201568326e-03
5.552499890327453613e-01 7.271766981664582775e-03
5.587500333786010742e-01 6.903921157767732401e-03
5.622500181198120117e-01 6.903921157767732401e-03
5.657500028610229492e-01 6.318092623413490080e-03
5.692499876022338867e-01 6.331716542817077131e-03
5.727499723434448242e-01 5.977494638323813808e-03
5.762500166893005371e-01 5.524499318154544800e-03
5.797500014305114746e-01 5.470003640540196596e-03
5.832499861717224121e-01 5.085127917388862842e-03
5.867500305175781250e-01 4.952294703203889530e-03
5.902500152587890625e-01 4.938670783800302479e-03
5.937500000000000000e-01 4.645756516623180885e-03
5.972499847412109375e-01 4.526547221841793756e-03
6.007499694824218750e-01 4.080363861374318273e-03
6.042500138282775879e-01 4.100799740479698849e-03
6.077499985694885254e-01 4.121235619585079425e-03
6.112499833106994629e-01 3.876005070320512943e-03
6.147500276565551758e-01 3.562654924038011206e-03
6.182500123977661133e-01 3.593308742696082071e-03
6.217499971389770508e-01 3.354890153133308680e-03
6.252499818801879883e-01 3.218650959097438171e-03
6.287499666213989258e-01 3.116471563570535289e-03
6.322500109672546387e-01 3.102847644166948238e-03
6.357499957084655762e-01 2.854211115051484993e-03
6.392499804496765137e-01 2.878052974007762332e-03
6.427500247955322266e-01 2.803121417288033553e-03
6.462500095367431641e-01 2.619198505339608365e-03
6.497499942779541016e-01 2.527237049365395772e-03
6.532499790191650391e-01 2.282006500100829290e-03
6.567499637603759766e-01 2.387591875478628934e-03
6.602500081062316895e-01 2.166203185170339357e-03
6.637499928474426270e-01 2.057211829941642950e-03
6.672500371932983398e-01 1.931190575458462946e-03
6.707500219345092773e-01 1.903942736651288844e-03
6.742500066757202148e-01 1.880100877695011505e-03
6.777499914169311523e-01 1.876694897844114742e-03
6.812499761581420898e-01 1.958438414265637265e-03
6.847500205039978027e-01 1.675742086641205959e-03
6.882500052452087402e-01 1.628058368728651280e-03
6.917499899864196777e-01 1.474789275438297175e-03
6.952500343322753906e-01 1.590592590368786891e-03
6.987500190734863281e-01 1.430511537376639259e-03
7.022500038146972656e-01 1.590592590368786891e-03
7.057499885559082031e-01 1.464571335885606887e-03
7.092499732971191406e-01 1.355579980656910479e-03
7.127500176429748535e-01 1.403263698569465158e-03
7.162500023841857910e-01 1.273836464235388174e-03
7.197499871253967285e-01 1.141003250050414645e-03
7.232500314712524414e-01 1.249994605279111052e-03
7.267500162124633789e-01 1.219340786621040187e-03
7.302500009536743164e-01 1.202310887366556374e-03
7.337499856948852539e-01 1.175063048559382272e-03
7.372499704360961914e-01 1.144409229901311408e-03
7.407500147819519043e-01 1.021793955269027949e-03
7.442499995231628418e-01 1.045635814225305289e-03
7.477499842643737793e-01 1.120567370945034068e-03
7.512500286102294922e-01 1.079695612734272916e-03
7.547500133514404297e-01 1.035417874672615000e-03
7.582499980926513672e-01 9.911401366109570850e-04
7.617499828338623047e-01 9.468623985492992780e-04
7.652499675750732422e-01 8.651188821277770811e-04
7.687500119209289551e-01 8.889607410840544201e-04
7.722499966621398926e-01 8.821487813822608947e-04
7.757499814033508301e-01 8.617129022768803184e-04
7.792500257492065430e-01 8.753368216804673693e-04
7.827500104904174805e-01 8.583069224259835556e-04
7.862499952316284180e-01 8.276531037679126911e-04
7.897499799728393555e-01 7.561275268990807824e-04
7.932499647140502930e-01 7.901873254080483012e-04
7.967500090599060059e-01 7.833753657062547757e-04
8.002499938011169434e-01 6.641660709248681889e-04
8.037499785423278809e-01 8.412770231714997420e-04
8.072500228881835938e-01 7.629394866008743078e-04
8.107500076293945312e-01 7.288796880919066806e-04
8.142499923706054688e-01 7.765634060044612503e-04
8.177499771118164062e-01 7.356916477937002060e-04
8.212500214576721191e-01 6.914139097320422906e-04
8.247500061988830566e-01 6.267002925650039073e-04
8.282499909400939941e-01 6.198883328632103819e-04
8.317500352859497070e-01 7.561275268990807824e-04
8.352500200271606445e-01 7.527215470481840197e-04
8.387500047683715820e-01 7.118497888374228670e-04
8.422499895095825195e-01 7.322856679428034433e-04
8.457499742507934570e-01 6.505421515212811380e-04
8.492500185966491699e-01 6.369182321176940871e-04
8.527500033378601074e-01 7.833753657062547757e-04
8.562499880790710449e-01 6.437301918194876125e-04
8.597500324249267578e-01 6.914139097320422906e-04
8.632500171661376953e-01 7.050378291356293415e-04
8.667500019073486328e-01 7.254737082410099179e-04
8.702499866485595703e-01 7.731574261535644876e-04
8.737499713897705078e-01 7.390976276445969688e-04
8.772500157356262207e-01 6.028584336087265683e-04
8.807500004768371582e-01 6.505421515212811380e-04
8.842499852180480957e-01 8.004052649607385893e-04
8.877500295639038086e-01 8.344650634697062166e-04
8.912500143051147461e-01 7.901873254080483012e-04
8.947499990463256836e-01 8.140291843643256402e-04
8.982499837875366211e-01 7.084438089865261043e-04
9.017499685287475586e-01 7.765634060044612503e-04
9.052500128746032715e-01 7.152557686883196297e-04
9.087499976158142090e-01 7.390976276445969688e-04
9.122499823570251465e-01 7.322856679428034433e-04
9.157500267028808594e-01 8.412770231714997420e-04
9.192500114440917969e-01 7.595335067499775451e-04
9.227499961853027344e-01 6.914139097320422906e-04
9.262499809265136719e-01 8.276531037679126911e-04
9.297499656677246094e-01 7.935933052589450639e-04
9.332500100135803223e-01 8.480889828732932675e-04
9.367499947547912598e-01 7.459095873463904942e-04
9.402499794960021973e-01 7.459095873463904942e-04
9.437500238418579102e-01 9.025846604876414710e-04
9.472500085830688477e-01 8.208411440661191657e-04
9.507499933242797852e-01 8.549009425750867929e-04
9.542499780654907227e-01 8.412770231714997420e-04
9.577499628067016602e-01 8.514949627241900302e-04
9.612500071525573730e-01 8.651188821277770811e-04
9.647499918937683105e-01 8.549009425750867929e-04
9.682500362396240234e-01 8.549009425750867929e-04
9.717500209808349609e-01 8.412770231714997420e-04
9.752500057220458984e-01 8.242471239170159284e-04
9.787499904632568359e-01 8.072172246625321148e-04
9.822499752044677734e-01 8.549009425750867929e-04
9.857500195503234863e-01 9.162085798912284135e-04
9.892500042915344238e-01 8.685248619786738438e-04
9.927499890327453613e-01 9.025846604876414710e-04
9.962500333786010742e-01 9.128026000403316508e-04
9.997500181198120117e-01 1.001358076163647373e-03
1.003250002861022949e+00 8.412770231714997420e-04
1.006749987602233887e+00 9.230205395930219390e-04
1.010249972343444824e+00 8.412770231714997420e-04
1.013749957084655762e+00 7.833753657062547757e-04
1.017250061035156250e+00 8.617129022768803184e-04
1.020750045776367188e+00 8.957727007858479456e-04
1.024250030517578125e+00 9.400504388475057526e-04
1.027750015258789062e+00 9.536743582510928035e-04
1.031250000000000000e+00 8.991786806367447083e-04
1.034749984741210938e+00 9.672982776546798543e-04
1.038249969482421875e+00 9.468623985492992780e-04
1.041749954223632812e+00 9.434564186984025153e-04
1.045249938964843750e+00 9.502683784001960407e-04
1.048750042915344238e+00 9.877341567600603223e-04
1.052250027656555176e+00 9.366444589966089898e-04
1.055750012397766113e+00 9.741102373564733798e-04
1.059249997138977051e+00 9.128026000403316508e-04
1.062749981880187988e+00 9.468623985492992780e-04
1.066249966621398926e+00 9.570803381019895662e-04
1.069749951362609863e+00 9.025846604876414710e-04
1.073250055313110352e+00 1.079695612734272916e-03
1.076750040054321289e+00 9.468623985492992780e-04
1.080250024795532227e+00 9.945461164618538477e-04
1.083750009536743164e+00 9.775162172073702509e-04
1.087249994277954102e+00 9.332384791457122271e-04
1.090749979019165039e+00 9.536743582510928035e-04
1.094249963760375977e+00 1.062665713479789102e-03
1.097749948501586914e+00 9.196145597421251762e-04
1.101249933242797852e+00 9.604863179528863289e-04
1.104750037193298340e+00 9.468623985492992780e-04
1.108250021934509277e+00 9.366444589966089898e-04
1.111750006675720215e+00 9.877341567600603223e-04
1.115249991416931152e+00 1.011576015716337661e-03
1.118749976158142090e+00 8.753368216804673693e-04
1.122249960899353027e+00 9.604863179528863289e-04
1.125750064849853516e+00 9.536743582510928035e-04
1.129250049591064453e+00 9.638922978037830916e-04
1.132750034332275391e+00 1.021793955269027949e-03
1.136250019073486328e+00 9.128026000403316508e-04
1.139750003814697266e+00 1.042229834374408526e-03
1.143249988555908203e+00 9.332384791457122271e-04
1.146749973297119141e+00 1.100131491839653492e-03
1.150249958038330078e+00 9.468623985492992780e-04
1.153749942779541016e+00 9.877341567600603223e-04
1.157250046730041504e+00 9.672982776546798543e-04
1.160750031471252441e+00 9.434564186984025153e-04
1.164250016212463379e+00 9.638922978037830916e-04
1.167750000953674316e+00 1.055853753777995577e-03
1.171249985694885254e+00 9.604863179528863289e-04
1.174749970436096191e+00 1.008170035865440899e-03
1.178249955177307129e+00 1.086507572436066441e-03
1.181750059127807617e+00 9.570803381019895662e-04
1.185250043869018555e+00 1.025199935119924712e-03
1.188750028610229492e+00 9.298324992948154644e-04
1.192250013351440430e+00 9.502683784001960407e-04
1.195749998092651367e+00 9.945461164618538477e-04
1.199249982833862305e+00 9.979520963127506104e-04
1.202749967575073242e+00 9.332384791457122271e-04
1.206249952316284180e+00 1.018387975418131187e-03
1.209749937057495117e+00 9.979520963127506104e-04
1.213250041007995605e+00 9.638922978037830916e-04
1.216750025749206543e+00 8.617129022768803184e-04
1.220250010490417480e+00 8.412770231714997420e-04
1.223749995231628418e+00 9.877341567600603223e-04
1.227249979972839355e+00 9.162085798912284135e-04
1.230749964714050293e+00 1.059259733628892339e-03
1.234249949455261230e+00 9.434564186984025153e-04
1.237750053405761719e+00 1.014981995567234424e-03
1.241250038146972656e+00 8.719308418295706065e-04
1.244750022888183594e+00 9.638922978037830916e-04
1.248250007629394531e+00 9.707042575055766171e-04
1.251749992370605469e+00 9.877341567600603223e-04
1.255249977111816406e+00 9.809221970582670137e-04
1.258749961853027344e+00 1.004764056014544136e-03
1.262249946594238281e+00 9.332384791457122271e-04
1.265750050544738770e+00 9.672982776546798543e-04
1.269250035285949707e+00 9.468623985492992780e-04
1.272750020027160645e+00 1.069477673181582628e-03
1.276250004768371582e+00 9.536743582510928035e-04
1.279749989509582520e+00 9.775162172073702509e-04
1.283249974250793457e+00 9.843281769091635595e-04
1.286749958992004395e+00 9.638922978037830916e-04
1.290250062942504883e+00 1.011576015716337661e-03
1.293750047683715820e+00 9.911401366109570850e-04
1.297250032424926758e+00 1.004764056014544136e-03
1.300750017166137695e+00 1.008170035865440899e-03
1.304250001907348633e+00 1.018387975418131187e-03
1.307749986648559570e+00 1.011576015716337661e-03
1.311249971389770508e+00 1.014981995567234424e-03
1.314749956130981445e+00 9.945461164618538477e-04
1.318249940872192383e+00 1.014981995567234424e-03
1.321750044822692871e+00 9.536743582510928035e-04
1.325250029563903809e+00 8.787428015313641320e-04
1.328750014305114746e+00 9.570803381019895662e-04
1.332249999046325684e+00 9.400504388475057526e-04
1.335749983787536621e+00 1.042229834374408526e-03
1.339249968528747559e+00 9.775162172073702509e-04
1.342749953269958496e+00 8.821487813822608947e-04
1.346250057220458984e+00 9.230205395930219390e-04
1.349750041961669922e+00 9.638922978037830916e-04
1.353250026702880859e+00 9.230205395930219390e-04
1.356750011444091797e+00 1.025199935119924712e-03
1.360249996185302734e+00 9.741102373564733798e-04
1.363749980926513672e+00 8.821487813822608947e-04
1.367249965667724609e+00 9.093966201894349965e-04
1.370749950408935547e+00 8.685248619786738438e-04
1.374249935150146484e+00 8.855547612331576574e-04
1.377750039100646973e+00 7.969992851098418266e-04
1.381250023841857910e+00 8.855547612331576574e-04
1.384750008583068848e+00 8.242471239170159284e-04
1.388249993324279785e+00 8.991786806367447083e-04
1.391749978065490723e+00 8.310590836188094539e-04
1.395249962806701660e+00 8.004052649607385893e-04
1.398750066757202148e+00 7.493155671972872569e-04
1.402250051498413086e+00 7.459095873463904942e-04
1.405750036239624023e+00 7.288796880919066806e-04
1.409250020980834961e+00 7.901873254080483012e-04
1.412750005722045898e+00 8.038112448116353521e-04
1.416249990463256836e+00 7.152557686883196297e-04
1.419749975204467773e+00 7.288796880919066806e-04
1.423249959945678711e+00 7.867813455571515385e-04
1.426749944686889648e+00 7.152557686883196297e-04
1.430250048637390137e+00 6.607600910739714261e-04
1.433750033378601074e+00 6.335122522667973244e-04
1.437250018119812012e+00 6.505421515212811380e-04
1.440750002861022949e+00 6.096703933105200937e-04
1.444249987602233887e+00 5.960464739069330428e-04
1.447749972343444824e+00 5.687986350997589410e-04
1.451249957084655762e+00 5.722046149506557038e-04
1.454750061035156250e+00 5.790165746524492292e-04
1.458250045776367188e+00 4.155295418094047269e-04
1.461750030517578125e+00 4.393714007656820660e-04
1.465250015258789062e+00 5.006790380818236866e-04
1.468750000000000000e+00 4.700252194237528763e-04
1.472249984741210938e+00 5.687986350997589410e-04
1.475749969482421875e+00 4.325594410638885405e-04
1.479249954223632812e+00 5.143029574854107375e-04
1.482749938964843750e+00 4.461833604674755914e-04
1.486250042915344238e+00 3.848757231513339166e-04
1.489750027656555176e+00 3.780637634495403912e-04
1.493250012397766113e+00 3.235680858351921876e-04
1.496749997138977051e+00 3.882817030022306251e-04
1.500249981880187988e+00 3.337860253878824758e-04
1.503749966621398926e+00 3.405979850896760012e-04
1.507249951362609863e+00 2.895082873262246146e-04
1.510750055313110352e+00 3.099441664316051909e-04
1.514250040054321289e+00 2.724783880717408010e-04
1.517750024795532227e+00 3.167561261333986622e-04
1.521250009536743164e+00 3.201621059842954249e-04
1.524749994277954102e+00 2.895082873262246146e-04
1.528249979019165039e+00 2.656664283699472755e-04
1.531749963760375977e+00 2.384185895627732009e-04
1.535249948501586914e+00 2.520425089663602247e-04
1.538749933242797852e+00 1.668930126939412379e-04
1.542250037193298340e+00 2.384185895627732009e-04
1.545750021934509277e+00 2.486365291154634619e-04
1.549250006675720215e+00 2.282006500100829127e-04
1.552749991416931152e+00 2.179827104573926516e-04
1.556249976158142090e+00 1.805169320975282888e-04
1.559749960899353027e+00 2.247946701591861771e-04
1.563250064849853516e+00 1.771109522466315261e-04
1.566750049591064453e+00 1.464571335885606887e-04
1.570250034332275391e+00 1.634870328430444752e-04
1.573750019073486328e+00 1.532690932903542141e-04
1.577250003814697266e+00 1.532690932903542141e-04
1.580749988555908203e+00 1.260212544831801123e-04
1.584249973297119141e+00 1.668930126939412379e-04
1.587749958038330078e+00 1.123973350795930885e-04
1.591249942779541016e+00 1.021793955269028004e-04
1.594750046730041504e+00 1.464571335885606887e-04
1.598250031471252441e+00 9.877341567600603765e-05
1.601750016212463379e+00 1.192092947813866004e-04
1.605250000953674316e+00 1.021793955269028004e-04
1.608749985694885254e+00 1.158033149304898377e-04
1.612249970436096191e+00 6.811959701793520025e-05
1.615749955177307129e+00 8.514949627241900031e-05
1.619250059127807617e+00 8.855547612331576303e-05
1.622750043869018555e+00 6.471361716703843752e-05
1.626250028610229492e+00 5.790165746524491885e-05
1.629750013351440430e+00 9.536743582510928848e-05
1.633249998092651367e+00 8.514949627241900031e-05
1.636749982833862305e+00 6.130763731614168835e-05
1.640249967575073242e+00 7.493155671972872569e-05
1.643749952316284180e+00 6.811959701793520025e-05
1.647249937057495117e+00 8.174351642152223759e-05
1.650750041007995605e+00 8.514949627241900031e-05
1.654250025749206543e+00 4.768371791255464424e-05
1.657750010490417480e+00 5.790165746524491885e-05
1.661249995231628418e+00 7.493155671972872569e-05
1.664749979972839355e+00 3.746577835986436285e-05
1.668249964714050293e+00 3.405979850896760012e-05
1.671749949455261230e+00 6.471361716703843752e-05
1.675250053405761719e+00 4.427773806165788152e-05
1.678750038146972656e+00 4.087175821076111879e-05
1.682250022888183594e+00 4.427773806165788152e-05
1.685750007629394531e+00 5.790165746524491885e-05
1.689249992370605469e+00 3.065381865807084418e-05
1.692749977111816406e+00 4.768371791255464424e-05
1.696249961853027344e+00 2.724783880717408145e-05
1.699749946594238281e+00 5.108969776345140019e-05
1.703250050544738770e+00 2.724783880717408145e-05
1.706750035285949707e+00 2.724783880717408145e-05
1.710250020027160645e+00 3.065381865807084418e-05
1.713750004768371582e+00 3.746577835986436285e-05
1.717249989509582520e+00 2.043587910538055940e-05
1.720749974250793457e+00 5.108969776345140019e-05
1.724249958992004395e+00 2.043587910538055940e-05
1.727750062942504883e+00 2.724783880717408145e-05
1.731250047683715820e+00 3.746577835986436285e-05
1.734750032424926758e+00 3.405979850896760012e-05
1.738250017166137695e+00 3.065381865807084418e-05
1.741750001907348633e+00 4.087175821076111879e-05
1.745249986648559570e+00 3.405979850896760012e-05
1.748749971389770508e+00 2.043587910538055940e-05
1.752249956130981445e+00 1.702989925448380006e-05
1.755749940872192383e+00 1.702989925448380006e-05
1.759250044822692871e+00 1.021793955269027970e-05
1.762750029563903809e+00 2.043587910538055940e-05
1.766250014305114746e+00 1.702989925448380006e-05
1.769749999046325684e+00 1.021793955269027970e-05
1.773249983787536621e+00 2.043587910538055940e-05
1.776749968528747559e+00 3.746577835986436285e-05
1.780249953269958496e+00 1.021793955269027970e-05
1.783750057220458984e+00 2.724783880717408145e-05
1.787250041961669922e+00 1.702989925448380006e-05
1.790750026702880859e+00 1.702989925448380006e-05
1.794250011444091797e+00 1.021793955269027970e-05
1.797749996185302734e+00 1.021793955269027970e-05
1.801249980926513672e+00 6.811959701793520364e-06
1.804749965667724609e+00 1.021793955269027970e-05
1.808249950408935547e+00 2.043587910538055940e-05
1.811749935150146484e+00 1.362391940358704073e-05
1.815250039100646973e+00 2.384185895627732212e-05
1.818750023841857910e+00 6.811959701793520364e-06
1.822250008583068848e+00 3.405979850896760182e-06
1.825749993324279785e+00 6.811959701793520364e-06
1.829249978065490723e+00 1.362391940358704073e-05
1.832749962806701660e+00 1.362391940358704073e-05
1.836250066757202148e+00 6.811959701793520364e-06
1.839750051498413086e+00 1.362391940358704073e-05
1.843250036239624023e+00 6.811959701793520364e-06
1.846750020980834961e+00 0.000000000000000000e+00
1.850250005722045898e+00 1.362391940358704073e-05
1.853749990463256836e+00 6.811959701793520364e-06
1.857249975204467773e+00 3.405979850896760182e-06
1.860749959945678711e+00 0.000000000000000000e+00
1.864249944686889648e+00 6.811959701793520364e-06
1.867750048637390137e+00 6.811959701793520364e-06
1.871250033378601074e+00 3.405979850896760182e-06
1.874750018119812012e+00 6.811959701793520364e-06
1.878250002861022949e+00 3.405979850896760182e-06
1.881749987602233887e+00 1.021793955269027970e-05
1.885249972343444824e+00 0.000000000000000000e+00
1.888749957084655762e+00 1.362391940358704073e-05
1.892250061035156250e+00 6.811959701793520364e-06
1.895750045776367188e+00 3.405979850896760182e-06
1.899250030517578125e+00 3.405979850896760182e-06
1.902750015258789062e+00 0.000000000000000000e+00
1.906250000000000000e+00 0.000000000000000000e+00
1.909749984741210938e+00 3.405979850896760182e-06
1.913249969482421875e+00 3.405979850896760182e-06
1.916749954223632812e+00 0.000000000000000000e+00
1.920249938964843750e+00 6.811959701793520364e-06
1.923750042915344238e+00 3.405979850896760182e-06
1.927250027656555176e+00 3.405979850896760182e-06
1.930750012397766113e+00 0.000000000000000000e+00
1.934249997138977051e+00 0.000000000000000000e+00
1.937749981880187988e+00 1.021793955269027970e-05
1.941249966621398926e+00 0.000000000000000000e+00
1.944749951362609863e+00 3.405979850896760182e-06
1.948250055313110352e+00 3.405979850896760182e-06
1.951750040054321289e+00 6.811959701793520364e-06
1.955250024795532227e+00 3.405979850896760182e-06
1.958750009536743164e+00 3.405979850896760182e-06
1.962249994277954102e+00 6.811959701793520364e-06
1.965749979019165039e+00 3.405979850896760182e-06
1.969249963760375977e+00 3.405979850896760182e-06
1.972749948501586914e+00 6.811959701793520364e-06
1.976249933242797852e+00 6.811959701793520364e-06
1.979750037193298340e+00 0.000000000000000000e+00
1.983250021934509277e+00 0.000000000000000000e+00
1.986750006675720215e+00 0.000000000000000000e+00
1.990249991416931152e+00 3.405979850896760182e-06
1.993749976158142090e+00 3.405979850896760182e-06
1.997249960899353027e+00 6.811959701793520364e-06
2.000750064849853516e+00 0.000000000000000000e+00
2.004250049591064453e+00 6.811959701793520364e-06
2.007750034332275391e+00 3.405979850896760182e-06
2.011250019073486328e+00 3.405979850896760182e-06
2.014750003814697266e+00 0.000000000000000000e+00
2.018249988555908203e+00 0.000000000000000000e+00
2.021749973297119141e+00 3.405979850896760182e-06
2.025249958038330078e+00 6.811959701793520364e-06
2.028749942779541016e+00 0.000000000000000000e+00
2.032249927520751953e+00 3.405979850896760182e-06
2.035749912261962891e+00 0.000000000000000000e+00
2.039249897003173828e+00 3.405979850896760182e-06
2.042749881744384766e+00 0.000000000000000000e+00
2.046250104904174805e+00 3.405979850896760182e-06
2.049750089645385742e+00 3.405979850896760182e-06
2.053250074386596680e+00 3.405979850896760182e-06
2.056750059127807617e+00 6.811959701793520364e-06
2.060250043869018555e+00 0.000000000000000000e+00
2.063750028610229492e+00 0.000000000000000000e+00
2.067250013351440430e+00 3.405979850896760182e-06
2.070749998092651367e+00 6.811959701793520364e-06
2.074249982833862305e+00 0.000000000000000000e+00
2.077749967575073242e+00 6.811959701793520364e-06
2.081249952316284180e+00 0.000000000000000000e+00
2.084749937057495117e+00 3.405979850896760182e-06
2.088249921798706055e+00 3.405979850896760182e-06
2.091749906539916992e+00 6.811959701793520364e-06
2.095249891281127930e+00 0.000000000000000000e+00
2.098750114440917969e+00 0.000000000000000000e+00
2.102250099182128906e+00 3.405979850896760182e-06
2.105750083923339844e+00 0.000000000000000000e+00
2.109250068664550781e+00 0.000000000000000000e+00
2.112750053405761719e+00 0.000000000000000000e+00
2.116250038146972656e+00 3.405979850896760182e-06
2.119750022888183594e+00 3.405979850896760182e-06
2.123250007629394531e+00 0.000000000000000000e+00
2.126749992370605469e+00 0.000000000000000000e+00
2.130249977111816406e+00 6.811959701793520364e-06
2.133749961853027344e+00 0.000000000000000000e+00
2.137249946594238281e+00 0.000000000000000000e+00
2.140749931335449219e+00 3.405979850896760182e-06
2.144249916076660156e+00 3.405979850896760182e-06
2.147749900817871094e+00 0.000000000000000000e+00
2.151249885559082031e+00 2.043587910538055940e-05
2.154750108718872070e+00 3.405979850896760182e-06
2.158250093460083008e+00 0.000000000000000000e+00
2.161750078201293945e+00 0.000000000000000000e+00
2.165250062942504883e+00 3.405979850896760182e-06
2.168750047683715820e+00 6.811959701793520364e-06
2.172250032424926758e+00 0.000000000000000000e+00
2.175750017166137695e+00 0.000000000000000000e+00
2.179250001907348633e+00 6.811959701793520364e-06
2.182749986648559570e+00 3.405979850896760182e-06
2.186249971389770508e+00 0.000000000000000000e+00
2.189749956130981445e+00 3.405979850896760182e-06
2.193249940872192383e+00 0.000000000000000000e+00
2.196749925613403320e+00 3.405979850896760182e-06
2.200249910354614258e+00 3.405979850896760182e-06
2.203749895095825195e+00 3.405979850896760182e-06
2.207250118255615234e+00 3.405979850896760182e-06
2.210750102996826172e+00 1.021793955269027970e-05
2.214250087738037109e+00 3.405979850896760182e-06
2.217750072479248047e+00 3.405979850896760182e-06
2.221250057220458984e+00 0.000000000000000000e+00
2.224750041961669922e+00 0.000000000000000000e+00
2.228250026702880859e+00 3.405979850896760182e-06
2.231750011444091797e+00 0.000000000000000000e+00
2.235249996185302734e+00 0.000000000000000000e+00
2.238749980926513672e+00 6.811959701793520364e-06
2.242249965667724609e+00 0.000000000000000000e+00
2.245749950408935547e+00 0.000000000000000000e+00
2.249249935150146484e+00 0.000000000000000000e+00
2.252749919891357422e+00 6.811959701793520364e-06
2.256249904632568359e+00 0.000000000000000000e+00
2.259749889373779297e+00 3.405979850896760182e-06
2.263249874114990234e+00 6.811959701793520364e-06
2.266750097274780273e+00 0.000000000000000000e+00
2.270250082015991211e+00 0.000000000000000000e+00
2.273750066757202148e+00 0.000000000000000000e+00
2.277250051498413086e+00 3.405979850896760182e-06
2.280750036239624023e+00 1.021793955269027970e-05
2.284250020980834961e+00 6.811959701793520364e-06
2.287750005722045898e+00 0.000000000000000000e+00
2.291249990463256836e+00 3.405979850896760182e-06
2.294749975204467773e+00 3.405979850896760182e-06
2.298249959945678711e+00 3.405979850896760182e-06
2.301749944686889648e+00 3.405979850896760182e-06
2.305249929428100586e+00 0.000000000000000000e+00
2.308749914169311523e+00 0.000000000000000000e+00
2.312249898910522461e+00 0.000000000000000000e+00
2.315750122070312500e+00 6.811959701793520364e-06
2.319250106811523438e+00 6.811959701793520364e-06
2.322750091552734375e+00 0.000000000000000000e+00
2.326250076293945312e+00 6.811959701793520364e-06
2.329750061035156250e+00 0.000000000000000000e+00
2.333250045776367188e+00 6.811959701793520364e-06
2.336750030517578125e+00 6.811959701793520364e-06
2.340250015258789062e+00 3.405979850896760182e-06
2.343750000000000000e+00 3.405979850896760182e-06
2.347249984741210938e+00 1.021793955269027970e-05
2.350749969482421875e+00 3.405979850896760182e-06
2.354249954223632812e+00 0.000000000000000000e+00
2.357749938964843750e+00 0.000000000000000000e+00
2.361249923706054688e+00 3.405979850896760182e-06
2.364749908447265625e+00 3.405979850896760182e-06
2.368249893188476562e+00 3.405979850896760182e-06
2.371749877929687500e+00 3.405979850896760182e-06
2.375250101089477539e+00 6.811959701793520364e-06
2.378750085830688477e+00 0.000000000000000000e+00
2.382250070571899414e+00 0.000000000000000000e+00
2.385750055313110352e+00 0.000000000000000000e+00
2.389250040054321289e+00 1.021793955269027970e-05
2.392750024795532227e+00 6.811959701793520364e-06
2.396250009536743164e+00 0.000000000000000000e+00
2.399749994277954102e+00 3.405979850896760182e-06
2.403249979019165039e+00 3.405979850896760182e-06
2.406749963760375977e+00 3.405979850896760182e-06
2.410249948501586914e+00 0.000000000000000000e+00
2.413749933242797852e+00 3.405979850896760182e-06
2.417249917984008789e+00 6.811959701793520364e-06
2.420749902725219727e+00 3.405979850896760182e-06
2.424250125885009766e+00 0.000000000000000000e+00
2.427750110626220703e+00 0.000000000000000000e+00
2.431250095367431641e+00 0.000000000000000000e+00
2.434750080108642578e+00 0.000000000000000000e+00
2.438250064849853516e+00 3.405979850896760182e-06
2.441750049591064453e+00 0.000000000000000000e+00
2.445250034332275391e+00 3.405979850896760182e-06
2.448750019073486328e+00 0.000000000000000000e+00
2.452250003814697266e+00 6.811959701793520364e-06
2.455749988555908203e+00 0.000000000000000000e+00
2.459249973297119141e+00 3.405979850896760182e-06
2.462749958038330078e+00 3.405979850896760182e-06
2.466249942779541016e+00 0.000000000000000000e+00
2.469749927520751953e+00 0.000000000000000000e+00
2.473249912261962891e+00 0.000000000000000000e+00
2.476749897003173828e+00 0.000000000000000000e+00
2.480249881744384766e+00 0.000000000000000000e+00
2.483750104904174805e+00 3.405979850896760182e-06
2.487250089645385742e+00 0.000000000000000000e+00
2.490750074386596680e+00 0.000000000000000000e+00
2.494250059127807617e+00 0.000000000000000000e+00
2.497750043869018555e+00 0.000000000000000000e+00
2.501250028610229492e+00 3.405979850896760182e-06
2.504750013351440430e+00 1.021793955269027970e-05
2.508249998092651367e+00 6.811959701793520364e-06
2.511749982833862305e+00 0.000000000000000000e+00
2.515249967575073242e+00 0.000000000000000000e+00
2.518749952316284180e+00 0.000000000000000000e+00
2.522249937057495117e+00 0.000000000000000000e+00
2.525749921798706055e+00 6.811959701793520364e-06
2.529249906539916992e+00 0.000000000000000000e+00
2.532749891281127930e+00 0.000000000000000000e+00
2.536250114440917969e+00 3.405979850896760182e-06
2.539750099182128906e+00 0.000000000000000000e+00
2.543250083923339844e+00 0.000000000000000000e+00
2.546750068664550781e+00 0.000000000000000000e+00
2.550250053405761719e+00 0.000000000000000000e+00
2.553750038146972656e+00 3.405979850896760182e-06
2.557250022888183594e+00 0.000000000000000000e+00
2.560750007629394531e+00 0.000000000000000000e+00
2.564249992370605469e+00 0.000000000000000000e+00
2.567749977111816406e+00 0.000000000000000000e+00
2.571249961853027344e+00 0.000000000000000000e+00
2.574749946594238281e+00 0.000000000000000000e+00
2.578249931335449219e+00 6.811959701793520364e-06
2.581749916076660156e+00 6.811959701793520364e-06
2.585249900817871094e+00 0.000000000000000000e+00
2.588749885559082031e+00 0.000000000000000000e+00
2.592250108718872070e+00 0.000000000000000000e+00
2.595750093460083008e+00 6.811959701793520364e-06
2.599250078201293945e+00 0.000000000000000000e+00
2.602750062942504883e+00 0.000000000000000000e+00
2.606250047683715820e+00 3.405979850896760182e-06
2.609750032424926758e+00 0.000000000000000000e+00
2.613250017166137695e+00 3.405979850896760182e-06
2.616750001907348633e+00 3.405979850896760182e-06
2.620249986648559570e+00 0.000000000000000000e+00
2.623749971389770508e+00 3.405979850896760182e-06
2.627249956130981445e+00 3.405979850896760182e-06
2.630749940872192383e+00 3.405979850896760182e-06
2.634249925613403320e+00 0.000000000000000000e+00
2.637749910354614258e+00 0.000000000000000000e+00
2.641249895095825195e+00 3.405979850896760182e-06
2.644750118255615234e+00 0.000000000000000000e+00
2.648250102996826172e+00 0.000000000000000000e+00
2.651750087738037109e+00 3.405979850896760182e-06
2.655250072479248047e+00 3.405979850896760182e-06
2.658750057220458984e+00 0.000000000000000000e+00
2.662250041961669922e+00 0.000000000000000000e+00
2.665750026702880859e+00 3.405979850896760182e-06
2.669250011444091797e+00 0.000000000000000000e+00
2.672749996185302734e+00 0.000000000000000000e+00
2.676249980926513672e+00 3.405979850896760182e-06
2.679749965667724609e+00 0.000000000000000000e+00
2.683249950408935547e+00 3.405979850896760182e-06
2.686749935150146484e+00 3.405979850896760182e-06
2.690249919891357422e+00 0.000000000000000000e+00
2.693749904632568359e+00 3.405979850896760182e-06
2.697249889373779297e+00 3.405979850896760182e-06
2.700749874114990234e+00 3.405979850896760182e-06
2.704250097274780273e+00 0.000000000000000000e+00
2.707750082015991211e+00 0.000000000000000000e+00
2.711250066757202148e+00 0.000000000000000000e+00
2.714750051498413086e+00 0.000000000000000000e+00
2.718250036239624023e+00 0.000000000000000000e+00
2.721750020980834961e+00 0.000000000000000000e+00
2.725250005722045898e+00 3.405979850896760182e-06
2.728749990463256836e+00 3.405979850896760182e-06
2.732249975204467773e+00 0.000000000000000000e+00
2.735749959945678711e+00 0.000000000000000000e+00
2.739249944686889648e+00 3.405979850896760182e-06
2.742749929428100586e+00 0.000000000000000000e+00
2.746249914169311523e+00 0.000000000000000000e+00
2.749749898910522461e+00 3.405979850896760182e-06
2.753250122070312500e+00 0.000000000000000000e+00
2.756750106811523438e+00 0.000000000000000000e+00
2.760250091552734375e+00 3.405979850896760182e-06
2.763750076293945312e+00 0.000000000000000000e+00
2.767250061035156250e+00 0.000000000000000000e+00
2.770750045776367188e+00 0.000000000000000000e+00
2.774250030517578125e+00 0.000000000000000000e+00
2.777750015258789062e+00 3.405979850896760182e-06
2.781250000000000000e+00 0.000000000000000000e+00
2.784749984741210938e+00 0.000000000000000000e+00
2.788249969482421875e+00 0.000000000000000000e+00
2.791749954223632812e+00 0.000000000000000000e+00
2.795249938964843750e+00 0.000000000000000000e+00
2.798749923706054688e+00 0.000000000000000000e+00
2.802249908447265625e+00 0.000000000000000000e+00
2.805749893188476562e+00 0.000000000000000000e+00
2.809249877929687500e+00 0.000000000000000000e+00
2.812750101089477539e+00 0.000000000000000000e+00
2.816250085830688477e+00 3.405979850896760182e-06
2.819750070571899414e+00 0.000000000000000000e+00
2.823250055313110352e+00 0.000000000000000000e+00
2.826750040054321289e+00 3.405979850896760182e-06
2.830250024795532227e+00 0.000000000000000000e+00
2.833750009536743164e+00 0.000000000000000000e+00
2.837249994277954102e+00 0.000000000000000000e+00
2.840749979019165039e+00 3.405979850896760182e-06
2.844249963760375977e+00 0.000000000000000000e+00
2.847749948501586914e+00 0.000000000000000000e+00
2.851249933242797852e+00 0.000000000000000000e+00
2.854749917984008789e+00 3.405979850896760182e-06
2.858249902725219727e+00 0.000000000000000000e+00
2.861750125885009766e+00 0.000000000000000000e+00
2.865250110626220703e+00 0.000000000000000000e+00
2.868750095367431641e+00 0.000000000000000000e+00
2.872250080108642578e+00 0.000000000000000000e+00
2.875750064849853516e+00 0.000000000000000000e+00
2.879250049591064453e+00 0.000000000000000000e+00
2.882750034332275391e+00 3.405979850896760182e-06
2.886250019073486328e+00 0.000000000000000000e+00
2.889750003814697266e+00 0.000000000000000000e+00
2.893249988555908203e+00 0.000000000000000000e+00
2.896749973297119141e+00 0.000000000000000000e+00
2.900249958038330078e+00 0.000000000000000000e+00
2.903749942779541016e+00 3.405979850896760182e-06
2.907249927520751953e+00 3.405979850896760182e-06
2.910749912261962891e+00 3.405979850896760182e-06
2.914249897003173828e+00 0.000000000000000000e+00
2.917749881744384766e+00 0.000000000000000000e+00
2.921250104904174805e+00 0.000000000000000000e+00
2.924750089645385742e+00 0.000000000000000000e+00
2.928250074386596680e+00 0.000000000000000000e+00
2.931750059127807617e+00 0.000000000000000000e+00
2.935250043869018555e+00 3.405979850896760182e-06
2.938750028610229492e+00 0.000000000000000000e+00
2.942250013351440430e+00 0.000000000000000000e+00
2.945749998092651367e+00 0.000000000000000000e+00
2.949249982833862305e+00 3.405979850896760182e-06
2.952749967575073242e+00 0.000000000000000000e+00
2.956249952316284180e+00 0.000000000000000000e+00
2.959749937057495117e+00 0.000000000000000000e+00
2.963249921798706055e+00 0.000000000000000000e+00
2.966749906539916992e+00 0.000000000000000000e+00
2.970249891281127930e+00 0.000000000000000000e+00
2.973750114440917969e+00 0.000000000000000000e+00
2.977250099182128906e+00 0.000000000000000000e+00
2.980750083923339844e+00 0.000000000000000000e+00
2.984250068664550781e+00 0.000000000000000000e+00
2.987750053405761719e+00 0.000000000000000000e+00
2.991250038146972656e+00 0.000000000000000000e+00
2.994750022888183594e+00 0.000000000000000000e+00
2.998250007629394531e+00 0.000000000000000000e+00
