1.003818764619345688e-01 0.000000000000000000e+00
1.011485459784472879e-01 0.000000000000000000e+00
1.019210709558087680e-01 0.000000000000000000e+00
1.026994961152724595e-01 0.000000000000000000e+00
1.034838665196517182e-01 0.000000000000000000e+00
1.042742275759283854e-01 0.000000000000000000e+00
1.050706250378814766e-01 0.000000000000000000e+00
1.058731050087358544e-01 0.000000000000000000e+00
1.066817139438310941e-01 0.000000000000000000e+00
1.074964986533107902e-01 0.000000000000000000e+00
1.083175063048323894e-01 0.000000000000000000e+00
1.091447844262976724e-01 0.000000000000000000e+00
1.099783809086041647e-01 0.000000000000000000e+00
1.108183440084175297e-01 0.000000000000000000e+00
1.116647223509651676e-01 0.000000000000000000e+00
1.125175649328510052e-01 0.000000000000000000e+00
1.133769211248920050e-01 0.000000000000000000e+00
1.142428406749761566e-01 0.000000000000000000e+00
1.151153737109424230e-01 0.000000000000000000e+00
1.159945707434826001e-01 0.000000000000000000e+00
1.168804826690653942e-01 0.000000000000000000e+00
1.177731607728827179e-01 0.000000000000000000e+00
1.186726567318187042e-01 0.000000000000000000e+00
1.195790226174411192e-01 0.000000000000000000e+00
1.204923108990159364e-01 0.000000000000000000e+00
1.214125744465446438e-01 0.000000000000000000e+00
1.223398665338249064e-01 0.000000000000000000e+00
1.232742408415345714e-01 0.000000000000000000e+00
1.242157514603392660e-01 0.000000000000000000e+00
1.251644528940235868e-01 0.000000000000000000e+00
1.261204000626464650e-01 0.000000000000000000e+00
1.270836483057203870e-01 0.000000000000000000e+00
1.280542533854148735e-01 0.000000000000000000e+00
1.290322714897847722e-01 0.000000000000000000e+00
1.300177592360227119e-01 0.000000000000000000e+00
1.310107736737369521e-01 0.000000000000000000e+00
1.320113722882536866e-01 0.000000000000000000e+00
1.330196130039449920e-01 0.000000000000000000e+00
1.340355541875820067e-01 0.000000000000000000e+00
1.350592546517138115e-01 0.000000000000000000e+00
1.360907736580721228e-01 0.000000000000000000e+00
1.371301709210017705e-01 0.000000000000000000e+00
1.381775066109176553e-01 0.000000000000000000e+00
1.392328413577879620e-01 0.000000000000000000e+00
1.402962362546441299e-01 0.000000000000000000e+00
1.413677528611173018e-01 0.000000000000000000e+00
1.424474532070021393e-01 0.000000000000000000e+00
1.435353997958477290e-01 0.000000000000000000e+00
1.446316556085757710e-01 0.000000000000000000e+00
1.457362841071265513e-01 0.000000000000000000e+00
1.468493492381329202e-01 0.000000000000000000e+00
1.479709154366219692e-01 0.000000000000000000e+00
1.491010476297450760e-01 0.000000000000000000e+00
1.502398112405367581e-01 0.000000000000000000e+00
1.513872721917017827e-01 0.000000000000000000e+00
1.525434969094315862e-01 0.000000000000000000e+00
1.537085523272495868e-01 0.000000000000000000e+00
1.548825058898858631e-01 0.000000000000000000e+00
1.560654255571816418e-01 0.000000000000000000e+00
1.572573798080234009e-01 0.000000000000000000e+00
1.584584376443071152e-01 0.000000000000000000e+00
1.596686685949328388e-01 0.000000000000000000e+00
1.608881427198295411e-01 0.000000000000000000e+00
1.621169306140110011e-01 0.000000000000000000e+00
1.633551034116623724e-01 0.000000000000000000e+00
1.646027327902583326e-01 0.000000000000000000e+00
1.658598909747124317e-01 0.000000000000000000e+00
1.671266507415579139e-01 0.000000000000000000e+00
1.684030854231611252e-01 0.000000000000000000e+00
1.696892689119663122e-01 0.000000000000000000e+00
1.709852756647735894e-01 0.000000000000000000e+00
1.722911807070489909e-01 0.000000000000000000e+00
1.736070596372676911e-01 0.000000000000000000e+00
1.749329886312905313e-01 0.000000000000000000e+00
1.762690444467736595e-01 0.000000000000000000e+00
1.776153044276120585e-01 0.000000000000000000e+00
1.789718465084169652e-01 0.000000000000000000e+00
1.803387492190275665e-01 0.000000000000000000e+00
1.817160916890568911e-01 0.000000000000000000e+00
1.831039536524727285e-01 0.000000000000000000e+00
1.845024154522134641e-01 0.000000000000000000e+00
1.859115580448389149e-01 0.000000000000000000e+00
1.873314630052169971e-01 0.000000000000000000e+00
1.887622125312461430e-01 0.000000000000000000e+00
1.902038894486135501e-01 0.000000000000000000e+00
1.916565772155901515e-01 0.000000000000000000e+00
1.931203599278616956e-01 0.000000000000000000e+00
1.945953223233973239e-01 0.000000000000000000e+00
1.960815497873548141e-01 0.000000000000000000e+00
1.975791283570236256e-01 0.000000000000000000e+00
1.990881447268055271e-01 0.000000000000000000e+00
2.006086862532332482e-01 0.000000000000000000e+00
2.021408409600277400e-01 0.000000000000000000e+00
2.036846975431935991e-01 0.000000000000000000e+00
2.052403453761537377e-01 0.000000000000000000e+00
2.068078745149232178e-01 0.000000000000000000e+00
2.083873757033224972e-01 0.000000000000000000e+00
2.099789403782307273e-01 0.000000000000000000e+00
2.115826606748788530e-01 0.000000000000000000e+00
2.131986294321833453e-01 0.000000000000000000e+00
2.148269401981205418e-01 0.000000000000000000e+00
2.164676872351422587e-01 0.000000000000000000e+00
2.181209655256325375e-01 0.000000000000000000e+00
2.197868707774061070e-01 0.000000000000000000e+00
2.214654994292489798e-01 0.000000000000000000e+00
2.231569486565012084e-01 0.000000000000000000e+00
2.248613163766823297e-01 0.000000000000000000e+00
2.265787012551598312e-01 0.000000000000000000e+00
2.283092027108608313e-01 0.000000000000000000e+00
2.300529209220272819e-01 0.000000000000000000e+00
2.318099568320156068e-01 0.000000000000000000e+00
2.335804121551398604e-01 0.000000000000000000e+00
2.353643893825602684e-01 0.000000000000000000e+00
2.371619917882162865e-01 0.000000000000000000e+00
2.389733234348050406e-01 0.000000000000000000e+00
2.407984891798055638e-01 0.000000000000000000e+00
2.426375946815489959e-01 0.000000000000000000e+00
2.444907464053350243e-01 0.000000000000000000e+00
2.463580516295952316e-01 0.000000000000000000e+00
2.482396184521032390e-01 0.000000000000000000e+00
2.501355557962327558e-01 0.000000000000000000e+00
2.520459734172627586e-01 0.000000000000000000e+00
2.539709819087314635e-01 0.000000000000000000e+00
2.559106927088385386e-01 0.000000000000000000e+00
2.578652181068959992e-01 0.000000000000000000e+00
2.598346712498288968e-01 0.000000000000000000e+00
2.618191661487251354e-01 0.000000000000000000e+00
2.638188176854358025e-01 0.000000000000000000e+00
2.658337416192252944e-01 0.000000000000000000e+00
2.678640545934727890e-01 0.000000000000000000e+00
2.699098741424248438e-01 0.000000000000000000e+00
2.719713186979990649e-01 0.000000000000000000e+00
2.740485075966404560e-01 0.000000000000000000e+00
2.761415610862294479e-01 0.000000000000000000e+00
2.782506003330433297e-01 0.000000000000000000e+00
2.803757474287703610e-01 0.000000000000000000e+00
2.825171253975775620e-01 0.000000000000000000e+00
2.846748582032325170e-01 0.000000000000000000e+00
2.868490707562799669e-01 0.000000000000000000e+00
2.890398889212724143e-01 0.000000000000000000e+00
2.912474395240567393e-01 0.000000000000000000e+00
2.934718503591156602e-01 0.000000000000000000e+00
2.957132501969662597e-01 0.000000000000000000e+00
2.979717687916139113e-01 0.000000000000000000e+00
3.002475368880643813e-01 0.000000000000000000e+00
3.025406862298920529e-01 0.000000000000000000e+00
3.048513495668665474e-01 0.000000000000000000e+00
3.071796606626379655e-01 0.000000000000000000e+00
3.095257543024800828e-01 0.000000000000000000e+00
3.118897663010932186e-01 0.000000000000000000e+00
3.142718335104664473e-01 0.000000000000000000e+00
3.166720938277997055e-01 0.000000000000000000e+00
3.190906862034871283e-01 0.000000000000000000e+00
3.215277506491602821e-01 0.000000000000000000e+00
3.239834282457938475e-01 0.000000000000000000e+00
3.264578611518724749e-01 0.000000000000000000e+00
3.289511926116204799e-01 0.000000000000000000e+00
3.314635669632940984e-01 0.000000000000000000e+00
3.339951296475371922e-01 0.000000000000000000e+00
3.365460272158006805e-01 0.000000000000000000e+00
3.391164073388266975e-01 0.000000000000000000e+00
3.417064188151969217e-01 0.000000000000000000e+00
3.443162115799464074e-01 0.000000000000000000e+00
3.469459367132436967e-01 0.000000000000000000e+00
3.495957464491361577e-01 0.000000000000000000e+00
3.522657941843635454e-01 0.000000000000000000e+00
3.549562344872373987e-01 0.000000000000000000e+00
3.576672231065893826e-01 0.000000000000000000e+00
3.603989169807875204e-01 0.000000000000000000e+00
3.631514742468208712e-01 0.000000000000000000e+00
3.659250542494547620e-01 0.000000000000000000e+00
3.687198175504546316e-01 0.000000000000000000e+00
3.715359259378811507e-01 0.000000000000000000e+00
3.743735424354559527e-01 0.000000000000000000e+00
3.772328313119991394e-01 0.000000000000000000e+00
3.801139580909387861e-01 0.000000000000000000e+00
3.830170895598929426e-01 0.000000000000000000e+00
3.859423937803250215e-01 0.000000000000000000e+00
3.888900400972727933e-01 0.000000000000000000e+00
3.918601991491514891e-01 0.000000000000000000e+00
3.948530428776324541e-01 0.000000000000000000e+00
3.978687445375965748e-01 0.000000000000000000e+00
4.009074787071638113e-01 0.000000000000000000e+00
4.039694212977997800e-01 0.000000000000000000e+00
4.070547495644989411e-01 0.000000000000000000e+00
4.101636421160458901e-01 0.000000000000000000e+00
4.132962789253552538e-01 0.000000000000000000e+00
4.164528413398899120e-01 0.000000000000000000e+00
4.196335120921593775e-01 0.000000000000000000e+00
4.228384753102979454e-01 0.000000000000000000e+00
4.260679165287238890e-01 0.000000000000000000e+00
4.293220226988802568e-01 0.000000000000000000e+00
4.326009822000570493e-01 0.000000000000000000e+00
4.359049848502964952e-01 0.000000000000000000e+00
4.392342219173819284e-01 0.000000000000000000e+00
4.425888861299096533e-01 0.000000000000000000e+00
4.459691716884466306e-01 0.000000000000000000e+00
4.493752742767720409e-01 0.000000000000000000e+00
4.528073910732057783e-01 0.000000000000000000e+00
4.562657207620228750e-01 0.000000000000000000e+00
4.597504635449554122e-01 0.000000000000000000e+00
4.632618211527818053e-01 0.000000000000000000e+00
4.667999968570054614e-01 0.000000000000000000e+00
4.703651954816218117e-01 0.000000000000000000e+00
4.739576234149754375e-01 0.000000000000000000e+00
4.775774886217079018e-01 0.000000000000000000e+00
4.812250006547968972e-01 0.000000000000000000e+00
4.849003706676870973e-01 0.000000000000000000e+00
4.886038114265137677e-01 0.000000000000000000e+00
4.923355373224197473e-01 0.000000000000000000e+00
4.960957643839665199e-01 0.000000000000000000e+00
4.998847102896398775e-01 0.000000000000000000e+00
5.037025943804516182e-01 0.000000000000000000e+00
5.075496376726369441e-01 0.000000000000000000e+00
5.114260628704487832e-01 0.000000000000000000e+00
5.153320943790506981e-01 0.000000000000000000e+00
5.192679583175066060e-01 0.000000000000000000e+00
5.232338825318720854e-01 0.000000000000000000e+00
5.272300966083831586e-01 0.000000000000000000e+00
5.312568318867476602e-01 0.000000000000000000e+00
5.353143214735371913e-01 0.000000000000000000e+00
5.394028002556814361e-01 0.000000000000000000e+00
5.435225049140661735e-01 0.000000000000000000e+00
5.476736739372339846e-01 0.000000000000000000e+00
5.518565476351910970e-01 0.000000000000000000e+00
5.560713681533180353e-01 0.000000000000000000e+00
5.603183794863880740e-01 0.000000000000000000e+00
5.645978274926913842e-01 0.000000000000000000e+00
5.689099599082683145e-01 0.000000000000000000e+00
5.732550263612503638e-01 0.000000000000000000e+00
5.776332783863111775e-01 0.000000000000000000e+00
5.820449694392276774e-01 0.000000000000000000e+00
5.864903549115527692e-01 0.000000000000000000e+00
5.909696921454001828e-01 0.000000000000000000e+00
5.954832404483410002e-01 0.000000000000000000e+00
6.000312611084158698e-01 0.000000000000000000e+00
6.046140174092602404e-01 0.000000000000000000e+00
6.092317746453459471e-01 0.000000000000000000e+00
6.138848001373393704e-01 0.000000000000000000e+00
6.185733632475765020e-01 0.000000000000000000e+00
6.232977353956554722e-01 0.000000000000000000e+00
6.280581900741497581e-01 0.000000000000000000e+00
6.328550028644405190e-01 0.000000000000000000e+00
6.376884514526697245e-01 0.000000000000000000e+00
6.425588156458151845e-01 0.000000000000000000e+00
6.474663773878889250e-01 0.000000000000000000e+00
6.524114207762584661e-01 0.000000000000000000e+00
6.573942320780932214e-01 0.000000000000000000e+00
6.624150997469364643e-01 0.000000000000000000e+00
6.674743144394041927e-01 0.000000000000000000e+00
6.725721690320105584e-01 0.000000000000000000e+00
6.777089586381226383e-01 0.000000000000000000e+00
6.828849806250443244e-01 0.000000000000000000e+00
6.881005346312309978e-01 0.000000000000000000e+00
6.933559225836360973e-01 0.000000000000000000e+00
6.986514487151883612e-01 0.000000000000000000e+00
7.039874195824046277e-01 0.000000000000000000e+00
7.093641440831359724e-01 0.000000000000000000e+00
7.147819334744500708e-01 0.000000000000000000e+00
7.202411013906493409e-01 0.000000000000000000e+00
7.257419638614276414e-01 0.000000000000000000e+00
7.312848393301645267e-01 0.000000000000000000e+00
7.368700486723602783e-01 0.000000000000000000e+00
7.424979152142111571e-01 0.000000000000000000e+00
7.481687647513268757e-01 0.000000000000000000e+00
7.538829255675907337e-01 0.000000000000000000e+00
7.596407284541633054e-01 0.000000000000000000e+00
7.654425067286326767e-01 0.000000000000000000e+00
7.712885962543096774e-01 0.000000000000000000e+00
7.771793354596711056e-01 0.000000000000000000e+00
7.831150653579508347e-01 0.000000000000000000e+00
7.890961295668817987e-01 0.000000000000000000e+00
7.951228743285869704e-01 0.000000000000000000e+00
8.011956485296237718e-01 0.000000000000000000e+00
8.073148037211809180e-01 0.000000000000000000e+00
8.134806941394295832e-01 0.000000000000000000e+00
8.196936767260303291e-01 0.000000000000000000e+00
8.259541111487957998e-01 0.000000000000000000e+00
8.322623598225118435e-01 0.000000000000000000e+00
8.386187879299183967e-01 0.000000000000000000e+00
8.450237634428487965e-01 0.000000000000000000e+00
8.514776571435325181e-01 0.000000000000000000e+00
8.579808426460586723e-01 0.000000000000000000e+00
8.645336964180048156e-01 0.000000000000000000e+00
8.711365978022310719e-01 0.000000000000000000e+00
8.777899290388395670e-01 0.000000000000000000e+00
8.844940752873023948e-01 0.000000000000000000e+00
8.912494246487583371e-01 0.000000000000000000e+00
8.980563681884800031e-01 0.000000000000000000e+00
9.049152999585122759e-01 0.000000000000000000e+00
9.118266170204843979e-01 0.000000000000000000e+00
9.187907194685952517e-01 0.000000000000000000e+00
9.258080104527748322e-01 0.000000000000000000e+00
9.328788962020224673e-01 0.000000000000000000e+00
9.400037860479233398e-01 0.000000000000000000e+00
9.471830924483448655e-01 0.000000000000000000e+00
9.544172310113129276e-01 0.000000000000000000e+00
9.617066205190725192e-01 0.000000000000000000e+00
9.690516829523299069e-01 0.000000000000000000e+00
9.764528435146813123e-01 0.000000000000000000e+00
9.839105306572277776e-01 0.000000000000000000e+00
9.914251761033785471e-01 0.000000000000000000e+00
9.989972148738428537e-01 0.000000000000000000e+00
1.006627085311812886e+00 0.000000000000000000e+00
1.014315229108340155e+00 0.000000000000000000e+00
1.022062091327904820e+00 0.000000000000000000e+00
1.029868120434179746e+00 0.000000000000000000e+00
1.037733768315991956e+00 0.000000000000000000e+00
1.045659490313482376e+00 0.000000000000000000e+00
1.053645745244466525e+00 0.000000000000000000e+00
1.061692995430993491e+00 0.000000000000000000e+00
1.069801706726111412e+00 0.000000000000000000e+00
1.077972348540833902e+00 0.000000000000000000e+00
1.086205393871315206e+00 0.000000000000000000e+00
1.094501319326231403e+00 0.000000000000000000e+00
1.102860605154371676e+00 0.000000000000000000e+00
1.111283735272438733e+00 0.000000000000000000e+00
1.119771197293064180e+00 0.000000000000000000e+00
1.128323482553034385e+00 0.000000000000000000e+00
1.136941086141734836e+00 0.000000000000000000e+00
1.145624506929811659e+00 0.000000000000000000e+00
1.154374247598049186e+00 0.000000000000000000e+00
1.163190814666471562e+00 0.000000000000000000e+00
1.172074718523663961e+00 0.000000000000000000e+00
1.181026473456318726e+00 0.000000000000000000e+00
1.190046597679009999e+00 0.000000000000000000e+00
1.199135613364188391e+00 0.000000000000000000e+00
1.208294046672413469e+00 0.000000000000000000e+00
1.217522427782810501e+00 0.000000000000000000e+00
1.226821290923763907e+00 0.000000000000000000e+00
1.236191174403842963e+00 0.000000000000000000e+00
1.245632620642964428e+00 0.000000000000000000e+00
1.255146176203792763e+00 0.000000000000000000e+00
1.264732391823380597e+00 0.000000000000000000e+00
1.274391822445051226e+00 0.000000000000000000e+00
1.284125027250524465e+00 0.000000000000000000e+00
1.293932569692285650e+00 0.000000000000000000e+00
1.303815017526205322e+00 0.000000000000000000e+00
1.313772942844406266e+00 0.000000000000000000e+00
1.323806922108381467e+00 0.000000000000000000e+00
1.333917536182366304e+00 0.000000000000000000e+00
1.344105370366962093e+00 0.000000000000000000e+00
1.354371014433021658e+00 0.000000000000000000e+00
1.364715062655789790e+00 0.000000000000000000e+00
1.375138113849305288e+00 0.000000000000000000e+00
1.385640771401068339e+00 0.000000000000000000e+00
1.396223643306966578e+00 0.000000000000000000e+00
1.406887342206475600e+00 0.000000000000000000e+00
1.417632485418122146e+00 0.000000000000000000e+00
1.428459694975221517e+00 0.000000000000000000e+00
1.439369597661886768e+00 0.000000000000000000e+00
1.450362825049312576e+00 0.000000000000000000e+00
1.461440013532337545e+00 0.000000000000000000e+00
1.472601804366283851e+00 0.000000000000000000e+00
1.483848843704080878e+00 0.000000000000000000e+00
1.495181782633669076e+00 0.000000000000000000e+00
1.506601277215691814e+00 0.000000000000000000e+00
1.518107988521476326e+00 0.000000000000000000e+00
1.529702582671299993e+00 0.000000000000000000e+00
1.541385730872953275e+00 0.000000000000000000e+00
1.553158109460597069e+00 0.000000000000000000e+00
1.565020399933912287e+00 0.000000000000000000e+00
1.576973288997555844e+00 0.000000000000000000e+00
1.589017468600909977e+00 0.000000000000000000e+00
1.601153635978140644e+00 0.000000000000000000e+00
1.613382493688560348e+00 0.000000000000000000e+00
1.625704749657298942e+00 0.000000000000000000e+00
1.638121117216285949e+00 0.000000000000000000e+00
1.650632315145542872e+00 0.000000000000000000e+00
1.663239067714795461e+00 0.000000000000000000e+00
1.675942104725400839e+00 0.000000000000000000e+00
1.688742161552594379e+00 0.000000000000000000e+00
1.701639979188063201e+00 0.000000000000000000e+00
1.714636304282838086e+00 0.000000000000000000e+00
1.727731889190519565e+00 0.000000000000000000e+00
1.740927492010831301e+00 0.000000000000000000e+00
1.754223876633505208e+00 0.000000000000000000e+00
1.767621812782504076e+00 0.000000000000000000e+00
1.781122076060578596e+00 0.000000000000000000e+00
1.794725447994169887e+00 0.000000000000000000e+00
1.808432716078648639e+00 0.000000000000000000e+00
1.822244673823904648e+00 0.000000000000000000e+00
1.836162120800284292e+00 0.000000000000000000e+00
1.850185862684873506e+00 0.000000000000000000e+00
1.864316711308142471e+00 0.000000000000000000e+00
1.878555484700939138e+00 0.000000000000000000e+00
1.892903007141845784e+00 0.000000000000000000e+00
1.907360109204898402e+00 0.000000000000000000e+00
1.921927627807664241e+00 0.000000000000000000e+00
1.936606406259693713e+00 0.000000000000000000e+00
1.951397294311338904e+00 0.000000000000000000e+00
1.966301148202944216e+00 0.000000000000000000e+00
1.981318830714416501e+00 0.000000000000000000e+00
1.996451211215167332e+00 0.000000000000000000e+00
2.011699165714443627e+00 0.000000000000000000e+00
2.027063576912038645e+00 0.000000000000000000e+00
2.042545334249390443e+00 0.000000000000000000e+00
2.058145333961072687e+00 0.000000000000000000e+00
2.073864479126675597e+00 0.000000000000000000e+00
2.089703679723088570e+00 0.000000000000000000e+00
2.105663852677174930e+00 0.000000000000000000e+00
2.121745921918852140e+00 0.000000000000000000e+00
2.137950818434581013e+00 0.000000000000000000e+00
2.154279480321258600e+00 0.000000000000000000e+00
2.170732852840524529e+00 0.000000000000000000e+00
2.187311888473481680e+00 0.000000000000000000e+00
2.204017546975835184e+00 0.000000000000000000e+00
2.220850795433451541e+00 0.000000000000000000e+00
2.237812608318344942e+00 0.000000000000000000e+00
2.254903967545088150e+00 0.000000000000000000e+00
2.272125862527654583e+00 0.000000000000000000e+00
2.289479290236696052e+00 0.000000000000000000e+00
2.306965255257257041e+00 6.778924321615096731e-07
2.324584769846928634e+00 0.000000000000000000e+00
2.342338853994450965e+00 6.674720485897229709e-07
2.360228535478756218e+00 6.620102479219127569e-07
2.378254849928468584e+00 0.000000000000000000e+00
2.396418840881856305e+00 6.524737139174667422e-07
2.414721559847241572e+00 6.473656966892898001e-07
2.433164066363873168e+00 0.000000000000000000e+00
2.451747428063260070e+00 0.000000000000000000e+00
2.470472720730979344e+00 0.000000000000000000e+00
2.489341028368951214e+00 0.000000000000000000e+00
2.508353443258192428e+00 0.000000000000000000e+00
2.527511066022048780e+00 0.000000000000000000e+00
2.546815005689907707e+00 6.154195947245828972e-07
2.566266379761402039e+00 0.000000000000000000e+00
2.585866314271100030e+00 0.000000000000000000e+00
2.605615943853691441e+00 0.000000000000000000e+00
2.625516411809674544e+00 0.000000000000000000e+00
2.645568870171534748e+00 0.000000000000000000e+00
2.665774479770441019e+00 0.000000000000000000e+00
2.686134410303444575e+00 0.000000000000000000e+00
2.706649840401191387e+00 0.000000000000000000e+00
2.727321957696154264e+00 0.000000000000000000e+00
2.748151958891383195e+00 0.000000000000000000e+00
2.769141049829782819e+00 2.262335634808050597e-06
2.790290445563917920e+00 5.630701878042963389e-07
2.811601370426352720e+00 5.586155585558124739e-07
2.833075058100528398e+00 0.000000000000000000e+00
2.854712751692177974e+00 5.470381027902473860e-07
2.876515703801291846e+00 0.000000000000000000e+00
2.898485176594628676e+00 5.418256826314321804e-07
2.920622441878783171e+00 0.000000000000000000e+00
2.942928781173810293e+00 5.323822219769462714e-07
2.965405485787410811e+00 0.000000000000000000e+00
2.988053856889687943e+00 0.000000000000000000e+00
3.010875205588466663e+00 5.209414165278905794e-07
3.033870853005199208e+00 5.159450734260513575e-07
3.057042130351439457e+00 1.025934207825260908e-06
3.080390379005908841e+00 5.087341458572499425e-07
3.103916950592149782e+00 1.008245631187427823e-06
3.127623207056766663e+00 0.000000000000000000e+00
3.151510520748272093e+00 4.960466426741635745e-07
3.175580274496530464e+00 4.942170290596034952e-07
3.199833861692807702e+00 9.795000647655648122e-07
3.224272686370440510e+00 4.841121936237397358e-07
3.248898163286108698e+00 9.635676500655571113e-07
3.273711718001736770e+00 9.557618085156014196e-07
3.298714786967021251e+00 9.489742851857149775e-07
3.323908817602584165e+00 9.448424366617196393e-07
3.349295268383767343e+00 4.659149484332435585e-07
3.374875608925059112e+00 9.258629015955456841e-07
3.400651320065169791e+00 9.216610538920896643e-07
3.426623893952761790e+00 2.742640335014964211e-06
3.452794834132823176e+00 9.082471383303528460e-07
3.479165655633714493e+00 1.802716227526543642e-06
3.505737885054867498e+00 4.454660129926012409e-07
3.532513060655161574e+00 4.422334520397371597e-07
3.559492732441974283e+00 2.196950714180976674e-06
3.586678462260907807e+00 8.743090537357287460e-07
3.614071823886209955e+00 8.640229534506116237e-07
3.641674403111871072e+00 2.151433313766585030e-06
3.669487797843431487e+00 1.282266190281385778e-06
3.697513618190481299e+00 1.694730695541724490e-06
3.725753486559869376e+00 2.942930584552124666e-06
3.754209037749625999e+00 2.504306964052773284e-06
3.782881919043597829e+00 2.070982812978965174e-06
3.811773790306809850e+00 1.643419290797942200e-06
3.840886324081555170e+00 1.219398178792268967e-06
3.870221205684216237e+00 2.019367236755283439e-06
3.899780133302832574e+00 8.036968509475761141e-07
3.929564818095400369e+00 1.991712762360429723e-06
3.959576984288936341e+00 3.956560299164770811e-07
3.989818369279292121e+00 0.000000000000000000e+00
4.020290723731728910e+00 1.951268349111246894e-06
4.050995811682269299e+00 1.929125959792294418e-06
4.081935410639808026e+00 2.304693602324245075e-06
4.113111311689019445e+00 2.287761689376115853e-06
4.144525319594036361e+00 7.548554650372674227e-07
4.176179252902931793e+00 2.626744532578185911e-06
4.208074944052993871e+00 1.859170056510206837e-06
4.240214239476800984e+00 1.844072975327987000e-06
4.272598999709120271e+00 1.830726789992922919e-06
4.305231099494601921e+00 1.453148489671802514e-06
4.338112427896314571e+00 2.165420038837910511e-06
4.371244888405103168e+00 1.434789008387255787e-06
4.404630399049775491e+00 1.774368213208967160e-06
4.438270892508145771e+00 2.116436127767062500e-06
4.472168316218908757e+00 1.398067283057179398e-06
4.506324632494379756e+00 1.044320838533312583e-06
4.540741818634090876e+00 2.070997042190691488e-06
4.575421867039255019e+00 1.711210344908867688e-06
4.610366785328114503e+00 1.020039734563798796e-06
4.645578596452149434e+00 6.740235536757596237e-07
4.681059338813191140e+00 6.683686585137040398e-07
4.716811066381425555e+00 1.659326026889984830e-06
4.752835848814294550e+00 1.977897620877814116e-06
4.789135771576313871e+00 2.291582134564515691e-06
4.825712936059790792e+00 2.272991041181454036e-06
4.862569459706477915e+00 1.609413656320523181e-06
4.899707476130153339e+00 2.239031462590296059e-06
4.937129135240129862e+00 2.852002383382661358e-06
4.974836603365720755e+00 9.443349633507099585e-07
5.012832063381637226e+00 2.187346850464050088e-06
5.051117714834363781e+00 2.480351093280546993e-06
5.089695774069483036e+00 3.077190150035359393e-06
5.128568474359980200e+00 2.750823935837287507e-06
5.167738066035535205e+00 2.123436180707928777e-06
5.207206816612779399e+00 2.103858568633473429e-06
5.246977010926572760e+00 2.989350636980207909e-06
5.287050951262264320e+00 2.368330781628833878e-06
5.327430957488979324e+00 1.763476190653271787e-06
5.368119367193910918e+00 3.210295526342050185e-06
5.409118535817638573e+00 2.315300004869257081e-06
5.450430836790491895e+00 2.874018682133293908e-06
5.492058661669943831e+00 1.426962993990293713e-06
5.534004420279054592e+00 2.830690251618570964e-06
5.576270540845982282e+00 2.244309701556734624e-06
5.618859470144546009e+00 1.952935479319845174e-06
5.661773673635872584e+00 3.321714588150759454e-06
5.705015635611118796e+00 2.741659955111007952e-06
5.748587859335287931e+00 2.995409188681224156e-06
5.792492867192146733e+00 4.061016607845289281e-06
5.836733200830237500e+00 2.952185928583830237e-06
5.881311421310018162e+00 3.196176930275965403e-06
5.926230109252122347e+00 2.108105175344037694e-06
5.971491864986748332e+00 1.574831224709463276e-06
6.017099308704191074e+00 2.345052875002162950e-06
6.063055080606527092e+00 4.132107198276506985e-06
6.109361841060454879e+00 1.794732528757414310e-06
6.156022270751298819e+00 4.069715330771892333e-06
6.203039070838196167e+00 1.768610697719708271e-06
6.250414963110467070e+00 1.756466983835784792e-06
6.298152690145174759e+00 1.737950665049644811e-06
6.346255015465900762e+00 2.221194985605070710e-06
6.394724723702712943e+00 2.940014059551591753e-06
6.443564620753374328e+00 2.674104493366772932e-06
6.492777533945774948e+00 2.415613382809217005e-06
6.542366312201600920e+00 2.392403337027849057e-06
6.592333826201270064e+00 3.088899153675346969e-06
6.642682968550095879e+00 3.538054221711975568e-06
6.693416653945753581e+00 1.638384850719901509e-06
6.744537819347007357e+00 1.858931336292347134e-06
6.796049424143726370e+00 2.072952756831368802e-06
6.847954450328215259e+00 2.516896834082203007e-06
6.900255902667822738e+00 2.498483722779700516e-06
6.952956808878900219e+00 1.577773855818881682e-06
7.006060219802071387e+00 2.682581293684394319e-06
7.059569209578839377e+00 2.886186159472575644e-06
7.113486875829561740e+00 2.643342287763011027e-06
7.167816339832755901e+00 2.623484692964176238e-06
7.222560746705797285e+00 3.038222330779246051e-06
7.277723265586987011e+00 4.520400331117878599e-06
7.333307089819009583e+00 2.137571033019209368e-06
7.389315437133804565e+00 3.813000149509746302e-06
7.445751549838826477e+00 3.158329863246861312e-06
7.502618695004750649e+00 2.296596978483046380e-06
7.559920164654601038e+00 1.863744567250535440e-06
7.617659275954320464e+00 3.289757983448745331e-06
7.675839371404808986e+00 1.633963307832035309e-06
7.734463819035411802e+00 3.037888225820683996e-06
7.793536012598893947e+00 2.009984941697757928e-06
7.853059371767910690e+00 2.791821761023704379e-06
7.913037342332964741e+00 2.572254707407997185e-06
7.973473396401889346e+00 2.553023048690623356e-06
8.034371032600834184e+00 2.142723344956756979e-06
8.095733776276818006e+00 3.291709017803263963e-06
8.157565179701792957e+00 1.343778466396360783e-06
8.219868822278293408e+00 2.288215801554862484e-06
8.282648310746649756e+00 3.211945810438504781e-06
8.345907279393774303e+00 1.877401007777686958e-06
8.409649390263549407e+00 3.538038771429393166e-06
8.473878333368830340e+00 2.958186390286324534e-06
8.538597826905046873e+00 1.469334724766719003e-06
8.603811617465460415e+00 2.910134769592604276e-06
8.669523480258041204e+00 1.987436200956793429e-06
8.735737219324033020e+00 3.406938124034882680e-06
8.802456667758143283e+00 1.779900891447936062e-06
8.869685687930459750e+00 1.591678412045287231e-06
8.937428171710028124e+00 1.226934224979295989e-06
9.005688040690165153e+00 2.955762106860453875e-06
9.074469246415468149e+00 1.902611263853954785e-06
9.143775770610570675e+00 2.224698966801418864e-06
9.213611625410646155e+00 3.401639203448762905e-06
9.283980853593664762e+00 2.194114985705305623e-06
9.354887528814433750e+00 2.677959748868635376e-06
9.426335755840423047e+00 3.159163164638162209e-06
9.498329670789374291e+00 1.977497048356214628e-06
9.570873441368757284e+00 2.127367187781650723e-06
9.643971267117024126e+00 2.761617662098503438e-06
9.717627379646726737e+00 2.577879288257782788e-06
9.791846042889485346e+00 2.559583343859387615e-06
9.866631553342816829e+00 1.585527704174294625e-06
9.941988240318867298e+00 2.361951671428511557e-06
1.001792046619502941e+01 2.188995951540657269e-06
1.009443262666647811e+01 2.637604318838758018e-06
1.017152915100063915e+01 1.542371495360657189e-06
1.024921450229360431e+01 3.512400267565329107e-06
1.032749317772848840e+01 2.274829240929093067e-06
1.040636970883577561e+01 3.310643131448317578e-06
1.048584866175564301e+01 3.733123579873200732e-06
1.056593463750229134e+01 4.893995659476992726e-06
1.064663227223031328e+01 3.088125199860188805e-06
1.072794623750306187e+01 1.607256778428577038e-06
1.080988124056310262e+01 2.899235553266266741e-06
1.089244202460468713e+01 3.165069324984936358e-06
1.097563336904835118e+01 1.997679762945901189e-06
1.105946008981760897e+01 3.255178580440138218e-06
1.114392703961772924e+01 2.389450578420626216e-06
1.122903910821665363e+01 2.370948167366070653e-06
1.131480122272806810e+01 3.736461518340275253e-06
1.140121834789663069e+01 3.850846232778766789e-06
1.148829548638539144e+01 2.045506035540764171e-06
1.157603767906538295e+01 2.843230969556633787e-06
1.166445000530744025e+01 2.014433242361569382e-06
1.175353758327623055e+01 3.463972000200037276e-06
1.184330557022655483e+01 2.776963947197962218e-06
1.193375916280191262e+01 1.442776544091981441e-06
1.202490359733531022e+01 2.474175490633634632e-06
1.211674415015240314e+01 1.681613073269507472e-06
1.220928613787693706e+01 3.077276347010542193e-06
1.230253491773851593e+01 1.782884391427323603e-06
1.239649588788276091e+01 2.147152531791924801e-06
1.249117448768377869e+01 2.382108136888367628e-06
1.258657619805906158e+01 2.366528255421217440e-06
1.268270654178675727e+01 2.346038587730844133e-06
1.277957108382539175e+01 3.551090349170946719e-06
1.287717543163603651e+01 2.431571465465796416e-06
1.297552523550690928e+01 2.778290454316247412e-06
1.307462618888047245e+01 1.915812511327011578e-06
1.317448402868301116e+01 2.615283179698748230e-06
1.327510453565674453e+01 2.712556185897701892e-06
1.337649353469450197e+01 2.810481123695611675e-06
1.347865689517689169e+01 3.020040242963474951e-06
1.358160053131209644e+01 1.612295528724145072e-06
1.368533040247822186e+01 1.028768626033288936e-06
1.378985251356829522e+01 2.842128872177487268e-06
1.389517291533790910e+01 2.029080249055402319e-06
1.400129770475546920e+01 2.124974910335883106e-06
1.410823302535516532e+01 2.107785596208024319e-06
1.421598506759258740e+01 1.542659374865836950e-06
1.432456006920312142e+01 2.623432408186521294e-06
1.443396431556304549e+01 1.953033774742692561e-06
1.454420414005338102e+01 1.830405762632501547e-06
1.465528592442653633e+01 1.283800789953195714e-06
1.476721609917572842e+01 3.074838909714835016e-06
1.488000114390725059e+01 2.632134167934662026e-06
1.499364758771559814e+01 1.670665023063815054e-06
1.510816200956140420e+01 2.178294591850287179e-06
1.522355103865231740e+01 2.471327750415531102e-06
1.533982135482673925e+01 1.021572619838420296e-06
1.545697968894052465e+01 2.329483120476699621e-06
1.557503282325665950e+01 2.414851541693650348e-06
1.569398759183785330e+01 2.495000064276201411e-06
1.581385088094217650e+01 1.682196222595109277e-06
1.593462962942168204e+01 1.670039340913714007e-06
1.605633082912410003e+01 1.267348403838134926e-06
1.617896152529763043e+01 2.323867218122098300e-06
1.630252881699875189e+01 2.016506145082386912e-06
1.642703985750318907e+01 1.524840761507347902e-06
1.655250185472002045e+01 1.135774023116198832e-06
1.667892207160893037e+01 1.595238250178745592e-06
1.680630782660069400e+01 1.771485158476893791e-06
1.693466649402079582e+01 1.572597463811840629e-06
1.706400550451636988e+01 1.561083417499990056e-06
1.719433234548630907e+01 1.912478562579353868e-06
1.732565456151473171e+01 2.440932469114283105e-06
1.745797975480775932e+01 1.885053131935340669e-06
1.759131558563357700e+01 1.780456274867139107e-06
1.772566977276590450e+01 1.502126265813543245e-06
1.786105009393079257e+01 1.842046190339155543e-06
1.799746438625691525e+01 1.392023318718282522e-06
1.813492054672925491e+01 1.210088461143078933e-06
1.827342653264623351e+01 1.543925703725506919e-06
1.841299036208040008e+01 1.615940569476061477e-06
1.855362011434253589e+01 1.604513497193428012e-06
1.869532393044939056e+01 1.927019547566694480e-06
1.883811001359499926e+01 1.662567195628274281e-06
1.898198662962550998e+01 2.062244790038844912e-06
1.912696210751772696e+01 1.720147523964842917e-06
1.927304483986123529e+01 2.030633605216598944e-06
1.942024328334427707e+01 1.370490481799505012e-06
1.956856595924331188e+01 1.281363042508391191e-06
1.971802145391628613e+01 8.731968621906707257e-07
1.986861841929972172e+01 1.418900236483788469e-06
2.002036557340952783e+01 1.719814266763888308e-06
2.017327170084572430e+01 1.552345886939360127e-06
2.032734565330098775e+01 1.926352150828409821e-06
2.048259635007306656e+01 9.178879477837279677e-07
2.063903277858106478e+01 1.593669124462805992e-06
2.079666399488577966e+01 2.032495641528166745e-06
2.095549912421395078e+01 1.495286201894135101e-06
2.111554736148649880e+01 1.411022393418884411e-06
2.127681797185082857e+01 1.767206279522712511e-06
2.143932029121715743e+01 1.315479956643970851e-06
2.160306372679898601e+01 1.739157985989372559e-06
2.176805775765772211e+01 1.654693120465877482e-06
2.193431193525134404e+01 1.142111604376221115e-06
2.210183588398740895e+01 9.916611683901056054e-07
2.227063930178012185e+01 1.195043226998841675e-06
2.244073196061181008e+01 1.605798099401982916e-06
2.261212370709861119e+01 1.454719712686297600e-06
2.278482446306047393e+01 1.444299069152345434e-06
2.295884422609555031e+01 1.228270280152476449e-06
2.313419307015891846e+01 1.219209588620181600e-06
2.331088114614578188e+01 7.387086759281443324e-07
2.348891868247912029e+01 9.327783482510930785e-07
2.366831598570178841e+01 1.456117220366571420e-06
2.384908344107317646e+01 1.181669574152769601e-06
2.403123151317036843e+01 1.173089385364501329e-06
2.421477074649395789e+01 9.701306509452238067e-07
2.439971176607850367e+01 1.090428423179835101e-06
2.458606527810756148e+01 1.336850747822088058e-06
2.477384207053348675e+01 1.516726673384019438e-06
2.496305301370191287e+01 1.756202611494717280e-06
2.515370906098105408e+01 9.960911005378275811e-07
2.534582124939582215e+01 8.646251025652596562e-07
2.553940070026671805e+01 1.287470804551687307e-06
2.573445861985366534e+01 8.518037283298941483e-07
2.593100630000469309e+01 1.509420499137309794e-06
2.612905511880966003e+01 1.258529507762902133e-06
2.632861654125893835e+01 1.189278221258080428e-06
2.652970211990708549e+01 8.846629004909770031e-07
2.673232349554165310e+01 9.377890031612008172e-07
2.693649239785701255e+01 7.564127758178898683e-07
2.714222064613342411e+01 1.211528392909046387e-06
2.734952014992126834e+01 7.446441680337883110e-07
2.755840290973046081e+01 9.094863930741592349e-07
2.776888101772517103e+01 8.465061668407169301e-07
2.798096665842379238e+01 8.962112398296060888e-07
2.819467210940434398e+01 7.216589186541949489e-07
2.841000974201522311e+01 3.858504720698861431e-07
2.862699202209135763e+01 9.846600414127759574e-07
2.884563151067587228e+01 1.520309735896323837e-06
2.906594086474717642e+01 8.618030078780868196e-07
2.928793283795175029e+01 6.412432346509926991e-07
2.951162028134242377e+01 6.896702543527720990e-07
2.973701614412232175e+01 4.740946919592374449e-07
2.996413347439450092e+01 9.929964936747557053e-07
3.019298541991724250e+01 8.306615146161886107e-07
3.042358522886523176e+01 6.177491849767608481e-07
3.065594625059649658e+01 7.661033897728765588e-07
3.089008193642516886e+01 5.070089928091744736e-07
3.112600584040018958e+01 5.539508184214396646e-07
3.136373162008992921e+01 9.494690091998116805e-07
3.160327303737282278e+01 8.922061316170688101e-07
3.184464395923409441e+01 8.850897600429738156e-07
3.208785835856844670e+01 1.074172365811586146e-06
3.233293031498900660e+01 6.301110000229654952e-07
3.257987401564231078e+01 5.288868966770063657e-07
3.282870375602964685e+01 8.590738467139034596e-07
3.307943394083464739e+01 7.575599538102674328e-07
3.333207908475711889e+01 1.128049634717794872e-06
3.358665381335332967e+01 9.326683287304052680e-07
3.384317286388262858e+01 4.629988698821026294e-07
3.410165108616060081e+01 7.349070816938729860e-07
3.436210344341879619e+01 7.745452443193819949e-07
3.462454501317083100e+01 7.688228161286096935e-07
3.488899098808531107e+01 1.122421883239012067e-06
3.515545667686525633e+01 7.126915575657867161e-07
3.542395750513435360e+01 3.978918844809631776e-07
3.569450901632996676e+01 6.584221027135962909e-07
3.596712687260290409e+01 4.789164937734420764e-07
3.624182685572413476e+01 5.192383767267099265e-07
3.651862486799832652e+01 6.430801378328978526e-07
3.679753693318444618e+01 7.243728807261773190e-07
3.707857919742345842e+01 5.913346152685187092e-07
3.736176793017290265e+01 7.551146586278740768e-07
3.764711952514880267e+01 4.994825516848116977e-07
3.793465050127463911e+01 4.130106337805857375e-07
3.822437750363764764e+01 4.917768001821672593e-07
3.851631730445244273e+01 2.845547316747349046e-07
3.881048680403189621e+01 4.440666188465753303e-07
3.910690303176554039e+01 6.008269806857046873e-07
3.940558314710532528e+01 7.162536435262886798e-07
3.970654444055901422e+01 5.917447323352501776e-07
4.000980433469116804e+01 7.442275681678141213e-07
4.031538038513167521e+01 5.443543293782233530e-07
4.062329028159209088e+01 8.483536970732044654e-07
4.093355184888959997e+01 3.059929132248547239e-07
4.124618304797896684e+01 4.933970569794745149e-07
4.156120197699230800e+01 5.278176938994492187e-07
4.187862687228675185e+01 6.357385996172614436e-07
4.219847610950009198e+01 4.457403151035334170e-07
4.252076820461459761e+01 6.268062483317962331e-07
4.284552181502894541e+01 6.212761692225481015e-07
4.317275574063820898e+01 5.083298911841397495e-07
4.350248892492221842e+01 6.481319314881295077e-07
4.383474045604216940e+01 7.142036775163931867e-07
4.416952956794561658e+01 5.317809926808574839e-07
4.450687564148002906e+01 5.982966807153164432e-07
4.484679820551461660e+01 4.542483436315105546e-07
4.518931693807093097e+01 4.505427621360941303e-07
4.553445166746195127e+01 4.813270480201565467e-07
4.588222237343995147e+01 6.140884501150246430e-07
4.623264918835322135e+01 6.098454168460630608e-07
4.658575239831141346e+01 4.710524070187869483e-07
4.694155244435995655e+01 5.674475890880596675e-07
4.730006992366332952e+01 5.624725320108529338e-07
4.766132559069743735e+01 2.631164595658144179e-07
4.802534035845116023e+01 3.588751178703212347e-07
4.839213529963691940e+01 4.208459422934672800e-07
4.876173164791060799e+01 4.494392767055590698e-07
4.913415079910075178e+01 4.146013661414718652e-07
4.950941431244714153e+01 4.111471835908742734e-07
4.988754391184892256e+01 3.453932642737972916e-07
5.026856148712214889e+01 3.116764648547858730e-07
5.065248909526700771e+01 4.018336491886880711e-07
5.103934896174460789e+01 5.828134699696911527e-07
5.142916348176368757e+01 3.651038702708728413e-07
5.182195522157707757e+01 2.721384529731004043e-07
5.221774691978801286e+01 3.601753866191652338e-07
5.261656148866648408e+01 5.354209263505083581e-07
5.301842201547557920e+01 2.955417240427937110e-07
5.342335176380803574e+01 2.930423223915615613e-07
5.383137417493298926e+01 4.365449659847699554e-07
5.424251286915296077e+01 4.620168435915534506e-07
5.465679164717121807e+01 3.435576394735058161e-07
5.507423449146955363e+01 4.549346189882306208e-07
5.549486556769667800e+01 3.387736255508570010e-07
5.591870922606719319e+01 2.241433239447022297e-07
5.634579000277113892e+01 2.779055966495937403e-07
5.677613262139447414e+01 3.586295925954392587e-07
5.720976199435020249e+01 2.741787513607178807e-07
5.764670322432060345e+01 2.173089570008696448e-07
5.808698160571049129e+01 1.884585986751020188e-07
5.853062262611141620e+01 2.942834004013264973e-07
5.897765196777716312e+01 3.188322497200469945e-07
5.942809550911043459e+01 3.689930120782709179e-07
5.988197932616098740e+01 3.137351107963895871e-07
6.033932969413523040e+01 4.151904635170983540e-07
6.080017308891720518e+01 1.544918593641668827e-07
6.126453618860131201e+01 2.046526704999225714e-07
6.173244587503663183e+01 4.818872121393529941e-07
6.220392923538312857e+01 4.275157525612081926e-07
6.267901356367983112e+01 1.747049481816745895e-07
6.315772636242475357e+01 3.226823744597210546e-07
6.364009534416704383e+01 2.953577198019214051e-07
6.412614843311123991e+01 2.197145720433387203e-07
6.461591376673376885e+01 1.697887739341448162e-07
6.510941969741192281e+01 2.404155597888045825e-07
6.560669479406510618e+01 2.147697269028330646e-07
6.610776784380868776e+01 1.896168439746006977e-07
6.661266785362042242e+01 2.822584919519383679e-07
6.712142405201964834e+01 2.569160297647514207e-07
6.763406589075952979e+01 2.550400052956501842e-07
6.815062304653176284e+01 2.529757172915220662e-07
6.867112542268469610e+01 2.738231028217467662e-07
6.919560315095429814e+01 2.034295166543847866e-07
6.972408659320856827e+01 2.023171515330723135e-07
7.025660634320522036e+01 4.457912907511024867e-07
7.079319322836265371e+01 3.319289775845119497e-07
7.133387831154462333e+01 2.632090026230136623e-07
7.187869289285829666e+01 2.398598100127333180e-07
7.242766851146639340e+01 2.164677367222561516e-07
7.298083694741293925e+01 1.931499777638808098e-07
7.353823022346294636e+01 1.490394690114401024e-07
7.409988060695627610e+01 1.058381277348276395e-07
7.466582061167545703e+01 1.049929282357250566e-07
7.523608299972798363e+01 1.457763035661039173e-07
7.581070078344298224e+01 1.240827617833466245e-07
7.638970722728217311e+01 2.459242274347846078e-07
7.697313584976564016e+01 1.016924727829506563e-07
7.756102042541199637e+01 2.018567835133524299e-07
7.815339498669379736e+01 2.005624126105494268e-07
7.875029382600763483e+01 2.585742661678316725e-07
7.935175149765926506e+01 3.356531413666256413e-07
7.995780281986401405e+01 3.135241603997037506e-07
8.056848287676226050e+01 2.333286586880823058e-07
8.118382702045050792e+01 1.351746501399136619e-07
8.180387087302804616e+01 2.298671607593144280e-07
8.242865032865888963e+01 2.091017776731279514e-07
8.305820155564990159e+01 1.321176359875356673e-07
8.369256099854430886e+01 1.872117195664373575e-07
8.433176538023161584e+01 1.115024626696205298e-07
8.497585170407356259e+01 1.289092289160774479e-07
8.562485725604614117e+01 1.463100250645285077e-07
8.627881960689798291e+01 1.089052112608686571e-07
8.693777661432541493e+01 9.018770502754196640e-08
8.760176642516411505e+01 1.431090778940166498e-07
8.827082747759727965e+01 2.127014594330564376e-07
8.894499850338092983e+01 1.409767097096069426e-07
8.962431853008587268e+01 3.495861244278038278e-08
9.030882688335715613e+01 1.559567790447928663e-07
9.099856318919067633e+01 1.032996249502968559e-07
9.169356737622699427e+01 2.050191836770549214e-07
9.239387967806285928e+01 2.371435096518636801e-07
9.309954063558021176e+01 1.514765317540846005e-07
9.381059109929316264e+01 1.334616956719718963e-07
9.452707223171287865e+01 4.974469862859606354e-08
9.524902550973044413e+01 1.481353508802449189e-07
9.597649272701789869e+01 1.793175078121664801e-07
9.670951599644754992e+01 9.726092009142777101e-08
9.744813775253007293e+01 1.929433585646399027e-07
9.819240075387101285e+01 1.753120083926683321e-07
9.894234808564596051e+01 9.515213577526800535e-08
9.969802316209487003e+01 1.098540323878169027e-07
1.004594697290351206e+02 1.558864752670456915e-07
1.012267318663940330e+02 9.277656511847434731e-08
1.019998539907607551e+02 1.075538787166445787e-07
1.027788808579573896e+02 1.068151270109803045e-07
1.035638575656300304e+02 1.060105106908528085e-07
1.043548295558592258e+02 9.009089717209593836e-08
1.051518426177907060e+02 1.192068972327052427e-07
1.059549428902863042e+02 1.329727124465922681e-07
1.067641768645947025e+02 1.173592188505086367e-07
1.075795913870428819e+02 1.019335055171790699e-07
1.084012336617479093e+02 1.156543906402715925e-07
1.092291512533496842e+02 1.432266291007871734e-07
1.100633920897645339e+02 1.280960192662957241e-07
1.109040044649596268e+02 9.881853827831800437e-08
1.117510370417487309e+02 5.616959846335071619e-08
1.126045388546091885e+02 1.111348247035157402e-07
1.134645593125205778e+02 1.104258528997733658e-07
1.143311482018251581e+02 8.213298007486364905e-08
1.152043556891097040e+02 9.524646994716449578e-08
1.160842323241099052e+02 8.098071750367349912e-08
1.169708290426363391e+02 1.471009004934372395e-07
1.178641971695234076e+02 7.970840125733651083e-08
1.187643884216004722e+02 6.596037698868571185e-08
1.196714549106856964e+02 6.543702493730901728e-08
1.205854491466028264e+02 7.786183767220782549e-08
1.215064240402207503e+02 3.871034012233636942e-08
1.224344329065167187e+02 1.022898481808495307e-07
1.233695294676628009e+02 6.345308925901216451e-08
1.243117678561356172e+02 6.305354725552550242e-08
1.252612026178502873e+02 6.240807435510936735e-08
1.262178887153177698e+02 4.957837907547906030e-08
1.271818815308268711e+02 9.867404657006121580e-08
1.281532368696502999e+02 9.775921539008353508e-08
1.291320109632751496e+02 8.492009803032315106e-08
1.301182604726581644e+02 1.203666029708758120e-08
1.311120424915058038e+02 2.382116431723198182e-08
1.321134145495791472e+02 5.926429135032025775e-08
1.331224346160248615e+02 1.175792656529486405e-07
1.341391611027304975e+02 5.833084073711373642e-08
1.351636528677061619e+02 5.793969557201404161e-08
1.361959692184915980e+02 5.742601327950779820e-08
1.372361699155896986e+02 7.978913530843271502e-08
1.382843151759259683e+02 4.523363249457327521e-08
1.393404656763344747e+02 7.869729934081803232e-08
1.404046825570703732e+02 3.353061736698929773e-08
1.414770274253492062e+02 4.421195892898395296e-08
1.425575623589134011e+02 4.389245376744534345e-08
1.436463499096261103e+02 6.550578750404193650e-08
1.447434531070921366e+02 5.412434530172717431e-08
1.458489354623067129e+02 5.369520939138074754e-08
1.469628609713321055e+02 9.582053099390165487e-08
1.480852941190023273e+02 5.281080829019780285e-08
1.492162998826563580e+02 9.447052643690191077e-08
1.503559437358994160e+02 2.083075332592603622e-08
1.515042916523934196e+02 3.099672273591995299e-08
1.526614101096758418e+02 5.124369682515466312e-08
1.538273660930082656e+02 4.072962616906922680e-08
1.550022270992544691e+02 4.041456198562350923e-08
1.561860611407872170e+02 8.019851561353537486e-08
1.573789367494260318e+02 4.981106646963839336e-08
1.585809229804039546e+02 5.918968215430306606e-08
1.597920894163653998e+02 2.940974379154530527e-08
1.610125061713944206e+02 2.923717707809071615e-08
1.622422438950733863e+02 3.862771197920903472e-08
1.634813737765729229e+02 7.664345485377510379e-08
1.647299675487729473e+02 6.649204538689615746e-08
1.659880974924153065e+02 6.601598015166946203e-08
1.672558364402883058e+02 5.612110104365597802e-08
1.685332577814427282e+02 2.788483035134111379e-08
1.698204354654404540e+02 4.611803630188319885e-08
1.711174440066350826e+02 1.831231053382201583e-08
1.724243584884858365e+02 2.725710765066966811e-08
1.737412545679041500e+02 5.399346840729050148e-08
1.750682084796334834e+02 4.469172892992944138e-08
1.764052970406620489e+02 2.656753848258005957e-08
1.777525976546700690e+02 4.406024734103995717e-08
1.791101883165108575e+02 8.747103030440572701e-09
1.804781476167256642e+02 3.465527974412643263e-08
1.818565547460933089e+02 2.586024117993184601e-08
1.832454895002142905e+02 5.984168901543516134e-08
1.846450322841304228e+02 1.697166246021848683e-08
1.860552641169795152e+02 4.208885253353058820e-08
1.874762666366852955e+02 4.178354495634336870e-08
1.889081221046837413e+02 3.316718303730557819e-08
1.903509134106845408e+02 2.468230123803598702e-08
1.918047240774702118e+02 2.452777662256918751e-08
1.932696382657309186e+02 1.626195446108639388e-08
1.947457407789366925e+02 3.217255107394341413e-08
1.962331170682464574e+02 3.196635506969325598e-08
1.977318532374547715e+02 2.374239430965710542e-08
1.992420360479763985e+02 4.715657738595911629e-08
