1.003818764619345688e-01 0.000000000000000000e+00
1.011485459784472879e-01 0.000000000000000000e+00
1.019210709558087680e-01 0.000000000000000000e+00
1.026994961152724595e-01 0.000000000000000000e+00
1.034838665196517182e-01 0.000000000000000000e+00
1.042742275759283854e-01 0.000000000000000000e+00
1.050706250378814766e-01 0.000000000000000000e+00
1.058731050087358544e-01 0.000000000000000000e+00
1.066817139438310941e-01 0.000000000000000000e+00
1.074964986533107902e-01 0.000000000000000000e+00
1.083175063048323894e-01 0.000000000000000000e+00
1.091447844262976724e-01 0.000000000000000000e+00
1.099783809086041647e-01 0.000000000000000000e+00
1.108183440084175297e-01 0.000000000000000000e+00
1.116647223509651676e-01 0.000000000000000000e+00
1.125175649328510052e-01 0.000000000000000000e+00
1.133769211248920050e-01 0.000000000000000000e+00
1.142428406749761566e-01 0.000000000000000000e+00
1.151153737109424230e-01 0.000000000000000000e+00
1.159945707434826001e-01 0.000000000000000000e+00
1.168804826690653942e-01 0.000000000000000000e+00
1.177731607728827179e-01 0.000000000000000000e+00
1.186726567318187042e-01 0.000000000000000000e+00
1.195790226174411192e-01 0.000000000000000000e+00
1.204923108990159364e-01 0.000000000000000000e+00
1.214125744465446438e-01 0.000000000000000000e+00
1.223398665338249064e-01 0.000000000000000000e+00
1.232742408415345714e-01 0.000000000000000000e+00
1.242157514603392660e-01 0.000000000000000000e+00
1.251644528940235868e-01 0.000000000000000000e+00
1.261204000626464650e-01 0.000000000000000000e+00
1.270836483057203870e-01 0.000000000000000000e+00
1.280542533854148735e-01 0.000000000000000000e+00
1.290322714897847722e-01 0.000000000000000000e+00
1.300177592360227119e-01 0.000000000000000000e+00
1.310107736737369521e-01 0.000000000000000000e+00
1.320113722882536866e-01 0.000000000000000000e+00
1.330196130039449920e-01 0.000000000000000000e+00
1.340355541875820067e-01 0.000000000000000000e+00
1.350592546517138115e-01 0.000000000000000000e+00
1.360907736580721228e-01 0.000000000000000000e+00
1.371301709210017705e-01 0.000000000000000000e+00
1.381775066109176553e-01 0.000000000000000000e+00
1.392328413577879620e-01 0.000000000000000000e+00
1.402962362546441299e-01 0.000000000000000000e+00
1.413677528611173018e-01 0.000000000000000000e+00
1.424474532070021393e-01 0.000000000000000000e+00
1.435353997958477290e-01 0.000000000000000000e+00
1.446316556085757710e-01 0.000000000000000000e+00
1.457362841071265513e-01 0.000000000000000000e+00
1.468493492381329202e-01 0.000000000000000000e+00
1.479709154366219692e-01 0.000000000000000000e+00
1.491010476297450760e-01 0.000000000000000000e+00
1.502398112405367581e-01 0.000000000000000000e+00
1.513872721917017827e-01 0.000000000000000000e+00
1.525434969094315862e-01 0.000000000000000000e+00
1.537085523272495868e-01 0.000000000000000000e+00
1.548825058898858631e-01 0.000000000000000000e+00
1.560654255571816418e-01 0.000000000000000000e+00
1.572573798080234009e-01 0.000000000000000000e+00
1.584584376443071152e-01 0.000000000000000000e+00
1.596686685949328388e-01 0.000000000000000000e+00
1.608881427198295411e-01 0.000000000000000000e+00
1.621169306140110011e-01 0.000000000000000000e+00
1.633551034116623724e-01 0.000000000000000000e+00
1.646027327902583326e-01 0.000000000000000000e+00
1.658598909747124317e-01 0.000000000000000000e+00
1.671266507415579139e-01 0.000000000000000000e+00
1.684030854231611252e-01 0.000000000000000000e+00
1.696892689119663122e-01 0.000000000000000000e+00
1.709852756647735894e-01 0.000000000000000000e+00
1.722911807070489909e-01 0.000000000000000000e+00
1.736070596372676911e-01 0.000000000000000000e+00
1.749329886312905313e-01 0.000000000000000000e+00
1.762690444467736595e-01 0.000000000000000000e+00
1.776153044276120585e-01 0.000000000000000000e+00
1.789718465084169652e-01 0.000000000000000000e+00
1.803387492190275665e-01 0.000000000000000000e+00
1.817160916890568911e-01 0.000000000000000000e+00
1.831039536524727285e-01 0.000000000000000000e+00
1.845024154522134641e-01 0.000000000000000000e+00
1.859115580448389149e-01 0.000000000000000000e+00
1.873314630052169971e-01 0.000000000000000000e+00
1.887622125312461430e-01 0.000000000000000000e+00
1.902038894486135501e-01 0.000000000000000000e+00
1.916565772155901515e-01 0.000000000000000000e+00
1.931203599278616956e-01 0.000000000000000000e+00
1.945953223233973239e-01 0.000000000000000000e+00
1.960815497873548141e-01 0.000000000000000000e+00
1.975791283570236256e-01 0.000000000000000000e+00
1.990881447268055271e-01 0.000000000000000000e+00
2.006086862532332482e-01 0.000000000000000000e+00
2.021408409600277400e-01 0.000000000000000000e+00
2.036846975431935991e-01 0.000000000000000000e+00
2.052403453761537377e-01 0.000000000000000000e+00
2.068078745149232178e-01 0.000000000000000000e+00
2.083873757033224972e-01 0.000000000000000000e+00
2.099789403782307273e-01 0.000000000000000000e+00
2.115826606748788530e-01 0.000000000000000000e+00
2.131986294321833453e-01 0.000000000000000000e+00
2.148269401981205418e-01 0.000000000000000000e+00
2.164676872351422587e-01 0.000000000000000000e+00
2.181209655256325375e-01 0.000000000000000000e+00
2.197868707774061070e-01 0.000000000000000000e+00
2.214654994292489798e-01 0.000000000000000000e+00
2.231569486565012084e-01 0.000000000000000000e+00
2.248613163766823297e-01 0.000000000000000000e+00
2.265787012551598312e-01 0.000000000000000000e+00
2.283092027108608313e-01 0.000000000000000000e+00
2.300529209220272819e-01 0.000000000000000000e+00
2.318099568320156068e-01 0.000000000000000000e+00
2.335804121551398604e-01 0.000000000000000000e+00
2.353643893825602684e-01 0.000000000000000000e+00
2.371619917882162865e-01 0.000000000000000000e+00
2.389733234348050406e-01 0.000000000000000000e+00
2.407984891798055638e-01 0.000000000000000000e+00
2.426375946815489959e-01 0.000000000000000000e+00
2.444907464053350243e-01 0.000000000000000000e+00
2.463580516295952316e-01 0.000000000000000000e+00
2.482396184521032390e-01 0.000000000000000000e+00
2.501355557962327558e-01 0.000000000000000000e+00
2.520459734172627586e-01 0.000000000000000000e+00
2.539709819087314635e-01 0.000000000000000000e+00
2.559106927088385386e-01 0.000000000000000000e+00
2.578652181068959992e-01 0.000000000000000000e+00
2.598346712498288968e-01 0.000000000000000000e+00
2.618191661487251354e-01 0.000000000000000000e+00
2.638188176854358025e-01 0.000000000000000000e+00
2.658337416192252944e-01 0.000000000000000000e+00
2.678640545934727890e-01 0.000000000000000000e+00
2.699098741424248438e-01 0.000000000000000000e+00
2.719713186979990649e-01 0.000000000000000000e+00
2.740485075966404560e-01 0.000000000000000000e+00
2.761415610862294479e-01 0.000000000000000000e+00
2.782506003330433297e-01 0.000000000000000000e+00
2.803757474287703610e-01 0.000000000000000000e+00
2.825171253975775620e-01 0.000000000000000000e+00
2.846748582032325170e-01 0.000000000000000000e+00
2.868490707562799669e-01 0.000000000000000000e+00
2.890398889212724143e-01 0.000000000000000000e+00
2.912474395240567393e-01 0.000000000000000000e+00
2.934718503591156602e-01 0.000000000000000000e+00
2.957132501969662597e-01 0.000000000000000000e+00
2.979717687916139113e-01 0.000000000000000000e+00
3.002475368880643813e-01 0.000000000000000000e+00
3.025406862298920529e-01 0.000000000000000000e+00
3.048513495668665474e-01 0.000000000000000000e+00
3.071796606626379655e-01 0.000000000000000000e+00
3.095257543024800828e-01 0.000000000000000000e+00
3.118897663010932186e-01 0.000000000000000000e+00
3.142718335104664473e-01 0.000000000000000000e+00
3.166720938277997055e-01 0.000000000000000000e+00
3.190906862034871283e-01 0.000000000000000000e+00
3.215277506491602821e-01 0.000000000000000000e+00
3.239834282457938475e-01 0.000000000000000000e+00
3.264578611518724749e-01 0.000000000000000000e+00
3.289511926116204799e-01 0.000000000000000000e+00
3.314635669632940984e-01 0.000000000000000000e+00
3.339951296475371922e-01 0.000000000000000000e+00
3.365460272158006805e-01 0.000000000000000000e+00
3.391164073388266975e-01 0.000000000000000000e+00
3.417064188151969217e-01 0.000000000000000000e+00
3.443162115799464074e-01 0.000000000000000000e+00
3.469459367132436967e-01 0.000000000000000000e+00
3.495957464491361577e-01 0.000000000000000000e+00
3.522657941843635454e-01 0.000000000000000000e+00
3.549562344872373987e-01 0.000000000000000000e+00
3.576672231065893826e-01 0.000000000000000000e+00
3.603989169807875204e-01 0.000000000000000000e+00
3.631514742468208712e-01 0.000000000000000000e+00
3.659250542494547620e-01 0.000000000000000000e+00
3.687198175504546316e-01 0.000000000000000000e+00
3.715359259378811507e-01 0.000000000000000000e+00
3.743735424354559527e-01 0.000000000000000000e+00
3.772328313119991394e-01 0.000000000000000000e+00
3.801139580909387861e-01 0.000000000000000000e+00
3.830170895598929426e-01 0.000000000000000000e+00
3.859423937803250215e-01 0.000000000000000000e+00
3.888900400972727933e-01 0.000000000000000000e+00
3.918601991491514891e-01 0.000000000000000000e+00
3.948530428776324541e-01 0.000000000000000000e+00
3.978687445375965748e-01 0.000000000000000000e+00
4.009074787071638113e-01 0.000000000000000000e+00
4.039694212977997800e-01 0.000000000000000000e+00
4.070547495644989411e-01 0.000000000000000000e+00
4.101636421160458901e-01 0.000000000000000000e+00
4.132962789253552538e-01 0.000000000000000000e+00
4.164528413398899120e-01 0.000000000000000000e+00
4.196335120921593775e-01 0.000000000000000000e+00
4.228384753102979454e-01 0.000000000000000000e+00
4.260679165287238890e-01 0.000000000000000000e+00
4.293220226988802568e-01 0.000000000000000000e+00
4.326009822000570493e-01 0.000000000000000000e+00
4.359049848502964952e-01 0.000000000000000000e+00
4.392342219173819284e-01 0.000000000000000000e+00
4.425888861299096533e-01 0.000000000000000000e+00
4.459691716884466306e-01 0.000000000000000000e+00
4.493752742767720409e-01 0.000000000000000000e+00
4.528073910732057783e-01 0.000000000000000000e+00
4.562657207620228750e-01 0.000000000000000000e+00
4.597504635449554122e-01 0.000000000000000000e+00
4.632618211527818053e-01 0.000000000000000000e+00
4.667999968570054614e-01 0.000000000000000000e+00
4.703651954816218117e-01 0.000000000000000000e+00
4.739576234149754375e-01 0.000000000000000000e+00
4.775774886217079018e-01 0.000000000000000000e+00
4.812250006547968972e-01 0.000000000000000000e+00
4.849003706676870973e-01 0.000000000000000000e+00
4.886038114265137677e-01 0.000000000000000000e+00
4.923355373224197473e-01 0.000000000000000000e+00
4.960957643839665199e-01 0.000000000000000000e+00
4.998847102896398775e-01 0.000000000000000000e+00
5.037025943804516182e-01 0.000000000000000000e+00
5.075496376726369441e-01 0.000000000000000000e+00
5.114260628704487832e-01 0.000000000000000000e+00
5.153320943790506981e-01 0.000000000000000000e+00
5.192679583175066060e-01 0.000000000000000000e+00
5.232338825318720854e-01 0.000000000000000000e+00
5.272300966083831586e-01 0.000000000000000000e+00
5.312568318867476602e-01 0.000000000000000000e+00
5.353143214735371913e-01 0.000000000000000000e+00
5.394028002556814361e-01 0.000000000000000000e+00
5.435225049140661735e-01 0.000000000000000000e+00
5.476736739372339846e-01 0.000000000000000000e+00
5.518565476351910970e-01 0.000000000000000000e+00
5.560713681533180353e-01 0.000000000000000000e+00
5.603183794863880740e-01 0.000000000000000000e+00
5.645978274926913842e-01 0.000000000000000000e+00
5.689099599082683145e-01 0.000000000000000000e+00
5.732550263612503638e-01 0.000000000000000000e+00
5.776332783863111775e-01 0.000000000000000000e+00
5.820449694392276774e-01 0.000000000000000000e+00
5.864903549115527692e-01 0.000000000000000000e+00
5.909696921454001828e-01 0.000000000000000000e+00
5.954832404483410002e-01 0.000000000000000000e+00
6.000312611084158698e-01 0.000000000000000000e+00
6.046140174092602404e-01 0.000000000000000000e+00
6.092317746453459471e-01 0.000000000000000000e+00
6.138848001373393704e-01 0.000000000000000000e+00
6.185733632475765020e-01 0.000000000000000000e+00
6.232977353956554722e-01 0.000000000000000000e+00
6.280581900741497581e-01 0.000000000000000000e+00
6.328550028644405190e-01 0.000000000000000000e+00
6.376884514526697245e-01 0.000000000000000000e+00
6.425588156458151845e-01 0.000000000000000000e+00
6.474663773878889250e-01 0.000000000000000000e+00
6.524114207762584661e-01 0.000000000000000000e+00
6.573942320780932214e-01 0.000000000000000000e+00
6.624150997469364643e-01 0.000000000000000000e+00
6.674743144394041927e-01 0.000000000000000000e+00
6.725721690320105584e-01 0.000000000000000000e+00
6.777089586381226383e-01 0.000000000000000000e+00
6.828849806250443244e-01 0.000000000000000000e+00
6.881005346312309978e-01 0.000000000000000000e+00
6.933559225836360973e-01 0.000000000000000000e+00
6.986514487151883612e-01 2.246343746317447269e-06
7.039874195824046277e-01 2.230939468713950644e-06
7.093641440831359724e-01 0.000000000000000000e+00
7.147819334744500708e-01 0.000000000000000000e+00
7.202411013906493409e-01 0.000000000000000000e+00
7.257419638614276414e-01 0.000000000000000000e+00
7.312848393301645267e-01 2.136838384283119416e-06
7.368700486723602783e-01 0.000000000000000000e+00
7.424979152142111571e-01 0.000000000000000000e+00
7.481687647513268757e-01 0.000000000000000000e+00
7.538829255675907337e-01 0.000000000000000000e+00
7.596407284541633054e-01 8.226779267736289338e-06
7.654425067286326767e-01 4.091923897379043520e-05
7.712885962543096774e-01 2.049860487910538985e-04
7.771793354596711056e-01 7.029639011866359744e-04
7.831150653579508347e-01 1.919088695740381973e-03
7.890961295668817987e-01 4.271690629626232090e-03
7.951228743285869704e-01 1.015630694836006272e-02
8.011956485296237718e-01 2.078750185497574635e-02
8.073148037211809180e-01 4.071440886412765886e-02
8.134806941394295832e-01 7.692673425512989993e-02
8.196936767260303291e-01 1.361969640125126613e-01
8.259541111487957998e-01 2.257103524036160325e-01
8.322623598225118435e-01 3.553468547688027890e-01
8.386187879299183967e-01 5.314493741367156687e-01
8.450237634428487965e-01 7.529497041152487524e-01
8.514776571435325181e-01 1.026342498462439856e+00
8.579808426460586723e-01 1.345993385882667148e+00
8.645336964180048156e-01 1.708747326542216172e+00
8.711365978022310719e-01 2.097034154257559457e+00
8.777899290388395670e-01 2.507786800630510626e+00
8.844940752873023948e-01 2.912530337663822966e+00
8.912494246487583371e-01 3.304363698439046981e+00
8.980563681884800031e-01 3.657463753697542064e+00
9.049152999585122759e-01 3.983290555954515533e+00
9.118266170204843979e-01 4.257741781900000078e+00
9.187907194685952517e-01 4.475753015895353570e+00
9.258080104527748322e-01 4.638671186195765905e+00
9.328788962020224673e-01 4.733937771924490612e+00
9.400037860479233398e-01 4.789741096623825634e+00
9.471830924483448655e-01 4.778525751498268193e+00
9.544172310113129276e-01 4.731060419314172982e+00
9.617066205190725192e-01 4.641239007310964837e+00
9.690516829523299069e-01 4.511703706915263901e+00
9.764528435146813123e-01 4.361347018647874663e+00
9.839105306572277776e-01 4.182777493970267102e+00
9.914251761033785471e-01 4.000953431554334472e+00
9.989972148738428537e-01 3.795414573560470295e+00
1.006627085311812886e+00 3.585473011980188307e+00
1.014315229108340155e+00 3.374761883083305936e+00
1.022062091327904820e+00 3.166210927235797445e+00
1.029868120434179746e+00 2.958068188656138187e+00
1.037733768315991956e+00 2.754619268916815411e+00
1.045659490313482376e+00 2.563530486721435686e+00
1.053645745244466525e+00 2.372073216788951555e+00
1.061692995430993491e+00 2.200394676588703025e+00
1.069801706726111412e+00 2.032162443213215042e+00
1.077972348540833902e+00 1.873302212623516372e+00
1.086205393871315206e+00 1.726263734598062483e+00
1.094501319326231403e+00 1.588489955679427412e+00
1.102860605154371676e+00 1.461014071989870322e+00
1.111283735272438733e+00 1.341686404873951188e+00
1.119771197293064180e+00 1.232996187308493585e+00
1.128323482553034385e+00 1.130714206727116533e+00
1.136941086141734836e+00 1.037994811518360372e+00
1.145624506929811659e+00 9.524071361929560275e-01
1.154374247598049186e+00 8.736425862742350779e-01
1.163190814666471562e+00 8.025518581693530384e-01
1.172074718523663961e+00 7.357066099765838807e-01
1.181026473456318726e+00 6.754419020690304309e-01
1.190046597679009999e+00 6.190331944169307210e-01
1.199135613364188391e+00 5.671597462560783454e-01
1.208294046672413469e+00 5.238643582451968372e-01
1.217522427782810501e+00 4.811791094385963197e-01
1.226821290923763907e+00 4.427802704914036158e-01
1.236191174403842963e+00 4.064655740541249229e-01
1.245632620642964428e+00 3.740965626581289616e-01
1.255146176203792763e+00 3.450099166288378982e-01
1.264732391823380597e+00 3.179006437505279559e-01
1.274391822445051226e+00 2.940370069087153149e-01
1.284125027250524465e+00 2.716622912906876408e-01
1.293932569692285650e+00 2.507369631153674172e-01
1.303815017526205322e+00 2.315476893561063954e-01
1.313772942844406266e+00 2.140816011901598703e-01
1.323806922108381467e+00 1.978923963006266051e-01
1.333917536182366304e+00 1.832657708002714270e-01
1.344105370366962093e+00 1.701857842550566491e-01
1.354371014433021658e+00 1.576396472238212887e-01
1.364715062655789790e+00 1.460021396364049318e-01
1.375138113849305288e+00 1.355057269969540679e-01
1.385640771401068339e+00 1.257853433740920013e-01
1.396223643306966578e+00 1.173166699211823510e-01
1.406887342206475600e+00 1.087044888415810567e-01
1.417632485418122146e+00 1.012200122240479727e-01
1.428459694975221517e+00 9.435782151598350043e-02
1.439369597661886768e+00 8.816185979532382977e-02
1.450362825049312576e+00 8.194698706635902830e-02
1.461440013532337545e+00 7.654710895278293847e-02
1.472601804366283851e+00 7.184199558123739726e-02
1.483848843704080878e+00 6.726801296472215141e-02
1.495181782633669076e+00 6.265970717595528705e-02
1.506601277215691814e+00 5.852448015985693003e-02
1.518107988521476326e+00 5.482235209813629551e-02
1.529702582671299993e+00 5.093244440494332226e-02
1.541385730872953275e+00 4.797405858013129715e-02
1.553158109460597069e+00 4.485789400476579425e-02
1.565020399933912287e+00 4.206634756209132880e-02
1.576973288997555844e+00 4.026456764059382215e-02
1.589017468600909977e+00 3.759804345111616986e-02
1.601153635978140644e+00 3.496805120631404917e-02
1.613382493688560348e+00 3.286287569506193829e-02
1.625704749657298942e+00 3.102011415474789299e-02
1.638121117216285949e+00 2.925908308290786977e-02
1.650632315145542872e+00 2.768044815010914025e-02
1.663239067714795461e+00 2.588704631920792434e-02
1.675942104725400839e+00 2.449266420329906935e-02
1.688742161552594379e+00 2.322471229445061125e-02
1.701639979188063201e+00 2.213288720197139139e-02
1.714636304282838086e+00 2.069077773095887723e-02
1.727731889190519565e+00 1.967696711892531758e-02
1.740927492010831301e+00 1.829294709016043852e-02
1.754223876633505208e+00 1.750716594990176997e-02
1.767621812782504076e+00 1.619379239499585746e-02
1.781122076060578596e+00 1.559927538133176576e-02
1.794725447994169887e+00 1.459148446970694700e-02
1.808432716078648639e+00 1.416613560320517315e-02
1.822244673823904648e+00 1.334080271453887134e-02
1.836162120800284292e+00 1.276469984177548700e-02
1.850185862684873506e+00 1.191079688696966045e-02
1.864316711308142471e+00 1.130978476854037525e-02
1.878555484700939138e+00 1.094499736783787099e-02
1.892903007141845784e+00 1.035759157405477353e-02
1.907360109204898402e+00 9.807582726253399885e-03
1.921927627807664241e+00 9.252627189850860107e-03
1.936606406259693713e+00 8.701084804750791601e-03
1.951397294311338904e+00 8.334819799402532273e-03
1.966301148202944216e+00 8.026336010042604135e-03
1.981318830714416501e+00 7.597920859724685734e-03
1.996451211215167332e+00 7.323186576416943448e-03
2.011699165714443627e+00 6.973157313108454755e-03
2.027063576912038645e+00 6.584142671569864248e-03
2.042545334249390443e+00 6.360142750875704548e-03
2.058145333961072687e+00 5.989138042983876628e-03
2.073864479126675597e+00 5.688500066054274877e-03
2.089703679723088570e+00 5.451755116155578181e-03
2.105663852677174930e+00 5.216481639011589545e-03
2.121745921918852140e+00 4.927302568502144389e-03
2.137950818434581013e+00 4.836599636514205512e-03
2.154279480321258600e+00 4.637634090385745617e-03
2.170732852840524529e+00 4.361479636259213422e-03
2.187311888473481680e+00 4.148896528407457554e-03
2.204017546975835184e+00 3.992245697540282648e-03
2.220850795433451541e+00 3.785814834500945969e-03
2.237812608318344942e+00 3.637187992721507054e-03
2.254903967545088150e+00 3.532576759993195058e-03
2.272125862527654583e+00 3.311301661631217697e-03
2.289479290236696052e+00 3.176870501189466706e-03
2.306965255257257041e+00 3.118046566920387556e-03
2.324584769846928634e+00 2.994101971421663042e-03
2.342338853994450965e+00 2.785374324085120468e-03
2.360228535478756218e+00 2.698400488850882621e-03
2.378254849928468584e+00 2.579907516478088803e-03
2.396418840881856305e+00 2.542727600994308841e-03
2.414721559847241572e+00 2.416571328264498220e-03
2.433164066363873168e+00 2.262944618155072075e-03
2.451747428063260070e+00 2.157118737421637612e-03
2.470472720730979344e+00 2.086739632161409373e-03
2.489341028368951214e+00 2.002328869748293185e-03
2.508353443258192428e+00 1.976561485556861588e-03
2.527511066022048780e+00 1.923791592965727083e-03
2.546815005689907707e+00 1.831584562734206272e-03
2.566266379761402039e+00 1.627402269075133934e-03
2.585866314271100030e+00 1.674471159964033415e-03
2.605615943853691441e+00 1.572783498679729362e-03
2.625516411809674544e+00 1.590495688608908323e-03
2.645568870171534748e+00 1.460086117347107705e-03
2.665774479770441019e+00 1.439636992568873444e-03
2.686134410303444575e+00 1.419880784752613470e-03
2.706649840401191387e+00 1.325409576197725649e-03
2.727321957696154264e+00 1.272120960210773588e-03
2.748151958891383195e+00 1.218097287468459643e-03
2.769141049829782819e+00 1.189599278217741331e-03
2.790290445563917920e+00 1.155423924566681936e-03
2.811601370426352720e+00 1.108643238714199534e-03
2.833075058100528398e+00 1.058436252881846595e-03
2.854712751692177974e+00 1.008101320338852412e-03
2.876515703801291846e+00 9.398790647669190597e-04
2.898485176594628676e+00 9.879271608071674843e-04
2.920622441878783171e+00 9.091245394363691411e-04
2.942928781173810293e+00 8.756512976315113106e-04
2.965405485787410811e+00 8.699641219886031186e-04
2.988053856889687943e+00 8.366798185068087751e-04
3.010875205588466663e+00 8.059016668741955484e-04
3.033870853005199208e+00 7.440438437992594189e-04
3.057042130351439457e+00 7.542486823042626829e-04
3.080390379005908841e+00 6.905247800327933257e-04
3.103916950592149782e+00 6.879147416216697562e-04
3.127623207056766663e+00 6.906852059665609909e-04
3.151510520748272093e+00 6.312389463897803482e-04
3.175580274496530464e+00 6.200579308703053471e-04
3.199833861692807702e+00 5.943006903195534449e-04
3.224272686370440510e+00 5.786662191254212913e-04
3.248898163286108698e+00 5.746822034599667270e-04
3.273711718001736770e+00 5.497939366694669502e-04
3.298714786967021251e+00 5.304877257751672379e-04
3.323908817602584165e+00 5.391829360575157081e-04
3.349295268383767343e+00 5.079718087367278336e-04
3.374875608925059112e+00 4.784978845415179221e-04
3.400651320065169791e+00 4.592715384851087448e-04
3.426623893952761790e+00 4.343167513438653455e-04
3.452794834132823176e+00 4.378401749173253029e-04
3.479165655633714493e+00 4.372180974003812316e-04
3.505737885054867498e+00 3.842610522249285910e-04
3.532513060655161574e+00 3.946885733761463936e-04
3.559492732441974283e+00 3.705438841417676445e-04
3.586678462260907807e+00 3.634422883947998023e-04
3.614071823886209955e+00 3.450577983275224291e-04
3.641674403111871072e+00 3.329448092665165948e-04
3.669487797843431487e+00 3.606840491972869824e-04
3.697513618190481299e+00 3.296246405371282078e-04
3.725753486559869376e+00 3.355104915098004888e-04
3.754209037749625999e+00 3.146069938624810724e-04
3.782881919043597829e+00 3.010370127781059773e-04
3.811773790306809850e+00 2.897508282575037833e-04
3.840886324081555170e+00 2.752882917494311435e-04
3.870221205684216237e+00 2.711899709231649683e-04
3.899780133302832574e+00 2.558683635313127700e-04
3.929564818095400369e+00 2.483436777385199181e-04
3.959576984288936341e+00 2.571201061265641387e-04
3.989818369279292121e+00 2.390962263388952741e-04
4.020290723731728910e+00 2.415381180436586056e-04
4.050995811682269299e+00 2.273833855752849719e-04
4.081935410639808026e+00 2.325434992326955608e-04
4.113111311689019445e+00 2.041510442784865212e-04
4.144525319594036361e+00 2.162206308137934398e-04
4.176179252902931793e+00 2.021800151716300305e-04
4.208074944052993871e+00 2.051050064266916938e-04
4.240214239476800984e+00 1.880562046712465070e-04
4.272598999709120271e+00 1.737623114933973677e-04
4.305231099494601921e+00 1.750136525533498022e-04
4.338112427896314571e+00 1.722335127849173816e-04
4.371244888405103168e+00 1.687862123073003817e-04
4.404630399049775491e+00 1.742860495412400929e-04
4.438270892508145771e+00 1.633926519287314276e-04
4.472168316218908757e+00 1.513143970883544618e-04
4.506324632494379756e+00 1.484194994648640564e-04
4.540741818634090876e+00 1.459393250206315429e-04
4.575421867039255019e+00 1.506470540258530012e-04
4.610366785328114503e+00 1.386205385465879376e-04
4.645578596452149434e+00 1.240973271817901390e-04
4.681059338813191140e+00 1.348661109684388168e-04
4.716811066381425555e+00 1.318636757456788085e-04
4.752835848814294550e+00 1.216070200382519175e-04
4.789135771576313871e+00 1.180691729670518928e-04
4.825712936059790792e+00 1.256073655746763171e-04
4.862569459706477915e+00 1.130744756646669244e-04
4.899707476130153339e+00 9.783677379443434690e-05
4.937129135240129862e+00 1.126219246189785408e-04
4.974836603365720755e+00 1.010809613463546554e-04
5.012832063381637226e+00 1.046662084056372880e-04
5.051117714834363781e+00 9.892526097135785157e-05
5.089695774069483036e+00 9.848582534420873805e-05
5.128568474359980200e+00 9.742487786113157350e-05
5.167738066035535205e+00 9.001261502030993963e-05
5.207206816612779399e+00 9.205538809121497918e-05
5.246977010926572760e+00 1.012076268687748338e-04
5.287050951262264320e+00 9.095897312652482874e-05
5.327430957488979324e+00 8.202231748474827079e-05
5.368119367193910918e+00 7.556400908721617874e-05
5.409118535817638573e+00 8.080979526095888386e-05
5.450430836790491895e+00 7.700792705044017395e-05
5.492058661669943831e+00 7.642745667307563532e-05
5.534004420279054592e+00 7.445355041373919066e-05
5.576270540845982282e+00 6.574868371739278237e-05
5.618859470144546009e+00 7.777913338361639611e-05
5.661773673635872584e+00 6.668941229261888019e-05
5.705015635611118796e+00 7.110827464455660629e-05
5.748587859335287931e+00 6.786750961425990934e-05
5.792492867192146733e+00 7.273714448934180167e-05
5.836733200830237500e+00 6.091594325635353379e-05
5.881311421310018162e+00 6.072891338756909615e-05
5.926230109252122347e+00 5.657148183089700356e-05
5.971491864986748332e+00 5.509076118246347133e-05
6.017099308704191074e+00 5.311328329610463117e-05
6.063055080606527092e+00 5.554723650514321680e-05
6.109361841060454879e+00 5.025139747514744467e-05
6.156022270751298819e+00 5.775877449557359581e-05
6.203039070838196167e+00 4.192837052337347359e-05
6.250414963110467070e+00 4.963439073145376303e-05
6.298152690145174759e+00 4.725961194547727875e-05
6.346255015465900762e+00 5.455792593935775966e-05
6.394724723702712943e+00 5.022963110163972101e-05
6.443564620753374328e+00 4.253866773419670973e-05
6.492777533945774948e+00 4.198584287564856825e-05
6.542366312201600920e+00 5.053995245026097918e-05
6.592333826201270064e+00 3.968512452861572157e-05
6.642682968550095879e+00 4.433720707442064554e-05
6.693416653945753581e+00 4.165393423171849784e-05
6.744537819347007357e+00 3.645490951767930374e-05
6.796049424143726370e+00 4.840286494344211385e-05
6.847954450328215259e+00 3.728627070710691978e-05
6.900255902667822738e+00 3.541965139839562619e-05
6.952956808878900219e+00 3.492012095469121364e-05
7.006060219802071387e+00 3.779095761325635349e-05
7.059569209578839377e+00 3.529069349836260703e-05
7.113486875829561740e+00 3.215348752623470985e-05
7.167816339832755901e+00 3.344066449668936774e-05
7.222560746705797285e+00 2.905551280275346244e-05
7.277723265586987011e+00 3.055822066393021076e-05
7.333307089819009583e+00 3.076262316185816940e-05
7.389315437133804565e+00 3.094901445630975019e-05
7.445751549838826477e+00 2.545657878912708412e-05
7.502618695004750649e+00 3.110781414811868519e-05
7.559920164654601038e+00 2.921353146353907740e-05
7.617659275954320464e+00 2.940230637353364329e-05
7.675839371404808986e+00 2.408049524223804716e-05
7.734463819035411802e+00 3.199504282366052592e-05
7.793536012598893947e+00 2.271757891545913573e-05
7.853059371767910690e+00 2.771937911791299696e-05
7.913037342332964741e+00 3.206550680887458355e-05
7.973473396401889346e+00 2.416231431676397516e-05
8.034371032600834184e+00 2.437495294132139379e-05
8.095733776276818006e+00 2.766768464780008035e-05
8.157565179701792957e+00 2.361796058075998211e-05
8.219868822278293408e+00 2.381605913161309579e-05
8.282648310746649756e+00 2.042431892091478232e-05
8.345907279393774303e+00 2.064595773305378244e-05
8.409649390263549407e+00 1.993035560662511022e-05
8.473878333368830340e+00 2.107269500787832664e-05
8.538597826905046873e+00 2.146467887236272332e-05
8.603811617465460415e+00 2.003073165568421593e-05
8.669523480258041204e+00 1.969747997194547020e-05
8.735737219324033020e+00 2.241837194737893410e-05
8.802456667758143283e+00 1.832448744201060954e-05
8.869685687930459750e+00 2.048004858364575352e-05
8.937428171710028124e+00 1.735893499193967498e-05
9.005688040690165153e+00 1.548026145470159229e-05
9.074469246415468149e+00 2.088931918092235340e-05
9.143775770610570675e+00 1.798804311783527867e-05
9.213611625410646155e+00 1.921407990732561179e-05
9.283980853593664762e+00 1.535372154946775127e-05
9.354887528814433750e+00 1.490063256309926693e-05
9.426335755840423047e+00 1.296002350036797707e-05
9.498329670789374291e+00 1.616519761941075654e-05
9.570873441368757284e+00 1.571092486608658878e-05
9.643971267117024126e+00 1.526489893640859907e-05
9.717627379646726737e+00 1.370317519122125501e-05
9.791846042889485346e+00 1.343950272577621619e-05
9.866631553342816829e+00 1.222778890613980813e-05
9.941988240318867298e+00 1.244591073831395903e-05
1.001792046619502941e+01 1.189025684744905384e-05
1.009443262666647811e+01 1.163974878288675017e-05
1.017152915100063915e+01 1.401237198541505652e-05
1.024921450229360431e+01 1.773493567893920226e-05
1.032749317772848840e+01 1.061674225555312437e-05
1.040636970883577561e+01 1.310100662990993258e-05
1.048584866175564301e+01 1.135289704418126848e-05
1.056593463750229134e+01 1.260123376328610774e-05
1.064663227223031328e+01 1.103478755182126456e-05
1.072794623750306187e+01 1.138987088749374138e-05
1.080988124056310262e+01 1.144828750734026143e-05
1.089244202460468713e+01 1.064298224034982752e-05
1.097563336904835118e+01 1.113137587807287428e-05
1.105946008981760897e+01 1.019854227451485764e-05
1.114392703961772924e+01 9.141430711727410261e-06
1.122903910821665363e+01 9.069367993357363393e-06
1.131480122272806810e+01 8.723080407880147002e-06
1.140121834789663069e+01 7.417811697412245770e-06
1.148829548638539144e+01 9.683030811693969371e-06
1.157603767906538295e+01 9.742234900468313134e-06
1.166445000530744025e+01 1.142217722523897040e-05
1.175353758327623055e+01 7.732711196316378717e-06
1.184330557022655483e+01 7.536943829941678142e-06
1.193375916280191262e+01 8.266155865204986248e-06
1.202490359733531022e+01 9.508055107976339686e-06
1.211674415015240314e+01 8.792336374947596614e-06
1.220928613787693706e+01 7.955785826739662374e-06
1.230253491773851593e+01 6.619898414723432519e-06
1.239649588788276091e+01 8.083833075478969414e-06
1.249117448768377869e+01 6.393875924284375438e-06
1.258657619805906158e+01 7.591739973177693681e-06
1.268270654178675727e+01 7.782107060986328558e-06
1.277957108382539175e+01 6.987010155091600547e-06
1.287717543163603651e+01 6.204132438632314077e-06
1.297552523550690928e+01 6.520547961928102783e-06
1.307462618888047245e+01 7.307166419664029306e-06
1.317448402868301116e+01 6.772683485129891328e-06
1.327510453565674453e+01 8.026604277461364128e-06
1.337649353469450197e+01 6.910038974379022725e-06
1.347865689517689169e+01 5.460792030958984845e-06
1.358160053131209644e+01 5.652053246398206785e-06
1.368533040247822186e+01 6.180621742398030150e-06
1.378985251356829522e+01 4.998289093630335870e-06
1.389517291533790910e+01 7.105322389919298600e-06
1.400129770475546920e+01 5.147464268464446622e-06
1.410823302535516532e+01 5.664328330207825657e-06
1.421598506759258740e+01 4.515983500494631997e-06
1.432456006920312142e+01 6.011275098460683040e-06
1.443396431556304549e+01 5.531545518366252439e-06
1.454420414005338102e+01 4.738256489992963219e-06
1.465528592442653633e+01 5.021317301527196347e-06
1.476721609917572842e+01 4.562326325719822172e-06
1.488000114390725059e+01 5.579716976170077314e-06
1.499364758771559814e+01 6.058336777068596943e-06
1.510816200956140420e+01 5.907552328158712650e-06
1.522355103865231740e+01 4.425443192366296850e-06
1.533982135482673925e+01 3.984168720689405982e-06
1.545697968894052465e+01 5.980562600159531701e-06
1.557503282325665950e+01 5.129565992368750996e-06
1.569398759183785330e+01 6.189678396222941811e-06
1.581385088094217650e+01 4.459051776830522355e-06
1.593462962942168204e+01 3.933217535318098634e-06
1.605633082912410003e+01 4.779680866318791861e-06
1.617896152529763043e+01 4.646742886098357304e-06
1.630252881699875189e+01 5.094143010053562148e-06
1.642703985750318907e+01 3.812182548304853417e-06
1.655250185472002045e+01 4.163661444503521223e-06
1.667892207160893037e+01 4.135402114601499356e-06
1.680630782660069400e+01 4.008375953550424814e-06
1.693466649402079582e+01 3.145222192456358912e-06
1.706400550451636988e+01 3.398218464803555578e-06
1.719433234548630907e+01 3.919320203151327963e-06
1.732565456151473171e+01 4.430753675804751376e-06
1.745797975480775932e+01 4.218748336519964674e-06
1.759131558563357700e+01 3.204939399580139954e-06
1.772566977276590450e+01 3.005790901341106531e-06
1.786105009393079257e+01 4.384466267909828413e-06
1.799746438625691525e+01 4.524141668374951390e-06
1.813492054672925491e+01 3.196903303151529599e-06
1.827342653264623351e+01 3.429780449199641310e-06
1.841299036208040008e+01 1.786588392433026539e-06
1.855362011434253589e+01 3.461561035684927601e-06
1.869532393044939056e+01 2.933999815712128185e-06
1.883811001359499926e+01 2.909063033181089154e-06
1.898198662962550998e+01 3.631775386752168617e-06
1.912696210751772696e+01 3.523177954929886603e-06
1.927304483986123529e+01 3.008745694540918671e-06
1.942024328334427707e+01 3.306309137667942664e-06
1.956856595924331188e+01 3.122011367190782496e-06
1.971802145391628613e+01 1.985767288726940651e-06
1.986861841929972172e+01 3.390991091286623872e-06
2.002036557340952783e+01 2.817889773127320288e-06
2.017327170084572430e+01 2.719768004545953147e-06
2.032734565330098775e+01 1.772605435990442295e-06
2.048259635007306656e+01 2.981801961293114268e-06
2.063903277858106478e+01 2.123913081449207430e-06
2.079666399488577966e+01 2.409221478069669239e-06
2.095549912421395078e+01 2.392152012519029321e-06
2.111554736148649880e+01 2.669769289858926268e-06
2.127681797185082857e+01 2.798135812270299902e-06
2.143932029121715743e+01 2.628155433734560630e-06
2.160306372679898601e+01 1.956500234930982837e-06
2.176805775765772211e+01 1.943645134293132210e-06
2.193431193525134404e+01 1.856910880879842807e-06
2.210183588398740895e+01 1.701066500162429295e-06
2.227063930178012185e+01 2.531737422370656803e-06
2.244073196061181008e+01 1.954424655539467712e-06
2.261212370709861119e+01 1.801056824208158005e-06
2.278482446306047393e+01 2.062602169095537362e-06
2.295884422609555031e+01 1.705681457227689023e-06
2.313419307015891846e+01 2.100349803888816617e-06
2.331088114614578188e+01 2.420120420766911978e-06
2.348891868247912029e+01 1.801181617873736430e-06
2.366831598570178841e+01 1.720576687934476094e-06
2.384908344107317646e+01 1.838696433356341624e-06
2.403123151317036843e+01 1.695109067133973765e-06
2.421477074649395789e+01 1.488090236471846415e-06
2.439971176607850367e+01 2.054308894939861659e-06
2.458606527810756148e+01 1.656343302470587876e-06
2.477384207053348675e+01 2.022707005164248185e-06
2.496305301370191287e+01 1.821056027941402440e-06
2.515370906098105408e+01 1.183353373931731290e-06
2.534582124939582215e+01 1.977084783941634304e-06
2.553940070026671805e+01 2.330379431074525546e-06
2.573445861985366534e+01 1.218103623673623011e-06
2.593100630000469309e+01 1.751064232314063839e-06
2.612905511880966003e+01 1.618670690491068241e-06
2.632861654125893835e+01 1.666880712991384087e-06
2.652970211990708549e+01 1.181960495434719993e-06
2.673232349554165310e+01 1.757432287087892393e-06
2.693649239785701255e+01 1.453730798752851636e-06
2.714222064613342411e+01 1.673620290875039741e-06
2.734952014992126834e+01 1.202622601281366839e-06
2.755840290973046081e+01 1.648073474220705303e-06
2.776888101772517103e+01 1.014712114545621465e-06
2.798096665842379238e+01 1.792501215291102199e-06
2.819467210940434398e+01 1.055927283046030626e-06
2.841000974201522311e+01 1.488184370218990891e-06
2.862699202209135763e+01 1.259692069550836021e-06
2.884563151067587228e+01 1.195368579683162429e-06
2.906594086474717642e+01 1.832518325213010694e-06
2.928793283795175029e+01 1.338282312492434845e-06
2.951162028134242377e+01 1.380481697709291784e-06
2.973701614412232175e+01 1.316529391768849065e-06
2.996413347439450092e+01 1.515839120637406465e-06
3.019298541991724250e+01 1.141477730844114600e-06
3.042358522886523176e+01 9.257573267699421368e-07
3.065594625059649658e+01 1.277528614413999298e-06
3.089008193642516886e+01 1.115000544351706906e-06
3.112600584040018958e+01 9.058303149522716357e-07
3.136373162008992921e+01 6.495924351429521365e-07
3.160327303737282278e+01 1.288793449060545180e-06
3.184464395923409441e+01 7.875055201565600545e-07
3.208785835856844670e+01 1.024932657037796843e-06
3.233293031498900660e+01 1.259613134101707032e-06
3.257987401564231078e+01 7.213938931945540083e-07
3.282870375602964685e+01 1.097505663588519315e-06
3.307943394083464739e+01 9.000651211368946811e-07
3.333207908475711889e+01 1.033999011484963930e-06
3.358665381335332967e+01 1.119355874280957918e-06
3.384317286388262858e+01 9.723695045538438400e-07
3.410165108616060081e+01 7.811020977557455693e-07
3.436210344341879619e+01 8.657351675033332483e-07
3.462454501317083100e+01 7.685577452712831269e-07
3.488899098808531107e+01 1.167877439278420233e-06
3.515545667686525633e+01 8.011882686361153444e-07
3.542395750513435360e+01 7.079127366146369275e-07
3.569450901632996676e+01 8.334936216576780839e-07
3.596712687260290409e+01 1.089077708412225424e-06
3.624182685572413476e+01 9.069929045137198146e-07
3.651862486799832652e+01 6.437799833446691440e-07
3.679753693318444618e+01 9.368765324569703330e-07
3.707857919742345842e+01 5.921392149545643768e-07
3.736176793017290265e+01 6.714980762953064497e-07
3.764711952514880267e+01 5.406797845218345579e-07
3.793465050127463911e+01 9.087786155407074200e-07
3.822437750363764764e+01 8.606785035195276822e-07
3.851631730445244273e+01 8.541588421488117260e-07
3.881048680403189621e+01 5.244323925475201778e-07
3.910690303176554039e+01 6.013227938247245950e-07
3.940558314710532528e+01 7.145672861626534346e-07
3.970654444055901422e+01 7.891608165693940255e-07
4.000980433469116804e+01 8.608855194230075912e-07
4.031538038513167521e+01 7.773447781091059621e-07
4.062329028159209088e+01 9.251590006463323875e-07
4.093355184888959997e+01 1.071649868365697040e-06
4.124618304797896684e+01 5.695437478849081213e-07
4.156120197699230800e+01 5.653362599904376772e-07
4.187862687228675185e+01 5.229286983550240395e-07
4.219847610950009198e+01 4.824092692198922794e-07
4.252076820461459761e+01 5.161279034834170753e-07
4.284552181502894541e+01 5.852998415273926625e-07
4.317275574063820898e+01 5.075191960779737002e-07
4.350248892492221842e+01 5.399457598298178321e-07
4.383474045604216940e+01 8.571007296331894372e-07
4.416952956794561658e+01 6.740520701859654702e-07
4.450687564148002906e+01 7.389795815271674512e-07
4.484679820551461660e+01 8.028771368317371605e-07
4.518931693807093097e+01 6.584789476832928984e-07
4.553445166746195127e+01 5.162665853998218419e-07
4.588222237343995147e+01 6.145899706812754253e-07
4.623264918835322135e+01 4.740663066374155362e-07
4.658575239831141346e+01 5.047894567309420999e-07
4.694155244435995655e+01 6.339498932688962385e-07
4.730006992366332952e+01 7.612011205729748547e-07
4.766132559069743735e+01 4.274229911617453839e-07
4.802534035845116023e+01 5.867107565148545578e-07
4.839213529963691940e+01 4.850691617525266912e-07
4.876173164791060799e+01 4.501514083266409082e-07
4.913415079910075178e+01 4.458859916918411525e-07
4.950941431244714153e+01 5.698414218257013148e-07
4.988754391184892256e+01 4.082033844023912692e-07
5.026856148712214889e+01 3.738546086877204650e-07
5.065248909526700771e+01 6.492382395225356575e-07
5.103934896174460789e+01 3.071883569090114649e-07
5.142916348176368757e+01 3.350716171955653339e-07
5.182195522157707757e+01 3.624419969252133431e-07
5.221774691978801286e+01 3.298946819807990219e-07
5.261656148866648408e+01 4.761873423322394331e-07
5.301842201547557920e+01 6.496297773232463142e-07
5.342335176380803574e+01 4.400261331079644656e-07
5.383137417493298926e+01 2.327206092680658051e-07
5.424251286915296077e+01 2.885963852967152105e-07
5.465679164717121807e+01 4.008449733424089612e-07
5.507423449146955363e+01 5.120687178908634712e-07
5.549486556769667800e+01 2.541783229659999073e-07
5.591870922606719319e+01 3.361775545103263438e-07
5.634579000277113892e+01 4.167917175104564084e-07
5.677613262139447414e+01 2.758485808790217379e-07
5.720976199435020249e+01 3.286463507061219384e-07
5.764670322432060345e+01 3.803650216796430391e-07
5.808698160571049129e+01 3.778296937731565208e-07
5.853062262611141620e+01 2.672459167591926885e-07
5.897765196777716312e+01 4.249816328817923490e-07
5.942809550911043459e+01 4.480526492694344234e-07
5.988197932616098740e+01 3.397892211264252596e-07
6.033932969413523040e+01 2.079304323965369276e-07
6.080017308891720518e+01 5.415579844294668596e-07
6.126453618860131201e+01 3.323933198128862927e-07
6.173244587503663183e+01 4.064210972960643968e-07
6.220392923538312857e+01 3.528247143869308502e-07
6.267901356367983112e+01 3.250081315634170076e-07
6.315772636242475357e+01 3.474932825936712487e-07
6.364009534416704383e+01 3.938971016027815397e-07
6.412614843311123991e+01 3.175426423813339930e-07
6.461591376673376885e+01 2.424232396301104231e-07
6.510941969741192281e+01 2.888084079729719186e-07
6.560669479406510618e+01 2.861591096081421408e-07
6.610776784380868776e+01 2.371174456645841328e-07
6.661266785362042242e+01 2.117628762470027370e-07
6.712142405201964834e+01 2.800497789422486736e-07
6.763406589075952979e+01 2.317554502369824983e-07
6.815062304653176284e+01 2.759538084500538328e-07
6.867112542268469610e+01 1.596122784845092410e-07
6.919560315095429814e+01 2.717326438379892467e-07
6.972408659320856827e+01 2.921107867444091673e-07
7.025660634320522036e+01 1.785027271344558753e-07
7.079319322836265371e+01 2.435957369704963388e-07
7.133387831154462333e+01 2.414275388474332510e-07
7.187869289285829666e+01 2.397642085483281968e-07
7.242766851146639340e+01 2.597415587104195118e-07
7.298083694741293925e+01 1.930810686592985919e-07
7.353823022346294636e+01 1.916759146699997601e-07
7.409988060695627610e+01 2.324884012154899554e-07
7.466582061167545703e+01 1.469102491288222365e-07
7.523608299972798363e+01 1.249987835183351948e-07
7.581070078344298224e+01 8.266766123991163729e-08
7.638970722728217311e+01 1.228990229606883522e-07
7.697313584976564016e+01 2.036132718154601004e-07
7.756102042541199637e+01 3.031395926105521503e-07
7.815339498669379736e+01 2.204643934933275834e-07
7.875029382600763483e+01 1.793011330598066717e-07
7.935175149765926506e+01 2.960303341444637242e-07
7.995780281986401405e+01 2.938078697236867463e-07
8.056848287676226050e+01 1.945949383296847477e-07
8.118382702045050792e+01 1.735527313359356716e-07
8.180387087302804616e+01 1.724828939907988492e-07
8.242865032865888963e+01 9.506551018435527344e-08
8.305820155564990159e+01 2.261919424170608843e-07
8.369256099854430886e+01 2.622347338791434398e-07
8.433176538023161584e+01 1.672949977074838780e-07
8.497585170407356259e+01 1.841442476809595453e-07
8.562485725604614117e+01 3.110287369028065932e-07
8.627881960689798291e+01 1.451003904892504465e-07
8.693777661432541493e+01 3.238538683876401089e-07
8.760176642516411505e+01 1.431042396381224374e-07
8.827082747759727965e+01 1.242467690190637966e-07
8.894499850338092983e+01 1.935029673142184607e-07
8.962431853008587268e+01 1.049358426339772181e-07
9.030882688335715613e+01 1.042081544563999787e-07
9.099856318919067633e+01 1.204357155549152711e-07
9.169356737622699427e+01 1.024313577315840875e-07
9.239387967806285928e+01 1.526573284052800003e-07
9.309954063558021176e+01 8.408243269702268786e-08
9.381059109929316264e+01 1.503142944187424764e-07
9.452707223171287865e+01 9.954292250668904913e-08
9.524902550973044413e+01 1.151777324763984161e-07
9.597649272701789869e+01 1.305224691131722206e-07
9.670951599644754992e+01 6.486556419888716084e-08
9.744813775253007293e+01 1.446474329204554210e-07
9.819240075387101285e+01 1.275787704666725573e-07
9.894234808564596051e+01 1.898408806581055841e-07
9.969802316209487003e+01 1.727906835966371868e-07
1.004594697290351206e+02 1.874441004538352102e-07
1.012267318663940330e+02 1.083613833474058646e-07
1.019998539907607551e+02 7.669682138108912369e-08
1.027788808579573896e+02 9.147452568295847090e-08
1.035638575656300304e+02 1.208572713801141202e-07
1.043548295558592258e+02 1.200439231849010965e-07
1.051518426177907060e+02 5.955864837780567668e-08
1.059549428902863042e+02 1.331785292471805621e-07
1.067641768645947025e+02 4.407805342856341328e-08
1.075795913870428819e+02 4.368664400664187490e-08
1.084012336617479093e+02 8.676261783144217537e-08
1.092291512533496842e+02 8.609293863093753330e-08
1.100633920897645339e+02 1.564978681431366042e-07
1.109040044649596268e+02 1.270899193555109304e-07
1.117510370417487309e+02 9.809851962030718764e-08
1.126045388546091885e+02 1.390892404200596058e-07
1.134645593125205778e+02 8.279542220613940745e-08
1.143311482018251581e+02 5.485345780054669881e-08
1.152043556891097040e+02 6.787072054356797805e-08
1.160842323241099052e+02 9.445628864044127530e-08
1.169708290426363391e+02 1.206178420206485567e-07
1.178641971695234076e+02 1.329844030117863850e-07
1.187643884216004722e+02 1.188214157413165905e-07
1.196714549106856964e+02 6.541121854769829242e-08
1.205854491466028264e+02 6.495978620644935057e-08
1.215064240402207503e+02 3.864183098980977534e-08
1.224344329065167187e+02 8.961845870296681346e-08
1.233695294676628009e+02 1.270607773703737460e-07
1.243117678561356172e+02 8.815305202548499660e-08
1.252612026178502873e+02 1.250670153859188440e-07
1.262178887153177698e+02 3.729101842899348659e-08
1.271818815308268711e+02 9.853142821524658462e-08
1.281532368696502999e+02 7.339447324549932826e-08
1.291320109632751496e+02 6.061509275164935456e-08
1.301182604726581644e+02 2.410325625375631381e-08
1.311120424915058038e+02 8.355158567446017120e-08
1.321134145495791472e+02 8.287029840548653952e-08
1.331224346160248615e+02 5.881977665707356790e-08
1.341391611027304975e+02 3.498795619965290638e-08
1.351636528677061619e+02 1.043476073749646439e-07
1.361959692184915980e+02 8.050978010317662700e-08
1.372361699155896986e+02 4.559058679246249374e-08
1.382843151759259683e+02 4.534301194471032965e-08
1.393404656763344747e+02 6.754193517030399375e-08
1.404046825570703732e+02 7.811336388195050339e-08
1.414770274253492062e+02 4.429466783480708246e-08
1.425575623589134011e+02 5.483442783332993972e-08
1.436463499096261103e+02 5.448732659986386429e-08
1.447434531070921366e+02 7.568424899958776751e-08
1.458489354623067129e+02 1.073193232333465557e-07
1.469628609713321055e+02 5.323510749026532770e-08
1.480852941190023273e+02 5.291095907133448102e-08
1.492162998826563580e+02 2.102284659703524882e-08
1.503559437358994160e+02 7.301709650054186678e-08
1.515042916523934196e+02 7.238139974906532458e-08
1.526614101096758418e+02 6.153886858828000264e-08
1.538273660930082656e+02 5.084048784266236679e-08
1.550022270992544691e+02 6.052044913647279982e-08
1.561860611407872170e+02 6.018359121741603651e-08
1.573789367494260318e+02 5.968953420046936962e-08
1.585809229804039546e+02 2.966905811510904897e-08
1.597920894163653998e+02 3.919376131079051661e-08
1.610125061713944206e+02 4.855069093525071690e-08
1.622422438950733863e+02 4.825142611866693020e-08
1.634813737765729229e+02 4.794068088297836153e-08
1.647299675487729473e+02 9.494615146399241994e-09
1.659880974924153065e+02 1.884676193153864825e-08
1.672558364402883058e+02 3.739639480271300643e-08
1.685332577814427282e+02 5.580613782978462102e-08
1.698204354654404540e+02 4.611012991675531160e-08
1.711174440066350826e+02 2.747489611136518483e-08
1.724243584884858365e+02 5.449566830345889764e-08
1.737412545679041500e+02 3.604352599299549691e-08
1.750682084796334834e+02 2.686560381323216996e-08
1.764052970406620489e+02 8.878213143392078702e-09
1.777525976546700690e+02 2.641560260371228615e-08
1.791101883165108575e+02 3.495697095769650180e-08
1.804781476167256642e+02 5.200994785760497077e-08
1.818565547460933089e+02 4.305297140936926562e-08
1.832454895002142905e+02 9.412578838914722886e-08
1.846450322841304228e+02 3.393819846421912599e-08
1.860552641169795152e+02 5.895014239975620756e-08
1.874762666366852955e+02 3.346644799131230126e-08
1.889081221046837413e+02 2.488453455212959354e-08
1.903509134106845408e+02 0.000000000000000000e+00
1.918047240774702118e+02 4.079533484748970608e-08
1.932696382657309186e+02 5.676189092628783522e-08
1.947457407789366925e+02 3.216549454273235985e-08
1.962331170682464574e+02 3.194995239114807187e-08
1.977318532374547715e+02 4.759522377332333812e-08
1.992420360479763985e+02 2.363875261761204637e-08
