1.003818764619345688e-01 0.000000000000000000e+00
1.011485459784472879e-01 0.000000000000000000e+00
1.019210709558087680e-01 0.000000000000000000e+00
1.026994961152724595e-01 0.000000000000000000e+00
1.034838665196517182e-01 0.000000000000000000e+00
1.042742275759283854e-01 0.000000000000000000e+00
1.050706250378814766e-01 0.000000000000000000e+00
1.058731050087358544e-01 0.000000000000000000e+00
1.066817139438310941e-01 0.000000000000000000e+00
1.074964986533107902e-01 0.000000000000000000e+00
1.083175063048323894e-01 0.000000000000000000e+00
1.091447844262976724e-01 0.000000000000000000e+00
1.099783809086041647e-01 0.000000000000000000e+00
1.108183440084175297e-01 0.000000000000000000e+00
1.116647223509651676e-01 0.000000000000000000e+00
1.125175649328510052e-01 0.000000000000000000e+00
1.133769211248920050e-01 0.000000000000000000e+00
1.142428406749761566e-01 0.000000000000000000e+00
1.151153737109424230e-01 0.000000000000000000e+00
1.159945707434826001e-01 0.000000000000000000e+00
1.168804826690653942e-01 0.000000000000000000e+00
1.177731607728827179e-01 0.000000000000000000e+00
1.186726567318187042e-01 0.000000000000000000e+00
1.195790226174411192e-01 0.000000000000000000e+00
1.204923108990159364e-01 0.000000000000000000e+00
1.214125744465446438e-01 0.000000000000000000e+00
1.223398665338249064e-01 0.000000000000000000e+00
1.232742408415345714e-01 0.000000000000000000e+00
1.242157514603392660e-01 0.000000000000000000e+00
1.251644528940235868e-01 0.000000000000000000e+00
1.261204000626464650e-01 0.000000000000000000e+00
1.270836483057203870e-01 0.000000000000000000e+00
1.280542533854148735e-01 0.000000000000000000e+00
1.290322714897847722e-01 0.000000000000000000e+00
1.300177592360227119e-01 0.000000000000000000e+00
1.310107736737369521e-01 0.000000000000000000e+00
1.320113722882536866e-01 0.000000000000000000e+00
1.330196130039449920e-01 0.000000000000000000e+00
1.340355541875820067e-01 0.000000000000000000e+00
1.350592546517138115e-01 0.000000000000000000e+00
1.360907736580721228e-01 0.000000000000000000e+00
1.371301709210017705e-01 0.000000000000000000e+00
1.381775066109176553e-01 0.000000000000000000e+00
1.392328413577879620e-01 0.000000000000000000e+00
1.402962362546441299e-01 0.000000000000000000e+00
1.413677528611173018e-01 0.000000000000000000e+00
1.424474532070021393e-01 0.000000000000000000e+00
1.435353997958477290e-01 0.000000000000000000e+00
1.446316556085757710e-01 0.000000000000000000e+00
1.457362841071265513e-01 0.000000000000000000e+00
1.468493492381329202e-01 0.000000000000000000e+00
1.479709154366219692e-01 0.000000000000000000e+00
1.491010476297450760e-01 0.000000000000000000e+00
1.502398112405367581e-01 0.000000000000000000e+00
1.513872721917017827e-01 0.000000000000000000e+00
1.525434969094315862e-01 0.000000000000000000e+00
1.537085523272495868e-01 0.000000000000000000e+00
1.548825058898858631e-01 0.000000000000000000e+00
1.560654255571816418e-01 0.000000000000000000e+00
1.572573798080234009e-01 0.000000000000000000e+00
1.584584376443071152e-01 0.000000000000000000e+00
1.596686685949328388e-01 0.000000000000000000e+00
1.608881427198295411e-01 0.000000000000000000e+00
1.621169306140110011e-01 0.000000000000000000e+00
1.633551034116623724e-01 0.000000000000000000e+00
1.646027327902583326e-01 0.000000000000000000e+00
1.658598909747124317e-01 0.000000000000000000e+00
1.671266507415579139e-01 0.000000000000000000e+00
1.684030854231611252e-01 0.000000000000000000e+00
1.696892689119663122e-01 0.000000000000000000e+00
1.709852756647735894e-01 0.000000000000000000e+00
1.722911807070489909e-01 0.000000000000000000e+00
1.736070596372676911e-01 0.000000000000000000e+00
1.749329886312905313e-01 0.000000000000000000e+00
1.762690444467736595e-01 0.000000000000000000e+00
1.776153044276120585e-01 0.000000000000000000e+00
1.789718465084169652e-01 0.000000000000000000e+00
1.803387492190275665e-01 0.000000000000000000e+00
1.817160916890568911e-01 0.000000000000000000e+00
1.831039536524727285e-01 0.000000000000000000e+00
1.845024154522134641e-01 0.000000000000000000e+00
1.859115580448389149e-01 0.000000000000000000e+00
1.873314630052169971e-01 0.000000000000000000e+00
1.887622125312461430e-01 0.000000000000000000e+00
1.902038894486135501e-01 0.000000000000000000e+00
1.916565772155901515e-01 0.000000000000000000e+00
1.931203599278616956e-01 0.000000000000000000e+00
1.945953223233973239e-01 0.000000000000000000e+00
1.960815497873548141e-01 0.000000000000000000e+00
1.975791283570236256e-01 0.000000000000000000e+00
1.990881447268055271e-01 0.000000000000000000e+00
2.006086862532332482e-01 0.000000000000000000e+00
2.021408409600277400e-01 0.000000000000000000e+00
2.036846975431935991e-01 0.000000000000000000e+00
2.052403453761537377e-01 0.000000000000000000e+00
2.068078745149232178e-01 0.000000000000000000e+00
2.083873757033224972e-01 0.000000000000000000e+00
2.099789403782307273e-01 0.000000000000000000e+00
2.115826606748788530e-01 0.000000000000000000e+00
2.131986294321833453e-01 0.000000000000000000e+00
2.148269401981205418e-01 0.000000000000000000e+00
2.164676872351422587e-01 0.000000000000000000e+00
2.181209655256325375e-01 0.000000000000000000e+00
2.197868707774061070e-01 0.000000000000000000e+00
2.214654994292489798e-01 0.000000000000000000e+00
2.231569486565012084e-01 0.000000000000000000e+00
2.248613163766823297e-01 0.000000000000000000e+00
2.265787012551598312e-01 0.000000000000000000e+00
2.283092027108608313e-01 0.000000000000000000e+00
2.300529209220272819e-01 0.000000000000000000e+00
2.318099568320156068e-01 0.000000000000000000e+00
2.335804121551398604e-01 0.000000000000000000e+00
2.353643893825602684e-01 0.000000000000000000e+00
2.371619917882162865e-01 0.000000000000000000e+00
2.389733234348050406e-01 0.000000000000000000e+00
2.407984891798055638e-01 0.000000000000000000e+00
2.426375946815489959e-01 0.000000000000000000e+00
2.444907464053350243e-01 0.000000000000000000e+00
2.463580516295952316e-01 0.000000000000000000e+00
2.482396184521032390e-01 0.000000000000000000e+00
2.501355557962327558e-01 0.000000000000000000e+00
2.520459734172627586e-01 0.000000000000000000e+00
2.539709819087314635e-01 0.000000000000000000e+00
2.559106927088385386e-01 0.000000000000000000e+00
2.578652181068959992e-01 0.000000000000000000e+00
2.598346712498288968e-01 0.000000000000000000e+00
2.618191661487251354e-01 0.000000000000000000e+00
2.638188176854358025e-01 0.000000000000000000e+00
2.658337416192252944e-01 0.000000000000000000e+00
2.678640545934727890e-01 0.000000000000000000e+00
2.699098741424248438e-01 0.000000000000000000e+00
2.719713186979990649e-01 0.000000000000000000e+00
2.740485075966404560e-01 0.000000000000000000e+00
2.761415610862294479e-01 0.000000000000000000e+00
2.782506003330433297e-01 0.000000000000000000e+00
2.803757474287703610e-01 0.000000000000000000e+00
2.825171253975775620e-01 0.000000000000000000e+00
2.846748582032325170e-01 0.000000000000000000e+00
2.868490707562799669e-01 0.000000000000000000e+00
2.890398889212724143e-01 0.000000000000000000e+00
2.912474395240567393e-01 0.000000000000000000e+00
2.934718503591156602e-01 0.000000000000000000e+00
2.957132501969662597e-01 0.000000000000000000e+00
2.979717687916139113e-01 0.000000000000000000e+00
3.002475368880643813e-01 0.000000000000000000e+00
3.025406862298920529e-01 0.000000000000000000e+00
3.048513495668665474e-01 0.000000000000000000e+00
3.071796606626379655e-01 0.000000000000000000e+00
3.095257543024800828e-01 0.000000000000000000e+00
3.118897663010932186e-01 0.000000000000000000e+00
3.142718335104664473e-01 0.000000000000000000e+00
3.166720938277997055e-01 0.000000000000000000e+00
3.190906862034871283e-01 0.000000000000000000e+00
3.215277506491602821e-01 0.000000000000000000e+00
3.239834282457938475e-01 0.000000000000000000e+00
3.264578611518724749e-01 0.000000000000000000e+00
3.289511926116204799e-01 0.000000000000000000e+00
3.314635669632940984e-01 0.000000000000000000e+00
3.339951296475371922e-01 0.000000000000000000e+00
3.365460272158006805e-01 0.000000000000000000e+00
3.391164073388266975e-01 0.000000000000000000e+00
3.417064188151969217e-01 0.000000000000000000e+00
3.443162115799464074e-01 0.000000000000000000e+00
3.469459367132436967e-01 0.000000000000000000e+00
3.495957464491361577e-01 0.000000000000000000e+00
3.522657941843635454e-01 0.000000000000000000e+00
3.549562344872373987e-01 0.000000000000000000e+00
3.576672231065893826e-01 0.000000000000000000e+00
3.603989169807875204e-01 0.000000000000000000e+00
3.631514742468208712e-01 0.000000000000000000e+00
3.659250542494547620e-01 0.000000000000000000e+00
3.687198175504546316e-01 0.000000000000000000e+00
3.715359259378811507e-01 0.000000000000000000e+00
3.743735424354559527e-01 0.000000000000000000e+00
3.772328313119991394e-01 0.000000000000000000e+00
3.801139580909387861e-01 0.000000000000000000e+00
3.830170895598929426e-01 0.000000000000000000e+00
3.859423937803250215e-01 0.000000000000000000e+00
3.888900400972727933e-01 0.000000000000000000e+00
3.918601991491514891e-01 0.000000000000000000e+00
3.948530428776324541e-01 0.000000000000000000e+00
3.978687445375965748e-01 0.000000000000000000e+00
4.009074787071638113e-01 0.000000000000000000e+00
4.039694212977997800e-01 0.000000000000000000e+00
4.070547495644989411e-01 0.000000000000000000e+00
4.101636421160458901e-01 0.000000000000000000e+00
4.132962789253552538e-01 0.000000000000000000e+00
4.164528413398899120e-01 0.000000000000000000e+00
4.196335120921593775e-01 0.000000000000000000e+00
4.228384753102979454e-01 0.000000000000000000e+00
4.260679165287238890e-01 0.000000000000000000e+00
4.293220226988802568e-01 0.000000000000000000e+00
4.326009822000570493e-01 0.000000000000000000e+00
4.359049848502964952e-01 0.000000000000000000e+00
4.392342219173819284e-01 0.000000000000000000e+00
4.425888861299096533e-01 0.000000000000000000e+00
4.459691716884466306e-01 0.000000000000000000e+00
4.493752742767720409e-01 0.000000000000000000e+00
4.528073910732057783e-01 0.000000000000000000e+00
4.562657207620228750e-01 0.000000000000000000e+00
4.597504635449554122e-01 0.000000000000000000e+00
4.632618211527818053e-01 0.000000000000000000e+00
4.667999968570054614e-01 0.000000000000000000e+00
4.703651954816218117e-01 0.000000000000000000e+00
4.739576234149754375e-01 0.000000000000000000e+00
4.775774886217079018e-01 0.000000000000000000e+00
4.812250006547968972e-01 0.000000000000000000e+00
4.849003706676870973e-01 0.000000000000000000e+00
4.886038114265137677e-01 0.000000000000000000e+00
4.923355373224197473e-01 0.000000000000000000e+00
4.960957643839665199e-01 0.000000000000000000e+00
4.998847102896398775e-01 0.000000000000000000e+00
5.037025943804516182e-01 0.000000000000000000e+00
5.075496376726369441e-01 0.000000000000000000e+00
5.114260628704487832e-01 0.000000000000000000e+00
5.153320943790506981e-01 0.000000000000000000e+00
5.192679583175066060e-01 0.000000000000000000e+00
5.232338825318720854e-01 0.000000000000000000e+00
5.272300966083831586e-01 0.000000000000000000e+00
5.312568318867476602e-01 0.000000000000000000e+00
5.353143214735371913e-01 0.000000000000000000e+00
5.394028002556814361e-01 0.000000000000000000e+00
5.435225049140661735e-01 0.000000000000000000e+00
5.476736739372339846e-01 0.000000000000000000e+00
5.518565476351910970e-01 0.000000000000000000e+00
5.560713681533180353e-01 0.000000000000000000e+00
5.603183794863880740e-01 0.000000000000000000e+00
5.645978274926913842e-01 0.000000000000000000e+00
5.689099599082683145e-01 0.000000000000000000e+00
5.732550263612503638e-01 0.000000000000000000e+00
5.776332783863111775e-01 0.000000000000000000e+00
5.820449694392276774e-01 0.000000000000000000e+00
5.864903549115527692e-01 0.000000000000000000e+00
5.909696921454001828e-01 0.000000000000000000e+00
5.954832404483410002e-01 0.000000000000000000e+00
6.000312611084158698e-01 0.000000000000000000e+00
6.046140174092602404e-01 0.000000000000000000e+00
6.092317746453459471e-01 0.000000000000000000e+00
6.138848001373393704e-01 0.000000000000000000e+00
6.185733632475765020e-01 0.000000000000000000e+00
6.232977353956554722e-01 0.000000000000000000e+00
6.280581900741497581e-01 0.000000000000000000e+00
6.328550028644405190e-01 0.000000000000000000e+00
6.376884514526697245e-01 0.000000000000000000e+00
6.425588156458151845e-01 0.000000000000000000e+00
6.474663773878889250e-01 0.000000000000000000e+00
6.524114207762584661e-01 0.000000000000000000e+00
6.573942320780932214e-01 0.000000000000000000e+00
6.624150997469364643e-01 0.000000000000000000e+00
6.674743144394041927e-01 0.000000000000000000e+00
6.725721690320105584e-01 0.000000000000000000e+00
6.777089586381226383e-01 0.000000000000000000e+00
6.828849806250443244e-01 0.000000000000000000e+00
6.881005346312309978e-01 0.000000000000000000e+00
6.933559225836360973e-01 0.000000000000000000e+00
6.986514487151883612e-01 0.000000000000000000e+00
7.039874195824046277e-01 0.000000000000000000e+00
7.093641440831359724e-01 0.000000000000000000e+00
7.147819334744500708e-01 1.553643766138977135e-04
7.202411013906493409e-01 1.760811700429660599e-04
7.257419638614276414e-01 2.005159551367429317e-04
7.312848393301645267e-01 4.448885679604024502e-04
7.368700486723602783e-01 1.210486163637933916e-03
7.424979152142111571e-01 2.545860904206766369e-03
7.481687647513268757e-01 4.652230623534025014e-03
7.538829255675907337e-01 7.117126552603865106e-03
7.596407284541633054e-01 1.060758826012040724e-02
7.654425067286326767e-01 1.644376889973877404e-02
7.712885962543096774e-01 2.585183727535279169e-02
7.771793354596711056e-01 4.344747553256957801e-02
7.831150653579508347e-01 6.587631622726755620e-02
7.890961295668817987e-01 9.924366228537215284e-02
7.951228743285869704e-01 1.488531314495629698e-01
8.011956485296237718e-01 2.133060558198578149e-01
8.073148037211809180e-01 2.923537247175265752e-01
8.134806941394295832e-01 3.945292909322376529e-01
8.196936767260303291e-01 5.240079822548782129e-01
8.259541111487957998e-01 6.794646797007327654e-01
8.322623598225118435e-01 8.490071656329593042e-01
8.386187879299183967e-01 1.048086788411946912e+00
8.450237634428487965e-01 1.273421072345029437e+00
8.514776571435325181e-01 1.514699886025308695e+00
8.579808426460586723e-01 1.764387790482510265e+00
8.645336964180048156e-01 2.024337324536013671e+00
8.711365978022310719e-01 2.296795560707039385e+00
8.777899290388395670e-01 2.576189588362309824e+00
8.844940752873023948e-01 2.841886388753449122e+00
8.912494246487583371e-01 3.093843463795883597e+00
8.980563681884800031e-01 3.326872061810353998e+00
9.049152999585122759e-01 3.538465831472643153e+00
9.118266170204843979e-01 3.715878873221032830e+00
9.187907194685952517e-01 3.853549488043476856e+00
9.258080104527748322e-01 3.968590724370882228e+00
9.328788962020224673e-01 4.057941546133679189e+00
9.400037860479233398e-01 4.124097090271649613e+00
9.471830924483448655e-01 4.148273724957961761e+00
9.544172310113129276e-01 4.132556084722789791e+00
9.617066205190725192e-01 4.090029041108455665e+00
9.690516829523299069e-01 4.021787425508842162e+00
9.764528435146813123e-01 3.940235499500404526e+00
9.839105306572277776e-01 3.836370332436344288e+00
9.914251761033785471e-01 3.710091186514544503e+00
9.989972148738428537e-01 3.576023569640821353e+00
1.006627085311812886e+00 3.432314598619180757e+00
1.014315229108340155e+00 3.279381756931589287e+00
1.022062091327904820e+00 3.119366794998817749e+00
1.029868120434179746e+00 2.959675869245219193e+00
1.037733768315991956e+00 2.791870951386870470e+00
1.045659490313482376e+00 2.629258400375428906e+00
1.053645745244466525e+00 2.470324964961516212e+00
1.061692995430993491e+00 2.316056721634868421e+00
1.069801706726111412e+00 2.163505873325549000e+00
1.077972348540833902e+00 2.019192474911748469e+00
1.086205393871315206e+00 1.875232658692004728e+00
1.094501319326231403e+00 1.739079238980185238e+00
1.102860605154371676e+00 1.610319559730664318e+00
1.111283735272438733e+00 1.494362723646354807e+00
1.119771197293064180e+00 1.381060759624004319e+00
1.128323482553034385e+00 1.279360149529849666e+00
1.136941086141734836e+00 1.179043068530274185e+00
1.145624506929811659e+00 1.085968952737680571e+00
1.154374247598049186e+00 9.973499411056490072e-01
1.163190814666471562e+00 9.179929741004189125e-01
1.172074718523663961e+00 8.468338674982964775e-01
1.181026473456318726e+00 7.785901275438140701e-01
1.190046597679009999e+00 7.129464625903713104e-01
1.199135613364188391e+00 6.558471478851888303e-01
1.208294046672413469e+00 6.037087146197860354e-01
1.217522427782810501e+00 5.557084586372382784e-01
1.226821290923763907e+00 5.104594961337728387e-01
1.236191174403842963e+00 4.688157133029415835e-01
1.245632620642964428e+00 4.316416696448028834e-01
1.255146176203792763e+00 3.961181430553660787e-01
1.264732391823380597e+00 3.638217505162399945e-01
1.274391822445051226e+00 3.348576046697241959e-01
1.284125027250524465e+00 3.076366417663193298e-01
1.293932569692285650e+00 2.827087409935110096e-01
1.303815017526205322e+00 2.605403770711754441e-01
1.313772942844406266e+00 2.405240132900611227e-01
1.323806922108381467e+00 2.204564664236925153e-01
1.333917536182366304e+00 2.035330174961342553e-01
1.344105370366962093e+00 1.868921167608436906e-01
1.354371014433021658e+00 1.738772511858475145e-01
1.364715062655789790e+00 1.605591718658373468e-01
1.375138113849305288e+00 1.478895799942063494e-01
1.385640771401068339e+00 1.366461413941519321e-01
1.396223643306966578e+00 1.270988812311144300e-01
1.406887342206475600e+00 1.172877130745570012e-01
1.417632485418122146e+00 1.085327609870576221e-01
1.428459694975221517e+00 1.002447699895977484e-01
1.439369597661886768e+00 9.301994262018978277e-02
1.450362825049312576e+00 8.652006925454283626e-02
1.461440013532337545e+00 7.999621153667495210e-02
1.472601804366283851e+00 7.404424747575397148e-02
1.483848843704080878e+00 6.947879686630296925e-02
1.495181782633669076e+00 6.414115488603203130e-02
1.506601277215691814e+00 5.947225289025353384e-02
1.518107988521476326e+00 5.569751195677916794e-02
1.529702582671299993e+00 5.147866488596820195e-02
1.541385730872953275e+00 4.819909109103214656e-02
1.553158109460597069e+00 4.456348996711088223e-02
1.565020399933912287e+00 4.195513576632577124e-02
1.576973288997555844e+00 3.919679787374352048e-02
1.589017468600909977e+00 3.610381426586485587e-02
1.601153635978140644e+00 3.379513744585480733e-02
1.613382493688560348e+00 3.147642532057104425e-02
1.625704749657298942e+00 2.970246542673722970e-02
1.638121117216285949e+00 2.765420496612150392e-02
1.650632315145542872e+00 2.586474298686632090e-02
1.663239067714795461e+00 2.376375487887901622e-02
1.675942104725400839e+00 2.285698505147930326e-02
1.688742161552594379e+00 2.083657035130363419e-02
1.701639979188063201e+00 1.980037587177087971e-02
1.714636304282838086e+00 1.831886341498671633e-02
1.727731889190519565e+00 1.724252126846538904e-02
1.740927492010831301e+00 1.629534736018216010e-02
1.754223876633505208e+00 1.533890298856002699e-02
1.767621812782504076e+00 1.435882135212446578e-02
1.781122076060578596e+00 1.332527545567672306e-02
1.794725447994169887e+00 1.251424695139465373e-02
1.808432716078648639e+00 1.167678948167969778e-02
1.822244673823904648e+00 1.106272487863237119e-02
1.836162120800284292e+00 1.044611297843701242e-02
1.850185862684873506e+00 9.731356096375431974e-03
1.864316711308142471e+00 9.282212002650402222e-03
1.878555484700939138e+00 8.741140385606796168e-03
1.892903007141845784e+00 7.998004396478420805e-03
1.907360109204898402e+00 7.669639687629383785e-03
1.921927627807664241e+00 7.188236180283363516e-03
1.936606406259693713e+00 6.747201860362223719e-03
1.951397294311338904e+00 6.358317238874139701e-03
1.966301148202944216e+00 5.932752587270791363e-03
1.981318830714416501e+00 5.767609071245555392e-03
1.996451211215167332e+00 5.294186149099370207e-03
2.011699165714443627e+00 5.119027755059248584e-03
2.027063576912038645e+00 4.651836817579383006e-03
2.042545334249390443e+00 4.432063419419966614e-03
2.058145333961072687e+00 4.265218021010975386e-03
2.073864479126675597e+00 3.993682731502705766e-03
2.089703679723088570e+00 3.844880151092281654e-03
2.105663852677174930e+00 3.597964367030996678e-03
2.121745921918852140e+00 3.405977476449155439e-03
2.137950818434581013e+00 3.235174735749309950e-03
2.154279480321258600e+00 3.025403774078290042e-03
2.170732852840524529e+00 2.855414693473241634e-03
2.187311888473481680e+00 2.722871527765865704e-03
2.204017546975835184e+00 2.655376542284262290e-03
2.220850795433451541e+00 2.453386621417875165e-03
2.237812608318344942e+00 2.345200232098150137e-03
2.254903967545088150e+00 2.172470107419763753e-03
2.272125862527654583e+00 2.071965208807708368e-03
2.289479290236696052e+00 1.948807326624010924e-03
2.306965255257257041e+00 1.939421393936582557e-03
2.324584769846928634e+00 1.813707265994019902e-03
2.342338853994450965e+00 1.750621303360912293e-03
2.360228535478756218e+00 1.659012011880185277e-03
2.378254849928468584e+00 1.523977522637122092e-03
2.396418840881856305e+00 1.541849316081919620e-03
2.414721559847241572e+00 1.428353071927950619e-03
2.433164066363873168e+00 1.367957174065286430e-03
2.451747428063260070e+00 1.311606983313152357e-03
2.470472720730979344e+00 1.240794548845102754e-03
2.489341028368951214e+00 1.170380113306101859e-03
2.508353443258192428e+00 1.119151707620464698e-03
2.527511066022048780e+00 1.122373136004902730e-03
2.546815005689907707e+00 1.077055702770986093e-03
2.566266379761402039e+00 9.701256219078225078e-04
2.585866314271100030e+00 9.414564595637411404e-04
2.605615943853691441e+00 9.536114274836565881e-04
2.625516411809674544e+00 8.455978997077662034e-04
2.645568870171534748e+00 8.272192293732251889e-04
2.665774479770441019e+00 7.735027329088011621e-04
2.686134410303444575e+00 7.827603016091329259e-04
2.706649840401191387e+00 7.437792609907398385e-04
2.727321957696154264e+00 6.498358366152352881e-04
2.748151958891383195e+00 6.500592474503316329e-04
2.769141049829782819e+00 6.309982996278011048e-04
2.790290445563917920e+00 6.183465649741262714e-04
2.811601370426352720e+00 5.584968967292234425e-04
2.833075058100528398e+00 5.720054380811773415e-04
2.854712751692177974e+00 5.111442067279193396e-04
2.876515703801291846e+00 4.805495381475717890e-04
2.898485176594628676e+00 4.807231184896747895e-04
2.920622441878783171e+00 4.835794642661283486e-04
2.942928781173810293e+00 4.377940855954272608e-04
2.965405485787410811e+00 4.254938410379505327e-04
2.988053856889687943e+00 4.238633713367753655e-04
3.010875205588466663e+00 3.946152993168103394e-04
3.033870853005199208e+00 3.457507616799339973e-04
3.057042130351439457e+00 3.334339800229261510e-04
3.080390379005908841e+00 3.400541343689700595e-04
3.103916950592149782e+00 3.122718026973211880e-04
3.127623207056766663e+00 2.918127702941679868e-04
3.151510520748272093e+00 2.732734103463654862e-04
3.175580274496530464e+00 2.953294863960304311e-04
3.199833861692807702e+00 3.018782209223900268e-04
3.224272686370440510e+00 2.539413233121061864e-04
3.248898163286108698e+00 2.582850868386428011e-04
3.273711718001736770e+00 2.434392484887578886e-04
3.298714786967021251e+00 2.230780003740020796e-04
3.323908817602584165e+00 2.156998254685101111e-04
3.349295268383767343e+00 2.126617577743053023e-04
3.374875608925059112e+00 2.036454159113665644e-04
3.400651320065169791e+00 1.924241067075554566e-04
3.426623893952761790e+00 1.754403755019676961e-04
3.452794834132823176e+00 1.822720562334956761e-04
3.479165655633714493e+00 1.750365618135895425e-04
3.505737885054867498e+00 1.754740749157484171e-04
3.532513060655161574e+00 1.604540627403602219e-04
3.559492732441974283e+00 1.499931007679700438e-04
3.586678462260907807e+00 1.501543897675055965e-04
3.614071823886209955e+00 1.447078365214361816e-04
3.641674403111871072e+00 1.337070532388970681e-04
3.669487797843431487e+00 1.437672995642302139e-04
3.697513618190481299e+00 1.286947485892715151e-04
3.725753486559869376e+00 1.231117909684132110e-04
3.754209037749625999e+00 1.192646111989424521e-04
3.782881919043597829e+00 1.241451097891191054e-04
3.811773790306809850e+00 1.137745347960551225e-04
3.840886324081555170e+00 1.084211804040949127e-04
3.870221205684216237e+00 9.990731668693221600e-05
3.899780133302832574e+00 9.396111059987356947e-05
3.929564818095400369e+00 9.841770209310636650e-05
3.959576984288936341e+00 8.898655183102144827e-05
3.989818369279292121e+00 8.042791745461848264e-05
4.020290723731728910e+00 9.618247052812906842e-05
4.050995811682269299e+00 8.617086073477217675e-05
4.081935410639808026e+00 8.245075254308162729e-05
4.113111311689019445e+00 8.564255451997058164e-05
4.144525319594036361e+00 6.723473936256497399e-05
4.176179252902931793e+00 8.249387328677133151e-05
4.208074944052993871e+00 7.439264397249422821e-05
4.240214239476800984e+00 6.902602884859999487e-05
4.272598999709120271e+00 7.694206470870711167e-05
4.305231099494601921e+00 6.727554331541690325e-05
4.338112427896314571e+00 5.845592198708194525e-05
4.371244888405103168e+00 6.015954136051913448e-05
4.404630399049775491e+00 6.680602887553761880e-05
4.438270892508145771e+00 5.467433635506155218e-05
4.472168316218908757e+00 4.760749464177895250e-05
4.506324632494379756e+00 5.211615682728775595e-05
4.540741818634090876e+00 4.688332421950874195e-05
4.575421867039255019e+00 4.789803850744235993e-05
4.610366785328114503e+00 4.753374150510578463e-05
4.645578596452149434e+00 4.346754120318523573e-05
4.681059338813191140e+00 4.616114092456849704e-05
4.716811066381425555e+00 4.613487330322717386e-05
4.752835848814294550e+00 4.579617028893066155e-05
4.789135771576313871e+00 3.922146329585364912e-05
4.825712936059790792e+00 3.635550214554705362e-05
4.862569459706477915e+00 4.380448502112578379e-05
4.899707476130153339e+00 3.579685008630651056e-05
4.937129135240129862e+00 4.091060518280495114e-05
4.974836603365720755e+00 3.304950735067140478e-05
5.012832063381637226e+00 3.906826671342846213e-05
5.051117714834363781e+00 3.503948500975237262e-05
5.089695774069483036e+00 3.814036057053089553e-05
5.128568474359980200e+00 3.265926760229890863e-05
5.167738066035535205e+00 2.909187980090885330e-05
5.207206816612779399e+00 3.337982166471092064e-05
5.246977010926572760e+00 2.775149552563491127e-05
5.287050951262264320e+00 2.427530178104082096e-05
5.327430957488979324e+00 2.468086309695883648e-05
5.368119367193910918e+00 2.508640234325875648e-05
5.409118535817638573e+00 2.691867379275606170e-05
5.450430836790491895e+00 2.527725203795169550e-05
5.492058661669943831e+00 2.651001866164502587e-05
5.534004420279054592e+00 2.403056908934842864e-05
5.576270540845982282e+00 2.471008086992431530e-05
5.618859470144546009e+00 2.563781674148632740e-05
5.661773673635872584e+00 1.963212163397999897e-05
5.705015635611118796e+00 2.332600694646483003e-05
5.748587859335287931e+00 2.178617326873389211e-05
5.792492867192146733e+00 1.864608697623785474e-05
5.836733200830237500e+00 2.012344747166263921e-05
5.881311421310018162e+00 1.783122672448395695e-05
5.926230109252122347e+00 1.796116679783232403e-05
5.971491864986748332e+00 1.546608425059762862e-05
6.017099308704191074e+00 1.716578072226256432e-05
6.063055080606527092e+00 1.626362164772338634e-05
6.109361841060454879e+00 1.972162881318969600e-05
6.156022270751298819e+00 1.856037116612195496e-05
6.203039070838196167e+00 1.640643879537137097e-05
6.250414963110467070e+00 1.376959369259285429e-05
6.298152690145174759e+00 1.590513605486999782e-05
6.346255015465900762e+00 1.677693697109584073e-05
6.394724723702712943e+00 1.346744899738899541e-05
6.443564620753374328e+00 1.336120175441721570e-05
6.492777533945774948e+00 1.808149328123925557e-05
6.542366312201600920e+00 1.412336003446039696e-05
6.592333826201270064e+00 1.353546219258249896e-05
6.642682968550095879e+00 1.178275914940167829e-05
6.693416653945753581e+00 1.403366843145268271e-05
6.744537819347007357e+00 1.392974231115465262e-05
6.796049424143726370e+00 1.128039322675517923e-05
6.847954450328215259e+00 1.302783858602624279e-05
6.900255902667822738e+00 1.111496277550090188e-05
6.952956808878900219e+00 1.126008250174456222e-05
7.006060219802071387e+00 1.005031963448600888e-05
7.059569209578839377e+00 7.985264978769858322e-06
7.113486875829561740e+00 8.586554034742625971e-06
7.167816339832755901e+00 1.048815395810273649e-05
7.222560746705797285e+00 8.670138041351129501e-06
7.277723265586987011e+00 1.032514731123987532e-05
7.333307089819009583e+00 8.537160227559008723e-06
7.389315437133804565e+00 7.207431407831047657e-06
7.445751549838826477e+00 7.360529279509720809e-06
7.502618695004750649e+00 1.021751621142998320e-05
7.559920164654601038e+00 5.801565763543129455e-06
7.617659275954320464e+00 6.579342916364319969e-06
7.675839371404808986e+00 9.992448441779936181e-06
7.734463819035411802e+00 9.109092093538097762e-06
7.793536012598893947e+00 5.826348848217190868e-06
7.853059371767910690e+00 7.179418572005576293e-06
7.913037342332964741e+00 5.543646035804915905e-06
7.973473396401889346e+00 6.283933734025780997e-06
8.034371032600834184e+00 4.868643700132537767e-06
8.095733776276818006e+00 5.610890179204309415e-06
8.157565179701792957e+00 6.718152235800967017e-06
8.219868822278293408e+00 5.331846239443118561e-06
8.282648310746649756e+00 4.727798476834439950e-06
8.345907279393774303e+00 6.189257635634949376e-06
8.409649390263549407e+00 6.144375753480389249e-06
8.473878333368830340e+00 3.876732893027939672e-06
8.538597826905046873e+00 8.254148947162211981e-06
8.603811617465460415e+00 5.278045115747588293e-06
8.669523480258041204e+00 4.153194942629044752e-06
8.735737219324033020e+00 4.839360168847047477e-06
8.802456667758143283e+00 5.158453915935049456e-06
8.869685687930459750e+00 4.234492116012713602e-06
8.937428171710028124e+00 4.380814450177942306e-06
9.005688040690165153e+00 4.002098893133562998e-06
9.074469246415468149e+00 4.140020595902833385e-06
9.143775770610570675e+00 2.567508441293710371e-06
9.213611625410646155e+00 3.908198605279924945e-06
9.283980853593664762e+00 4.048266643109379983e-06
9.354887528814433750e+00 3.515486421788491777e-06
9.426335755840423047e+00 5.150171024890900964e-06
9.498329670789374291e+00 3.628234404071234325e-06
9.570873441368757284e+00 4.742077805517250563e-06
9.643971267117024126e+00 2.109786347387081171e-06
9.717627379646726737e+00 3.061046539302095938e-06
9.791846042889485346e+00 3.998617856857080140e-06
9.866631553342816829e+00 2.697407916984348974e-06
9.941988240318867298e+00 3.620516464048249863e-06
1.001792046619502941e+01 2.815704925026916555e-06
1.009443262666647811e+01 3.412553906709573929e-06
1.017152915100063915e+01 3.230518865453014777e-06
1.024921450229360431e+01 3.361134183236529618e-06
1.032749317772848840e+01 2.576222234833040784e-06
1.040636970883577561e+01 2.557447426351078799e-06
1.048584866175564301e+01 2.685474477966848735e-06
1.056593463750229134e+01 3.111141143066807197e-06
1.064663227223031328e+01 2.644983514480584259e-06
1.072794623750306187e+01 2.481135403010357567e-06
1.080988124056310262e+01 3.185845111177084000e-06
1.089244202460468713e+01 8.620250158456725788e-07
1.097563336904835118e+01 1.140762099485243784e-06
1.105946008981760897e+01 2.406827620740709357e-06
1.114392703961772924e+01 1.545394026627165630e-06
1.122903910821665363e+01 2.511390802329919004e-06
1.131480122272806810e+01 3.043377984187361701e-06
1.140121834789663069e+01 1.785552364404168861e-06
1.148829548638539144e+01 1.090954262971006079e-06
1.157603767906538295e+01 1.489673600692980161e-06
1.166445000530744025e+01 2.414832704917432602e-06
1.175353758327623055e+01 2.530483300168557589e-06
1.184330557022655483e+01 1.587986284868885008e-06
1.193375916280191262e+01 1.571566231662699648e-06
1.202490359733531022e+01 2.085545268563243529e-06
1.211674415015240314e+01 1.419508295873012552e-06
1.220928613787693706e+01 1.410724228464683234e-06
1.230253491773851593e+01 2.036535646095388012e-06
1.239649588788276091e+01 1.137548841679050799e-06
1.249117448768377869e+01 2.254903947808843434e-06
1.258657619805906158e+01 8.710886332079030370e-07
1.268270654178675727e+01 1.112227310958721531e-06
1.277957108382539175e+01 1.592537926170667119e-06
1.287717543163603651e+01 1.094077116482922316e-06
1.297552523550690928e+01 7.248999436916573968e-07
1.307462618888047245e+01 7.191589269077102689e-07
1.317448402868301116e+01 1.069790032132065099e-06
1.327510453565674453e+01 1.060074600303832412e-06
1.337649353469450197e+01 8.193376904986786451e-07
1.347865689517689169e+01 4.646720326531144986e-07
1.358160053131209644e+01 9.209051465164644431e-07
1.368533040247822186e+01 1.257982135972111716e-06
1.378985251356829522e+01 1.361069559751166591e-06
1.389517291533790910e+01 9.019444423453952155e-07
1.400129770475546920e+01 5.594716722067484042e-07
1.410823302535516532e+01 1.555004179969003739e-06
1.421598506759258740e+01 9.918991172712104812e-07
1.432456006920312142e+01 8.740519028153471775e-07
1.443396431556304549e+01 9.762131717503884925e-07
1.454420414005338102e+01 1.290903388855610433e-06
1.465528592442653633e+01 1.282014832489390208e-06
1.476721609917572842e+01 7.410404287184451810e-07
1.488000114390725059e+01 1.051744390767903668e-06
1.499364758771559814e+01 9.407826449165990154e-07
1.510816200956140420e+01 1.036340598530887878e-06
1.522355103865231740e+01 6.172489409106817205e-07
1.533982135482673925e+01 2.037982151254809119e-07
1.545697968894052465e+01 4.052215722526617322e-07
1.557503282325665950e+01 1.005477227999451471e-06
1.569398759183785330e+01 3.991298407835509015e-07
1.581385088094217650e+01 1.088789910914104922e-06
1.593462962942168204e+01 9.826913376905372042e-07
1.605633082912410003e+01 6.821027652586739868e-07
1.617896152529763043e+01 3.866129168730923746e-07
1.630252881699875189e+01 5.765998982169273237e-07
1.642703985750318907e+01 1.238880553088030209e-06
1.655250185472002045e+01 2.835850554742951150e-07
1.667892207160893037e+01 4.700487604021830543e-07
1.680630782660069400e+01 8.381723515108010472e-07
1.693466649402079582e+01 2.773398864671163603e-07
1.706400550451636988e+01 7.334986869624465282e-07
1.719433234548630907e+01 5.462070021074644954e-07
1.732565456151473171e+01 3.620448500443173946e-07
1.745797975480775932e+01 4.475634726825654206e-07
1.759131558563357700e+01 8.930217809722815753e-08
1.772566977276590450e+01 6.186209322216227917e-07
1.786105009393079257e+01 6.133911107217341876e-07
1.799746438625691525e+01 8.701281699604560046e-07
1.813492054672925491e+01 5.177268871540469719e-07
1.827342653264623351e+01 8.568999989692720797e-07
1.841299036208040008e+01 5.096129100104844578e-07
1.855362011434253589e+01 4.217621535825848812e-07
1.869532393044939056e+01 5.861621476640414402e-07
1.883811001359499926e+01 4.152157419066761277e-07
1.898198662962550998e+01 1.648674146392542659e-07
1.912696210751772696e+01 2.455783882600220501e-07
1.927304483986123529e+01 5.693660004044527442e-07
1.942024328334427707e+01 5.635992572388147413e-07
1.956856595924331188e+01 7.197892352879665252e-07
1.971802145391628613e+01 6.356562643347173139e-07
1.986861841929972172e+01 2.362819744452818945e-07
2.002036557340952783e+01 7.810538812830881706e-08
2.017327170084572430e+01 2.328376064095057648e-07
2.032734565330098775e+01 1.542879229622447473e-07
2.048259635007306656e+01 1.526798254486487768e-07
2.063903277858106478e+01 1.516065507526374229e-07
2.079666399488577966e+01 3.011617453389616299e-07
2.095549912421395078e+01 2.987670652907826144e-07
2.111554736148649880e+01 2.966908510054266308e-07
2.127681797185082857e+01 3.678060256853168242e-07
2.143932029121715743e+01 4.378090375630282279e-07
2.160306372679898601e+01 2.171497894947139714e-07
2.176805775765772211e+01 1.435258212886180032e-07
2.193431193525134404e+01 2.137319774652246873e-07
2.210183588398740895e+01 2.832444202176574837e-07
2.227063930178012185e+01 4.222487546527884325e-07
2.244073196061181008e+01 2.092069701748540161e-07
2.261212370709861119e+01 0.000000000000000000e+00
2.278482446306047393e+01 1.371168087139497655e-07
2.295884422609555031e+01 2.729706138563792034e-07
2.313419307015891846e+01 4.737211519974729627e-07
2.331088114614578188e+01 2.014712107195347277e-07
2.348891868247912029e+01 6.000034615339572160e-07
2.366831598570178841e+01 1.986475695560501750e-07
2.384908344107317646e+01 3.277775108414333262e-07
2.403123151317036843e+01 3.259436555620353609e-07
2.421477074649395789e+01 3.886144299518653010e-07
2.439971176607850367e+01 1.279655668101525866e-07
2.458606527810756148e+01 3.185889336437616001e-07
2.477384207053348675e+01 3.157471544662650133e-07
2.496305301370191287e+01 6.257631601613508970e-08
2.515370906098105408e+01 6.212890632435893536e-08
2.534582124939582215e+01 1.850542813634315008e-07
2.553940070026671805e+01 6.140941840318364468e-08
2.573445861985366534e+01 1.217973757385664864e-07
2.593100630000469309e+01 6.041846317124836081e-08
2.612905511880966003e+01 1.797623065467176443e-07
2.632861654125893835e+01 1.789346204146254651e-07
2.652970211990708549e+01 2.949879473756646580e-07
2.673232349554165310e+01 0.000000000000000000e+00
2.693649239785701255e+01 0.000000000000000000e+00
2.714222064613342411e+01 2.307023473479896806e-07
2.734952014992126834e+01 1.714574566954923583e-07
2.755840290973046081e+01 1.133907233676191552e-07
2.776888101772517103e+01 2.256375482406973293e-07
2.798096665842379238e+01 3.917599501491376595e-07
2.819467210940434398e+01 5.542385555371115902e-08
2.841000974201522311e+01 1.653772430110831288e-07
2.862699202209135763e+01 2.735555669953273251e-07
2.884563151067587228e+01 1.626218716410138820e-07
2.906594086474717642e+01 2.151373185184886844e-07
2.928793283795175029e+01 0.000000000000000000e+00
2.951162028134242377e+01 1.593884863256224278e-07
2.973701614412232175e+01 1.054750367087519811e-07
2.996413347439450092e+01 5.205616728440670094e-08
3.019298541991724250e+01 1.555450761494223743e-07
3.042358522886523176e+01 1.545948920819419881e-07
3.065594625059649658e+01 1.529915215330909658e-07
3.089008193642516886e+01 2.028788547465231702e-07
3.112600584040018958e+01 0.000000000000000000e+00
3.136373162008992921e+01 1.497509787007553617e-07
3.160327303737282278e+01 4.937365999088392049e-08
3.184464395923409441e+01 1.473284712356609991e-07
3.208785835856844670e+01 4.875970133893347265e-08
3.233293031498900660e+01 1.454061880348153228e-07
3.257987401564231078e+01 1.917623429860836924e-07
3.282870375602964685e+01 9.541678693843356405e-08
3.307943394083464739e+01 2.365608952550474829e-07
3.333207908475711889e+01 9.425311232226457673e-08
3.358665381335332967e+01 4.667245042198071073e-08
3.384317286388262858e+01 9.264815469718749810e-08
3.410165108616060081e+01 9.169214721909906304e-08
3.436210344341879619e+01 1.366755956909478161e-07
3.462454501317083100e+01 9.066121691239139551e-08
3.488899098808531107e+01 0.000000000000000000e+00
3.515545667686525633e+01 4.463970394552621231e-08
3.542395750513435360e+01 3.535215246066296191e-07
3.569450901632996676e+01 1.314625963242315407e-07
3.596712687260290409e+01 8.700729139004864309e-08
3.624182685572413476e+01 1.296499985348085749e-07
3.651862486799832652e+01 0.000000000000000000e+00
3.679753693318444618e+01 1.275513143994574583e-07
3.707857919742345842e+01 8.455220913073803206e-08
3.736176793017290265e+01 8.385069592312709798e-08
3.764711952514880267e+01 8.331875492103241979e-08
3.793465050127463911e+01 1.240748971927811001e-07
3.822437750363764764e+01 4.105747752600037776e-08
3.851631730445244273e+01 1.222059731422402416e-07
3.881048680403189621e+01 4.033918811346800601e-08
3.910690303176554039e+01 3.988428191051477967e-08
3.940558314710532528e+01 7.928794290070304892e-08
3.970654444055901422e+01 1.577162000717638789e-07
4.000980433469116804e+01 7.820743632772226197e-08
4.031538038513167521e+01 3.896413856423191477e-08
4.062329028159209088e+01 3.847717152606076305e-08
4.093355184888959997e+01 7.629421630172377417e-08
4.124618304797896684e+01 3.789410800657882853e-08
4.156120197699230800e+01 3.775316295275972480e-08
4.187862687228675185e+01 3.744593721807324434e-08
4.219847610950009198e+01 7.409302322641034957e-08
4.252076820461459761e+01 0.000000000000000000e+00
4.284552181502894541e+01 1.094077073470750773e-07
4.317275574063820898e+01 1.091005268116196576e-07
4.350248892492221842e+01 3.611336838485387844e-08
4.383474045604216940e+01 0.000000000000000000e+00
4.416952956794561658e+01 3.548474549850421894e-08
4.450687564148002906e+01 7.014032203852957809e-08
4.484679820551461660e+01 0.000000000000000000e+00
4.518931693807093097e+01 1.735059339623950897e-07
4.553445166746195127e+01 3.449049947093989956e-08
4.588222237343995147e+01 2.048937847067220377e-07
4.623264918835322135e+01 3.383006070004386407e-08
4.658575239831141346e+01 3.369411307733619600e-08
4.694155244435995655e+01 3.326105268338156209e-08
4.730006992366332952e+01 9.927556631123337156e-08
4.766132559069743735e+01 3.273472076005732623e-08
4.802534035845116023e+01 3.271167644241581485e-08
4.839213529963691940e+01 3.234394716283777743e-08
4.876173164791060799e+01 0.000000000000000000e+00
4.913415079910075178e+01 0.000000000000000000e+00
4.950941431244714153e+01 3.172485621110256874e-08
4.988754391184892256e+01 1.256148444722181352e-07
5.026856148712214889e+01 0.000000000000000000e+00
5.065248909526700771e+01 0.000000000000000000e+00
5.103934896174460789e+01 0.000000000000000000e+00
5.142916348176368757e+01 1.219376216623438896e-07
5.182195522157707757e+01 6.045137258557842974e-08
5.221774691978801286e+01 6.000089226216969489e-08
5.261656148866648408e+01 8.920207273573039940e-08
5.301842201547557920e+01 1.181845917227653734e-07
5.342335176380803574e+01 8.782970962466288600e-08
5.383137417493298926e+01 0.000000000000000000e+00
5.424251286915296077e+01 2.894551175209552870e-08
5.465679164717121807e+01 8.592223646218759326e-08
5.507423449146955363e+01 1.136731806527051854e-07
5.549486556769667800e+01 0.000000000000000000e+00
5.591870922606719319e+01 2.802101397021403454e-08
5.634579000277113892e+01 8.325925086236314335e-08
5.677613262139447414e+01 1.378447364979955212e-07
5.720976199435020249e+01 1.096080930348360078e-07
5.764670322432060345e+01 1.087565650373800762e-07
5.808698160571049129e+01 1.077892562934871907e-07
5.853062262611141620e+01 5.350830849633298841e-08
5.897765196777716312e+01 5.307823562574737585e-08
5.942809550911043459e+01 5.280994319645935215e-08
5.988197932616098740e+01 2.606957653631547900e-08
6.033932969413523040e+01 2.594542299683477442e-08
6.080017308891720518e+01 2.568962013571613361e-08
6.126453618860131201e+01 1.022106184761392741e-07
6.173244587503663183e+01 0.000000000000000000e+00
6.220392923538312857e+01 5.036815096911978264e-08
6.267901356367983112e+01 5.011587729312302470e-08
6.315772636242475357e+01 0.000000000000000000e+00
6.364009534416704383e+01 0.000000000000000000e+00
6.412614843311123991e+01 0.000000000000000000e+00
6.461591376673376885e+01 0.000000000000000000e+00
6.510941969741192281e+01 0.000000000000000000e+00
6.560669479406510618e+01 4.781855930472444510e-08
6.610776784380868776e+01 9.472022304662358401e-08
6.661266785362042242e+01 7.066306353906404209e-08
6.712142405201964834e+01 4.657909286826813531e-08
6.763406589075952979e+01 6.959198100575905902e-08
6.815062304653176284e+01 4.598983268001198930e-08
6.867112542268469610e+01 2.273263978256794296e-08
6.919560315095429814e+01 1.129533376988601211e-07
6.972408659320856827e+01 2.242262919203234415e-08
7.025660634320522036e+01 0.000000000000000000e+00
7.079319322836265371e+01 2.214057213884714825e-08
7.133387831154462333e+01 0.000000000000000000e+00
7.187869289285829666e+01 4.352021740987620738e-08
7.242766851146639340e+01 2.161716941730348221e-08
7.298083694741293925e+01 2.139041653939835157e-08
7.353823022346294636e+01 4.260564450431143607e-08
7.409988060695627610e+01 6.349979973139717888e-08
7.466582061167545703e+01 0.000000000000000000e+00
7.523608299972798363e+01 0.000000000000000000e+00
7.581070078344298224e+01 2.070917081279822301e-08
7.638970722728217311e+01 2.047644872031388819e-08
7.697313584976564016e+01 2.036823738703959227e-08
7.756102042541199637e+01 8.082881676437678188e-08
7.815339498669379736e+01 0.000000000000000000e+00
7.875029382600763483e+01 1.988984143531295957e-08
7.935175149765926506e+01 3.945676352550385393e-08
7.995780281986401405e+01 5.870579067541878707e-08
8.056848287676226050e+01 0.000000000000000000e+00
8.118382702045050792e+01 0.000000000000000000e+00
8.180387087302804616e+01 3.829006712203261799e-08
8.242865032865888963e+01 0.000000000000000000e+00
8.305820155564990159e+01 3.772387968319236216e-08
8.369256099854430886e+01 1.870597005305917208e-08
8.433176538023161584e+01 0.000000000000000000e+00
8.497585170407356259e+01 1.844021461286928980e-08
8.562485725604614117e+01 5.483915830073240035e-08
8.627881960689798291e+01 1.809361888989074023e-08
8.693777661432541493e+01 3.594802012038206131e-08
8.760176642516411505e+01 0.000000000000000000e+00
8.827082747759727965e+01 1.776161668638539036e-08
8.894499850338092983e+01 7.045339451245948803e-08
8.962431853008587268e+01 5.232374381619634225e-08
9.030882688335715613e+01 6.926152796944725376e-08
9.099856318919067633e+01 8.604520898950191766e-08
9.169356737622699427e+01 1.707239548256292445e-08
9.239387967806285928e+01 5.087055062861815134e-08
9.309954063558021176e+01 1.686263897357567654e-08
9.381059109929316264e+01 1.663437119241021534e-08
9.452707223171287865e+01 0.000000000000000000e+00
9.524902550973044413e+01 3.288791699255298535e-08
9.597649272701789869e+01 3.252846646245729284e-08
9.670951599644754992e+01 0.000000000000000000e+00
9.744813775253007293e+01 0.000000000000000000e+00
9.819240075387101285e+01 0.000000000000000000e+00
9.894234808564596051e+01 1.585834413631914915e-08
9.969802316209487003e+01 0.000000000000000000e+00
1.004594697290351206e+02 0.000000000000000000e+00
1.012267318663940330e+02 1.549614374332742244e-08
1.019998539907607551e+02 1.536271269716193610e-08
1.027788808579573896e+02 3.048208512763996248e-08
1.035638575656300304e+02 0.000000000000000000e+00
1.043548295558592258e+02 4.503081580795885280e-08
1.051518426177907060e+02 0.000000000000000000e+00
1.059549428902863042e+02 0.000000000000000000e+00
1.067641768645947025e+02 2.930304933408962372e-08
1.075795913870428819e+02 0.000000000000000000e+00
1.084012336617479093e+02 1.442750342653932638e-08
1.092291512533496842e+02 1.428890727469557230e-08
1.100633920897645339e+02 2.845011141223259746e-08
1.109040044649596268e+02 2.813628221569237581e-08
1.117510370417487309e+02 1.395759691103336567e-08
1.126045388546091885e+02 1.390795576199307447e-08
1.134645593125205778e+02 6.887971402625536134e-08
1.143311482018251581e+02 1.368098199107164187e-08
1.152043556891097040e+02 2.717958216874093897e-08
1.160842323241099052e+02 0.000000000000000000e+00
1.169708290426363391e+02 1.335109759024735984e-08
1.178641971695234076e+02 1.329068298577820885e-08
1.187643884216004722e+02 2.641280345854042547e-08
1.196714549106856964e+02 1.303371296387044883e-08
1.205854491466028264e+02 2.593930943632412209e-08
1.215064240402207503e+02 0.000000000000000000e+00
1.224344329065167187e+02 1.275035023612353568e-08
1.233695294676628009e+02 2.536369139662937027e-08
1.243117678561356172e+02 2.519209834807286003e-08
1.252612026178502873e+02 1.248755315850844899e-08
1.262178887153177698e+02 1.244159210170018423e-08
1.271818815308268711e+02 1.228108598711052448e-08
1.281532368696502999e+02 0.000000000000000000e+00
1.291320109632751496e+02 0.000000000000000000e+00
1.301182604726581644e+02 0.000000000000000000e+00
1.311120424915058038e+02 1.192918518664139371e-08
1.321134145495791472e+02 1.181938386106162057e-08
1.331224346160248615e+02 0.000000000000000000e+00
1.341391611027304975e+02 0.000000000000000000e+00
1.351636528677061619e+02 1.156089601981410906e-08
1.361959692184915980e+02 1.147563131552065247e-08
1.372361699155896986e+02 3.420192425122408898e-08
1.382843151759259683e+02 0.000000000000000000e+00
1.393404656763344747e+02 0.000000000000000000e+00
1.404046825570703732e+02 0.000000000000000000e+00
1.414770274253492062e+02 0.000000000000000000e+00
1.425575623589134011e+02 1.096430043376900620e-08
1.436463499096261103e+02 1.089309706445402234e-08
1.447434531070921366e+02 1.079829532240712336e-08
1.458489354623067129e+02 2.145530513872248394e-08
1.469628609713321055e+02 1.067782989437685938e-08
1.480852941190023273e+02 1.056443960404703475e-08
1.492162998826563580e+02 1.050466580803112281e-08
1.503559437358994160e+02 0.000000000000000000e+00
1.515042916523934196e+02 1.030454548349770311e-08
1.526614101096758418e+02 0.000000000000000000e+00
1.538273660930082656e+02 0.000000000000000000e+00
1.550022270992544691e+02 2.015023420544365277e-08
1.561860611407872170e+02 2.008776376498117155e-08
1.573789367494260318e+02 9.918472606308284469e-09
1.585809229804039546e+02 0.000000000000000000e+00
1.597920894163653998e+02 2.944083044173460794e-08
1.610125061713944206e+02 9.727849952456093265e-09
1.622422438950733863e+02 2.893665634790724805e-08
1.634813737765729229e+02 1.909601754650235532e-08
1.647299675487729473e+02 9.533499820081250886e-09
1.659880974924153065e+02 0.000000000000000000e+00
1.672558364402883058e+02 0.000000000000000000e+00
1.685332577814427282e+02 0.000000000000000000e+00
1.698204354654404540e+02 9.207602428848283964e-09
1.711174440066350826e+02 9.177756355952251513e-09
1.724243584884858365e+02 0.000000000000000000e+00
1.737412545679041500e+02 1.802364391903276128e-08
1.750682084796334834e+02 0.000000000000000000e+00
1.764052970406620489e+02 8.841221836003457148e-09
1.777525976546700690e+02 8.817630753470100953e-09
1.791101883165108575e+02 1.747121745899039322e-08
1.804781476167256642e+02 0.000000000000000000e+00
1.818565547460933089e+02 0.000000000000000000e+00
1.832454895002142905e+02 8.566502367666785450e-09
1.846450322841304228e+02 0.000000000000000000e+00
1.860552641169795152e+02 0.000000000000000000e+00
1.874762666366852955e+02 0.000000000000000000e+00
1.889081221046837413e+02 8.289932646936119030e-09
1.903509134106845408e+02 0.000000000000000000e+00
1.918047240774702118e+02 0.000000000000000000e+00
1.932696382657309186e+02 8.128104819347912068e-09
1.947457407789366925e+02 0.000000000000000000e+00
1.962331170682464574e+02 0.000000000000000000e+00
1.977318532374547715e+02 7.944177483851295552e-09
1.992420360479763985e+02 0.000000000000000000e+00
