1.003818764619345688e-01 0.000000000000000000e+00
1.011485459784472879e-01 0.000000000000000000e+00
1.019210709558087680e-01 0.000000000000000000e+00
1.026994961152724595e-01 0.000000000000000000e+00
1.034838665196517182e-01 0.000000000000000000e+00
1.042742275759283854e-01 0.000000000000000000e+00
1.050706250378814766e-01 0.000000000000000000e+00
1.058731050087358544e-01 0.000000000000000000e+00
1.066817139438310941e-01 0.000000000000000000e+00
1.074964986533107902e-01 0.000000000000000000e+00
1.083175063048323894e-01 0.000000000000000000e+00
1.091447844262976724e-01 0.000000000000000000e+00
1.099783809086041647e-01 0.000000000000000000e+00
1.108183440084175297e-01 0.000000000000000000e+00
1.116647223509651676e-01 0.000000000000000000e+00
1.125175649328510052e-01 0.000000000000000000e+00
1.133769211248920050e-01 0.000000000000000000e+00
1.142428406749761566e-01 0.000000000000000000e+00
1.151153737109424230e-01 0.000000000000000000e+00
1.159945707434826001e-01 0.000000000000000000e+00
1.168804826690653942e-01 0.000000000000000000e+00
1.177731607728827179e-01 0.000000000000000000e+00
1.186726567318187042e-01 0.000000000000000000e+00
1.195790226174411192e-01 0.000000000000000000e+00
1.204923108990159364e-01 0.000000000000000000e+00
1.214125744465446438e-01 0.000000000000000000e+00
1.223398665338249064e-01 0.000000000000000000e+00
1.232742408415345714e-01 0.000000000000000000e+00
1.242157514603392660e-01 0.000000000000000000e+00
1.251644528940235868e-01 0.000000000000000000e+00
1.261204000626464650e-01 0.000000000000000000e+00
1.270836483057203870e-01 0.000000000000000000e+00
1.280542533854148735e-01 0.000000000000000000e+00
1.290322714897847722e-01 0.000000000000000000e+00
1.300177592360227119e-01 0.000000000000000000e+00
1.310107736737369521e-01 0.000000000000000000e+00
1.320113722882536866e-01 0.000000000000000000e+00
1.330196130039449920e-01 0.000000000000000000e+00
1.340355541875820067e-01 0.000000000000000000e+00
1.350592546517138115e-01 0.000000000000000000e+00
1.360907736580721228e-01 0.000000000000000000e+00
1.371301709210017705e-01 0.000000000000000000e+00
1.381775066109176553e-01 0.000000000000000000e+00
1.392328413577879620e-01 0.000000000000000000e+00
1.402962362546441299e-01 0.000000000000000000e+00
1.413677528611173018e-01 0.000000000000000000e+00
1.424474532070021393e-01 0.000000000000000000e+00
1.435353997958477290e-01 0.000000000000000000e+00
1.446316556085757710e-01 0.000000000000000000e+00
1.457362841071265513e-01 0.000000000000000000e+00
1.468493492381329202e-01 0.000000000000000000e+00
1.479709154366219692e-01 0.000000000000000000e+00
1.491010476297450760e-01 0.000000000000000000e+00
1.502398112405367581e-01 0.000000000000000000e+00
1.513872721917017827e-01 0.000000000000000000e+00
1.525434969094315862e-01 0.000000000000000000e+00
1.537085523272495868e-01 0.000000000000000000e+00
1.548825058898858631e-01 0.000000000000000000e+00
1.560654255571816418e-01 0.000000000000000000e+00
1.572573798080234009e-01 0.000000000000000000e+00
1.584584376443071152e-01 0.000000000000000000e+00
1.596686685949328388e-01 0.000000000000000000e+00
1.608881427198295411e-01 0.000000000000000000e+00
1.621169306140110011e-01 0.000000000000000000e+00
1.633551034116623724e-01 0.000000000000000000e+00
1.646027327902583326e-01 0.000000000000000000e+00
1.658598909747124317e-01 0.000000000000000000e+00
1.671266507415579139e-01 0.000000000000000000e+00
1.684030854231611252e-01 0.000000000000000000e+00
1.696892689119663122e-01 0.000000000000000000e+00
1.709852756647735894e-01 0.000000000000000000e+00
1.722911807070489909e-01 0.000000000000000000e+00
1.736070596372676911e-01 0.000000000000000000e+00
1.749329886312905313e-01 0.000000000000000000e+00
1.762690444467736595e-01 0.000000000000000000e+00
1.776153044276120585e-01 0.000000000000000000e+00
1.789718465084169652e-01 0.000000000000000000e+00
1.803387492190275665e-01 0.000000000000000000e+00
1.817160916890568911e-01 0.000000000000000000e+00
1.831039536524727285e-01 0.000000000000000000e+00
1.845024154522134641e-01 0.000000000000000000e+00
1.859115580448389149e-01 0.000000000000000000e+00
1.873314630052169971e-01 0.000000000000000000e+00
1.887622125312461430e-01 0.000000000000000000e+00
1.902038894486135501e-01 0.000000000000000000e+00
1.916565772155901515e-01 0.000000000000000000e+00
1.931203599278616956e-01 0.000000000000000000e+00
1.945953223233973239e-01 0.000000000000000000e+00
1.960815497873548141e-01 0.000000000000000000e+00
1.975791283570236256e-01 0.000000000000000000e+00
1.990881447268055271e-01 0.000000000000000000e+00
2.006086862532332482e-01 0.000000000000000000e+00
2.021408409600277400e-01 0.000000000000000000e+00
2.036846975431935991e-01 0.000000000000000000e+00
2.052403453761537377e-01 0.000000000000000000e+00
2.068078745149232178e-01 0.000000000000000000e+00
2.083873757033224972e-01 0.000000000000000000e+00
2.099789403782307273e-01 0.000000000000000000e+00
2.115826606748788530e-01 0.000000000000000000e+00
2.131986294321833453e-01 0.000000000000000000e+00
2.148269401981205418e-01 0.000000000000000000e+00
2.164676872351422587e-01 0.000000000000000000e+00
2.181209655256325375e-01 0.000000000000000000e+00
2.197868707774061070e-01 0.000000000000000000e+00
2.214654994292489798e-01 0.000000000000000000e+00
2.231569486565012084e-01 0.000000000000000000e+00
2.248613163766823297e-01 0.000000000000000000e+00
2.265787012551598312e-01 0.000000000000000000e+00
2.283092027108608313e-01 0.000000000000000000e+00
2.300529209220272819e-01 0.000000000000000000e+00
2.318099568320156068e-01 0.000000000000000000e+00
2.335804121551398604e-01 0.000000000000000000e+00
2.353643893825602684e-01 0.000000000000000000e+00
2.371619917882162865e-01 0.000000000000000000e+00
2.389733234348050406e-01 0.000000000000000000e+00
2.407984891798055638e-01 0.000000000000000000e+00
2.426375946815489959e-01 0.000000000000000000e+00
2.444907464053350243e-01 0.000000000000000000e+00
2.463580516295952316e-01 0.000000000000000000e+00
2.482396184521032390e-01 0.000000000000000000e+00
2.501355557962327558e-01 0.000000000000000000e+00
2.520459734172627586e-01 0.000000000000000000e+00
2.539709819087314635e-01 0.000000000000000000e+00
2.559106927088385386e-01 0.000000000000000000e+00
2.578652181068959992e-01 0.000000000000000000e+00
2.598346712498288968e-01 0.000000000000000000e+00
2.618191661487251354e-01 0.000000000000000000e+00
2.638188176854358025e-01 0.000000000000000000e+00
2.658337416192252944e-01 0.000000000000000000e+00
2.678640545934727890e-01 0.000000000000000000e+00
2.699098741424248438e-01 0.000000000000000000e+00
2.719713186979990649e-01 0.000000000000000000e+00
2.740485075966404560e-01 0.000000000000000000e+00
2.761415610862294479e-01 0.000000000000000000e+00
2.782506003330433297e-01 0.000000000000000000e+00
2.803757474287703610e-01 0.000000000000000000e+00
2.825171253975775620e-01 0.000000000000000000e+00
2.846748582032325170e-01 0.000000000000000000e+00
2.868490707562799669e-01 0.000000000000000000e+00
2.890398889212724143e-01 0.000000000000000000e+00
2.912474395240567393e-01 0.000000000000000000e+00
2.934718503591156602e-01 0.000000000000000000e+00
2.957132501969662597e-01 0.000000000000000000e+00
2.979717687916139113e-01 0.000000000000000000e+00
3.002475368880643813e-01 0.000000000000000000e+00
3.025406862298920529e-01 0.000000000000000000e+00
3.048513495668665474e-01 0.000000000000000000e+00
3.071796606626379655e-01 0.000000000000000000e+00
3.095257543024800828e-01 0.000000000000000000e+00
3.118897663010932186e-01 0.000000000000000000e+00
3.142718335104664473e-01 0.000000000000000000e+00
3.166720938277997055e-01 0.000000000000000000e+00
3.190906862034871283e-01 0.000000000000000000e+00
3.215277506491602821e-01 0.000000000000000000e+00
3.239834282457938475e-01 0.000000000000000000e+00
3.264578611518724749e-01 0.000000000000000000e+00
3.289511926116204799e-01 0.000000000000000000e+00
3.314635669632940984e-01 0.000000000000000000e+00
3.339951296475371922e-01 0.000000000000000000e+00
3.365460272158006805e-01 0.000000000000000000e+00
3.391164073388266975e-01 0.000000000000000000e+00
3.417064188151969217e-01 0.000000000000000000e+00
3.443162115799464074e-01 0.000000000000000000e+00
3.469459367132436967e-01 0.000000000000000000e+00
3.495957464491361577e-01 0.000000000000000000e+00
3.522657941843635454e-01 0.000000000000000000e+00
3.549562344872373987e-01 0.000000000000000000e+00
3.576672231065893826e-01 0.000000000000000000e+00
3.603989169807875204e-01 0.000000000000000000e+00
3.631514742468208712e-01 0.000000000000000000e+00
3.659250542494547620e-01 0.000000000000000000e+00
3.687198175504546316e-01 0.000000000000000000e+00
3.715359259378811507e-01 0.000000000000000000e+00
3.743735424354559527e-01 0.000000000000000000e+00
3.772328313119991394e-01 0.000000000000000000e+00
3.801139580909387861e-01 0.000000000000000000e+00
3.830170895598929426e-01 0.000000000000000000e+00
3.859423937803250215e-01 0.000000000000000000e+00
3.888900400972727933e-01 0.000000000000000000e+00
3.918601991491514891e-01 0.000000000000000000e+00
3.948530428776324541e-01 0.000000000000000000e+00
3.978687445375965748e-01 0.000000000000000000e+00
4.009074787071638113e-01 0.000000000000000000e+00
4.039694212977997800e-01 0.000000000000000000e+00
4.070547495644989411e-01 0.000000000000000000e+00
4.101636421160458901e-01 0.000000000000000000e+00
4.132962789253552538e-01 0.000000000000000000e+00
4.164528413398899120e-01 0.000000000000000000e+00
4.196335120921593775e-01 0.000000000000000000e+00
4.228384753102979454e-01 0.000000000000000000e+00
4.260679165287238890e-01 0.000000000000000000e+00
4.293220226988802568e-01 0.000000000000000000e+00
4.326009822000570493e-01 0.000000000000000000e+00
4.359049848502964952e-01 0.000000000000000000e+00
4.392342219173819284e-01 0.000000000000000000e+00
4.425888861299096533e-01 0.000000000000000000e+00
4.459691716884466306e-01 0.000000000000000000e+00
4.493752742767720409e-01 0.000000000000000000e+00
4.528073910732057783e-01 0.000000000000000000e+00
4.562657207620228750e-01 0.000000000000000000e+00
4.597504635449554122e-01 0.000000000000000000e+00
4.632618211527818053e-01 0.000000000000000000e+00
4.667999968570054614e-01 0.000000000000000000e+00
4.703651954816218117e-01 0.000000000000000000e+00
4.739576234149754375e-01 0.000000000000000000e+00
4.775774886217079018e-01 0.000000000000000000e+00
4.812250006547968972e-01 0.000000000000000000e+00
4.849003706676870973e-01 0.000000000000000000e+00
4.886038114265137677e-01 0.000000000000000000e+00
4.923355373224197473e-01 0.000000000000000000e+00
4.960957643839665199e-01 0.000000000000000000e+00
4.998847102896398775e-01 0.000000000000000000e+00
5.037025943804516182e-01 0.000000000000000000e+00
5.075496376726369441e-01 0.000000000000000000e+00
5.114260628704487832e-01 0.000000000000000000e+00
5.153320943790506981e-01 0.000000000000000000e+00
5.192679583175066060e-01 0.000000000000000000e+00
5.232338825318720854e-01 0.000000000000000000e+00
5.272300966083831586e-01 0.000000000000000000e+00
5.312568318867476602e-01 0.000000000000000000e+00
5.353143214735371913e-01 0.000000000000000000e+00
5.394028002556814361e-01 0.000000000000000000e+00
5.435225049140661735e-01 0.000000000000000000e+00
5.476736739372339846e-01 0.000000000000000000e+00
5.518565476351910970e-01 0.000000000000000000e+00
5.560713681533180353e-01 0.000000000000000000e+00
5.603183794863880740e-01 0.000000000000000000e+00
5.645978274926913842e-01 0.000000000000000000e+00
5.689099599082683145e-01 0.000000000000000000e+00
5.732550263612503638e-01 0.000000000000000000e+00
5.776332783863111775e-01 0.000000000000000000e+00
5.820449694392276774e-01 0.000000000000000000e+00
5.864903549115527692e-01 0.000000000000000000e+00
5.909696921454001828e-01 0.000000000000000000e+00
5.954832404483410002e-01 0.000000000000000000e+00
6.000312611084158698e-01 0.000000000000000000e+00
6.046140174092602404e-01 0.000000000000000000e+00
6.092317746453459471e-01 0.000000000000000000e+00
6.138848001373393704e-01 0.000000000000000000e+00
6.185733632475765020e-01 0.000000000000000000e+00
6.232977353956554722e-01 0.000000000000000000e+00
6.280581900741497581e-01 0.000000000000000000e+00
6.328550028644405190e-01 0.000000000000000000e+00
6.376884514526697245e-01 0.000000000000000000e+00
6.425588156458151845e-01 0.000000000000000000e+00
6.474663773878889250e-01 0.000000000000000000e+00
6.524114207762584661e-01 0.000000000000000000e+00
6.573942320780932214e-01 0.000000000000000000e+00
6.624150997469364643e-01 0.000000000000000000e+00
6.674743144394041927e-01 0.000000000000000000e+00
6.725721690320105584e-01 0.000000000000000000e+00
6.777089586381226383e-01 0.000000000000000000e+00
6.828849806250443244e-01 0.000000000000000000e+00
6.881005346312309978e-01 0.000000000000000000e+00
6.933559225836360973e-01 0.000000000000000000e+00
6.986514487151883612e-01 0.000000000000000000e+00
7.039874195824046277e-01 6.441651823427207936e-05
7.093641440831359724e-01 1.809629837968275380e-04
7.147819334744500708e-01 3.569871706620916796e-04
7.202411013906493409e-01 6.346693889547062569e-04
7.257419638614276414e-01 1.315720243374779788e-03
7.312848393301645267e-01 2.737942414375065230e-03
7.368700486723602783e-01 4.495703640113076459e-03
7.424979152142111571e-01 7.302075769020169478e-03
7.481687647513268757e-01 1.171851328247274816e-02
7.538829255675907337e-01 1.960000315281193797e-02
7.596407284541633054e-01 3.171636409679941954e-02
7.654425067286326767e-01 4.732572110411757682e-02
7.712885962543096774e-01 7.394013886995919049e-02
7.771793354596711056e-01 1.092211576513070770e-01
7.831150653579508347e-01 1.561736837986615056e-01
7.890961295668817987e-01 2.184458577846276617e-01
7.951228743285869704e-01 3.001409686301694801e-01
8.011956485296237718e-01 4.017487000497575456e-01
8.073148037211809180e-01 5.195426852646694016e-01
8.134806941394295832e-01 6.589939921986996962e-01
8.196936767260303291e-01 8.210584150083690691e-01
8.259541111487957998e-01 1.005957328689561114e+00
8.322623598225118435e-01 1.214011411008325103e+00
8.386187879299183967e-01 1.432825907037438506e+00
8.450237634428487965e-01 1.661113434377613496e+00
8.514776571435325181e-01 1.897669096463446392e+00
8.579808426460586723e-01 2.136963568469476993e+00
8.645336964180048156e-01 2.377792765609216818e+00
8.711365978022310719e-01 2.605351824363959512e+00
8.777899290388395670e-01 2.827373720148095515e+00
8.844940752873023948e-01 3.039007620385056008e+00
8.912494246487583371e-01 3.224829473010974112e+00
8.980563681884800031e-01 3.392500404915341328e+00
9.049152999585122759e-01 3.537198878731268703e+00
9.118266170204843979e-01 3.651984153434755243e+00
9.187907194685952517e-01 3.729917788276915225e+00
9.258080104527748322e-01 3.790832077101335962e+00
9.328788962020224673e-01 3.822167494863450532e+00
9.400037860479233398e-01 3.831564322577158066e+00
9.471830924483448655e-01 3.817058938930240952e+00
9.544172310113129276e-01 3.776206152794886250e+00
9.617066205190725192e-01 3.718215850311316739e+00
9.690516829523299069e-01 3.639589695549784398e+00
9.764528435146813123e-01 3.551881537732612060e+00
9.839105306572277776e-01 3.448543619201058341e+00
9.914251761033785471e-01 3.327264058867335450e+00
9.989972148738428537e-01 3.202805069020454809e+00
1.006627085311812886e+00 3.076790395056162364e+00
1.014315229108340155e+00 2.940147684377363291e+00
1.022062091327904820e+00 2.807596651659123310e+00
1.029868120434179746e+00 2.663514960403289500e+00
1.037733768315991956e+00 2.524968931499949498e+00
1.045659490313482376e+00 2.393281435098442156e+00
1.053645745244466525e+00 2.253169842427008795e+00
1.061692995430993491e+00 2.127052875436788337e+00
1.069801706726111412e+00 1.999141636855640947e+00
1.077972348540833902e+00 1.875256030717904476e+00
1.086205393871315206e+00 1.758364919196554910e+00
1.094501319326231403e+00 1.645255041561075826e+00
1.102860605154371676e+00 1.536933471617287106e+00
1.111283735272438733e+00 1.437307073855599748e+00
1.119771197293064180e+00 1.341056723033116072e+00
1.128323482553034385e+00 1.245485327568500056e+00
1.136941086141734836e+00 1.160389932643941302e+00
1.145624506929811659e+00 1.080064512387310494e+00
1.154374247598049186e+00 1.003727111869151090e+00
1.163190814666471562e+00 9.302956581177617146e-01
1.172074718523663961e+00 8.649342481684466621e-01
1.181026473456318726e+00 8.043221023446790463e-01
1.190046597679009999e+00 7.463191553831444169e-01
1.199135613364188391e+00 6.918644898557656520e-01
1.208294046672413469e+00 6.443381000750005860e-01
1.217522427782810501e+00 5.959411000573164863e-01
1.226821290923763907e+00 5.549577748450373882e-01
1.236191174403842963e+00 5.147288257484882168e-01
1.245632620642964428e+00 4.763064321745993368e-01
1.255146176203792763e+00 4.432622177110829287e-01
1.264732391823380597e+00 4.127821684214312281e-01
1.274391822445051226e+00 3.828382195332284965e-01
1.284125027250524465e+00 3.554037684791089835e-01
1.293932569692285650e+00 3.313133385610114168e-01
1.303815017526205322e+00 3.063534131133252569e-01
1.313772942844406266e+00 2.837468009655496615e-01
1.323806922108381467e+00 2.648210145667388993e-01
1.333917536182366304e+00 2.457789104710023098e-01
1.344105370366962093e+00 2.288127992537646871e-01
1.354371014433021658e+00 2.132475770885006450e-01
1.364715062655789790e+00 1.991530717945173556e-01
1.375138113849305288e+00 1.846132502466706626e-01
1.385640771401068339e+00 1.727278983516398192e-01
1.396223643306966578e+00 1.603825467935293958e-01
1.406887342206475600e+00 1.502075932474346287e-01
1.417632485418122146e+00 1.395623687985893535e-01
1.428459694975221517e+00 1.299582450662948030e-01
1.439369597661886768e+00 1.219461052282804769e-01
1.450362825049312576e+00 1.140337451123378948e-01
1.461440013532337545e+00 1.070335960482954180e-01
1.472601804366283851e+00 9.959592212794625421e-02
1.483848843704080878e+00 9.298842511273225364e-02
1.495181782633669076e+00 8.802284080109343267e-02
1.506601277215691814e+00 8.228081995476020649e-02
1.518107988521476326e+00 7.682487723782051303e-02
1.529702582671299993e+00 7.207119550596452484e-02
1.541385730872953275e+00 6.762036805551165097e-02
1.553158109460597069e+00 6.325444664286543339e-02
1.565020399933912287e+00 5.951582518039608832e-02
1.576973288997555844e+00 5.603855631156738626e-02
1.589017468600909977e+00 5.235564537028962462e-02
1.601153635978140644e+00 4.913085793881312446e-02
1.613382493688560348e+00 4.623287988687271172e-02
1.625704749657298942e+00 4.361947928379127093e-02
1.638121117216285949e+00 4.102448913221288379e-02
1.650632315145542872e+00 3.850689251153228965e-02
1.663239067714795461e+00 3.649777902917022976e-02
1.675942104725400839e+00 3.419818937928791047e-02
1.688742161552594379e+00 3.231002253353189302e-02
1.701639979188063201e+00 3.061443909185085355e-02
1.714636304282838086e+00 2.857713451163101590e-02
1.727731889190519565e+00 2.693979738045389205e-02
1.740927492010831301e+00 2.551890082688088035e-02
1.754223876633505208e+00 2.405142311576589573e-02
1.767621812782504076e+00 2.283619689064003005e-02
1.781122076060578596e+00 2.174042290062161778e-02
1.794725447994169887e+00 2.026487884454581528e-02
1.808432716078648639e+00 1.933126651198349699e-02
1.822244673823904648e+00 1.812525777254742065e-02
1.836162120800284292e+00 1.726772550873567624e-02
1.850185862684873506e+00 1.650259916488546960e-02
1.864316711308142471e+00 1.550089572439940569e-02
1.878555484700939138e+00 1.487121628751337729e-02
1.892903007141845784e+00 1.390414927739876995e-02
1.907360109204898402e+00 1.315387742551594498e-02
1.921927627807664241e+00 1.264467305090850174e-02
1.936606406259693713e+00 1.202452255918529285e-02
1.951397294311338904e+00 1.125389644548832613e-02
1.966301148202944216e+00 1.064971172088993723e-02
1.981318830714416501e+00 1.005133780692935713e-02
1.996451211215167332e+00 9.642534160550400579e-03
2.011699165714443627e+00 9.116893523546309649e-03
2.027063576912038645e+00 8.656151375954525273e-03
2.042545334249390443e+00 8.329413354678039463e-03
2.058145333961072687e+00 7.835493850887734202e-03
2.073864479126675597e+00 7.707301523240161871e-03
2.089703679723088570e+00 7.266155004023262462e-03
2.105663852677174930e+00 6.703566680896853001e-03
2.121745921918852140e+00 6.471992645861213665e-03
2.137950818434581013e+00 6.245007257660036872e-03
2.154279480321258600e+00 5.924920891077645885e-03
2.170732852840524529e+00 5.724889541237729480e-03
2.187311888473481680e+00 5.447292230874064070e-03
2.204017546975835184e+00 5.130995033661436659e-03
2.220850795433451541e+00 5.031075189660077010e-03
2.237812608318344942e+00 4.735117223841346992e-03
2.254903967545088150e+00 4.559656592521141999e-03
2.272125862527654583e+00 4.324577854354649115e-03
2.289479290236696052e+00 4.068292428600114863e-03
2.306965255257257041e+00 3.938046357338235992e-03
2.324584769846928634e+00 3.850944741154748493e-03
2.342338853994450965e+00 3.620714101184540484e-03
2.360228535478756218e+00 3.472986068738996655e-03
2.378254849928468584e+00 3.363589877275511512e-03
2.396418840881856305e+00 3.124509812066310604e-03
2.414721559847241572e+00 3.037963228292714889e-03
2.433164066363873168e+00 3.002024508515485201e-03
2.451747428063260070e+00 2.811888030716301699e-03
2.470472720730979344e+00 2.649257475692545164e-03
2.489341028368951214e+00 2.510432419689435490e-03
2.508353443258192428e+00 2.490585797303609440e-03
2.527511066022048780e+00 2.331579307995414619e-03
2.546815005689907707e+00 2.259872178119667462e-03
2.566266379761402039e+00 2.149415089829686230e-03
2.585866314271100030e+00 2.071326568558715369e-03
2.605615943853691441e+00 1.946183256631085073e-03
2.625516411809674544e+00 1.835946945002709090e-03
2.645568870171534748e+00 1.815133533183926938e-03
2.665774479770441019e+00 1.797902854797508261e-03
2.686134410303444575e+00 1.718289246878263506e-03
2.706649840401191387e+00 1.608543545744699254e-03
2.727321957696154264e+00 1.565378189881413626e-03
2.748151958891383195e+00 1.512498842156733162e-03
2.769141049829782819e+00 1.477843564883280945e-03
2.790290445563917920e+00 1.414941456979716943e-03
2.811601370426352720e+00 1.318951504052904081e-03
2.833075058100528398e+00 1.286904749331394633e-03
2.854712751692177974e+00 1.208681239223454058e-03
2.876515703801291846e+00 1.189180912671520141e-03
2.898485176594628676e+00 1.161115627331720532e-03
2.920622441878783171e+00 1.082564787110718019e-03
2.942928781173810293e+00 1.064950643797340796e-03
2.965405485787410811e+00 1.018748219054839248e-03
2.988053856889687943e+00 9.591943365030615454e-04
3.010875205588466663e+00 9.118588548345749620e-04
3.033870853005199208e+00 9.039296250908434921e-04
3.057042130351439457e+00 9.138948788304452134e-04
3.080390379005908841e+00 8.236070968188523777e-04
3.103916950592149782e+00 7.906367136363074343e-04
3.127623207056766663e+00 7.670458189382375891e-04
3.151510520748272093e+00 7.375526004242863960e-04
3.175580274496530464e+00 7.023200894758180150e-04
3.199833861692807702e+00 7.391095547179167297e-04
3.224272686370440510e+00 6.605792066360031273e-04
3.248898163286108698e+00 6.377745248264755961e-04
3.273711718001736770e+00 6.128274640952118381e-04
3.298714786967021251e+00 5.768396732428955663e-04
3.323908817602584165e+00 5.795175595040172149e-04
3.349295268383767343e+00 5.606498170612297417e-04
3.374875608925059112e+00 5.559622421588013806e-04
3.400651320065169791e+00 5.231671974579792756e-04
3.426623893952761790e+00 5.045718330980958170e-04
3.452794834132823176e+00 4.975879541705187110e-04
3.479165655633714493e+00 4.671710758136905610e-04
3.505737885054867498e+00 4.668339462283384073e-04
3.532513060655161574e+00 4.305495172808802536e-04
3.559492732441974283e+00 4.342663603838958948e-04
3.586678462260907807e+00 4.052095860212126923e-04
3.614071823886209955e+00 4.134204699364798217e-04
3.641674403111871072e+00 3.853103917164895221e-04
3.669487797843431487e+00 3.751380702028037062e-04
3.697513618190481299e+00 3.600140716778043974e-04
3.725753486559869376e+00 3.392231074415575373e-04
3.754209037749625999e+00 3.304237704111814009e-04
3.782881919043597829e+00 3.374269456730362893e-04
3.811773790306809850e+00 3.360820694280009175e-04
3.840886324081555170e+00 3.086777457373580274e-04
3.870221205684216237e+00 2.978465548832508864e-04
3.899780133302832574e+00 2.863466939241700098e-04
3.929564818095400369e+00 2.945574228919590055e-04
3.959576984288936341e+00 2.756703883832966554e-04
3.989818369279292121e+00 2.723946811007315542e-04
4.020290723731728910e+00 2.536257296958062185e-04
4.050995811682269299e+00 2.342763843699041009e-04
4.081935410639808026e+00 2.217900302973380730e-04
4.113111311689019445e+00 2.394881596179498473e-04
4.144525319594036361e+00 2.241095138759756041e-04
4.176179252902931793e+00 2.028734697477943810e-04
4.208074944052993871e+00 2.110273384788265887e-04
4.240214239476800984e+00 1.902638694658368974e-04
4.272598999709120271e+00 1.913175502627669227e-04
4.305231099494601921e+00 1.909860605388186182e-04
4.338112427896314571e+00 1.765322931335047165e-04
4.371244888405103168e+00 1.798504681929226714e-04
4.404630399049775491e+00 1.727576908278005902e-04
4.438270892508145771e+00 1.609079107046966961e-04
4.472168316218908757e+00 1.677562989615017926e-04
4.506324632494379756e+00 1.525845328943595681e-04
4.540741818634090876e+00 1.455332688086217552e-04
4.575421867039255019e+00 1.588359210895485933e-04
4.610366785328114503e+00 1.403187663179576109e-04
4.645578596452149434e+00 1.368626848452235726e-04
4.681059338813191140e+00 1.435127388298442733e-04
4.716811066381425555e+00 1.298174092888142465e-04
4.752835848814294550e+00 1.258986478793362729e-04
4.789135771576313871e+00 1.236247078320313448e-04
4.825712936059790792e+00 1.226872202565454102e-04
4.862569459706477915e+00 1.252554249897006098e-04
4.899707476130153339e+00 1.134699217383811038e-04
4.937129135240129862e+00 1.135730753510425222e-04
4.974836603365720755e+00 1.095489003761412135e-04
5.012832063381637226e+00 1.171594365912398124e-04
5.051117714834363781e+00 1.057189382754286725e-04
5.089695774069483036e+00 9.445585030578913419e-05
5.128568474359980200e+00 1.010720930018855411e-04
5.167738066035535205e+00 8.485292278106402455e-05
5.207206816612779399e+00 9.473059205059454046e-05
5.246977010926572760e+00 8.596845099481643070e-05
5.287050951262264320e+00 8.886710297415456822e-05
5.327430957488979324e+00 7.526850059712263152e-05
5.368119367193910918e+00 7.643865537840195462e-05
5.409118535817638573e+00 8.454673200652494788e-05
5.450430836790491895e+00 7.930468724901196991e-05
5.492058661669943831e+00 7.669227333631526897e-05
5.534004420279054592e+00 6.989978821312537339e-05
5.576270540845982282e+00 7.357237113162645465e-05
5.618859470144546009e+00 6.828816850680240473e-05
5.661773673635872584e+00 6.528372388730542281e-05
5.705015635611118796e+00 7.302400343013158311e-05
5.748587859335287931e+00 5.993155540169051236e-05
5.792492867192146733e+00 6.623349646050916487e-05
5.836733200830237500e+00 6.010979210135232681e-05
5.881311421310018162e+00 6.366120844817363812e-05
5.926230109252122347e+00 5.364936541266513380e-05
5.971491864986748332e+00 5.637853066256124436e-05
6.017099308704191074e+00 5.387794678611246789e-05
6.063055080606527092e+00 5.786896587326639314e-05
6.109361841060454879e+00 5.537831394128918822e-05
6.156022270751298819e+00 5.164401205550716174e-05
6.203039070838196167e+00 4.821853031771769591e-05
6.250414963110467070e+00 5.186743278020245938e-05
6.298152690145174759e+00 4.502155790611637364e-05
6.346255015465900762e+00 4.616106250974333358e-05
6.394724723702712943e+00 4.432394541861283798e-05
6.443564620753374328e+00 4.617649683045225344e-05
6.492777533945774948e+00 3.906678903545151367e-05
6.542366312201600920e+00 4.357072320444024723e-05
6.592333826201270064e+00 3.848100197887126982e-05
6.642682968550095879e+00 4.314021873178418076e-05
6.693416653945753581e+00 4.118245697003153713e-05
6.744537819347007357e+00 4.017445716918111812e-05
6.796049424143726370e+00 4.009467666345268634e-05
6.847954450328215259e+00 3.841563105843683360e-05
6.900255902667822738e+00 3.427444845473310344e-05
6.952956808878900219e+00 3.107833282895721447e-05
7.006060219802071387e+00 3.039750521900810897e-05
7.059569209578839377e+00 3.172588021468652380e-05
7.113486875829561740e+00 3.390916800541786294e-05
7.167816339832755901e+00 3.081325942684235163e-05
7.222560746705797285e+00 3.209316004217226972e-05
7.277723265586987011e+00 3.099132788010277684e-05
7.333307089819009583e+00 2.563142819937923639e-05
7.389315437133804565e+00 2.904250576158145700e-05
7.445751549838826477e+00 2.461051376141061483e-05
7.502618695004750649e+00 2.337610995834568645e-05
7.559920164654601038e+00 2.693760692979136367e-05
7.617659275954320464e+00 2.981669685600694052e-05
7.675839371404808986e+00 2.692951831773517007e-05
7.734463819035411802e+00 2.409189817446959003e-05
7.793536012598893947e+00 2.270179384570115489e-05
7.853059371767910690e+00 2.194502208066711934e-05
7.913037342332964741e+00 2.315997144643531749e-05
7.973473396401889346e+00 2.101327930526964769e-05
8.034371032600834184e+00 2.046390084112628059e-05
8.095733776276818006e+00 2.030590313136420837e-05
8.157565179701792957e+00 1.881022267687022345e-05
8.219868822278293408e+00 2.438714753633851196e-05
8.282648310746649756e+00 2.211994637415075032e-05
8.345907279393774303e+00 2.101674261513740991e-05
8.409649390263549407e+00 2.104239937238161392e-05
8.473878333368830340e+00 1.719259063865489503e-05
8.538597826905046873e+00 1.907090004684881360e-05
8.603811617465460415e+00 1.602325291489221077e-05
8.669523480258041204e+00 1.662414916209643050e-05
8.735737219324033020e+00 1.613415094938797358e-05
8.802456667758143283e+00 1.583357620378892191e-05
8.869685687930459750e+00 1.747799722943078592e-05
8.937428171710028124e+00 1.471744545094785805e-05
9.005688040690165153e+00 1.999197803315867766e-05
9.074469246415468149e+00 1.656562709230505962e-05
9.143775770610570675e+00 1.644694765044145396e-05
9.213611625410646155e+00 1.631871939502796594e-05
9.283980853593664762e+00 1.771308229847834642e-05
9.354887528814433750e+00 1.456581140574646994e-05
9.426335755840423047e+00 1.379503322296630331e-05
9.498329670789374291e+00 1.318887463648313399e-05
9.570873441368757284e+00 1.407091539492141258e-05
9.643971267117024126e+00 1.396957884281156445e-05
9.717627379646726737e+00 1.241159133967733574e-05
9.791846042889485346e+00 1.408065535095695723e-05
9.866631553342816829e+00 1.190695074123846902e-05
9.941988240318867298e+00 1.386311079660814263e-05
1.001792046619502941e+01 1.172429730480512185e-05
1.009443262666647811e+01 1.163760603070082091e-05
1.017152915100063915e+01 9.551150860432143684e-06
1.024921450229360431e+01 9.783181197595821683e-06
1.032749317772848840e+01 9.553424332356039760e-06
1.040636970883577561e+01 1.053544940290912916e-05
1.048584866175564301e+01 1.179751016619037568e-05
1.056593463750229134e+01 1.170976117992141683e-05
1.064663227223031328e+01 8.530736834193994168e-06
1.072794623750306187e+01 8.323823395732530279e-06
1.080988124056310262e+01 9.998105638001352239e-06
1.089244202460468713e+01 9.774759222023945288e-06
1.097563336904835118e+01 9.422188902054704724e-06
1.105946008981760897e+01 1.005372575016970517e-05
1.114392703961772924e+01 8.990665521560773851e-06
1.122903910821665363e+01 1.017890084162456234e-05
1.131480122272806810e+01 8.860908978046515137e-06
1.140121834789663069e+01 5.767861811276291915e-06
1.148829548638539144e+01 8.178242732894379024e-06
1.157603767906538295e+01 7.307024578501934456e-06
1.166445000530744025e+01 6.439982916081368985e-06
1.175353758327623055e+01 7.460708233823271235e-06
1.184330557022655483e+01 5.422776953148378707e-06
1.193375916280191262e+01 7.610173119344551830e-06
1.202490359733531022e+01 5.991733901541668890e-06
1.211674415015240314e+01 7.884916242465651214e-06
1.220928613787693706e+01 7.184283569211753138e-06
1.230253491773851593e+01 5.983728924806170683e-06
1.239649588788276091e+01 6.441188471199658848e-06
1.249117448768377869e+01 5.264958817500682439e-06
1.258657619805906158e+01 6.346877641910949053e-06
1.268270654178675727e+01 5.432224475080703824e-06
1.277957108382539175e+01 6.492324327359563286e-06
1.287717543163603651e+01 5.595461714820293674e-06
1.297552523550690928e+01 6.516106368159001194e-06
1.307462618888047245e+01 6.946191822636822097e-06
1.317448402868301116e+01 5.707955335685672852e-06
1.327510453565674453e+01 5.663694322723161184e-06
1.337649353469450197e+01 5.968588671759802955e-06
1.347865689517689169e+01 6.158014523574125297e-06
1.358160053131209644e+01 5.071731441944384236e-06
1.368533040247822186e+01 5.377635313874675512e-06
1.378985251356829522e+01 3.975542439755902144e-06
1.389517291533790910e+01 4.507810282216608441e-06
1.400129770475546920e+01 4.697702288417834338e-06
1.410823302535516532e+01 5.325947252673016804e-06
1.421598506759258740e+01 3.965061282427368252e-06
1.432456006920312142e+01 4.371046276740881824e-06
1.443396431556304549e+01 5.534385321958441830e-06
1.454420414005338102e+01 3.016583498249661386e-06
1.465528592442653633e+01 4.593159494713187495e-06
1.476721609917572842e+01 4.029054647072736849e-06
1.488000114390725059e+01 3.997507888193536098e-06
1.499364758771559814e+01 5.014520492396756397e-06
1.510816200956140420e+01 3.626957246117007314e-06
1.522355103865231740e+01 4.114263506193511568e-06
1.533982135482673925e+01 3.980173814555296704e-06
1.545697968894052465e+01 3.141635811676878968e-06
1.557503282325665950e+01 3.821850101775011360e-06
1.569398759183785330e+01 3.491069774302932188e-06
1.581385088094217650e+01 3.267690715580332719e-06
1.593462962942168204e+01 4.225438822071159058e-06
1.605633082912410003e+01 3.904248023156763841e-06
1.617896152529763043e+01 2.807072965904670427e-06
1.630252881699875189e+01 3.077123636609802229e-06
1.642703985750318907e+01 3.335626891535223301e-06
1.655250185472002045e+01 2.839578199677681096e-06
1.667892207160893037e+01 4.222052804354869633e-06
1.680630782660069400e+01 2.515066519766802046e-06
1.693466649402079582e+01 2.867600164141249985e-06
1.706400550451636988e+01 3.672353787009756077e-06
1.719433234548630907e+01 2.732665686046015004e-06
1.732565456151473171e+01 3.165209815778393125e-06
1.745797975480775932e+01 2.154287737722973272e-06
1.759131558563357700e+01 1.958337248661207439e-06
1.772566977276590450e+01 2.650026880296961418e-06
1.786105009393079257e+01 2.892118399082619331e-06
1.799746438625691525e+01 1.653009530190029452e-06
1.813492054672925491e+01 3.280884747497810205e-06
1.827342653264623351e+01 3.085366854117700703e-06
1.841299036208040008e+01 1.700698224653724139e-06
1.855362011434253589e+01 2.616927727377840839e-06
1.869532393044939056e+01 2.848515085548362676e-06
1.883811001359499926e+01 2.661716848194166198e-06
1.898198662962550998e+01 2.804937000296029960e-06
1.912696210751772696e+01 2.540035773876161873e-06
1.927304483986123529e+01 2.356140014112753080e-06
1.942024328334427707e+01 2.984811138263387174e-06
1.956856595924331188e+01 2.401241507207351853e-06
1.971802145391628613e+01 1.270690306632007443e-06
1.986861841929972172e+01 2.208367042454378104e-06
2.002036557340952783e+01 2.345335729997258609e-06
2.017327170084572430e+01 2.717115478887884316e-06
2.032734565330098775e+01 2.697808288733191109e-06
2.048259635007306656e+01 1.986598299847545017e-06
2.063903277858106478e+01 2.580318584174529192e-06
2.079666399488577966e+01 2.183852924957644733e-06
2.095549912421395078e+01 2.168191710879537887e-06
2.111554736148649880e+01 2.150128358014358608e-06
2.127681797185082857e+01 2.280606767750822190e-06
2.143932029121715743e+01 1.753368214723147089e-06
2.160306372679898601e+01 1.450955499013076702e-06
2.176805775765772211e+01 2.086535798819229407e-06
2.193431193525134404e+01 2.212345735915589221e-06
2.210183588398740895e+01 2.266927672997180823e-06
2.227063930178012185e+01 2.040720478947990975e-06
2.244073196061181008e+01 1.117532231523125664e-06
2.261212370709861119e+01 1.940262116666420626e-06
2.278482446306047393e+01 1.510706006880192987e-06
2.295884422609555031e+01 1.365180765459428204e-06
2.313419307015891846e+01 1.353213830494655385e-06
2.331088114614578188e+01 1.612187069190929691e-06
2.348891868247912029e+01 1.066665117751263038e-06
2.366831598570178841e+01 1.720888953084970282e-06
2.384908344107317646e+01 1.508934549616862263e-06
2.403123151317036843e+01 1.367630871820171317e-06
2.421477074649395789e+01 1.422990950513668484e-06
2.439971176607850367e+01 1.540566927424519473e-06
2.458606527810756148e+01 1.210685371899026040e-06
2.477384207053348675e+01 1.073246343244187979e-06
2.496305301370191287e+01 1.756749656285505558e-06
2.515370906098105408e+01 2.053409056249829329e-06
2.534582124939582215e+01 1.668976380301970532e-06
2.553940070026671805e+01 1.103454336805031604e-06
2.573445861985366534e+01 1.156532709414628160e-06
2.593100630000469309e+01 1.268147370345187180e-06
2.612905511880966003e+01 1.558366007582524481e-06
2.632861654125893835e+01 1.248861562315313867e-06
2.652970211990708549e+01 1.415561611645120011e-06
2.673232349554165310e+01 1.171585661841549158e-06
2.693649239785701255e+01 8.715097323355495417e-07
2.714222064613342411e+01 9.234183554054515981e-07
2.734952014992126834e+01 5.722816361664308489e-07
2.755840290973046081e+01 9.095445250648890569e-07
2.776888101772517103e+01 1.015053496187300481e-06
2.798096665842379238e+01 9.527293316374554932e-07
2.819467210940434398e+01 8.326262114580346330e-07
2.841000974201522311e+01 1.102320318458641265e-06
2.862699202209135763e+01 1.696762188969089181e-06
2.884563151067587228e+01 9.765847090411274823e-07
2.906594086474717642e+01 1.294300367180157129e-06
2.928793283795175029e+01 9.085548258512869574e-07
2.951162028134242377e+01 7.425110779438258758e-07
2.973701614412232175e+01 6.852441293989035057e-07
2.996413347439450092e+01 1.201387109887199655e-06
3.019298541991724250e+01 1.192295508445413559e-06
3.042358522886523176e+01 8.237226312367571256e-07
3.065594625059649658e+01 1.328503739114686331e-06
3.089008193642516886e+01 7.098050447241434449e-07
3.112600584040018958e+01 6.539920230548361467e-07
3.136373162008992921e+01 9.986973703452229466e-07
3.160327303737282278e+01 5.944858139857300167e-07
3.184464395923409441e+01 1.033428373921850134e-06
3.208785835856844670e+01 4.395749012728253967e-07
3.233293031498900660e+01 1.017111743022946867e-06
3.257987401564231078e+01 7.213566574386545325e-07
3.282870375602964685e+01 8.114749464935895453e-07
3.307943394083464739e+01 8.045498997881916252e-07
3.333207908475711889e+01 7.050811936934374960e-07
3.358665381335332967e+01 9.324286683095441451e-07
3.384317286388262858e+01 5.090398079938928949e-07
3.410165108616060081e+01 4.589726037412940184e-07
3.436210344341879619e+01 5.924397072671326707e-07
3.462454501317083100e+01 4.976058961462792108e-07
3.488899098808531107e+01 7.178721878726790412e-07
3.515545667686525633e+01 8.014901724215331468e-07
3.542395750513435360e+01 5.751162160304370328e-07
3.569450901632996676e+01 1.053234582905977348e-06
3.596712687260290409e+01 6.088532964757623072e-07
3.624182685572413476e+01 6.478647593245009003e-07
3.651862486799832652e+01 9.425718589855654693e-07
3.679753693318444618e+01 8.080607527959043171e-07
3.707857919742345842e+01 8.444871575929021227e-07
3.736176793017290265e+01 8.380825169466308588e-07
3.764711952514880267e+01 4.992571810549563743e-07
3.793465050127463911e+01 7.019065104229724758e-07
3.822437750363764764e+01 6.552084048793016032e-07
3.851631730445244273e+01 4.062309944927377112e-07
3.881048680403189621e+01 6.859735646891011185e-07
3.910690303176554039e+01 5.205145799735507455e-07
3.940558314710532528e+01 8.742618568337683625e-07
3.970654444055901422e+01 5.909491966844375378e-07
4.000980433469116804e+01 4.310390688033529747e-07
4.031538038513167521e+01 8.549775350511795325e-07
4.062329028159209088e+01 5.394766223780818241e-07
4.093355184888959997e+01 3.057751277647532066e-07
4.124618304797896684e+01 5.693350014249665007e-07
4.156120197699230800e+01 6.772614208483095122e-07
4.187862687228675185e+01 3.736956711402564644e-07
4.219847610950009198e+01 4.452262880211656643e-07
4.252076820461459761e+01 4.783216647928676904e-07
4.284552181502894541e+01 6.577056262999396009e-07
4.317275574063820898e+01 4.353696097957876901e-07
4.350248892492221842e+01 7.923491018441729860e-07
4.383474045604216940e+01 4.647842003625258652e-07
4.416952956794561658e+01 7.442909159499406610e-07
4.450687564148002906e+01 3.519393168385056752e-07
4.484679820551461660e+01 4.891412657148964237e-07
4.518931693807093097e+01 6.240850769763475125e-07
4.553445166746195127e+01 4.129040982175754349e-07
4.588222237343995147e+01 4.098290963419007339e-07
4.623264918835322135e+01 7.112729115491422203e-07
4.658575239831141346e+01 3.362466319481724049e-07
4.694155244435995655e+01 3.668540110753182995e-07
4.730006992366332952e+01 3.641701153913525198e-07
4.766132559069743735e+01 3.611845012988777768e-07
4.802534035845116023e+01 7.500284846212930617e-07
4.839213529963691940e+01 3.554119073652181207e-07
4.876173164791060799e+01 5.460451192350379035e-07
4.913415079910075178e+01 5.105088627957447693e-07
4.950941431244714153e+01 1.900630128803229996e-07
4.988754391184892256e+01 3.140240014718364313e-07
5.026856148712214889e+01 2.802706955525985120e-07
5.065248909526700771e+01 5.571584392297247018e-07
5.103934896174460789e+01 4.911899292455544811e-07
5.142916348176368757e+01 2.435557596923550033e-07
5.182195522157707757e+01 4.838981324263717543e-07
5.221774691978801286e+01 3.301202579242587674e-07
5.261656148866648408e+01 4.762892311117276179e-07
5.301842201547557920e+01 2.957099227736522337e-07
5.342335176380803574e+01 3.222898758642471243e-07
5.383137417493298926e+01 2.615541574253522069e-07
5.424251286915296077e+01 2.886298870218151994e-07
5.465679164717121807e+01 3.150914777998370742e-07
5.507423449146955363e+01 3.693875791910798929e-07
5.549486556769667800e+01 3.948247233441322458e-07
5.591870922606719319e+01 1.120467453956564736e-07
5.634579000277113892e+01 3.054411144716766281e-07
5.677613262139447414e+01 3.036337240079281050e-07
5.720976199435020249e+01 3.834814113224009890e-07
5.764670322432060345e+01 3.800443332087250137e-07
5.808698160571049129e+01 2.694288833285356740e-07
5.853062262611141620e+01 4.549792410631404445e-07
5.897765196777716312e+01 3.187595397444374039e-07
5.942809550911043459e+01 3.426849348556838005e-07
5.988197932616098740e+01 3.402075903516245454e-07
6.033932969413523040e+01 2.594786721631543133e-07
6.080017308891720518e+01 3.091258890409187645e-07
6.126453618860131201e+01 3.828806538343936649e-07
6.173244587503663183e+01 2.793943602517224185e-07
6.220392923538312857e+01 3.020400753022144511e-07
6.267901356367983112e+01 3.494994085553026467e-07
6.315772636242475357e+01 3.718593360471046894e-07
6.364009534416704383e+01 2.458967151190587327e-07
6.412614843311123991e+01 2.199572004228728872e-07
6.461591376673376885e+01 2.664472459320582921e-07
6.510941969741192281e+01 3.610085662296188406e-07
6.560669479406510618e+01 1.908724415290298873e-07
6.610776784380868776e+01 4.263459731733983972e-07
6.661266785362042242e+01 2.351728349397093012e-07
6.712142405201964834e+01 9.342683084432717874e-08
6.763406589075952979e+01 1.620708112843580116e-07
6.815062304653176284e+01 2.072132943206264271e-07
6.867112542268469610e+01 3.194310865050961402e-07
6.919560315095429814e+01 2.494985836351622129e-07
6.972408659320856827e+01 1.796526389903006669e-07
7.025660634320522036e+01 2.450376430398311972e-07
7.079319322836265371e+01 8.841879591429280612e-08
7.133387831154462333e+01 1.978751180367794887e-07
7.187869289285829666e+01 1.307403298264939538e-07
7.242766851146639340e+01 2.379272493380623242e-07
7.298083694741293925e+01 1.932992091400934325e-07
7.353823022346294636e+01 8.512251165402664373e-08
7.409988060695627610e+01 2.326354950521343094e-07
7.466582061167545703e+01 1.890100059499537383e-07
7.523608299972798363e+01 1.454360279325114606e-07
7.581070078344298224e+01 2.065717664004847511e-07
7.638970722728217311e+01 1.436220346802868137e-07
7.697313584976564016e+01 2.032559662110813114e-07
7.756102042541199637e+01 1.617015335292149368e-07
7.815339498669379736e+01 1.804816535778304444e-07
7.875029382600763483e+01 1.193716101230189689e-07
7.935175149765926506e+01 1.182680015045570400e-07
7.995780281986401405e+01 1.175093882193375024e-07
8.056848287676226050e+01 1.944952385655318029e-07
8.118382702045050792e+01 1.736107695740141786e-07
8.180387087302804616e+01 2.107719209168392657e-07
8.242865032865888963e+01 2.091285412684980047e-07
8.305820155564990159e+01 1.509005070519052202e-07
8.369256099854430886e+01 2.058316159820477949e-07
8.433176538023161584e+01 2.044057899732705949e-07
8.497585170407356259e+01 1.105105972491404444e-07
8.562485725604614117e+01 1.827951506224155110e-07
8.627881960689798291e+01 1.451736702819460810e-07
8.693777661432541493e+01 1.980832422468100669e-07
8.760176642516411505e+01 1.431192827302201322e-07
8.827082747759727965e+01 1.595038055217643322e-07
8.894499850338092983e+01 3.521917236332331583e-08
8.962431853008587268e+01 1.746778265731685623e-07
9.030882688335715613e+01 1.214998469540725206e-07
9.099856318919067633e+01 1.722169409086407044e-07
9.169356737622699427e+01 1.197504354490400248e-07
9.239387967806285928e+01 1.185846720858211275e-07
9.309954063558021176e+01 2.356859789524868649e-07
9.381059109929316264e+01 1.169706994225152433e-07
9.452707223171287865e+01 4.970601845028670605e-08
9.524902550973044413e+01 1.479819221285495478e-07
9.597649272701789869e+01 1.633140286964469780e-07
9.670951599644754992e+01 6.486100270133970184e-08
9.744813775253007293e+01 1.446892630573174827e-07
9.819240075387101285e+01 7.975058533903744474e-08
9.894234808564596051e+01 1.109479681747706489e-07
9.969802316209487003e+01 9.416814225671751365e-08
1.004594697290351206e+02 9.344319269127325636e-08
1.012267318663940330e+02 7.728674030675654764e-08
1.019998539907607551e+02 6.145526121465928218e-08
1.027788808579573896e+02 1.066863298398131384e-07
1.035638575656300304e+02 3.026000711092981033e-08
1.043548295558592258e+02 1.049462383741803203e-07
1.051518426177907060e+02 8.946638511596878514e-08
1.059549428902863042e+02 1.034353185095885487e-07
1.067641768645947025e+02 8.793046814726885152e-08
1.075795913870428819e+02 4.375334064422689971e-08
1.084012336617479093e+02 8.672173123462086461e-08
1.092291512533496842e+02 1.720623026398972665e-07
1.100633920897645339e+02 1.138332051512039574e-07
1.109040044649596268e+02 1.554901692054800044e-07
1.117510370417487309e+02 1.121136024576316581e-07
1.126045388546091885e+02 8.348271270939841279e-08
1.134645593125205778e+02 6.894115332384663035e-08
1.143311482018251581e+02 1.096918894000171805e-07
1.152043556891097040e+02 1.086741819365572548e-07
1.160842323241099052e+02 2.694238958677019812e-08
1.169708290426363391e+02 9.364864194789869112e-08
1.178641971695234076e+02 9.300031141996981648e-08
1.187643884216004722e+02 6.603038177311442874e-08
1.196714549106856964e+02 2.609416098687240906e-08
1.205854491466028264e+02 6.491348662900127645e-08
1.215064240402207503e+02 5.156733897926566576e-08
1.224344329065167187e+02 8.950793003025047878e-08
1.233695294676628009e+02 5.069074624694139026e-08
1.243117678561356172e+02 7.565098369220596349e-08
1.252612026178502873e+02 3.752028352769211152e-08
1.262178887153177698e+02 7.455042705847701359e-08
1.271818815308268711e+02 7.387509758699147589e-08
1.281532368696502999e+02 4.887204484335802527e-08
1.291320109632751496e+02 3.637594021120615167e-08
1.301182604726581644e+02 2.407049237251987679e-08
1.311120424915058038e+02 1.076027092223351809e-07
1.321134145495791472e+02 3.553272605504169972e-08
1.331224346160248615e+02 8.233800548840067716e-08
1.341391611027304975e+02 5.830898874974441618e-08
1.351636528677061619e+02 0.000000000000000000e+00
1.361959692184915980e+02 6.898136513703108567e-08
1.372361699155896986e+02 9.126966032288383114e-08
1.382843151759259683e+02 3.399999452703799969e-08
1.393404656763344747e+02 8.990345047849190193e-08
1.404046825570703732e+02 7.806152364155423348e-08
1.414770274253492062e+02 8.863193019245138472e-08
1.425575623589134011e+02 5.491589495033382922e-08
1.436463499096261103e+02 8.715326072710620079e-08
1.447434531070921366e+02 1.085947216726333114e-08
1.458489354623067129e+02 4.291137645265799399e-08
1.469628609713321055e+02 4.255114672011519328e-08
1.480852941190023273e+02 4.237378301570883458e-08
1.492162998826563580e+02 7.345591969914713907e-08
1.503559437358994160e+02 2.077287938676184588e-08
1.515042916523934196e+02 3.104666000451221481e-08
1.526614101096758418e+02 3.080619277825508925e-08
1.538273660930082656e+02 5.086227945721627040e-08
1.550022270992544691e+02 4.041208974629382668e-08
1.561860611407872170e+02 4.012834559530319376e-08
1.573789367494260318e+02 1.988933527606843036e-08
1.585809229804039546e+02 1.186266166387249709e-07
1.597920894163653998e+02 1.964965055390174233e-08
1.610125061713944206e+02 5.840591570096579783e-08
1.622422438950733863e+02 5.791317659447952618e-08
1.634813737765729229e+02 2.870182633293157598e-08
1.647299675487729473e+02 4.747817606826883050e-08
1.659880974924153065e+02 1.882676035532956371e-08
1.672558364402883058e+02 2.806988755191869070e-08
1.685332577814427282e+02 3.714168500388180459e-08
1.698204354654404540e+02 2.767531223443328385e-08
1.711174440066350826e+02 1.832103882776404085e-08
1.724243584884858365e+02 1.817360353469749252e-08
1.737412545679041500e+02 2.708071924509932886e-08
1.750682084796334834e+02 7.162895861119440306e-08
1.764052970406620489e+02 4.437786714977357278e-08
1.777525976546700690e+02 1.763248408910221551e-08
1.791101883165108575e+02 1.750546974621324022e-08
1.804781476167256642e+02 4.341927703168878519e-08
1.818565547460933089e+02 2.584631357292164973e-08
1.832454895002142905e+02 5.131528223296633094e-08
1.846450322841304228e+02 8.486187580416724917e-09
1.860552641169795152e+02 1.685203069903596647e-08
1.874762666366852955e+02 2.498357473640922055e-08
1.889081221046837413e+02 4.144590235451918265e-08
1.903509134106845408e+02 1.644766350604044313e-08
1.918047240774702118e+02 1.630068254666294040e-08
1.932696382657309186e+02 2.431339462315537024e-08
1.947457407789366925e+02 4.022777976839123900e-08
1.962331170682464574e+02 2.389296677071549710e-08
1.977318532374547715e+02 3.164682605652944651e-08
1.992420360479763985e+02 4.715820628056936436e-08
