1.003818764619345688e-01 0.000000000000000000e+00
1.011485459784472879e-01 0.000000000000000000e+00
1.019210709558087680e-01 0.000000000000000000e+00
1.026994961152724595e-01 0.000000000000000000e+00
1.034838665196517182e-01 0.000000000000000000e+00
1.042742275759283854e-01 0.000000000000000000e+00
1.050706250378814766e-01 0.000000000000000000e+00
1.058731050087358544e-01 0.000000000000000000e+00
1.066817139438310941e-01 0.000000000000000000e+00
1.074964986533107902e-01 0.000000000000000000e+00
1.083175063048323894e-01 0.000000000000000000e+00
1.091447844262976724e-01 0.000000000000000000e+00
1.099783809086041647e-01 0.000000000000000000e+00
1.108183440084175297e-01 0.000000000000000000e+00
1.116647223509651676e-01 0.000000000000000000e+00
1.125175649328510052e-01 0.000000000000000000e+00
1.133769211248920050e-01 0.000000000000000000e+00
1.142428406749761566e-01 0.000000000000000000e+00
1.151153737109424230e-01 0.000000000000000000e+00
1.159945707434826001e-01 0.000000000000000000e+00
1.168804826690653942e-01 0.000000000000000000e+00
1.177731607728827179e-01 0.000000000000000000e+00
1.186726567318187042e-01 0.000000000000000000e+00
1.195790226174411192e-01 0.000000000000000000e+00
1.204923108990159364e-01 0.000000000000000000e+00
1.214125744465446438e-01 0.000000000000000000e+00
1.223398665338249064e-01 0.000000000000000000e+00
1.232742408415345714e-01 0.000000000000000000e+00
1.242157514603392660e-01 0.000000000000000000e+00
1.251644528940235868e-01 0.000000000000000000e+00
1.261204000626464650e-01 0.000000000000000000e+00
1.270836483057203870e-01 0.000000000000000000e+00
1.280542533854148735e-01 0.000000000000000000e+00
1.290322714897847722e-01 0.000000000000000000e+00
1.300177592360227119e-01 0.000000000000000000e+00
1.310107736737369521e-01 0.000000000000000000e+00
1.320113722882536866e-01 0.000000000000000000e+00
1.330196130039449920e-01 0.000000000000000000e+00
1.340355541875820067e-01 0.000000000000000000e+00
1.350592546517138115e-01 0.000000000000000000e+00
1.360907736580721228e-01 0.000000000000000000e+00
1.371301709210017705e-01 0.000000000000000000e+00
1.381775066109176553e-01 0.000000000000000000e+00
1.392328413577879620e-01 0.000000000000000000e+00
1.402962362546441299e-01 0.000000000000000000e+00
1.413677528611173018e-01 0.000000000000000000e+00
1.424474532070021393e-01 0.000000000000000000e+00
1.435353997958477290e-01 0.000000000000000000e+00
1.446316556085757710e-01 0.000000000000000000e+00
1.457362841071265513e-01 0.000000000000000000e+00
1.468493492381329202e-01 0.000000000000000000e+00
1.479709154366219692e-01 0.000000000000000000e+00
1.491010476297450760e-01 0.000000000000000000e+00
1.502398112405367581e-01 0.000000000000000000e+00
1.513872721917017827e-01 0.000000000000000000e+00
1.525434969094315862e-01 0.000000000000000000e+00
1.537085523272495868e-01 0.000000000000000000e+00
1.548825058898858631e-01 0.000000000000000000e+00
1.560654255571816418e-01 0.000000000000000000e+00
1.572573798080234009e-01 0.000000000000000000e+00
1.584584376443071152e-01 0.000000000000000000e+00
1.596686685949328388e-01 0.000000000000000000e+00
1.608881427198295411e-01 0.000000000000000000e+00
1.621169306140110011e-01 0.000000000000000000e+00
1.633551034116623724e-01 0.000000000000000000e+00
1.646027327902583326e-01 0.000000000000000000e+00
1.658598909747124317e-01 0.000000000000000000e+00
1.671266507415579139e-01 0.000000000000000000e+00
1.684030854231611252e-01 0.000000000000000000e+00
1.696892689119663122e-01 0.000000000000000000e+00
1.709852756647735894e-01 0.000000000000000000e+00
1.722911807070489909e-01 0.000000000000000000e+00
1.736070596372676911e-01 0.000000000000000000e+00
1.749329886312905313e-01 0.000000000000000000e+00
1.762690444467736595e-01 0.000000000000000000e+00
1.776153044276120585e-01 0.000000000000000000e+00
1.789718465084169652e-01 0.000000000000000000e+00
1.803387492190275665e-01 0.000000000000000000e+00
1.817160916890568911e-01 0.000000000000000000e+00
1.831039536524727285e-01 0.000000000000000000e+00
1.845024154522134641e-01 0.000000000000000000e+00
1.859115580448389149e-01 0.000000000000000000e+00
1.873314630052169971e-01 0.000000000000000000e+00
1.887622125312461430e-01 0.000000000000000000e+00
1.902038894486135501e-01 0.000000000000000000e+00
1.916565772155901515e-01 0.000000000000000000e+00
1.931203599278616956e-01 0.000000000000000000e+00
1.945953223233973239e-01 0.000000000000000000e+00
1.960815497873548141e-01 0.000000000000000000e+00
1.975791283570236256e-01 0.000000000000000000e+00
1.990881447268055271e-01 0.000000000000000000e+00
2.006086862532332482e-01 0.000000000000000000e+00
2.021408409600277400e-01 0.000000000000000000e+00
2.036846975431935991e-01 0.000000000000000000e+00
2.052403453761537377e-01 0.000000000000000000e+00
2.068078745149232178e-01 0.000000000000000000e+00
2.083873757033224972e-01 0.000000000000000000e+00
2.099789403782307273e-01 0.000000000000000000e+00
2.115826606748788530e-01 0.000000000000000000e+00
2.131986294321833453e-01 0.000000000000000000e+00
2.148269401981205418e-01 0.000000000000000000e+00
2.164676872351422587e-01 0.000000000000000000e+00
2.181209655256325375e-01 0.000000000000000000e+00
2.197868707774061070e-01 0.000000000000000000e+00
2.214654994292489798e-01 0.000000000000000000e+00
2.231569486565012084e-01 0.000000000000000000e+00
2.248613163766823297e-01 0.000000000000000000e+00
2.265787012551598312e-01 0.000000000000000000e+00
2.283092027108608313e-01 0.000000000000000000e+00
2.300529209220272819e-01 0.000000000000000000e+00
2.318099568320156068e-01 0.000000000000000000e+00
2.335804121551398604e-01 0.000000000000000000e+00
2.353643893825602684e-01 0.000000000000000000e+00
2.371619917882162865e-01 0.000000000000000000e+00
2.389733234348050406e-01 0.000000000000000000e+00
2.407984891798055638e-01 0.000000000000000000e+00
2.426375946815489959e-01 0.000000000000000000e+00
2.444907464053350243e-01 0.000000000000000000e+00
2.463580516295952316e-01 0.000000000000000000e+00
2.482396184521032390e-01 0.000000000000000000e+00
2.501355557962327558e-01 0.000000000000000000e+00
2.520459734172627586e-01 0.000000000000000000e+00
2.539709819087314635e-01 0.000000000000000000e+00
2.559106927088385386e-01 0.000000000000000000e+00
2.578652181068959992e-01 0.000000000000000000e+00
2.598346712498288968e-01 0.000000000000000000e+00
2.618191661487251354e-01 0.000000000000000000e+00
2.638188176854358025e-01 0.000000000000000000e+00
2.658337416192252944e-01 0.000000000000000000e+00
2.678640545934727890e-01 0.000000000000000000e+00
2.699098741424248438e-01 0.000000000000000000e+00
2.719713186979990649e-01 0.000000000000000000e+00
2.740485075966404560e-01 0.000000000000000000e+00
2.761415610862294479e-01 0.000000000000000000e+00
2.782506003330433297e-01 0.000000000000000000e+00
2.803757474287703610e-01 0.000000000000000000e+00
2.825171253975775620e-01 0.000000000000000000e+00
2.846748582032325170e-01 0.000000000000000000e+00
2.868490707562799669e-01 0.000000000000000000e+00
2.890398889212724143e-01 0.000000000000000000e+00
2.912474395240567393e-01 0.000000000000000000e+00
2.934718503591156602e-01 0.000000000000000000e+00
2.957132501969662597e-01 0.000000000000000000e+00
2.979717687916139113e-01 0.000000000000000000e+00
3.002475368880643813e-01 0.000000000000000000e+00
3.025406862298920529e-01 0.000000000000000000e+00
3.048513495668665474e-01 0.000000000000000000e+00
3.071796606626379655e-01 0.000000000000000000e+00
3.095257543024800828e-01 0.000000000000000000e+00
3.118897663010932186e-01 0.000000000000000000e+00
3.142718335104664473e-01 0.000000000000000000e+00
3.166720938277997055e-01 0.000000000000000000e+00
3.190906862034871283e-01 0.000000000000000000e+00
3.215277506491602821e-01 0.000000000000000000e+00
3.239834282457938475e-01 0.000000000000000000e+00
3.264578611518724749e-01 0.000000000000000000e+00
3.289511926116204799e-01 0.000000000000000000e+00
3.314635669632940984e-01 0.000000000000000000e+00
3.339951296475371922e-01 0.000000000000000000e+00
3.365460272158006805e-01 0.000000000000000000e+00
3.391164073388266975e-01 0.000000000000000000e+00
3.417064188151969217e-01 0.000000000000000000e+00
3.443162115799464074e-01 0.000000000000000000e+00
3.469459367132436967e-01 0.000000000000000000e+00
3.495957464491361577e-01 0.000000000000000000e+00
3.522657941843635454e-01 0.000000000000000000e+00
3.549562344872373987e-01 0.000000000000000000e+00
3.576672231065893826e-01 0.000000000000000000e+00
3.603989169807875204e-01 0.000000000000000000e+00
3.631514742468208712e-01 0.000000000000000000e+00
3.659250542494547620e-01 0.000000000000000000e+00
3.687198175504546316e-01 0.000000000000000000e+00
3.715359259378811507e-01 0.000000000000000000e+00
3.743735424354559527e-01 0.000000000000000000e+00
3.772328313119991394e-01 0.000000000000000000e+00
3.801139580909387861e-01 0.000000000000000000e+00
3.830170895598929426e-01 0.000000000000000000e+00
3.859423937803250215e-01 0.000000000000000000e+00
3.888900400972727933e-01 0.000000000000000000e+00
3.918601991491514891e-01 0.000000000000000000e+00
3.948530428776324541e-01 0.000000000000000000e+00
3.978687445375965748e-01 0.000000000000000000e+00
4.009074787071638113e-01 0.000000000000000000e+00
4.039694212977997800e-01 0.000000000000000000e+00
4.070547495644989411e-01 0.000000000000000000e+00
4.101636421160458901e-01 0.000000000000000000e+00
4.132962789253552538e-01 0.000000000000000000e+00
4.164528413398899120e-01 0.000000000000000000e+00
4.196335120921593775e-01 0.000000000000000000e+00
4.228384753102979454e-01 0.000000000000000000e+00
4.260679165287238890e-01 0.000000000000000000e+00
4.293220226988802568e-01 0.000000000000000000e+00
4.326009822000570493e-01 0.000000000000000000e+00
4.359049848502964952e-01 0.000000000000000000e+00
4.392342219173819284e-01 0.000000000000000000e+00
4.425888861299096533e-01 0.000000000000000000e+00
4.459691716884466306e-01 0.000000000000000000e+00
4.493752742767720409e-01 0.000000000000000000e+00
4.528073910732057783e-01 0.000000000000000000e+00
4.562657207620228750e-01 0.000000000000000000e+00
4.597504635449554122e-01 0.000000000000000000e+00
4.632618211527818053e-01 0.000000000000000000e+00
4.667999968570054614e-01 0.000000000000000000e+00
4.703651954816218117e-01 0.000000000000000000e+00
4.739576234149754375e-01 0.000000000000000000e+00
4.775774886217079018e-01 0.000000000000000000e+00
4.812250006547968972e-01 0.000000000000000000e+00
4.849003706676870973e-01 0.000000000000000000e+00
4.886038114265137677e-01 0.000000000000000000e+00
4.923355373224197473e-01 0.000000000000000000e+00
4.960957643839665199e-01 0.000000000000000000e+00
4.998847102896398775e-01 0.000000000000000000e+00
5.037025943804516182e-01 0.000000000000000000e+00
5.075496376726369441e-01 0.000000000000000000e+00
5.114260628704487832e-01 0.000000000000000000e+00
5.153320943790506981e-01 0.000000000000000000e+00
5.192679583175066060e-01 0.000000000000000000e+00
5.232338825318720854e-01 0.000000000000000000e+00
5.272300966083831586e-01 0.000000000000000000e+00
5.312568318867476602e-01 0.000000000000000000e+00
5.353143214735371913e-01 0.000000000000000000e+00
5.394028002556814361e-01 0.000000000000000000e+00
5.435225049140661735e-01 0.000000000000000000e+00
5.476736739372339846e-01 0.000000000000000000e+00
5.518565476351910970e-01 0.000000000000000000e+00
5.560713681533180353e-01 0.000000000000000000e+00
5.603183794863880740e-01 0.000000000000000000e+00
5.645978274926913842e-01 0.000000000000000000e+00
5.689099599082683145e-01 0.000000000000000000e+00
5.732550263612503638e-01 0.000000000000000000e+00
5.776332783863111775e-01 0.000000000000000000e+00
5.820449694392276774e-01 0.000000000000000000e+00
5.864903549115527692e-01 0.000000000000000000e+00
5.909696921454001828e-01 0.000000000000000000e+00
5.954832404483410002e-01 0.000000000000000000e+00
6.000312611084158698e-01 0.000000000000000000e+00
6.046140174092602404e-01 0.000000000000000000e+00
6.092317746453459471e-01 0.000000000000000000e+00
6.138848001373393704e-01 0.000000000000000000e+00
6.185733632475765020e-01 0.000000000000000000e+00
6.232977353956554722e-01 0.000000000000000000e+00
6.280581900741497581e-01 0.000000000000000000e+00
6.328550028644405190e-01 0.000000000000000000e+00
6.376884514526697245e-01 0.000000000000000000e+00
6.425588156458151845e-01 0.000000000000000000e+00
6.474663773878889250e-01 0.000000000000000000e+00
6.524114207762584661e-01 0.000000000000000000e+00
6.573942320780932214e-01 0.000000000000000000e+00
6.624150997469364643e-01 0.000000000000000000e+00
6.674743144394041927e-01 0.000000000000000000e+00
6.725721690320105584e-01 0.000000000000000000e+00
6.777089586381226383e-01 0.000000000000000000e+00
6.828849806250443244e-01 0.000000000000000000e+00
6.881005346312309978e-01 0.000000000000000000e+00
6.933559225836360973e-01 0.000000000000000000e+00
6.986514487151883612e-01 0.000000000000000000e+00
7.039874195824046277e-01 0.000000000000000000e+00
7.093641440831359724e-01 0.000000000000000000e+00
7.147819334744500708e-01 0.000000000000000000e+00
7.202411013906493409e-01 0.000000000000000000e+00
7.257419638614276414e-01 0.000000000000000000e+00
7.312848393301645267e-01 0.000000000000000000e+00
7.368700486723602783e-01 0.000000000000000000e+00
7.424979152142111571e-01 0.000000000000000000e+00
7.481687647513268757e-01 0.000000000000000000e+00
7.538829255675907337e-01 0.000000000000000000e+00
7.596407284541633054e-01 0.000000000000000000e+00
7.654425067286326767e-01 0.000000000000000000e+00
7.712885962543096774e-01 0.000000000000000000e+00
7.771793354596711056e-01 0.000000000000000000e+00
7.831150653579508347e-01 0.000000000000000000e+00
7.890961295668817987e-01 9.695283448206452003e-05
7.951228743285869704e-01 4.825041489755024803e-04
8.011956485296237718e-01 1.650721563165036482e-03
8.073148037211809180e-01 4.658390267356087890e-03
8.134806941394295832e-01 1.003554322139860178e-02
8.196936767260303291e-01 2.050283801577422113e-02
8.259541111487957998e-01 3.945267559004096009e-02
8.322623598225118435e-01 7.525756181374124165e-02
8.386187879299183967e-01 1.375042489386082145e-01
8.450237634428487965e-01 2.382940278389752142e-01
8.514776571435325181e-01 3.968509322657978733e-01
8.579808426460586723e-01 6.037511895564383613e-01
8.645336964180048156e-01 8.704402257808356858e-01
8.711365978022310719e-01 1.201420723227186071e+00
8.777899290388395670e-01 1.598741138582381316e+00
8.844940752873023948e-01 2.042081611736480173e+00
8.912494246487583371e-01 2.513514379983553315e+00
8.980563681884800031e-01 3.025205093485295205e+00
9.049152999585122759e-01 3.536064606950136469e+00
9.118266170204843979e-01 4.004703925690821009e+00
9.187907194685952517e-01 4.412206457208750265e+00
9.258080104527748322e-01 4.757830469076604452e+00
9.328788962020224673e-01 5.026773852073232796e+00
9.400037860479233398e-01 5.249024377477399916e+00
9.471830924483448655e-01 5.390523226100894405e+00
9.544172310113129276e-01 5.429851912520614832e+00
9.617066205190725192e-01 5.401498243668646282e+00
9.690516829523299069e-01 5.323079188201417011e+00
9.764528435146813123e-01 5.181583752166345036e+00
9.839105306572277776e-01 4.998189572432320205e+00
9.914251761033785471e-01 4.773943580815612542e+00
9.989972148738428537e-01 4.538697478475216762e+00
1.006627085311812886e+00 4.277548911377413887e+00
1.014315229108340155e+00 4.009632833201783875e+00
1.022062091327904820e+00 3.736272895885726530e+00
1.029868120434179746e+00 3.469637020320102128e+00
1.037733768315991956e+00 3.206954965367796451e+00
1.045659490313482376e+00 2.949979817081364697e+00
1.053645745244466525e+00 2.706748522035746340e+00
1.061692995430993491e+00 2.465223469874746165e+00
1.069801706726111412e+00 2.241075374170648171e+00
1.077972348540833902e+00 2.035867633377772101e+00
1.086205393871315206e+00 1.847934701299717153e+00
1.094501319326231403e+00 1.676207014899353531e+00
1.102860605154371676e+00 1.514249293705268062e+00
1.111283735272438733e+00 1.365664706579547749e+00
1.119771197293064180e+00 1.232018669836842273e+00
1.128323482553034385e+00 1.110677497328072194e+00
1.136941086141734836e+00 1.000203709806762875e+00
1.145624506929811659e+00 9.017476933042671838e-01
1.154374247598049186e+00 8.134726991708354227e-01
1.163190814666471562e+00 7.357052219392345993e-01
1.172074718523663961e+00 6.605922884563970587e-01
1.181026473456318726e+00 5.964223917390886198e-01
1.190046597679009999e+00 5.386481968277763155e-01
1.199135613364188391e+00 4.886088838840231818e-01
1.208294046672413469e+00 4.401158522324601363e-01
1.217522427782810501e+00 3.967960618437701426e-01
1.226821290923763907e+00 3.599602689399790112e-01
1.236191174403842963e+00 3.263948455677867511e-01
1.245632620642964428e+00 2.960169252008225116e-01
1.255146176203792763e+00 2.691896627735028136e-01
1.264732391823380597e+00 2.440811653812638427e-01
1.274391822445051226e+00 2.212350456781453367e-01
1.284125027250524465e+00 2.002413496211579158e-01
1.293932569692285650e+00 1.832899122880614073e-01
1.303815017526205322e+00 1.665773978697430435e-01
1.313772942844406266e+00 1.519021584793441293e-01
1.323806922108381467e+00 1.394610081364489329e-01
1.333917536182366304e+00 1.279523183274163811e-01
1.344105370366962093e+00 1.165929764954361514e-01
1.354371014433021658e+00 1.071799444962996534e-01
1.364715062655789790e+00 9.746060908297074499e-02
1.375138113849305288e+00 8.851942588530543887e-02
1.385640771401068339e+00 8.182321775956996612e-02
1.396223643306966578e+00 7.465227169522604955e-02
1.406887342206475600e+00 6.850825582925748614e-02
1.417632485418122146e+00 6.380307027562376332e-02
1.428459694975221517e+00 5.802890884853422609e-02
1.439369597661886768e+00 5.376811266512271370e-02
1.450362825049312576e+00 4.965017439796427789e-02
1.461440013532337545e+00 4.583548894492583264e-02
1.472601804366283851e+00 4.225805593833263651e-02
1.483848843704080878e+00 3.860899568363065221e-02
1.495181782633669076e+00 3.641677970893306138e-02
1.506601277215691814e+00 3.317135053418338031e-02
1.518107988521476326e+00 3.090495816432176426e-02
1.529702582671299993e+00 2.893891104451623911e-02
1.541385730872953275e+00 2.635252419073690067e-02
1.553158109460597069e+00 2.480891832189168270e-02
1.565020399933912287e+00 2.276684064400622334e-02
1.576973288997555844e+00 2.123130099430277015e-02
1.589017468600909977e+00 1.937267987224108520e-02
1.601153635978140644e+00 1.846509769420767028e-02
1.613382493688560348e+00 1.687198806626777695e-02
1.625704749657298942e+00 1.561398445119203254e-02
1.638121117216285949e+00 1.464487889804479831e-02
1.650632315145542872e+00 1.341320740321497347e-02
1.663239067714795461e+00 1.263172818517797717e-02
1.675942104725400839e+00 1.180836828158872420e-02
1.688742161552594379e+00 1.100899230513144138e-02
1.701639979188063201e+00 1.032713662799583827e-02
1.714636304282838086e+00 9.748149976444894782e-03
1.727731889190519565e+00 9.241761010401585222e-03
1.740927492010831301e+00 8.404483807909039067e-03
1.754223876633505208e+00 7.881039307734778038e-03
1.767621812782504076e+00 7.571343354634568583e-03
1.781122076060578596e+00 6.908402712297643730e-03
1.794725447994169887e+00 6.482059232477858229e-03
1.808432716078648639e+00 6.191528899258647543e-03
1.822244673823904648e+00 5.663960278532613642e-03
1.836162120800284292e+00 5.297858146376379675e-03
1.850185862684873506e+00 5.038352210699223108e-03
1.864316711308142471e+00 4.682432919204346580e-03
1.878555484700939138e+00 4.378089660131980268e-03
1.892903007141845784e+00 4.220532720329818292e-03
1.907360109204898402e+00 4.009497544500255535e-03
1.921927627807664241e+00 3.841418412710658706e-03
1.936606406259693713e+00 3.594881620586377717e-03
1.951397294311338904e+00 3.235113115496945739e-03
1.966301148202944216e+00 3.235332196125318728e-03
1.981318830714416501e+00 2.905687434694914726e-03
1.996451211215167332e+00 2.830332798907085959e-03
2.011699165714443627e+00 2.591093783237960642e-03
2.027063576912038645e+00 2.538983947585744111e-03
2.042545334249390443e+00 2.323282836057052447e-03
2.058145333961072687e+00 2.175630316256203529e-03
2.073864479126675597e+00 2.065639274637295734e-03
2.089703679723088570e+00 2.106131584227700308e-03
2.105663852677174930e+00 1.840182644556228155e-03
2.121745921918852140e+00 1.803244969848536404e-03
2.137950818434581013e+00 1.732512904861425876e-03
2.154279480321258600e+00 1.662814963279465180e-03
2.170732852840524529e+00 1.494866014292915669e-03
2.187311888473481680e+00 1.417636527427759566e-03
2.204017546975835184e+00 1.385116769298548080e-03
2.220850795433451541e+00 1.329955517385156055e-03
2.237812608318344942e+00 1.334704349850266737e-03
2.254903967545088150e+00 1.191870855345559177e-03
2.272125862527654583e+00 1.080778972299487788e-03
2.289479290236696052e+00 1.091773838212191155e-03
2.306965255257257041e+00 9.993522706766026689e-04
2.324584769846928634e+00 9.931304748000736610e-04
2.342338853994450965e+00 9.039979942857520644e-04
2.360228535478756218e+00 8.594354388857666782e-04
2.378254849928468584e+00 8.403147373838208787e-04
2.396418840881856305e+00 7.750197409190080593e-04
2.414721559847241572e+00 7.621112787073202385e-04
2.433164066363873168e+00 6.970616621660983333e-04
2.451747428063260070e+00 6.593037409763762577e-04
2.470472720730979344e+00 6.326864945277875692e-04
2.489341028368951214e+00 6.266929513793983129e-04
2.508353443258192428e+00 5.625201557482970190e-04
2.527511066022048780e+00 5.459695010507151225e-04
2.546815005689907707e+00 4.956966352092873019e-04
2.566266379761402039e+00 4.772353702284114663e-04
2.585866314271100030e+00 4.275578408818841015e-04
2.605615943853691441e+00 4.496625740285597984e-04
2.625516411809674544e+00 4.008623076335608628e-04
2.645568870171534748e+00 3.848038276810403181e-04
2.665774479770441019e+00 3.730258766742377348e-04
2.686134410303444575e+00 3.492355284730986557e-04
2.706649840401191387e+00 3.390265256531018053e-04
2.727321957696154264e+00 3.238760540287962623e-04
2.748151958891383195e+00 2.986817126531729873e-04
2.769141049829782819e+00 2.884610976356669142e-04
2.790290445563917920e+00 2.576268877359995683e-04
2.811601370426352720e+00 2.539854457786195046e-04
2.833075058100528398e+00 2.780932816770847419e-04
2.854712751692177974e+00 2.583904536183206924e-04
2.876515703801291846e+00 2.466572354939880864e-04
2.898485176594628676e+00 2.226690433452328040e-04
2.920622441878783171e+00 2.268387430456441777e-04
2.942928781173810293e+00 2.256501920478629194e-04
2.965405485787410811e+00 2.276183972223664242e-04
2.988053856889687943e+00 2.044397269087255126e-04
3.010875205588466663e+00 1.940383374587127761e-04
3.033870853005199208e+00 1.946199177810707204e-04
3.057042130351439457e+00 1.921228449094768294e-04
3.080390379005908841e+00 1.672727513944480390e-04
3.103916950592149782e+00 1.619749150003107130e-04
3.127623207056766663e+00 1.532354147398834606e-04
3.151510520748272093e+00 1.406489055383900941e-04
3.175580274496530464e+00 1.514190403524419231e-04
3.199833861692807702e+00 1.336256820383045589e-04
3.224272686370440510e+00 1.331062373396362485e-04
3.248898163286108698e+00 1.219720186988644143e-04
3.273711718001736770e+00 1.277373559862601099e-04
3.298714786967021251e+00 1.281818029219561339e-04
3.323908817602584165e+00 1.135577825384193420e-04
3.349295268383767343e+00 1.047286660596234481e-04
3.374875608925059112e+00 1.188292461474307904e-04
3.400651320065169791e+00 9.163352358396473999e-05
3.426623893952761790e+00 9.782503372008566269e-05
3.452794834132823176e+00 9.841874401165033560e-05
3.479165655633714493e+00 8.869598537353977959e-05
3.505737885054867498e+00 8.980232212237825560e-05
3.532513060655161574e+00 8.689743036242084898e-05
3.559492732441974283e+00 8.141603351934643181e-05
3.586678462260907807e+00 7.161945207362397129e-05
3.614071823886209955e+00 7.191985710162170520e-05
3.641674403111871072e+00 8.385601691870004770e-05
3.669487797843431487e+00 6.019258968931143504e-05
3.697513618190481299e+00 6.735990751633264765e-05
3.725753486559869376e+00 6.809552557432008559e-05
3.754209037749625999e+00 6.048675671866510201e-05
3.782881919043597829e+00 6.665497598344923946e-05
3.811773790306809850e+00 5.547053670492479521e-05
3.840886324081555170e+00 5.789441852438613256e-05
3.870221205684216237e+00 6.152968405058375492e-05
3.899780133302832574e+00 4.658762727609194244e-05
3.929564818095400369e+00 4.823575915398271348e-05
3.959576984288936341e+00 4.350208734283311855e-05
3.989818369279292121e+00 4.474570538362003042e-05
4.020290723731728910e+00 4.597078494179514442e-05
4.050995811682269299e+00 5.180541731778836109e-05
4.081935410639808026e+00 4.144928036996606307e-05
4.113111311689019445e+00 4.341390001087165552e-05
4.144525319594036361e+00 5.177206621630527116e-05
4.176179252902931793e+00 4.087323417120208917e-05
4.208074944052993871e+00 4.094027350490148407e-05
4.240214239476800984e+00 3.915952652015188202e-05
4.272598999709120271e+00 4.067530589276937251e-05
4.305231099494601921e+00 2.984128901278284014e-05
4.338112427896314571e+00 3.468077483169899184e-05
4.371244888405103168e+00 3.548423203664535146e-05
4.404630399049775491e+00 2.737782437020056379e-05
4.438270892508145771e+00 3.106131053571443843e-05
4.472168316218908757e+00 2.942080413447055177e-05
4.506324632494379756e+00 3.094153866419051697e-05
4.540741818634090876e+00 3.035882927855660768e-05
4.575421867039255019e+00 3.148858126834452702e-05
4.610366785328114503e+00 2.480670911829781282e-05
4.645578596452149434e+00 2.460432762666107121e-05
4.681059338813191140e+00 2.978327366061058338e-05
4.716811066381425555e+00 2.191885884826175448e-05
4.752835848814294550e+00 1.977388457580399198e-05
4.789135771576313871e+00 2.355026906235143595e-05
4.825712936059790792e+00 2.044352616199238078e-05
4.862569459706477915e+00 1.738628542320403249e-05
4.899707476130153339e+00 2.269656984340877521e-05
4.937129135240129862e+00 2.093856142054308276e-05
4.974836603365720755e+00 1.951974554620035835e-05
5.012832063381637226e+00 1.719413769355080402e-05
5.051117714834363781e+00 1.921565604390491197e-05
5.089695774069483036e+00 1.661862268543568032e-05
5.128568474359980200e+00 1.709350036570737104e-05
5.167738066035535205e+00 1.425354254900644599e-05
5.207206816612779399e+00 1.714693896791307410e-05
5.246977010926572760e+00 1.163831964004292351e-05
5.287050951262264320e+00 1.362871252555913414e-05
5.327430957488979324e+00 1.470144741865859546e-05
5.368119367193910918e+00 1.254388709454984748e-05
5.409118535817638573e+00 1.157987062528528190e-05
5.450430836790491895e+00 1.350422984801511031e-05
5.492058661669943831e+00 1.027181318794340003e-05
5.534004420279054592e+00 1.103186693833066337e-05
5.576270540845982282e+00 1.150966716994590955e-05
5.618859470144546009e+00 8.353561573219828973e-06
5.661773673635872584e+00 7.745403942684744503e-06
5.705015635611118796e+00 1.042738802798859775e-05
5.748587859335287931e+00 1.171931107828995581e-05
5.792492867192146733e+00 8.379416795954709279e-06
5.836733200830237500e+00 1.020455354860976901e-05
5.881311421310018162e+00 6.656088731828935654e-06
5.926230109252122347e+00 8.717781068455409942e-06
5.971491864986748332e+00 9.706216500188035020e-06
6.017099308704191074e+00 5.468651739655778200e-06
6.063055080606527092e+00 6.459684014151817096e-06
6.109361841060454879e+00 3.587088298647675738e-06
6.156022270751298819e+00 5.597677191694192366e-06
6.203039070838196167e+00 5.804613110434297291e-06
6.250414963110467070e+00 9.018325275045526335e-06
6.298152690145174759e+00 6.220557954197863449e-06
6.346255015465900762e+00 4.198547399624407496e-06
6.394724723702712943e+00 7.106621902933988400e-06
6.443564620753374328e+00 4.131704183170096292e-06
6.492777533945774948e+00 4.584598808940554730e-06
6.542366312201600920e+00 5.028091543424295433e-06
6.592333826201270064e+00 4.752153231858538481e-06
6.642682968550095879e+00 4.480902365668836438e-06
6.693416653945753581e+00 6.319007994425402781e-06
6.744537819347007357e+00 4.642219839392266747e-06
6.796049424143726370e+00 3.919355667673006134e-06
6.847954450328215259e+00 6.403424289642703913e-06
6.900255902667822738e+00 3.855429651026095026e-06
6.952956808878900219e+00 4.505342987345424335e-06
7.006060219802071387e+00 6.483683103465611126e-06
7.059569209578839377e+00 3.548500348559640157e-06
7.113486875829561740e+00 5.942506217592054286e-06
7.167816339832755901e+00 1.746354497522683198e-06
7.222560746705797285e+00 1.952124160612783751e-06
7.277723265586987011e+00 3.013323913801977828e-06
7.333307089819009583e+00 2.348478656840705312e-06
7.389315437133804565e+00 3.391340214748181675e-06
7.445751549838826477e+00 2.729078078213958556e-06
7.502618695004750649e+00 2.505036477373146623e-06
7.559920164654601038e+00 2.487248796759548487e-06
7.617659275954320464e+00 3.292490933004120246e-06
7.675839371404808986e+00 1.428560670158197191e-06
7.734463819035411802e+00 2.024489840759189536e-06
7.793536012598893947e+00 2.409996528893616278e-06
7.853059371767910690e+00 2.193664613724617332e-06
7.913037342332964741e+00 2.772952471600926282e-06
7.973473396401889346e+00 2.751097496614842615e-06
8.034371032600834184e+00 2.728320761460718183e-06
8.095733776276818006e+00 1.351361978914219628e-06
8.157565179701792957e+00 1.919288080671416282e-06
8.219868822278293408e+00 7.605528617201188970e-07
8.282648310746649756e+00 2.458924479678365652e-06
8.345907279393774303e+00 1.311860872102132515e-06
8.409649390263549407e+00 1.116291608127683290e-06
8.473878333368830340e+00 1.661743342357697146e-06
8.538597826905046873e+00 1.468993405901913632e-06
8.603811617465460415e+00 7.275617877853096649e-07
8.669523480258041204e+00 1.445917711826213911e-06
8.735737219324033020e+00 1.793297735806975687e-06
8.802456667758143283e+00 2.313609845702384915e-06
8.869685687930459750e+00 1.590233447083879055e-06
8.937428171710028124e+00 1.753922905703092643e-06
9.005688040690165153e+00 1.565929906559225945e-06
9.074469246415468149e+00 2.068667905015821866e-06
9.143775770610570675e+00 8.565654354863177832e-07
9.213611625410646155e+00 6.792095318933647474e-07
9.283980853593664762e+00 1.347559346373887054e-06
9.354887528814433750e+00 1.173025556919883275e-06
9.426335755840423047e+00 4.990085378536833799e-07
9.498329670789374291e+00 1.481952245502938356e-06
9.570873441368757284e+00 6.549382551952835881e-07
9.643971267117024126e+00 1.136467898550955608e-06
9.717627379646726737e+00 1.448795496381107410e-06
9.791846042889485346e+00 9.597789664332237262e-07
9.866631553342816829e+00 1.268900878150800500e-06
9.941988240318867298e+00 1.417626517676207724e-06
1.001792046619502941e+01 1.252434817660393740e-06
1.009443262666647811e+01 1.705850174590533095e-06
1.017152915100063915e+01 1.849296603194225378e-06
1.024921450229360431e+01 9.164980137729661891e-07
1.032749317772848840e+01 3.034789611572228193e-07
1.040636970883577561e+01 4.520510835031303038e-07
1.048584866175564301e+01 7.463977459411279704e-07
1.056593463750229134e+01 1.037620157798429969e-06
1.064663227223031328e+01 1.029301512090922652e-06
1.072794623750306187e+01 5.840373870519166923e-07
1.080988124056310262e+01 2.907292063216341216e-07
1.089244202460468713e+01 8.629975130075842435e-07
1.097563336904835118e+01 7.136544791979678882e-07
1.105946008981760897e+01 7.073002250310713485e-07
1.114392703961772924e+01 8.434705780393964030e-07
1.122903910821665363e+01 6.963458930716576535e-07
1.131480122272806810e+01 4.148036713425646986e-07
1.140121834789663069e+01 5.489771494671653164e-07
1.148829548638539144e+01 8.165235405579865394e-07
1.157603767906538295e+01 5.420106148033994459e-07
1.166445000530744025e+01 2.683281835737990653e-07
1.175353758327623055e+01 2.668229673998799853e-07
1.184330557022655483e+01 3.966738752928971032e-07
1.193375916280191262e+01 5.251364774379961127e-07
1.202490359733531022e+01 3.905364210591875810e-07
1.211674415015240314e+01 3.883622956842968797e-07
1.220928613787693706e+01 5.130061384808133083e-07
1.230253491773851593e+01 6.358783814155941252e-07
1.239649588788276091e+01 2.527051599521717652e-07
1.249117448768377869e+01 7.515712446976240766e-07
1.258657619805906158e+01 1.247818720265379368e-07
1.268270654178675727e+01 3.708675719286963085e-07
1.277957108382539175e+01 1.102063783510953165e-06
1.287717543163603651e+01 2.433365221396890641e-07
1.297552523550690928e+01 2.413843877901540367e-07
1.307462618888047245e+01 2.397694468928383560e-07
1.317448402868301116e+01 0.000000000000000000e+00
1.327510453565674453e+01 4.714691105536576067e-07
1.337649353469450197e+01 1.167155755340044352e-07
1.347865689517689169e+01 1.162961253684248168e-07
1.358160053131209644e+01 1.154731046159224407e-07
1.368533040247822186e+01 2.290979040185905471e-07
1.378985251356829522e+01 2.273252233478364561e-07
1.389517291533790910e+01 2.254061368125217980e-07
1.400129770475546920e+01 1.121208492776398077e-07
1.410823302535516532e+01 3.334735037568134390e-07
1.421598506759258740e+01 6.615705478468422984e-07
1.432456006920312142e+01 4.375757208030695718e-07
1.443396431556304549e+01 2.172315632389005860e-07
1.454420414005338102e+01 3.238046767091155978e-07
1.465528592442653633e+01 4.271499088294616132e-07
1.476721609917572842e+01 5.306802531961828916e-07
1.488000114390725059e+01 1.051643452800283863e-07
1.499364758771559814e+01 6.276474511633522132e-07
1.510816200956140420e+01 2.077217471185677721e-07
1.522355103865231740e+01 3.088733329362234543e-07
1.533982135482673925e+01 1.018063795945021081e-07
1.545697968894052465e+01 2.020799626942600614e-07
1.557503282325665950e+01 3.019048554416713073e-07
1.569398759183785330e+01 1.000746580849542593e-07
1.581385088094217650e+01 9.940163933012334188e-08
1.593462962942168204e+01 1.963317550461690383e-07
1.605633082912410003e+01 2.930683928206629654e-07
1.617896152529763043e+01 1.937419273313034264e-07
1.630252881699875189e+01 9.580211428753748667e-08
1.642703985750318907e+01 9.546436584499214141e-08
1.655250185472002045e+01 1.888176236069168143e-07
1.667892207160893037e+01 3.759504519231098695e-07
1.680630782660069400e+01 1.867658214546096557e-07
1.693466649402079582e+01 3.695762181044780168e-07
1.706400550451636988e+01 0.000000000000000000e+00
1.719433234548630907e+01 1.823651689704095754e-07
1.732565456151473171e+01 4.525865288347120158e-07
1.745797975480775932e+01 8.945149417687525289e-08
1.759131558563357700e+01 8.913407763353880643e-08
1.772566977276590450e+01 2.655669754297038378e-07
1.786105009393079257e+01 8.778455265510060618e-08
1.799746438625691525e+01 4.349716099271864541e-07
1.813492054672925491e+01 8.665203399915597622e-08
1.827342653264623351e+01 2.571542293256640888e-07
1.841299036208040008e+01 1.701918835344932137e-07
1.855362011434253589e+01 2.533695504671253367e-07
1.869532393044939056e+01 0.000000000000000000e+00
1.883811001359499926e+01 8.316087428184894815e-08
1.898198662962550998e+01 8.245120793323253700e-08
1.912696210751772696e+01 0.000000000000000000e+00
1.927304483986123529e+01 8.098379673765523230e-08
1.942024328334427707e+01 8.060956479176243130e-08
1.956856595924331188e+01 1.598954258764159874e-07
1.971802145391628613e+01 0.000000000000000000e+00
1.986861841929972172e+01 2.370704341297945418e-07
2.002036557340952783e+01 3.127590287855804131e-07
2.017327170084572430e+01 1.550004345385892456e-07
2.032734565330098775e+01 7.732645643477724740e-08
2.048259635007306656e+01 1.529487177133098783e-07
2.063903277858106478e+01 0.000000000000000000e+00
2.079666399488577966e+01 2.256679325316908108e-07
2.095549912421395078e+01 4.475310132910361332e-07
2.111554736148649880e+01 7.423229493538152139e-08
2.127681797185082857e+01 0.000000000000000000e+00
2.143932029121715743e+01 1.460439816963808232e-07
2.160306372679898601e+01 1.447847604263841421e-07
2.176805775765772211e+01 7.180527994100754006e-08
2.193431193525134404e+01 1.425632340643352817e-07
2.210183588398740895e+01 1.419608835914851276e-07
2.227063930178012185e+01 7.008944165657071827e-08
2.244073196061181008e+01 0.000000000000000000e+00
2.261212370709861119e+01 6.920709236529212545e-08
2.278482446306047393e+01 0.000000000000000000e+00
2.295884422609555031e+01 1.364074126409282823e-07
2.313419307015891846e+01 6.773672316608515559e-08
2.331088114614578188e+01 2.017099088555650917e-07
2.348891868247912029e+01 2.000979835758550720e-07
2.366831598570178841e+01 6.603573032590015812e-08
2.384908344107317646e+01 0.000000000000000000e+00
2.403123151317036843e+01 1.303486503469740492e-07
2.421477074649395789e+01 1.292679230090185469e-07
2.439971176607850367e+01 6.395497022237927854e-08
2.458606527810756148e+01 6.384636131396129909e-08
2.477384207053348675e+01 6.302023815824380125e-08
2.496305301370191287e+01 6.253812732405958352e-08
2.515370906098105408e+01 0.000000000000000000e+00
2.534582124939582215e+01 1.235272824826388792e-07
2.553940070026671805e+01 6.147334665951780758e-08
2.573445861985366534e+01 6.082721321134551776e-08
2.593100630000469309e+01 1.206354226146162288e-07
2.612905511880966003e+01 1.800915457175114579e-07
2.632861654125893835e+01 1.188462935183534274e-07
2.652970211990708549e+01 5.889337676887855138e-08
2.673232349554165310e+01 1.172116537462742517e-07
2.693649239785701255e+01 5.800512532686651280e-08
2.714222064613342411e+01 2.306824451567103069e-07
2.734952014992126834e+01 5.722208940301386881e-08
2.755840290973046081e+01 5.679356904731047317e-08
2.776888101772517103e+01 0.000000000000000000e+00
2.798096665842379238e+01 5.611749748104126217e-08
2.819467210940434398e+01 5.571370956544945846e-08
2.841000974201522311e+01 0.000000000000000000e+00
2.862699202209135763e+01 0.000000000000000000e+00
2.884563151067587228e+01 1.626750267353879242e-07
2.906594086474717642e+01 1.074881568696587188e-07
2.928793283795175029e+01 0.000000000000000000e+00
2.951162028134242377e+01 5.305755649552977397e-08
2.973701614412232175e+01 2.106076413875542840e-07
2.996413347439450092e+01 0.000000000000000000e+00
3.019298541991724250e+01 0.000000000000000000e+00
3.042358522886523176e+01 1.544334969701397263e-07
3.065594625059649658e+01 5.120194451739239353e-08
3.089008193642516886e+01 5.068121919203876319e-08
3.112600584040018958e+01 0.000000000000000000e+00
3.136373162008992921e+01 4.997950867714916413e-08
3.160327303737282278e+01 0.000000000000000000e+00
3.184464395923409441e+01 9.828081120627522814e-08
3.208785835856844670e+01 9.763531734616586055e-08
3.233293031498900660e+01 1.940166679628063560e-07
3.257987401564231078e+01 4.793669795155553618e-08
3.282870375602964685e+01 0.000000000000000000e+00
3.307943394083464739e+01 4.732706769758327036e-08
3.333207908475711889e+01 4.710119173994572565e-08
3.358665381335332967e+01 4.673082868193639376e-08
3.384317286388262858e+01 0.000000000000000000e+00
3.410165108616060081e+01 0.000000000000000000e+00
3.436210344341879619e+01 9.132905707987681337e-08
3.462454501317083100e+01 4.521063214496090308e-08
3.488899098808531107e+01 0.000000000000000000e+00
3.515545667686525633e+01 4.465329496107272250e-08
3.542395750513435360e+01 0.000000000000000000e+00
3.569450901632996676e+01 0.000000000000000000e+00
3.596712687260290409e+01 1.744971309208559177e-07
3.624182685572413476e+01 0.000000000000000000e+00
3.651862486799832652e+01 0.000000000000000000e+00
3.679753693318444618e+01 4.270449128278438213e-08
3.707857919742345842e+01 8.442493731370393244e-08
3.736176793017290265e+01 8.387764829895023216e-08
3.764711952514880267e+01 4.162664901937494898e-08
3.793465050127463911e+01 4.137924439626710724e-08
3.822437750363764764e+01 4.084419871606338474e-08
3.851631730445244273e+01 4.080283552773415858e-08
3.881048680403189621e+01 0.000000000000000000e+00
3.910690303176554039e+01 4.008413472424491362e-08
3.940558314710532528e+01 0.000000000000000000e+00
3.970654444055901422e+01 3.933845818203342046e-08
4.000980433469116804e+01 7.852145124874504250e-08
4.031538038513167521e+01 3.890527547001730687e-08
4.062329028159209088e+01 0.000000000000000000e+00
4.093355184888959997e+01 0.000000000000000000e+00
4.124618304797896684e+01 0.000000000000000000e+00
4.156120197699230800e+01 3.767122494392448252e-08
4.187862687228675185e+01 0.000000000000000000e+00
4.219847610950009198e+01 7.406950482290581088e-08
4.252076820461459761e+01 7.369941670754154051e-08
4.284552181502894541e+01 0.000000000000000000e+00
4.317275574063820898e+01 3.629935157711662993e-08
4.350248892492221842e+01 0.000000000000000000e+00
4.383474045604216940e+01 0.000000000000000000e+00
4.416952956794561658e+01 3.545911226798303585e-08
4.450687564148002906e+01 7.052447385014621550e-08
4.484679820551461660e+01 3.500979472551756855e-08
4.518931693807093097e+01 3.463315393199440402e-08
4.553445166746195127e+01 0.000000000000000000e+00
4.588222237343995147e+01 0.000000000000000000e+00
4.623264918835322135e+01 0.000000000000000000e+00
4.658575239831141346e+01 0.000000000000000000e+00
4.694155244435995655e+01 3.325766911696809933e-08
4.730006992366332952e+01 3.317659093759836003e-08
4.766132559069743735e+01 6.576258538274576831e-08
4.802534035845116023e+01 6.504076904880634516e-08
4.839213529963691940e+01 1.296201668362145484e-07
4.876173164791060799e+01 3.203136511813223545e-08
4.913415079910075178e+01 6.385369797976859183e-08
4.950941431244714153e+01 0.000000000000000000e+00
4.988754391184892256e+01 0.000000000000000000e+00
5.026856148712214889e+01 3.113000977838407783e-08
5.065248909526700771e+01 3.092303266346324758e-08
5.103934896174460789e+01 3.072448031627658870e-08
5.142916348176368757e+01 3.053096226372887472e-08
5.182195522157707757e+01 1.207752232920777219e-07
5.221774691978801286e+01 0.000000000000000000e+00
5.261656148866648408e+01 0.000000000000000000e+00
5.301842201547557920e+01 5.915659533446802382e-08
5.342335176380803574e+01 5.859998160708887438e-08
5.383137417493298926e+01 0.000000000000000000e+00
5.424251286915296077e+01 0.000000000000000000e+00
5.465679164717121807e+01 0.000000000000000000e+00
5.507423449146955363e+01 2.842800984007719648e-08
5.549486556769667800e+01 0.000000000000000000e+00
5.591870922606719319e+01 0.000000000000000000e+00
5.634579000277113892e+01 0.000000000000000000e+00
5.677613262139447414e+01 0.000000000000000000e+00
5.720976199435020249e+01 2.745281744966711267e-08
5.764670322432060345e+01 2.715934644163052101e-08
5.808698160571049129e+01 0.000000000000000000e+00
5.853062262611141620e+01 0.000000000000000000e+00
5.897765196777716312e+01 5.301904337578652138e-08
5.942809550911043459e+01 1.320822607197864116e-07
5.988197932616098740e+01 5.238679124938122422e-08
6.033932969413523040e+01 0.000000000000000000e+00
6.080017308891720518e+01 5.147471971009307355e-08
6.126453618860131201e+01 0.000000000000000000e+00
6.173244587503663183e+01 2.546636777843917931e-08
6.220392923538312857e+01 0.000000000000000000e+00
6.267901356367983112e+01 2.489570936814583385e-08
6.315772636242475357e+01 0.000000000000000000e+00
6.364009534416704383e+01 2.462893915618642888e-08
6.412614843311123991e+01 4.876885817681107938e-08
6.461591376673376885e+01 2.417560905554285739e-08
6.510941969741192281e+01 4.810252410178033042e-08
6.560669479406510618e+01 2.396162345569080707e-08
6.610776784380868776e+01 0.000000000000000000e+00
6.661266785362042242e+01 2.357990242220605600e-08
6.712142405201964834e+01 0.000000000000000000e+00
6.763406589075952979e+01 2.315277428270804220e-08
6.815062304653176284e+01 2.291002836945874854e-08
6.867112542268469610e+01 0.000000000000000000e+00
6.919560315095429814e+01 2.264788040281610030e-08
6.972408659320856827e+01 2.244817942256319203e-08
7.025660634320522036e+01 2.229805125757715260e-08
7.079319322836265371e+01 0.000000000000000000e+00
7.133387831154462333e+01 4.391252946334892882e-08
7.187869289285829666e+01 2.187063723607153789e-08
7.242766851146639340e+01 0.000000000000000000e+00
7.298083694741293925e+01 0.000000000000000000e+00
7.353823022346294636e+01 0.000000000000000000e+00
7.409988060695627610e+01 0.000000000000000000e+00
7.466582061167545703e+01 0.000000000000000000e+00
7.523608299972798363e+01 0.000000000000000000e+00
7.581070078344298224e+01 2.066307017738685770e-08
7.638970722728217311e+01 0.000000000000000000e+00
7.697313584976564016e+01 0.000000000000000000e+00
7.756102042541199637e+01 0.000000000000000000e+00
7.815339498669379736e+01 0.000000000000000000e+00
7.875029382600763483e+01 0.000000000000000000e+00
7.935175149765926506e+01 1.971594308620757662e-08
7.995780281986401405e+01 0.000000000000000000e+00
8.056848287676226050e+01 0.000000000000000000e+00
8.118382702045050792e+01 0.000000000000000000e+00
8.180387087302804616e+01 3.831623309633726772e-08
8.242865032865888963e+01 0.000000000000000000e+00
8.305820155564990159e+01 3.764719481088768419e-08
8.369256099854430886e+01 1.871871371461470328e-08
8.433176538023161584e+01 1.862283238986162798e-08
8.497585170407356259e+01 0.000000000000000000e+00
8.562485725604614117e+01 3.667240790618225699e-08
8.627881960689798291e+01 1.822027697578217924e-08
8.693777661432541493e+01 1.797149836873985466e-08
8.760176642516411505e+01 0.000000000000000000e+00
8.827082747759727965e+01 0.000000000000000000e+00
8.894499850338092983e+01 0.000000000000000000e+00
8.962431853008587268e+01 1.746716312562807127e-08
9.030882688335715613e+01 0.000000000000000000e+00
9.099856318919067633e+01 0.000000000000000000e+00
9.169356737622699427e+01 3.415858250646981229e-08
9.239387967806285928e+01 0.000000000000000000e+00
9.309954063558021176e+01 1.679681284596504162e-08
9.381059109929316264e+01 0.000000000000000000e+00
9.452707223171287865e+01 1.651879842790058614e-08
9.524902550973044413e+01 1.645692903985273499e-08
9.597649272701789869e+01 3.274273727801338190e-08
9.670951599644754992e+01 0.000000000000000000e+00
9.744813775253007293e+01 1.607088914603888253e-08
9.819240075387101285e+01 0.000000000000000000e+00
9.894234808564596051e+01 0.000000000000000000e+00
9.969802316209487003e+01 0.000000000000000000e+00
1.004594697290351206e+02 1.563769184820604974e-08
1.012267318663940330e+02 0.000000000000000000e+00
1.019998539907607551e+02 0.000000000000000000e+00
1.027788808579573896e+02 0.000000000000000000e+00
1.035638575656300304e+02 0.000000000000000000e+00
1.043548295558592258e+02 0.000000000000000000e+00
1.051518426177907060e+02 0.000000000000000000e+00
1.059549428902863042e+02 0.000000000000000000e+00
1.067641768645947025e+02 1.463079791445828386e-08
1.075795913870428819e+02 0.000000000000000000e+00
1.084012336617479093e+02 1.445539763414222265e-08
1.092291512533496842e+02 0.000000000000000000e+00
1.100633920897645339e+02 0.000000000000000000e+00
1.109040044649596268e+02 0.000000000000000000e+00
1.117510370417487309e+02 1.399498611948386325e-08
1.126045388546091885e+02 0.000000000000000000e+00
1.134645593125205778e+02 0.000000000000000000e+00
1.143311482018251581e+02 1.371214525466864851e-08
1.152043556891097040e+02 0.000000000000000000e+00
1.160842323241099052e+02 1.352817507774210497e-08
1.169708290426363391e+02 0.000000000000000000e+00
1.178641971695234076e+02 1.328039632843554396e-08
1.187643884216004722e+02 0.000000000000000000e+00
1.196714549106856964e+02 1.304913674584875737e-08
1.205854491466028264e+02 0.000000000000000000e+00
1.215064240402207503e+02 0.000000000000000000e+00
1.224344329065167187e+02 0.000000000000000000e+00
1.233695294676628009e+02 3.813952446826193192e-08
1.243117678561356172e+02 0.000000000000000000e+00
1.252612026178502873e+02 2.496370552850452628e-08
1.262178887153177698e+02 1.237875656526146131e-08
1.271818815308268711e+02 1.234894023873410305e-08
1.281532368696502999e+02 0.000000000000000000e+00
1.291320109632751496e+02 0.000000000000000000e+00
1.301182604726581644e+02 0.000000000000000000e+00
1.311120424915058038e+02 1.195918752527562855e-08
1.321134145495791472e+02 0.000000000000000000e+00
1.331224346160248615e+02 0.000000000000000000e+00
1.341391611027304975e+02 0.000000000000000000e+00
1.351636528677061619e+02 0.000000000000000000e+00
1.361959692184915980e+02 0.000000000000000000e+00
1.372361699155896986e+02 1.139253073379784954e-08
1.382843151759259683e+02 1.131560805361000993e-08
1.393404656763344747e+02 0.000000000000000000e+00
1.404046825570703732e+02 0.000000000000000000e+00
1.414770274253492062e+02 0.000000000000000000e+00
1.425575623589134011e+02 0.000000000000000000e+00
1.436463499096261103e+02 1.088781042512480914e-08
1.447434531070921366e+02 0.000000000000000000e+00
1.458489354623067129e+02 1.071346761652053544e-08
1.469628609713321055e+02 0.000000000000000000e+00
1.480852941190023273e+02 0.000000000000000000e+00
1.492162998826563580e+02 0.000000000000000000e+00
1.503559437358994160e+02 0.000000000000000000e+00
1.515042916523934196e+02 1.035147171226935925e-08
1.526614101096758418e+02 0.000000000000000000e+00
1.538273660930082656e+02 0.000000000000000000e+00
1.550022270992544691e+02 0.000000000000000000e+00
1.561860611407872170e+02 1.004440672305504676e-08
1.573789367494260318e+02 0.000000000000000000e+00
1.585809229804039546e+02 0.000000000000000000e+00
1.597920894163653998e+02 0.000000000000000000e+00
1.610125061713944206e+02 9.724784074940565059e-09
1.622422438950733863e+02 9.641465514123508027e-09
1.634813737765729229e+02 0.000000000000000000e+00
1.647299675487729473e+02 0.000000000000000000e+00
1.659880974924153065e+02 0.000000000000000000e+00
1.672558364402883058e+02 9.339266353365084702e-09
1.685332577814427282e+02 0.000000000000000000e+00
1.698204354654404540e+02 0.000000000000000000e+00
1.711174440066350826e+02 0.000000000000000000e+00
1.724243584884858365e+02 9.050588244700809402e-09
1.737412545679041500e+02 0.000000000000000000e+00
1.750682084796334834e+02 8.931767076710328223e-09
1.764052970406620489e+02 8.859428718715792965e-09
1.777525976546700690e+02 0.000000000000000000e+00
1.791101883165108575e+02 0.000000000000000000e+00
1.804781476167256642e+02 1.733677759285566445e-08
1.818565547460933089e+02 0.000000000000000000e+00
1.832454895002142905e+02 0.000000000000000000e+00
1.846450322841304228e+02 0.000000000000000000e+00
1.860552641169795152e+02 0.000000000000000000e+00
1.874762666366852955e+02 0.000000000000000000e+00
1.889081221046837413e+02 8.276963819083062001e-09
1.903509134106845408e+02 8.238783985251729493e-09
1.918047240774702118e+02 1.633575080388122223e-08
1.932696382657309186e+02 8.107128757134341708e-09
1.947457407789366925e+02 0.000000000000000000e+00
1.962331170682464574e+02 0.000000000000000000e+00
1.977318532374547715e+02 0.000000000000000000e+00
1.992420360479763985e+02 0.000000000000000000e+00
