1.003818764619345688e-01 0.000000000000000000e+00
1.011485459784472879e-01 0.000000000000000000e+00
1.019210709558087680e-01 0.000000000000000000e+00
1.026994961152724595e-01 0.000000000000000000e+00
1.034838665196517182e-01 0.000000000000000000e+00
1.042742275759283854e-01 0.000000000000000000e+00
1.050706250378814766e-01 0.000000000000000000e+00
1.058731050087358544e-01 0.000000000000000000e+00
1.066817139438310941e-01 0.000000000000000000e+00
1.074964986533107902e-01 0.000000000000000000e+00
1.083175063048323894e-01 0.000000000000000000e+00
1.091447844262976724e-01 0.000000000000000000e+00
1.099783809086041647e-01 0.000000000000000000e+00
1.108183440084175297e-01 0.000000000000000000e+00
1.116647223509651676e-01 0.000000000000000000e+00
1.125175649328510052e-01 0.000000000000000000e+00
1.133769211248920050e-01 0.000000000000000000e+00
1.142428406749761566e-01 0.000000000000000000e+00
1.151153737109424230e-01 0.000000000000000000e+00
1.159945707434826001e-01 0.000000000000000000e+00
1.168804826690653942e-01 0.000000000000000000e+00
1.177731607728827179e-01 0.000000000000000000e+00
1.186726567318187042e-01 0.000000000000000000e+00
1.195790226174411192e-01 0.000000000000000000e+00
1.204923108990159364e-01 0.000000000000000000e+00
1.214125744465446438e-01 0.000000000000000000e+00
1.223398665338249064e-01 0.000000000000000000e+00
1.232742408415345714e-01 0.000000000000000000e+00
1.242157514603392660e-01 0.000000000000000000e+00
1.251644528940235868e-01 0.000000000000000000e+00
1.261204000626464650e-01 0.000000000000000000e+00
1.270836483057203870e-01 0.000000000000000000e+00
1.280542533854148735e-01 0.000000000000000000e+00
1.290322714897847722e-01 0.000000000000000000e+00
1.300177592360227119e-01 0.000000000000000000e+00
1.310107736737369521e-01 0.000000000000000000e+00
1.320113722882536866e-01 0.000000000000000000e+00
1.330196130039449920e-01 0.000000000000000000e+00
1.340355541875820067e-01 0.000000000000000000e+00
1.350592546517138115e-01 0.000000000000000000e+00
1.360907736580721228e-01 0.000000000000000000e+00
1.371301709210017705e-01 0.000000000000000000e+00
1.381775066109176553e-01 0.000000000000000000e+00
1.392328413577879620e-01 0.000000000000000000e+00
1.402962362546441299e-01 0.000000000000000000e+00
1.413677528611173018e-01 0.000000000000000000e+00
1.424474532070021393e-01 0.000000000000000000e+00
1.435353997958477290e-01 0.000000000000000000e+00
1.446316556085757710e-01 0.000000000000000000e+00
1.457362841071265513e-01 0.000000000000000000e+00
1.468493492381329202e-01 0.000000000000000000e+00
1.479709154366219692e-01 0.000000000000000000e+00
1.491010476297450760e-01 0.000000000000000000e+00
1.502398112405367581e-01 0.000000000000000000e+00
1.513872721917017827e-01 0.000000000000000000e+00
1.525434969094315862e-01 0.000000000000000000e+00
1.537085523272495868e-01 0.000000000000000000e+00
1.548825058898858631e-01 0.000000000000000000e+00
1.560654255571816418e-01 0.000000000000000000e+00
1.572573798080234009e-01 0.000000000000000000e+00
1.584584376443071152e-01 0.000000000000000000e+00
1.596686685949328388e-01 0.000000000000000000e+00
1.608881427198295411e-01 0.000000000000000000e+00
1.621169306140110011e-01 0.000000000000000000e+00
1.633551034116623724e-01 0.000000000000000000e+00
1.646027327902583326e-01 0.000000000000000000e+00
1.658598909747124317e-01 0.000000000000000000e+00
1.671266507415579139e-01 0.000000000000000000e+00
1.684030854231611252e-01 0.000000000000000000e+00
1.696892689119663122e-01 0.000000000000000000e+00
1.709852756647735894e-01 0.000000000000000000e+00
1.722911807070489909e-01 0.000000000000000000e+00
1.736070596372676911e-01 0.000000000000000000e+00
1.749329886312905313e-01 0.000000000000000000e+00
1.762690444467736595e-01 0.000000000000000000e+00
1.776153044276120585e-01 0.000000000000000000e+00
1.789718465084169652e-01 0.000000000000000000e+00
1.803387492190275665e-01 0.000000000000000000e+00
1.817160916890568911e-01 0.000000000000000000e+00
1.831039536524727285e-01 0.000000000000000000e+00
1.845024154522134641e-01 0.000000000000000000e+00
1.859115580448389149e-01 0.000000000000000000e+00
1.873314630052169971e-01 0.000000000000000000e+00
1.887622125312461430e-01 0.000000000000000000e+00
1.902038894486135501e-01 0.000000000000000000e+00
1.916565772155901515e-01 0.000000000000000000e+00
1.931203599278616956e-01 0.000000000000000000e+00
1.945953223233973239e-01 0.000000000000000000e+00
1.960815497873548141e-01 0.000000000000000000e+00
1.975791283570236256e-01 0.000000000000000000e+00
1.990881447268055271e-01 0.000000000000000000e+00
2.006086862532332482e-01 0.000000000000000000e+00
2.021408409600277400e-01 0.000000000000000000e+00
2.036846975431935991e-01 0.000000000000000000e+00
2.052403453761537377e-01 0.000000000000000000e+00
2.068078745149232178e-01 0.000000000000000000e+00
2.083873757033224972e-01 0.000000000000000000e+00
2.099789403782307273e-01 0.000000000000000000e+00
2.115826606748788530e-01 0.000000000000000000e+00
2.131986294321833453e-01 0.000000000000000000e+00
2.148269401981205418e-01 0.000000000000000000e+00
2.164676872351422587e-01 0.000000000000000000e+00
2.181209655256325375e-01 0.000000000000000000e+00
2.197868707774061070e-01 0.000000000000000000e+00
2.214654994292489798e-01 0.000000000000000000e+00
2.231569486565012084e-01 0.000000000000000000e+00
2.248613163766823297e-01 0.000000000000000000e+00
2.265787012551598312e-01 0.000000000000000000e+00
2.283092027108608313e-01 0.000000000000000000e+00
2.300529209220272819e-01 0.000000000000000000e+00
2.318099568320156068e-01 0.000000000000000000e+00
2.335804121551398604e-01 0.000000000000000000e+00
2.353643893825602684e-01 0.000000000000000000e+00
2.371619917882162865e-01 0.000000000000000000e+00
2.389733234348050406e-01 0.000000000000000000e+00
2.407984891798055638e-01 0.000000000000000000e+00
2.426375946815489959e-01 0.000000000000000000e+00
2.444907464053350243e-01 0.000000000000000000e+00
2.463580516295952316e-01 0.000000000000000000e+00
2.482396184521032390e-01 0.000000000000000000e+00
2.501355557962327558e-01 0.000000000000000000e+00
2.520459734172627586e-01 0.000000000000000000e+00
2.539709819087314635e-01 0.000000000000000000e+00
2.559106927088385386e-01 0.000000000000000000e+00
2.578652181068959992e-01 0.000000000000000000e+00
2.598346712498288968e-01 0.000000000000000000e+00
2.618191661487251354e-01 0.000000000000000000e+00
2.638188176854358025e-01 0.000000000000000000e+00
2.658337416192252944e-01 0.000000000000000000e+00
2.678640545934727890e-01 0.000000000000000000e+00
2.699098741424248438e-01 0.000000000000000000e+00
2.719713186979990649e-01 0.000000000000000000e+00
2.740485075966404560e-01 0.000000000000000000e+00
2.761415610862294479e-01 0.000000000000000000e+00
2.782506003330433297e-01 0.000000000000000000e+00
2.803757474287703610e-01 0.000000000000000000e+00
2.825171253975775620e-01 0.000000000000000000e+00
2.846748582032325170e-01 0.000000000000000000e+00
2.868490707562799669e-01 0.000000000000000000e+00
2.890398889212724143e-01 0.000000000000000000e+00
2.912474395240567393e-01 0.000000000000000000e+00
2.934718503591156602e-01 0.000000000000000000e+00
2.957132501969662597e-01 0.000000000000000000e+00
2.979717687916139113e-01 0.000000000000000000e+00
3.002475368880643813e-01 0.000000000000000000e+00
3.025406862298920529e-01 0.000000000000000000e+00
3.048513495668665474e-01 0.000000000000000000e+00
3.071796606626379655e-01 0.000000000000000000e+00
3.095257543024800828e-01 0.000000000000000000e+00
3.118897663010932186e-01 0.000000000000000000e+00
3.142718335104664473e-01 0.000000000000000000e+00
3.166720938277997055e-01 0.000000000000000000e+00
3.190906862034871283e-01 0.000000000000000000e+00
3.215277506491602821e-01 0.000000000000000000e+00
3.239834282457938475e-01 0.000000000000000000e+00
3.264578611518724749e-01 0.000000000000000000e+00
3.289511926116204799e-01 0.000000000000000000e+00
3.314635669632940984e-01 0.000000000000000000e+00
3.339951296475371922e-01 0.000000000000000000e+00
3.365460272158006805e-01 0.000000000000000000e+00
3.391164073388266975e-01 0.000000000000000000e+00
3.417064188151969217e-01 0.000000000000000000e+00
3.443162115799464074e-01 0.000000000000000000e+00
3.469459367132436967e-01 0.000000000000000000e+00
3.495957464491361577e-01 0.000000000000000000e+00
3.522657941843635454e-01 0.000000000000000000e+00
3.549562344872373987e-01 0.000000000000000000e+00
3.576672231065893826e-01 0.000000000000000000e+00
3.603989169807875204e-01 0.000000000000000000e+00
3.631514742468208712e-01 0.000000000000000000e+00
3.659250542494547620e-01 0.000000000000000000e+00
3.687198175504546316e-01 0.000000000000000000e+00
3.715359259378811507e-01 0.000000000000000000e+00
3.743735424354559527e-01 0.000000000000000000e+00
3.772328313119991394e-01 0.000000000000000000e+00
3.801139580909387861e-01 0.000000000000000000e+00
3.830170895598929426e-01 0.000000000000000000e+00
3.859423937803250215e-01 0.000000000000000000e+00
3.888900400972727933e-01 0.000000000000000000e+00
3.918601991491514891e-01 0.000000000000000000e+00
3.948530428776324541e-01 0.000000000000000000e+00
3.978687445375965748e-01 0.000000000000000000e+00
4.009074787071638113e-01 0.000000000000000000e+00
4.039694212977997800e-01 0.000000000000000000e+00
4.070547495644989411e-01 0.000000000000000000e+00
4.101636421160458901e-01 0.000000000000000000e+00
4.132962789253552538e-01 0.000000000000000000e+00
4.164528413398899120e-01 0.000000000000000000e+00
4.196335120921593775e-01 0.000000000000000000e+00
4.228384753102979454e-01 0.000000000000000000e+00
4.260679165287238890e-01 0.000000000000000000e+00
4.293220226988802568e-01 0.000000000000000000e+00
4.326009822000570493e-01 0.000000000000000000e+00
4.359049848502964952e-01 0.000000000000000000e+00
4.392342219173819284e-01 0.000000000000000000e+00
4.425888861299096533e-01 0.000000000000000000e+00
4.459691716884466306e-01 0.000000000000000000e+00
4.493752742767720409e-01 0.000000000000000000e+00
4.528073910732057783e-01 0.000000000000000000e+00
4.562657207620228750e-01 0.000000000000000000e+00
4.597504635449554122e-01 0.000000000000000000e+00
4.632618211527818053e-01 0.000000000000000000e+00
4.667999968570054614e-01 0.000000000000000000e+00
4.703651954816218117e-01 0.000000000000000000e+00
4.739576234149754375e-01 0.000000000000000000e+00
4.775774886217079018e-01 0.000000000000000000e+00
4.812250006547968972e-01 0.000000000000000000e+00
4.849003706676870973e-01 0.000000000000000000e+00
4.886038114265137677e-01 0.000000000000000000e+00
4.923355373224197473e-01 0.000000000000000000e+00
4.960957643839665199e-01 0.000000000000000000e+00
4.998847102896398775e-01 0.000000000000000000e+00
5.037025943804516182e-01 0.000000000000000000e+00
5.075496376726369441e-01 0.000000000000000000e+00
5.114260628704487832e-01 0.000000000000000000e+00
5.153320943790506981e-01 0.000000000000000000e+00
5.192679583175066060e-01 0.000000000000000000e+00
5.232338825318720854e-01 0.000000000000000000e+00
5.272300966083831586e-01 0.000000000000000000e+00
5.312568318867476602e-01 0.000000000000000000e+00
5.353143214735371913e-01 0.000000000000000000e+00
5.394028002556814361e-01 0.000000000000000000e+00
5.435225049140661735e-01 0.000000000000000000e+00
5.476736739372339846e-01 0.000000000000000000e+00
5.518565476351910970e-01 0.000000000000000000e+00
5.560713681533180353e-01 0.000000000000000000e+00
5.603183794863880740e-01 0.000000000000000000e+00
5.645978274926913842e-01 0.000000000000000000e+00
5.689099599082683145e-01 0.000000000000000000e+00
5.732550263612503638e-01 0.000000000000000000e+00
5.776332783863111775e-01 0.000000000000000000e+00
5.820449694392276774e-01 0.000000000000000000e+00
5.864903549115527692e-01 0.000000000000000000e+00
5.909696921454001828e-01 0.000000000000000000e+00
5.954832404483410002e-01 0.000000000000000000e+00
6.000312611084158698e-01 0.000000000000000000e+00
6.046140174092602404e-01 0.000000000000000000e+00
6.092317746453459471e-01 0.000000000000000000e+00
6.138848001373393704e-01 0.000000000000000000e+00
6.185733632475765020e-01 0.000000000000000000e+00
6.232977353956554722e-01 0.000000000000000000e+00
6.280581900741497581e-01 0.000000000000000000e+00
6.328550028644405190e-01 0.000000000000000000e+00
6.376884514526697245e-01 0.000000000000000000e+00
6.425588156458151845e-01 0.000000000000000000e+00
6.474663773878889250e-01 0.000000000000000000e+00
6.524114207762584661e-01 0.000000000000000000e+00
6.573942320780932214e-01 0.000000000000000000e+00
6.624150997469364643e-01 0.000000000000000000e+00
6.674743144394041927e-01 0.000000000000000000e+00
6.725721690320105584e-01 0.000000000000000000e+00
6.777089586381226383e-01 0.000000000000000000e+00
6.828849806250443244e-01 0.000000000000000000e+00
6.881005346312309978e-01 0.000000000000000000e+00
6.933559225836360973e-01 0.000000000000000000e+00
6.986514487151883612e-01 0.000000000000000000e+00
7.039874195824046277e-01 0.000000000000000000e+00
7.093641440831359724e-01 0.000000000000000000e+00
7.147819334744500708e-01 0.000000000000000000e+00
7.202411013906493409e-01 0.000000000000000000e+00
7.257419638614276414e-01 0.000000000000000000e+00
7.312848393301645267e-01 0.000000000000000000e+00
7.368700486723602783e-01 0.000000000000000000e+00
7.424979152142111571e-01 0.000000000000000000e+00
7.481687647513268757e-01 0.000000000000000000e+00
7.538829255675907337e-01 0.000000000000000000e+00
7.596407284541633054e-01 0.000000000000000000e+00
7.654425067286326767e-01 0.000000000000000000e+00
7.712885962543096774e-01 0.000000000000000000e+00
7.771793354596711056e-01 0.000000000000000000e+00
7.831150653579508347e-01 0.000000000000000000e+00
7.890961295668817987e-01 0.000000000000000000e+00
7.951228743285869704e-01 0.000000000000000000e+00
8.011956485296237718e-01 0.000000000000000000e+00
8.073148037211809180e-01 0.000000000000000000e+00
8.134806941394295832e-01 0.000000000000000000e+00
8.196936767260303291e-01 0.000000000000000000e+00
8.259541111487957998e-01 0.000000000000000000e+00
8.322623598225118435e-01 0.000000000000000000e+00
8.386187879299183967e-01 0.000000000000000000e+00
8.450237634428487965e-01 0.000000000000000000e+00
8.514776571435325181e-01 0.000000000000000000e+00
8.579808426460586723e-01 0.000000000000000000e+00
8.645336964180048156e-01 0.000000000000000000e+00
8.711365978022310719e-01 0.000000000000000000e+00
8.777899290388395670e-01 0.000000000000000000e+00
8.844940752873023948e-01 0.000000000000000000e+00
8.912494246487583371e-01 0.000000000000000000e+00
8.980563681884800031e-01 0.000000000000000000e+00
9.049152999585122759e-01 1.209729431211206998e-05
9.118266170204843979e-01 1.037369046559713775e-03
9.187907194685952517e-01 2.662194951321981973e-02
9.258080104527748322e-01 2.383032887805641709e-01
9.328788962020224673e-01 1.067381608877180144e+00
9.400037860479233398e-01 2.948142144348968152e+00
9.471830924483448655e-01 5.757524565240266234e+00
9.544172310113129276e-01 8.766415373312071324e+00
9.617066205190725192e-01 1.111176447261922995e+01
9.690516829523299069e-01 1.234127494849142082e+01
9.764528435146813123e-01 1.245581155272767226e+01
9.839105306572277776e-01 1.172448679365865765e+01
9.914251761033785471e-01 1.051572886327594603e+01
9.989972148738428537e-01 9.131875127155243632e+00
1.006627085311812886e+00 7.731601913317190267e+00
1.014315229108340155e+00 6.441778977440082876e+00
1.022062091327904820e+00 5.313695559629414866e+00
1.029868120434179746e+00 4.356765664834671981e+00
1.037733768315991956e+00 3.559543265877003204e+00
1.045659490313482376e+00 2.908131284562962993e+00
1.053645745244466525e+00 2.384601410514271880e+00
1.061692995430993491e+00 1.951926322552372639e+00
1.069801706726111412e+00 1.607201559978159500e+00
1.077972348540833902e+00 1.323220394561193336e+00
1.086205393871315206e+00 1.098540226767759309e+00
1.094501319326231403e+00 9.155524061613962150e-01
1.102860605154371676e+00 7.659929216200389579e-01
1.111283735272438733e+00 6.430596290871779530e-01
1.119771197293064180e+00 5.440128607906586922e-01
1.128323482553034385e+00 4.614709568608965640e-01
1.136941086141734836e+00 3.942347034138555251e-01
1.145624506929811659e+00 3.382034691590583564e-01
1.154374247598049186e+00 2.905150994102864148e-01
1.163190814666471562e+00 2.510269074564525638e-01
1.172074718523663961e+00 2.180022737606845118e-01
1.181026473456318726e+00 1.891828562342116604e-01
1.190046597679009999e+00 1.658471039624614674e-01
1.199135613364188391e+00 1.458650866888412112e-01
1.208294046672413469e+00 1.281928327361168407e-01
1.217522427782810501e+00 1.135750353451656092e-01
1.226821290923763907e+00 1.005945753693129330e-01
1.236191174403842963e+00 8.928108666125002257e-02
1.245632620642964428e+00 7.976621850124454571e-02
1.255146176203792763e+00 7.183939213683622482e-02
1.264732391823380597e+00 6.419158266628816056e-02
1.274391822445051226e+00 5.759140163134838369e-02
1.284125027250524465e+00 5.163903853005886307e-02
1.293932569692285650e+00 4.649600655693998663e-02
1.303815017526205322e+00 4.201112846816060231e-02
1.313772942844406266e+00 3.822999549909591316e-02
1.323806922108381467e+00 3.502952397223650649e-02
1.333917536182366304e+00 3.191607206584921863e-02
1.344105370366962093e+00 2.895172849290411285e-02
1.354371014433021658e+00 2.670379362186697109e-02
1.364715062655789790e+00 2.375110755745627952e-02
1.375138113849305288e+00 2.205473978510611929e-02
1.385640771401068339e+00 2.008126977287244888e-02
1.396223643306966578e+00 1.850197931423175693e-02
1.406887342206475600e+00 1.704817710302470798e-02
1.417632485418122146e+00 1.584189233204972430e-02
1.428459694975221517e+00 1.454890643968878225e-02
1.439369597661886768e+00 1.328960363888661081e-02
1.450362825049312576e+00 1.237113448445362023e-02
1.461440013532337545e+00 1.135647925085226349e-02
1.472601804366283851e+00 1.073971965236444025e-02
1.483848843704080878e+00 9.903182495169669114e-03
1.495181782633669076e+00 9.168571673628752097e-03
1.506601277215691814e+00 8.291715459970434854e-03
1.518107988521476326e+00 7.646707815384880258e-03
1.529702582671299993e+00 7.400846220613085079e-03
1.541385730872953275e+00 6.664937584590449084e-03
1.553158109460597069e+00 6.446892492074644126e-03
1.565020399933912287e+00 5.771501136628231360e-03
1.576973288997555844e+00 5.576668842394394594e-03
1.589017468600909977e+00 5.250468352233617596e-03
1.601153635978140644e+00 4.821283106663296243e-03
1.613382493688560348e+00 4.503850430681981612e-03
1.625704749657298942e+00 4.226917548457968452e-03
1.638121117216285949e+00 3.879327709913954134e-03
1.650632315145542872e+00 3.650585332658040465e-03
1.663239067714795461e+00 3.408109942361433123e-03
1.675942104725400839e+00 3.239521448285194102e-03
1.688742161552594379e+00 3.040456735007537447e-03
1.701639979188063201e+00 2.928161100745778778e-03
1.714636304282838086e+00 2.672975332466407013e-03
1.727731889190519565e+00 2.516388270728845203e-03
1.740927492010831301e+00 2.413679689791483219e-03
1.754223876633505208e+00 2.264969880273861539e-03
1.767621812782504076e+00 2.153990493507307227e-03
1.781122076060578596e+00 2.011834067942478571e-03
1.794725447994169887e+00 1.899642522871665233e-03
1.808432716078648639e+00 1.821165856706290784e-03
1.822244673823904648e+00 1.698030760848286830e-03
1.836162120800284292e+00 1.614530303203251440e-03
1.850185862684873506e+00 1.563295708371474245e-03
1.864316711308142471e+00 1.374046141685517563e-03
1.878555484700939138e+00 1.380300332801269068e-03
1.892903007141845784e+00 1.302679085441717883e-03
1.907360109204898402e+00 1.213289416248508308e-03
1.921927627807664241e+00 1.197606014152110404e-03
1.936606406259693713e+00 1.139939971587428753e-03
1.951397294311338904e+00 1.050979863458014136e-03
1.966301148202944216e+00 1.003091118195534748e-03
1.981318830714416501e+00 9.623215619682834628e-04
1.996451211215167332e+00 8.993802989555590641e-04
2.011699165714443627e+00 8.481164268437529387e-04
2.027063576912038645e+00 7.798560092953532195e-04
2.042545334249390443e+00 7.732958100676380923e-04
2.058145333961072687e+00 7.110308582309049366e-04
2.073864479126675597e+00 6.830078760271378899e-04
2.089703679723088570e+00 6.410137011267407143e-04
2.105663852677174930e+00 6.577090591559189067e-04
2.121745921918852140e+00 6.327986570105555066e-04
2.137950818434581013e+00 5.686171185894686427e-04
2.154279480321258600e+00 5.672751673076861572e-04
2.170732852840524529e+00 5.629942573582415264e-04
2.187311888473481680e+00 5.214740872064052525e-04
2.204017546975835184e+00 4.989677503133212481e-04
2.220850795433451541e+00 4.704902763284871136e-04
2.237812608318344942e+00 4.334263316181599006e-04
2.254903967545088150e+00 4.343285477557481413e-04
2.272125862527654583e+00 4.164908840676639565e-04
2.289479290236696052e+00 3.599550454953676917e-04
2.306965255257257041e+00 3.810294990538939269e-04
2.324584769846928634e+00 3.579363988681380591e-04
2.342338853994450965e+00 3.344603173478311931e-04
2.360228535478756218e+00 3.378395509061549390e-04
2.378254849928468584e+00 3.003712297585517713e-04
2.396418840881856305e+00 2.915630752386407843e-04
2.414721559847241572e+00 2.932885372812443444e-04
2.433164066363873168e+00 2.679070623600566885e-04
2.451747428063260070e+00 2.472805131508728723e-04
2.470472720730979344e+00 2.701802228068157677e-04
2.489341028368951214e+00 2.397855018748571115e-04
2.508353443258192428e+00 2.467220047645890058e-04
2.527511066022048780e+00 2.281305935887990171e-04
2.546815005689907707e+00 2.042148106885460042e-04
2.566266379761402039e+00 1.782657523141473004e-04
2.585866314271100030e+00 1.981311350678239679e-04
2.605615943853691441e+00 2.020359812214137039e-04
2.625516411809674544e+00 2.017045432647992544e-04
2.645568870171534748e+00 1.765018159710212700e-04
2.665774479770441019e+00 1.610627629103939136e-04
2.686134410303444575e+00 1.557011686510790562e-04
2.706649840401191387e+00 1.626327016238350511e-04
2.727321957696154264e+00 1.545496508554282823e-04
2.748151958891383195e+00 1.424865622398365471e-04
2.769141049829782819e+00 1.408673182830779585e-04
2.790290445563917920e+00 1.319367337824607156e-04
2.811601370426352720e+00 1.315397872686205089e-04
2.833075058100528398e+00 1.072750538378920763e-04
2.854712751692177974e+00 1.311881489847880396e-04
2.876515703801291846e+00 1.127346740591280485e-04
2.898485176594628676e+00 1.043328678863519675e-04
2.920622441878783171e+00 1.040794835433343784e-04
2.942928781173810293e+00 1.038181606646383328e-04
2.965405485787410811e+00 9.932632644366130490e-05
2.988053856889687943e+00 9.381967675771561330e-05
3.010875205588466663e+00 8.687476286628749672e-05
3.033870853005199208e+00 9.759628736872770982e-05
3.057042130351439457e+00 8.814518784335154090e-05
3.080390379005908841e+00 8.289956716071260735e-05
3.103916950592149782e+00 7.721202115031444257e-05
3.127623207056766663e+00 7.664632564319071451e-05
3.151510520748272093e+00 7.705437024746525289e-05
3.175580274496530464e+00 7.744224690262714952e-05
3.199833861692807702e+00 6.561567647436702966e-05
3.224272686370440510e+00 6.221426793513326560e-05
3.248898163286108698e+00 6.800199038386491295e-05
3.273711718001736770e+00 6.270141932454822357e-05
3.298714786967021251e+00 5.606160521524097107e-05
3.323908817602584165e+00 6.173862290260540226e-05
3.349295268383767343e+00 6.224478760758981992e-05
3.374875608925059112e+00 5.663468086649702611e-05
3.400651320065169791e+00 4.101981915778338158e-05
3.426623893952761790e+00 4.342488118821349197e-05
3.452794834132823176e+00 5.128274886751268681e-05
3.479165655633714493e+00 4.863631693500147703e-05
3.505737885054867498e+00 4.111765335269509936e-05
3.532513060655161574e+00 4.213277755906897352e-05
3.559492732441974283e+00 4.358316196161177137e-05
3.586678462260907807e+00 4.194345001566386085e-05
3.614071823886209955e+00 4.246856138318011610e-05
3.641674403111871072e+00 3.656662655569880530e-05
3.669487797843431487e+00 4.781588244624247075e-05
3.697513618190481299e+00 3.519807784914914193e-05
3.725753486559869376e+00 3.615733226423812252e-05
3.754209037749625999e+00 3.714764273503108654e-05
3.782881919043597829e+00 3.355594677700852432e-05
3.811773790306809850e+00 2.878795279666028568e-05
3.840886324081555170e+00 2.731726512756351194e-05
3.870221205684216237e+00 3.199200232323637187e-05
3.899780133302832574e+00 2.571215159873415314e-05
3.929564818095400369e+00 2.392648738086999423e-05
3.959576984288936341e+00 2.887969743677939254e-05
3.989818369279292121e+00 2.356248060752656374e-05
4.020290723731728910e+00 2.339376274481996931e-05
4.050995811682269299e+00 2.514714219359251080e-05
4.081935410639808026e+00 2.610938801921816276e-05
4.113111311689019445e+00 1.904555732727582963e-05
4.144525319594036361e+00 2.418602817173939114e-05
4.176179252902931793e+00 2.288282575544142703e-05
4.208074944052993871e+00 2.345587118367926826e-05
4.240214239476800984e+00 2.734639495483631770e-05
4.272598999709120271e+00 2.016709151563418059e-05
4.305231099494601921e+00 2.111552456617442363e-05
4.338112427896314571e+00 1.696594460475099050e-05
4.371244888405103168e+00 1.720204121428240969e-05
4.404630399049775491e+00 1.600803866651050777e-05
4.438270892508145771e+00 1.834790667081935781e-05
4.472168316218908757e+00 1.856984430079962773e-05
4.506324632494379756e+00 2.085367674063798334e-05
4.540741818634090876e+00 1.586261441502375997e-05
4.575421867039255019e+00 1.438089135145758699e-05
4.610366785328114503e+00 1.733077251299380213e-05
4.645578596452149434e+00 1.248171782831964413e-05
4.681059338813191140e+00 8.706890489921444932e-06
4.716811066381425555e+00 1.560945417261848524e-05
4.752835848814294550e+00 1.417725182679704375e-05
4.789135771576313871e+00 1.373746790861765158e-05
4.825712936059790792e+00 1.493483211805002870e-05
4.862569459706477915e+00 9.343875617893577810e-06
4.899707476130153339e+00 1.278696538200943058e-05
4.937129135240129862e+00 1.237071634851145416e-05
4.974836603365720755e+00 1.165132918675451105e-05
5.012832063381637226e+00 1.032095451959739013e-05
5.051117714834363781e+00 1.054475296447461573e-05
5.089695774069483036e+00 6.459475835701612909e-06
5.128568474359980200e+00 1.130640497556417118e-05
5.167738066035535205e+00 7.573294995141111171e-06
5.207206816612779399e+00 9.628740552006207439e-06
5.246977010926572760e+00 8.365469985002405213e-06
5.287050951262264320e+00 7.108311982030874178e-06
5.327430957488979324e+00 1.088005259871872653e-05
5.368119367193910918e+00 7.592134385546655815e-06
5.409118535817638573e+00 6.081695097809933796e-06
5.450430836790491895e+00 6.324894201979302044e-06
5.492058661669943831e+00 7.701325818299916280e-06
5.534004420279054592e+00 7.361689314084479842e-06
5.576270540845982282e+00 5.621326557474274455e-06
5.618859470144546009e+00 6.689260874878583872e-06
5.661773673635872584e+00 8.029329083230174509e-06
5.705015635611118796e+00 6.587703858819764270e-06
5.748587859335287931e+00 7.633379443111584431e-06
5.792492867192146733e+00 4.866166008153190602e-06
5.836733200830237500e+00 6.174499673849098760e-06
5.881311421310018162e+00 7.194241625753475819e-06
5.926230109252122347e+00 6.872812362284038341e-06
5.971491864986748332e+00 5.775530018314864442e-06
6.017099308704191074e+00 5.209397121150188768e-06
6.063055080606527092e+00 4.649372865963426330e-06
6.109361841060454879e+00 3.844670309204475009e-06
6.156022270751298819e+00 5.347392838991681081e-06
6.203039070838196167e+00 3.537911560830964780e-06
6.250414963110467070e+00 5.760422800412967162e-06
6.298152690145174759e+00 4.229187543150265671e-06
6.346255015465900762e+00 4.443623591222844024e-06
6.394724723702712943e+00 3.674088321638009770e-06
6.443564620753374328e+00 5.592781292851764849e-06
6.492777533945774948e+00 3.376776085586905713e-06
6.542366312201600920e+00 4.309949341847920812e-06
6.592333826201270064e+00 4.986599279448062075e-06
6.642682968550095879e+00 4.716051591744570642e-06
6.693416653945753581e+00 3.978353866892561008e-06
6.744537819347007357e+00 3.715366696237623164e-06
6.796049424143726370e+00 2.995053806358218132e-06
6.847954450328215259e+00 3.890543749850988217e-06
6.900255902667822738e+00 3.407234049158064310e-06
6.952956808878900219e+00 3.835303790449097639e-06
7.006060219802071387e+00 2.908786194775847557e-06
7.059569209578839377e+00 3.774153543904395227e-06
7.113486875829561740e+00 3.083414025812429471e-06
7.167816339832755901e+00 2.624288459354832449e-06
7.222560746705797285e+00 1.735088877503293964e-06
7.277723265586987011e+00 3.444109563179026181e-06
7.333307089819009583e+00 2.564772260593896041e-06
7.389315437133804565e+00 5.090541157710564838e-06
7.445751549838826477e+00 3.368417420262620336e-06
7.502618695004750649e+00 3.547148327872827604e-06
7.559920164654601038e+00 2.898602009396093422e-06
7.617659275954320464e+00 2.262436760769854774e-06
7.675839371404808986e+00 2.246534013672424767e-06
7.734463819035411802e+00 2.431747170308833458e-06
7.793536012598893947e+00 1.405810273721476033e-06
7.853059371767910690e+00 2.793743895170590022e-06
7.913037342332964741e+00 1.979626421388744169e-06
7.973473396401889346e+00 1.765614998441719917e-06
8.034371032600834184e+00 2.146142815139927374e-06
8.095733776276818006e+00 2.132096856559614674e-06
8.157565179701792957e+00 1.535768656738023607e-06
8.219868822278293408e+00 2.288735021648483008e-06
8.282648310746649756e+00 2.837331893605947354e-06
8.345907279393774303e+00 1.874610365684021909e-06
8.409649390263549407e+00 1.303547698614018535e-06
8.473878333368830340e+00 2.037253799333318660e-06
8.538597826905046873e+00 2.020147186550900703e-06
8.603811617465460415e+00 1.274762564181837219e-06
8.669523480258041204e+00 1.985947379577177925e-06
8.735737219324033020e+00 1.615527691337029754e-06
8.802456667758143283e+00 1.424130545651998105e-06
8.869685687930459750e+00 1.940432988562160843e-06
8.937428171710028124e+00 1.225583540102606365e-06
9.005688040690165153e+00 2.434460667984010762e-06
9.074469246415468149e+00 2.071600255829904637e-06
9.143775770610570675e+00 1.712832529285838343e-06
9.213611625410646155e+00 2.041475205074866288e-06
9.283980853593664762e+00 1.349527435250515977e-06
9.354887528814433750e+00 1.506024140097148927e-06
9.426335755840423047e+00 9.985596045783308648e-07
9.498329670789374291e+00 1.649155506515862741e-06
9.570873441368757284e+00 1.474280195016508523e-06
9.643971267117024126e+00 9.751069327514015934e-07
9.717627379646726737e+00 1.771750506054261939e-06
9.791846042889485346e+00 1.759138773299975405e-06
9.866631553342816829e+00 1.428010080447687471e-06
9.941988240318867298e+00 1.104090689637040291e-06
1.001792046619502941e+01 1.093044309621785141e-06
1.009443262666647811e+01 9.308030674723849328e-07
1.017152915100063915e+01 1.233644953685757075e-06
1.024921450229360431e+01 1.070335517123861341e-06
1.032749317772848840e+01 4.549508926941031477e-07
1.040636970883577561e+01 7.529704241199929122e-07
1.048584866175564301e+01 1.195115640806314999e-06
1.056593463750229134e+01 1.038234155871491855e-06
1.064663227223031328e+01 1.619831261782841761e-06
1.072794623750306187e+01 7.299371771947581402e-07
1.080988124056310262e+01 1.013729797132807266e-06
1.089244202460468713e+01 1.006009490657919603e-06
1.097563336904835118e+01 8.552273474128821607e-07
1.105946008981760897e+01 1.276254117223166992e-06
1.114392703961772924e+01 7.034343442661410092e-07
1.122903910821665363e+01 5.576220523376078695e-07
1.131480122272806810e+01 6.923729275205300971e-07
1.140121834789663069e+01 9.614045850908398651e-07
1.148829548638539144e+01 4.097055235293321105e-07
1.157603767906538295e+01 4.054758884772990040e-07
1.166445000530744025e+01 4.035119379957693157e-07
1.175353758327623055e+01 1.333842161544087579e-06
1.184330557022655483e+01 7.941731539929849557e-07
1.193375916280191262e+01 6.547953891148756303e-07
1.202490359733531022e+01 3.901743180450293823e-07
1.211674415015240314e+01 6.463218154769996156e-07
1.220928613787693706e+01 6.412090944299747340e-07
1.230253491773851593e+01 5.092696763580546402e-07
1.239649588788276091e+01 2.531036834048589080e-07
1.249117448768377869e+01 6.265350855248349109e-07
1.258657619805906158e+01 4.986575507829902151e-07
1.268270654178675727e+01 7.415514182995868465e-07
1.277957108382539175e+01 6.126820159999980529e-07
1.287717543163603651e+01 7.291907422562995951e-07
1.297552523550690928e+01 7.237556058708649164e-07
1.307462618888047245e+01 1.199494739250940275e-07
1.317448402868301116e+01 7.135257762703204414e-07
1.327510453565674453e+01 8.266519181360602025e-07
1.337649353469450197e+01 1.055092124560798368e-06
1.347865689517689169e+01 1.162232450555363338e-07
1.358160053131209644e+01 5.765814316345987731e-07
1.368533040247822186e+01 5.740831245922222685e-07
1.378985251356829522e+01 6.815389228092492500e-07
1.389517291533790910e+01 5.631638334373540829e-07
1.400129770475546920e+01 3.354802544773856567e-07
1.410823302535516532e+01 4.439910408144961962e-07
1.421598506759258740e+01 3.308684846811177786e-07
1.432456006920312142e+01 3.285386428594273153e-07
1.443396431556304549e+01 1.086186435615307681e-07
1.454420414005338102e+01 1.077210110929780414e-07
1.465528592442653633e+01 8.558110966162633110e-07
1.476721609917572842e+01 5.301256709708070784e-07
1.488000114390725059e+01 1.056090760142777601e-07
1.499364758771559814e+01 4.181324841056089781e-07
1.510816200956140420e+01 4.155316791043109610e-07
1.522355103865231740e+01 4.115306350374716858e-07
1.533982135482673925e+01 1.019441117349075913e-07
1.545697968894052465e+01 5.072974126679274387e-07
1.557503282325665950e+01 3.019808274853556926e-07
1.569398759183785330e+01 4.988218386072365562e-07
1.581385088094217650e+01 7.927906086745359340e-07
1.593462962942168204e+01 5.891511927167637146e-07
1.605633082912410003e+01 6.824325945573564573e-07
1.617896152529763043e+01 6.774341529528548630e-07
1.630252881699875189e+01 3.834836485989083980e-07
1.642703985750318907e+01 1.902023307824801733e-07
1.655250185472002045e+01 3.777037449588717659e-07
1.667892207160893037e+01 1.874562529169082110e-07
1.680630782660069400e+01 5.587703906041861713e-07
1.693466649402079582e+01 1.854125795309543730e-07
1.706400550451636988e+01 3.665120052630352671e-07
1.719433234548630907e+01 4.555773474957005339e-07
1.732565456151473171e+01 2.708866462905331697e-07
1.745797975480775932e+01 2.690011668076835365e-07
1.759131558563357700e+01 3.552837859384578797e-07
1.772566977276590450e+01 2.654200802131642877e-07
1.786105009393079257e+01 3.504532485316135953e-07
1.799746438625691525e+01 4.352248502590236477e-07
1.813492054672925491e+01 2.589700487916027515e-07
1.827342653264623351e+01 4.291670819077135639e-07
1.841299036208040008e+01 1.701675608036120904e-07
1.855362011434253589e+01 4.226468430867509164e-07
1.869532393044939056e+01 1.673345805438565564e-07
1.883811001359499926e+01 2.498939933257593973e-07
1.898198662962550998e+01 4.952218399191258907e-07
1.912696210751772696e+01 3.282287648171781441e-07
1.927304483986123529e+01 1.625345309814432670e-07
1.942024328334427707e+01 5.654563099580580427e-07
1.956856595924331188e+01 3.204417184883446840e-07
1.971802145391628613e+01 7.968122019424780388e-08
1.986861841929972172e+01 3.155927731061311466e-07
2.002036557340952783e+01 2.349843372394139551e-07
2.017327170084572430e+01 2.334155096594391272e-07
2.032734565330098775e+01 7.704930504339079653e-08
2.048259635007306656e+01 2.292527596415633154e-07
2.063903277858106478e+01 3.796589831686092830e-07
2.079666399488577966e+01 2.260246309460448736e-07
2.095549912421395078e+01 2.245041863130626059e-07
2.111554736148649880e+01 1.480292207526061764e-07
2.127681797185082857e+01 2.947261394832007076e-07
2.143932029121715743e+01 1.460357023876846796e-07
2.160306372679898601e+01 7.233984501480580982e-08
2.176805775765772211e+01 2.158364943299796508e-07
2.193431193525134404e+01 7.160460208451698434e-08
2.210183588398740895e+01 7.070641953616761635e-08
2.227063930178012185e+01 1.406788633683153013e-07
2.244073196061181008e+01 2.789274180198831201e-07
2.261212370709861119e+01 6.927792942282197334e-08
2.278482446306047393e+01 1.376947446719186140e-07
2.295884422609555031e+01 6.814381516923417376e-08
2.313419307015891846e+01 1.350608779780165585e-07
2.331088114614578188e+01 6.738967181813478468e-08
2.348891868247912029e+01 1.335563134338050177e-07
2.366831598570178841e+01 6.621260756748211336e-08
2.384908344107317646e+01 1.312387718049144635e-07
2.403123151317036843e+01 0.000000000000000000e+00
2.421477074649395789e+01 2.584447203971793598e-07
2.439971176607850367e+01 2.565091661436656329e-07
2.458606527810756148e+01 4.449322645535106811e-07
2.477384207053348675e+01 6.310142043806503733e-08
2.496305301370191287e+01 0.000000000000000000e+00
2.515370906098105408e+01 2.491344403702940259e-07
2.534582124939582215e+01 3.714117155690795514e-07
2.553940070026671805e+01 1.225513550108748317e-07
2.573445861985366534e+01 6.082601827752046264e-08
2.593100630000469309e+01 1.205050851607350599e-07
2.612905511880966003e+01 6.004582200915678018e-08
2.632861654125893835e+01 3.571035374515499892e-07
2.652970211990708549e+01 2.361130579387093742e-07
2.673232349554165310e+01 5.843150487273769474e-08
2.693649239785701255e+01 1.165329188241210061e-07
2.714222064613342411e+01 5.784501256586144899e-08
2.734952014992126834e+01 4.007214189353814082e-07
2.755840290973046081e+01 1.136345943372778070e-07
2.776888101772517103e+01 5.627737925727531247e-08
2.798096665842379238e+01 2.240192420925678303e-07
2.819467210940434398e+01 1.114019393592311705e-07
2.841000974201522311e+01 1.657118597347885217e-07
2.862699202209135763e+01 1.094363145632011424e-07
2.884563151067587228e+01 5.444074963265148280e-08
2.906594086474717642e+01 0.000000000000000000e+00
2.928793283795175029e+01 5.345509710115071484e-08
2.951162028134242377e+01 1.058932097384058797e-07
2.973701614412232175e+01 1.056334976604210341e-07
2.996413347439450092e+01 5.216619301916829343e-08
3.019298541991724250e+01 5.191535371371203463e-08
3.042358522886523176e+01 1.032214386069528095e-07
3.065594625059649658e+01 1.021435039884033699e-07
3.089008193642516886e+01 1.014019781838326689e-07
3.112600584040018958e+01 5.041064471883772634e-08
3.136373162008992921e+01 1.499743123976069901e-07
3.160327303737282278e+01 4.969600789445828494e-08
3.184464395923409441e+01 9.832280511494012805e-08
3.208785835856844670e+01 1.463603151270856730e-07
3.233293031498900660e+01 4.837091673280451575e-08
3.257987401564231078e+01 1.445011592241058852e-07
3.282870375602964685e+01 0.000000000000000000e+00
3.307943394083464739e+01 1.418519048868743474e-07
3.333207908475711889e+01 1.878711597228727101e-07
3.358665381335332967e+01 4.658694083385950003e-08
3.384317286388262858e+01 2.315685736988910009e-07
3.410165108616060081e+01 4.594628609438212693e-08
3.436210344341879619e+01 9.126057281627250402e-08
3.462454501317083100e+01 9.040494047224458695e-08
3.488899098808531107e+01 8.959768159107478447e-08
3.515545667686525633e+01 4.467906712098709329e-08
3.542395750513435360e+01 8.840410983968174720e-08
3.569450901632996676e+01 1.315159667903878111e-07
3.596712687260290409e+01 4.368417996075199427e-08
3.624182685572413476e+01 0.000000000000000000e+00
3.651862486799832652e+01 8.607461674231863630e-08
3.679753693318444618e+01 0.000000000000000000e+00
3.707857919742345842e+01 8.453441009139076489e-08
3.736176793017290265e+01 1.258289099081725220e-07
3.764711952514880267e+01 4.150912504926099583e-08
3.793465050127463911e+01 0.000000000000000000e+00
3.822437750363764764e+01 4.109143501461726430e-08
3.851631730445244273e+01 8.144317466260776814e-08
3.881048680403189621e+01 4.037924801511457513e-08
3.910690303176554039e+01 8.024885877143681234e-08
3.940558314710532528e+01 3.985203081884308998e-08
3.970654444055901422e+01 0.000000000000000000e+00
4.000980433469116804e+01 7.838639144644524539e-08
4.031538038513167521e+01 7.763748917393862204e-08
4.062329028159209088e+01 0.000000000000000000e+00
4.093355184888959997e+01 3.837535984352301789e-08
4.124618304797896684e+01 7.589698562900063793e-08
4.156120197699230800e+01 7.539315922641534779e-08
4.187862687228675185e+01 1.498258929893504831e-07
4.219847610950009198e+01 7.403758897491621344e-08
4.252076820461459761e+01 3.680948912484224979e-08
4.284552181502894541e+01 3.648484574439158485e-08
4.317275574063820898e+01 0.000000000000000000e+00
4.350248892492221842e+01 3.594310469057207821e-08
4.383474045604216940e+01 7.139356842078944296e-08
4.416952956794561658e+01 3.544585371133822413e-08
4.450687564148002906e+01 7.015994589927024989e-08
4.484679820551461660e+01 3.485627614257878610e-08
4.518931693807093097e+01 1.042117770304081308e-07
4.553445166746195127e+01 6.857454370006527985e-08
4.588222237343995147e+01 1.364791609740749576e-07
4.623264918835322135e+01 6.782366143211033774e-08
4.658575239831141346e+01 3.351230279883449572e-08
4.694155244435995655e+01 6.688546313197730703e-08
4.730006992366332952e+01 6.646561873972160041e-08
4.766132559069743735e+01 3.297218717974559513e-08
4.802534035845116023e+01 1.630690028110007446e-07
4.839213529963691940e+01 6.481902636430690651e-08
4.876173164791060799e+01 3.209544607068378814e-08
4.913415079910075178e+01 0.000000000000000000e+00
4.950941431244714153e+01 0.000000000000000000e+00
4.988754391184892256e+01 6.284958602804300171e-08
5.026856148712214889e+01 6.229599272438797786e-08
5.065248909526700771e+01 6.193774632612225655e-08
5.103934896174460789e+01 0.000000000000000000e+00
5.142916348176368757e+01 0.000000000000000000e+00
5.182195522157707757e+01 1.209265119443420852e-07
5.221774691978801286e+01 9.005244072989134718e-08
5.261656148866648408e+01 0.000000000000000000e+00
5.301842201547557920e+01 5.917047142011136912e-08
5.342335176380803574e+01 2.929119179500269318e-08
5.383137417493298926e+01 2.911679315391087156e-08
5.424251286915296077e+01 2.891374513136882611e-08
5.465679164717121807e+01 0.000000000000000000e+00
5.507423449146955363e+01 0.000000000000000000e+00
5.549486556769667800e+01 2.825070637555186474e-08
5.591870922606719319e+01 0.000000000000000000e+00
5.634579000277113892e+01 1.389951223679083643e-07
5.677613262139447414e+01 2.766987244918307195e-08
5.720976199435020249e+01 5.466355091855350540e-08
5.764670322432060345e+01 2.723401081298186949e-08
5.808698160571049129e+01 2.688062248018793053e-08
5.853062262611141620e+01 0.000000000000000000e+00
5.897765196777716312e+01 0.000000000000000000e+00
5.942809550911043459e+01 2.637269966108003304e-08
5.988197932616098740e+01 5.226974517610857119e-08
6.033932969413523040e+01 2.586949483407396210e-08
6.080017308891720518e+01 2.577713614440108511e-08
6.126453618860131201e+01 5.119571291410043185e-08
6.173244587503663183e+01 5.078898143200989428e-08
6.220392923538312857e+01 2.511868989829202114e-08
6.267901356367983112e+01 0.000000000000000000e+00
6.315772636242475357e+01 4.961926884463387388e-08
6.364009534416704383e+01 0.000000000000000000e+00
6.412614843311123991e+01 0.000000000000000000e+00
6.461591376673376885e+01 2.429972102930308457e-08
6.510941969741192281e+01 0.000000000000000000e+00
6.560669479406510618e+01 0.000000000000000000e+00
6.610776784380868776e+01 0.000000000000000000e+00
6.661266785362042242e+01 0.000000000000000000e+00
6.712142405201964834e+01 7.000650573615913083e-08
6.763406589075952979e+01 2.318462684252936444e-08
6.815062304653176284e+01 0.000000000000000000e+00
6.867112542268469610e+01 2.286666539955520655e-08
6.919560315095429814e+01 0.000000000000000000e+00
6.972408659320856827e+01 0.000000000000000000e+00
7.025660634320522036e+01 0.000000000000000000e+00
7.079319322836265371e+01 2.210337569512652160e-08
7.133387831154462333e+01 2.197078676632221837e-08
7.187869289285829666e+01 2.181025538885672251e-08
7.242766851146639340e+01 4.341142792748216909e-08
7.298083694741293925e+01 2.154260873810251890e-08
7.353823022346294636e+01 0.000000000000000000e+00
7.409988060695627610e+01 0.000000000000000000e+00
7.466582061167545703e+01 2.099603515301929063e-08
7.523608299972798363e+01 2.081416301400090469e-08
7.581070078344298224e+01 0.000000000000000000e+00
7.638970722728217311e+01 2.050724912853377184e-08
7.697313584976564016e+01 6.104649886868367461e-08
7.756102042541199637e+01 0.000000000000000000e+00
7.815339498669379736e+01 0.000000000000000000e+00
7.875029382600763483e+01 0.000000000000000000e+00
7.935175149765926506e+01 1.968646951941854547e-08
7.995780281986401405e+01 1.963608031322080000e-08
8.056848287676226050e+01 1.951304336687964331e-08
8.118382702045050792e+01 5.796350515271563297e-08
8.180387087302804616e+01 5.738772554044633372e-08
8.242865032865888963e+01 0.000000000000000000e+00
8.305820155564990159e+01 3.778570640168818039e-08
8.369256099854430886e+01 1.877845192367090606e-08
8.433176538023161584e+01 0.000000000000000000e+00
8.497585170407356259e+01 0.000000000000000000e+00
8.562485725604614117e+01 0.000000000000000000e+00
8.627881960689798291e+01 3.633121370994556292e-08
8.693777661432541493e+01 3.609925366838461534e-08
8.760176642516411505e+01 0.000000000000000000e+00
8.827082747759727965e+01 3.549611524649564291e-08
8.894499850338092983e+01 1.767366261372388419e-08
8.962431853008587268e+01 1.745472282963026544e-08
9.030882688335715613e+01 1.728481747960928519e-08
9.099856318919067633e+01 3.439859443126184758e-08
9.169356737622699427e+01 1.714808763180545245e-08
9.239387967806285928e+01 0.000000000000000000e+00
9.309954063558021176e+01 0.000000000000000000e+00
9.381059109929316264e+01 0.000000000000000000e+00
9.452707223171287865e+01 0.000000000000000000e+00
9.524902550973044413e+01 0.000000000000000000e+00
9.597649272701789869e+01 0.000000000000000000e+00
9.670951599644754992e+01 0.000000000000000000e+00
9.744813775253007293e+01 0.000000000000000000e+00
9.819240075387101285e+01 1.596339740752662858e-08
9.894234808564596051e+01 0.000000000000000000e+00
9.969802316209487003e+01 1.569276325442868374e-08
1.004594697290351206e+02 3.123741059290243855e-08
1.012267318663940330e+02 0.000000000000000000e+00
1.019998539907607551e+02 1.535919238528928818e-08
1.027788808579573896e+02 0.000000000000000000e+00
1.035638575656300304e+02 0.000000000000000000e+00
1.043548295558592258e+02 3.005308368392695398e-08
1.051518426177907060e+02 1.495514272459450299e-08
1.059549428902863042e+02 1.477734000879306037e-08
1.067641768645947025e+02 0.000000000000000000e+00
1.075795913870428819e+02 0.000000000000000000e+00
1.084012336617479093e+02 0.000000000000000000e+00
1.092291512533496842e+02 1.429633024498688975e-08
1.100633920897645339e+02 0.000000000000000000e+00
1.109040044649596268e+02 0.000000000000000000e+00
1.117510370417487309e+02 0.000000000000000000e+00
1.126045388546091885e+02 0.000000000000000000e+00
1.134645593125205778e+02 0.000000000000000000e+00
1.143311482018251581e+02 1.367574101575670342e-08
1.152043556891097040e+02 1.355713826703343433e-08
1.160842323241099052e+02 0.000000000000000000e+00
1.169708290426363391e+02 0.000000000000000000e+00
1.178641971695234076e+02 0.000000000000000000e+00
1.187643884216004722e+02 2.633250371074229740e-08
1.196714549106856964e+02 0.000000000000000000e+00
1.205854491466028264e+02 1.304005450362020439e-08
1.215064240402207503e+02 3.867336156082626249e-08
1.224344329065167187e+02 0.000000000000000000e+00
1.233695294676628009e+02 0.000000000000000000e+00
1.243117678561356172e+02 1.256707926076924696e-08
1.252612026178502873e+02 0.000000000000000000e+00
1.262178887153177698e+02 1.239206998733024350e-08
1.271818815308268711e+02 0.000000000000000000e+00
1.281532368696502999e+02 4.886142303336489489e-08
1.291320109632751496e+02 0.000000000000000000e+00
1.301182604726581644e+02 0.000000000000000000e+00
1.311120424915058038e+02 0.000000000000000000e+00
1.321134145495791472e+02 0.000000000000000000e+00
1.331224346160248615e+02 0.000000000000000000e+00
1.341391611027304975e+02 0.000000000000000000e+00
1.351636528677061619e+02 0.000000000000000000e+00
1.361959692184915980e+02 0.000000000000000000e+00
1.372361699155896986e+02 0.000000000000000000e+00
1.382843151759259683e+02 0.000000000000000000e+00
1.393404656763344747e+02 1.124028241401666060e-08
1.404046825570703732e+02 2.223877557546450890e-08
1.414770274253492062e+02 1.104713363916746274e-08
1.425575623589134011e+02 2.203720051195347796e-08
1.436463499096261103e+02 0.000000000000000000e+00
1.447434531070921366e+02 0.000000000000000000e+00
1.458489354623067129e+02 1.075280520008173323e-08
1.469628609713321055e+02 0.000000000000000000e+00
1.480852941190023273e+02 0.000000000000000000e+00
1.492162998826563580e+02 3.149998760903230954e-08
1.503559437358994160e+02 0.000000000000000000e+00
1.515042916523934196e+02 0.000000000000000000e+00
1.526614101096758418e+02 0.000000000000000000e+00
1.538273660930082656e+02 1.020526934012881044e-08
1.550022270992544691e+02 0.000000000000000000e+00
1.561860611407872170e+02 0.000000000000000000e+00
1.573789367494260318e+02 0.000000000000000000e+00
1.585809229804039546e+02 0.000000000000000000e+00
1.597920894163653998e+02 0.000000000000000000e+00
1.610125061713944206e+02 0.000000000000000000e+00
1.622422438950733863e+02 0.000000000000000000e+00
1.634813737765729229e+02 0.000000000000000000e+00
1.647299675487729473e+02 0.000000000000000000e+00
1.659880974924153065e+02 0.000000000000000000e+00
1.672558364402883058e+02 0.000000000000000000e+00
1.685332577814427282e+02 0.000000000000000000e+00
1.698204354654404540e+02 0.000000000000000000e+00
1.711174440066350826e+02 9.168829998333263809e-09
1.724243584884858365e+02 9.116028903796469151e-09
1.737412545679041500e+02 0.000000000000000000e+00
1.750682084796334834e+02 0.000000000000000000e+00
1.764052970406620489e+02 0.000000000000000000e+00
1.777525976546700690e+02 0.000000000000000000e+00
1.791101883165108575e+02 8.717641271353151024e-09
1.804781476167256642e+02 0.000000000000000000e+00
1.818565547460933089e+02 0.000000000000000000e+00
1.832454895002142905e+02 8.544946856262544895e-09
1.846450322841304228e+02 0.000000000000000000e+00
1.860552641169795152e+02 0.000000000000000000e+00
1.874762666366852955e+02 8.356336604509903125e-09
1.889081221046837413e+02 0.000000000000000000e+00
1.903509134106845408e+02 0.000000000000000000e+00
1.918047240774702118e+02 0.000000000000000000e+00
1.932696382657309186e+02 0.000000000000000000e+00
1.947457407789366925e+02 0.000000000000000000e+00
1.962331170682464574e+02 0.000000000000000000e+00
1.977318532374547715e+02 0.000000000000000000e+00
1.992420360479763985e+02 0.000000000000000000e+00
