1.007314577357746395e-06 0.000000000000000000e+00
1.022050738157085172e-06 0.000000000000000000e+00
1.037002476532669867e-06 0.000000000000000000e+00
1.052172946202215323e-06 0.000000000000000000e+00
1.067565347019664431e-06 0.000000000000000000e+00
1.083182925650115004e-06 0.000000000000000000e+00
1.099028976254630445e-06 0.000000000000000000e+00
1.115106841185069142e-06 0.000000000000000000e+00
1.131419911689071041e-06 0.000000000000000000e+00
1.147971628625360671e-06 0.000000000000000000e+00
1.164765483189517368e-06 0.000000000000000000e+00
1.181805017650363486e-06 0.000000000000000000e+00
1.199093826097117550e-06 0.000000000000000000e+00
1.216635555197484504e-06 0.000000000000000000e+00
1.234433904966839137e-06 0.000000000000000000e+00
1.252492629548650261e-06 0.000000000000000000e+00
1.270815538006331790e-06 0.000000000000000000e+00
1.289406495126678695e-06 0.000000000000000000e+00
1.308269422235049389e-06 0.000000000000000000e+00
1.327408298022475615e-06 0.000000000000000000e+00
1.346827159384875163e-06 0.000000000000000000e+00
1.366530102274545501e-06 0.000000000000000000e+00
1.386521282564099480e-06 0.000000000000000000e+00
1.406804916923053165e-06 0.000000000000000000e+00
1.427385283707237743e-06 0.000000000000000000e+00
1.448266723861210011e-06 0.000000000000000000e+00
1.469453641833875500e-06 0.000000000000000000e+00
1.490950506507507443e-06 0.000000000000000000e+00
1.512761852140349597e-06 0.000000000000000000e+00
1.534892279323007713e-06 0.000000000000000000e+00
1.557346455948839277e-06 0.000000000000000000e+00
1.580129118198540584e-06 0.000000000000000000e+00
1.603245071539124057e-06 0.000000000000000000e+00
1.626699191737521068e-06 0.000000000000000000e+00
1.650496425889018006e-06 0.000000000000000000e+00
1.674641793460717854e-06 0.000000000000000000e+00
1.699140387350285004e-06 0.000000000000000000e+00
1.723997374960176362e-06 0.000000000000000000e+00
1.749217999287573916e-06 0.000000000000000000e+00
1.774807580030276668e-06 0.000000000000000000e+00
1.800771514708768779e-06 0.000000000000000000e+00
1.827115279804697280e-06 0.000000000000000000e+00
1.853844431916002885e-06 0.000000000000000000e+00
1.880964608928956931e-06 0.000000000000000000e+00
1.908481531207346938e-06 0.000000000000000000e+00
1.936401002799041579e-06 0.000000000000000000e+00
1.964728912660223922e-06 0.000000000000000000e+00
1.993471235897532631e-06 0.000000000000000000e+00
2.022634035028363983e-06 0.000000000000000000e+00
2.052223461259617184e-06 0.000000000000000000e+00
2.082245755785148092e-06 0.000000000000000000e+00
2.112707251102209193e-06 0.000000000000000000e+00
2.143614372347129500e-06 0.000000000000000000e+00
2.174973638650549482e-06 0.000000000000000000e+00
2.206791664512488845e-06 0.000000000000000000e+00
2.239075161197503816e-06 0.000000000000000000e+00
2.271830938150279099e-06 0.000000000000000000e+00
2.305065904431925127e-06 0.000000000000000000e+00
2.338787070177269020e-06 0.000000000000000000e+00
2.373001548073486551e-06 0.000000000000000000e+00
2.407716554860357156e-06 0.000000000000000000e+00
2.442939412852465149e-06 0.000000000000000000e+00
2.478677551483661393e-06 0.000000000000000000e+00
2.514938508874134382e-06 0.000000000000000000e+00
2.551729933420407560e-06 0.000000000000000000e+00
2.589059585408571160e-06 0.000000000000000000e+00
2.626935338651142886e-06 0.000000000000000000e+00
2.665365182147868279e-06 0.000000000000000000e+00
2.704357221770799593e-06 0.000000000000000000e+00
2.743919681974044932e-06 0.000000000000000000e+00
2.784060907528531530e-06 0.000000000000000000e+00
2.824789365282124550e-06 0.000000000000000000e+00
2.866113645945515583e-06 0.000000000000000000e+00
2.908042465904237457e-06 0.000000000000000000e+00
2.950584669057176779e-06 0.000000000000000000e+00
2.993749228681978078e-06 0.000000000000000000e+00
3.037545249327753744e-06 0.000000000000000000e+00
3.081981968735482214e-06 0.000000000000000000e+00
3.127068759786475975e-06 0.000000000000000000e+00
3.172815132479376366e-06 0.000000000000000000e+00
3.219230735936073713e-06 0.000000000000000000e+00
3.266325360436955554e-06 0.000000000000000000e+00
3.314108939485928916e-06 0.000000000000000000e+00
3.362591551905666001e-06 0.000000000000000000e+00
3.411783423963506540e-06 0.000000000000000000e+00
3.461694931528425492e-06 0.000000000000000000e+00
3.512336602259591695e-06 0.000000000000000000e+00
3.563719117826939279e-06 0.000000000000000000e+00
3.615853316164192712e-06 0.000000000000000000e+00
3.668750193754886335e-06 0.000000000000000000e+00
3.722420907951824327e-06 0.000000000000000000e+00
3.776876779330440196e-06 0.000000000000000000e+00
3.832129294076616543e-06 0.000000000000000000e+00
3.888190106409436032e-06 0.000000000000000000e+00
3.945071041039351476e-06 0.000000000000000000e+00
4.002784095662330252e-06 0.000000000000000000e+00
4.061341443490488050e-06 0.000000000000000000e+00
4.120755435819757446e-06 0.000000000000000000e+00
4.181038604635077492e-06 0.000000000000000000e+00
4.242203665253731971e-06 0.000000000000000000e+00
4.304263519007363188e-06 0.000000000000000000e+00
4.367231255963177964e-06 0.000000000000000000e+00
4.431120157684998909e-06 0.000000000000000000e+00
4.495943700034715789e-06 0.000000000000000000e+00
4.561715556014673132e-06 0.000000000000000000e+00
4.628449598651681045e-06 0.000000000000000000e+00
4.696159903923217583e-06 0.000000000000000000e+00
4.764860753726407982e-06 0.000000000000000000e+00
4.834566638890456673e-06 0.000000000000000000e+00
4.905292262233144501e-06 0.000000000000000000e+00
4.977052541662067912e-06 0.000000000000000000e+00
5.049862613321183391e-06 0.000000000000000000e+00
5.123737834783442357e-06 0.000000000000000000e+00
5.198693788290112811e-06 0.000000000000000000e+00
5.274746284037485708e-06 0.000000000000000000e+00
5.351911363511645367e-06 0.000000000000000000e+00
5.430205302872061158e-06 0.000000000000000000e+00
5.509644616384671335e-06 0.000000000000000000e+00
5.590246059905150172e-06 0.000000000000000000e+00
5.672026634413175810e-06 0.000000000000000000e+00
5.755003589598407766e-06 0.000000000000000000e+00
5.839194427498865285e-06 0.000000000000000000e+00
5.924616906192589155e-06 0.000000000000000000e+00
6.011289043543310338e-06 0.000000000000000000e+00
6.099229121000858101e-06 0.000000000000000000e+00
6.188455687457219067e-06 0.000000000000000000e+00
6.278987563159001034e-06 0.000000000000000000e+00
6.370843843677115559e-06 0.000000000000000000e+00
6.464043903934519574e-06 0.000000000000000000e+00
6.558607402292915576e-06 0.000000000000000000e+00
6.654554284699240485e-06 0.000000000000000000e+00
6.751904788892758010e-06 8.111030411631930439e-07
6.850679448673746411e-06 0.000000000000000000e+00
6.950899098234648166e-06 0.000000000000000000e+00
7.052584876554509078e-06 0.000000000000000000e+00
7.155758231857769887e-06 0.000000000000000000e+00
7.260440926138285322e-06 0.000000000000000000e+00
7.366655039749465955e-06 0.000000000000000000e+00
7.474422976061624485e-06 0.000000000000000000e+00
7.583767466187464127e-06 0.000000000000000000e+00
7.694711573776648474e-06 0.000000000000000000e+00
7.807278699880527707e-06 0.000000000000000000e+00
7.921492587888051990e-06 0.000000000000000000e+00
8.037377328533902904e-06 8.716129952483637907e-07
8.154957364979827154e-06 0.000000000000000000e+00
8.274257497970363489e-06 0.000000000000000000e+00
8.395302891063997905e-06 0.000000000000000000e+00
8.518119075940805925e-06 0.000000000000000000e+00
8.642731957787742387e-06 0.000000000000000000e+00
8.769167820762752732e-06 0.000000000000000000e+00
8.897453333538822177e-06 0.000000000000000000e+00
9.027615554929046979e-06 0.000000000000000000e+00
9.159681939594091512e-06 8.991753232541276291e-07
9.293680343833127217e-06 0.000000000000000000e+00
9.429639031459405388e-06 0.000000000000000000e+00
9.567586679761874957e-06 0.000000000000000000e+00
9.707552385554009091e-06 0.000000000000000000e+00
9.849565671311038320e-06 0.000000000000000000e+00
9.993656491397055546e-06 0.000000000000000000e+00
1.013985523838319066e-05 0.000000000000000000e+00
1.028819274945820828e-05 0.000000000000000000e+00
1.043870031293285345e-05 0.000000000000000000e+00
1.059140967483941058e-05 0.000000000000000000e+00
1.074635304562781570e-05 0.000000000000000000e+00
1.090356310695962130e-05 0.000000000000000000e+00
1.106307301860147234e-05 0.000000000000000000e+00
1.122491642541938768e-05 0.000000000000000000e+00
1.138912746447533417e-05 0.000000000000000000e+00
1.155574077222762343e-05 8.660273285121365299e-07
1.172479149183668274e-05 0.000000000000000000e+00
1.189631528057766575e-05 0.000000000000000000e+00
1.207034831736151717e-05 0.000000000000000000e+00
1.224692731036608570e-05 0.000000000000000000e+00
1.242608950477883701e-05 0.000000000000000000e+00
1.260787269065282000e-05 9.000915595895051254e-07
1.279231521087761615e-05 0.000000000000000000e+00
1.297945596926691007e-05 0.000000000000000000e+00
1.316933443876425501e-05 0.000000000000000000e+00
1.336199066976900349e-05 0.000000000000000000e+00
1.355746529858402446e-05 0.000000000000000000e+00
1.375579955598694823e-05 0.000000000000000000e+00
1.395703527592680112e-05 8.745276346042038777e-07
1.416121490434794070e-05 0.000000000000000000e+00
1.436838150814300096e-05 0.000000000000000000e+00
1.457857878423685134e-05 8.584209520447899299e-07
1.479185106880345199e-05 0.000000000000000000e+00
1.500824334661750401e-05 8.565804566629410542e-07
1.522780126054295324e-05 0.000000000000000000e+00
1.545057112116022781e-05 9.046182467298372569e-07
1.567659991653442197e-05 0.000000000000000000e+00
1.590593532212629987e-05 0.000000000000000000e+00
1.613862571084830798e-05 0.000000000000000000e+00
1.637472016326773407e-05 9.085746464615856359e-07
1.661426847795909308e-05 0.000000000000000000e+00
1.685732118200790824e-05 8.534775802241685925e-07
1.710392954166825580e-05 0.000000000000000000e+00
1.735414557317622482e-05 0.000000000000000000e+00
1.760802205372142312e-05 0.000000000000000000e+00
1.786561253257912133e-05 8.724828570587652158e-07
1.812697134240526785e-05 0.000000000000000000e+00
1.839215361069663454e-05 0.000000000000000000e+00
1.866121527141864113e-05 0.000000000000000000e+00
1.893421307680336196e-05 0.000000000000000000e+00
1.921120460932004300e-05 8.663097815446128361e-07
1.949224829382077500e-05 0.000000000000000000e+00
1.977740340986387761e-05 8.267673079441454429e-07
2.006673010421750834e-05 0.000000000000000000e+00
2.036028940354616632e-05 0.000000000000000000e+00
2.065814322728284870e-05 0.000000000000000000e+00
2.096035440068960072e-05 0.000000000000000000e+00
2.126698666810886848e-05 0.000000000000000000e+00
2.157810470640895772e-05 8.299564758348792683e-07
2.189377413862611608e-05 0.000000000000000000e+00
2.221406154780615261e-05 0.000000000000000000e+00
2.253903449104850828e-05 0.000000000000000000e+00
2.286876151375590824e-05 0.000000000000000000e+00
2.320331216409237394e-05 1.605233792826138417e-06
2.354275700765275634e-05 0.000000000000000000e+00
2.388716764234696154e-05 1.713038519634357182e-06
2.423661671350176551e-05 8.679625289913396308e-07
2.459117792918370451e-05 3.272774399944684642e-06
2.495092607574596845e-05 1.791568735227226658e-06
2.531593703360290548e-05 0.000000000000000000e+00
2.568628779323518389e-05 8.768315798595613133e-07
2.606205647142909086e-05 2.475895280992341991e-06
2.644332232775353569e-05 1.678497189879974663e-06
2.683016578127791539e-05 0.000000000000000000e+00
2.722266842753457623e-05 1.793036670001937440e-06
2.762091305572953733e-05 8.695315286361968270e-07
2.802498366620500994e-05 1.688476584179466150e-06
2.843496548815710749e-05 2.571912648259745224e-06
2.885094499761305602e-05 1.753149617017425042e-06
2.927300993567130672e-05 8.453541388081453055e-07
2.970124932700842990e-05 4.345080685040194510e-06
3.013575349865669028e-05 0.000000000000000000e+00
3.057661409905651831e-05 8.413862921593373147e-07
3.102392411738757062e-05 0.000000000000000000e+00
3.147777790318254023e-05 2.653205563266498824e-06
3.193827118622811437e-05 2.554465902194088323e-06
3.240550109675684740e-05 8.604888181475689666e-07
3.287956618593440767e-05 0.000000000000000000e+00
3.336056644664672153e-05 2.420717303109479588e-06
3.384860333459122246e-05 0.000000000000000000e+00
3.434377978967633887e-05 9.118709443635017096e-07
3.484620025773432989e-05 8.866997340424214286e-07
3.535597071255176533e-05 1.744516155063742652e-06
3.587319867822214914e-05 8.560371711475061184e-07
3.639799325182551120e-05 4.481992768054929719e-06
3.693046512643996819e-05 0.000000000000000000e+00
3.747072661448980061e-05 6.098004639737979457e-06
3.801889167143510757e-05 1.744171184189668081e-06
3.857507591980808783e-05 2.612334863647930129e-06
3.913939667360083957e-05 3.161957390026625403e-06
3.971197296301003197e-05 1.705267189655818743e-06
4.029292555954340905e-05 8.181826659696946114e-07
4.088237700149384478e-05 1.746164108009692108e-06
4.148045161978584190e-05 8.574030625603849588e-07
4.208727556420020056e-05 1.642813962884268731e-06
4.270297682998246060e-05 1.743329302646153039e-06
4.332768528484041656e-05 3.102353789728366718e-06
4.396153269633657363e-05 8.613990857965108071e-07
4.460465275968148065e-05 9.080178590062380963e-07
4.525718112593374049e-05 2.441569725863618938e-06
4.591925543061214606e-05 9.181410726083952437e-07
4.659101532272679944e-05 1.712268937116160167e-06
4.727260249423485881e-05 3.363082528311667230e-06
4.796416070992705924e-05 3.368888130723645637e-06
4.866583583775139729e-05 5.159274022624584188e-06
4.937777587958068129e-05 1.698935911547402753e-06
5.010013100243003903e-05 5.116273966698505979e-06
5.083305357013104394e-05 2.512209692007437229e-06
5.157669817546942586e-05 3.301564566063845398e-06
5.233122167279269528e-05 2.606028042892511405e-06
5.309678321109477598e-05 5.822223394803934933e-06
5.387354426758486257e-05 5.099574932669319896e-06
5.466166868174736750e-05 2.528840580125099214e-06
5.546132268989970656e-05 5.011200922856853595e-06
5.627267496025611541e-05 3.174021278067315316e-06
5.709589662850433445e-05 4.077898461367365584e-06
5.793116133390256831e-05 5.203315735534329370e-06
5.877864525590445873e-05 2.531812159153764651e-06
5.963852715132014786e-05 3.389456043823986673e-06
6.051098839202098770e-05 4.986791902821597295e-06
6.139621300319531559e-05 4.089594048113513633e-06
6.229438770216440984e-05 3.436890965928522830e-06
6.320570193776625569e-05 5.033078129084914951e-06
6.413034793031522577e-05 9.005942679799801496e-06
6.506852071214624727e-05 6.003325802333677594e-06
6.602041816875254946e-05 5.177331941348171304e-06
6.698624108052483167e-05 5.787155354232248687e-06
6.796619316510112173e-05 9.330065581301931899e-06
6.896048112033645924e-05 9.133291217113214511e-06
6.996931466790075197e-05 3.411604109865587686e-06
7.099290659751453627e-05 1.019033646221612808e-05
7.203147281183210093e-05 8.703735330724634393e-06
7.308523237198127171e-05 7.847252957723567466e-06
7.415440754376880113e-05 9.540054824177981912e-06
7.523922384456230034e-05 3.559740895207951031e-06
7.633991009085798322e-05 8.754208406254765671e-06
7.745669844654403443e-05 6.157528769509110407e-06
7.858982447186987452e-05 5.907473326665013818e-06
7.973952717313235366e-05 1.205845655484663271e-05
8.090604905308844213e-05 8.201917291438907406e-06
8.208963616210531388e-05 1.353611529875300985e-05
8.329053815005926136e-05 1.365485904429814585e-05
8.450900831899321307e-05 5.050823700101466065e-06
8.574530367654471233e-05 1.379833544671567310e-05
8.699968499015579544e-05 8.547083199043706495e-06
8.827241684207600455e-05 1.627471743974780860e-05
8.956376768516928206e-05 1.090147964160887681e-05
9.087400989953808253e-05 1.181720635328177798e-05
9.220341984997565236e-05 1.031545963738053016e-05
9.355227794425856618e-05 1.183457076381380817e-05
9.492086869229200176e-05 1.041582214444493131e-05
9.630948076612052004e-05 9.639017322523248148e-06
9.771840706081696753e-05 1.822724381426978557e-05
9.914794475626126477e-05 1.881647842058850264e-05
1.005983953798237853e-04 1.257816154010833885e-05
1.020700648699655904e-04 1.105173172125585538e-05
1.035632636407687597e-04 1.401980019886765829e-05
1.050783066474109812e-04 1.363266601330447806e-05
1.066155134525979928e-04 1.855308229432874430e-05
1.081752082939678623e-04 1.349227129175414278e-05
1.097577201524810103e-04 1.364565806572251179e-05
1.113633828218114799e-04 1.861341377668507130e-05
1.129925349787524514e-04 1.542944619812019070e-05
1.146455202546524122e-04 2.741257463421385381e-05
1.163226873078960100e-04 2.471379393694580085e-05
1.180243898974451611e-04 1.944419854515658529e-05
1.197509869574565813e-04 2.119166237832854164e-05
1.215028426729902278e-04 1.890800873349739414e-05
1.232803265568256602e-04 2.662516108123215417e-05
1.250838135274020277e-04 1.519630909424047757e-05
1.269136839878983120e-04 2.211312184978492091e-05
1.287703239064704949e-04 1.949439817168763437e-05
1.306541248976624296e-04 2.789228899021501830e-05
1.325654843050077343e-04 2.425454462109622930e-05
1.345048052848400299e-04 2.476706918300805880e-05
1.364724968913292474e-04 2.534107883472851654e-05
1.384689741627621927e-04 2.427122657582634011e-05
1.404946582090848791e-04 2.794409452670172157e-05
1.425499763007259256e-04 3.199001713416560429e-05
1.446353619587192093e-04 2.617348618275451859e-05
1.467512550461446904e-04 3.890437742201094048e-05
1.488981018609075767e-04 3.010076834824215722e-05
1.510763552298740415e-04 3.774696492449386410e-05
1.532864746043846919e-04 2.486350941680293589e-05
1.555289261571648411e-04 3.465864116827588109e-05
1.578041828806525388e-04 3.840105177876034339e-05
1.601127246867655807e-04 3.808330727717955925e-05
1.624550385081275565e-04 3.727040005362043288e-05
1.648316184007743760e-04 3.951494694996440717e-05
1.672429656483644480e-04 4.513837453048969117e-05
1.696895888679122988e-04 4.504707185408101869e-05
1.721720041170694284e-04 3.595305219508013953e-05
1.746907350029746578e-04 5.194631483170551267e-05
1.772463127926964107e-04 4.037884155040079537e-05
1.798392765252914858e-04 4.177768542843751529e-05
1.824701731255023301e-04 3.983926274665252883e-05
1.851395575191181560e-04 5.817112264549484358e-05
1.878479927500234016e-04 5.645992997039571740e-05
1.905960500989583640e-04 4.236644106599686375e-05
1.933843092040179166e-04 6.098555316544884404e-05
1.962133581829122986e-04 4.821230913416304316e-05
1.990837937570166219e-04 5.335599229618279013e-05
2.019962213772354674e-04 6.380338009970726873e-05
2.049512553517080502e-04 5.385062580223371766e-05
2.079495189753827666e-04 5.789036216902629871e-05
2.109916446614860312e-04 4.930691332304203129e-05
2.140782740749153025e-04 6.823158789130619748e-05
2.172100582675831029e-04 7.973977473843489442e-05
2.203876578157409004e-04 6.497417576143736466e-05
2.236117429593125589e-04 6.427518689535820218e-05
2.268829937432654382e-04 7.230252335769177870e-05
2.302021001610499618e-04 7.229508559178037907e-05
2.335697623001375500e-04 7.734615168439989139e-05
2.369866904896872481e-04 6.827777848469616440e-05
2.404536054503736029e-04 6.652147701031034294e-05
2.439712384464053064e-04 8.799792810286993880e-05
2.475403314397682953e-04 7.061453722602314661e-05
2.511616372467252397e-04 8.806465598120695145e-05
2.548359196966041608e-04 8.911254858846097719e-05
2.585639537929108195e-04 9.261379609689542589e-05
2.623465258767969681e-04 1.010865816400511463e-04
2.661844337929207853e-04 1.051789232765150574e-04
2.700784870577335392e-04 1.007310894717595588e-04
2.740295070302274432e-04 1.030453368966950575e-04
2.780383270851830317e-04 1.022634235860009577e-04
2.821057927889492317e-04 1.096844854443149972e-04
2.862327620777956505e-04 1.195488614285747679e-04
2.904201054388746463e-04 1.380306494057689922e-04
2.946687060938298270e-04 1.398146696297818679e-04
2.989794601850906614e-04 1.224252767294788308e-04
3.033532769648932068e-04 1.176227347128934496e-04
3.077910789870644693e-04 1.307985954438894028e-04
3.122938023016148465e-04 1.519702475651865279e-04
3.168623966521748672e-04 1.562399802692370323e-04
3.214978256763214920e-04 1.385326179099005683e-04
3.262010671088352832e-04 1.602193982575969772e-04
3.309731129879294278e-04 1.459782233585899826e-04
3.358149698644983172e-04 1.575966252844331994e-04
3.407276590144247153e-04 1.686255816379279176e-04
3.457122166539945761e-04 1.479662175532740060e-04
3.507696941584621721e-04 1.874430387470895493e-04
3.559011582838125906e-04 1.754419222766885622e-04
3.611076913917697336e-04 1.832914813558400656e-04
3.663903916780945468e-04 1.957129103383504229e-04
3.717503734042235672e-04 1.939641961384064891e-04
3.771887671322965234e-04 2.082256399079826742e-04
3.827067199636210743e-04 2.242232715945563992e-04
3.883053957806278109e-04 2.196521474396226890e-04
3.939859754923634438e-04 2.407625860036606590e-04
3.997496572835757900e-04 2.016198320050134911e-04
4.055976568674428710e-04 2.330203414797127673e-04
4.115312077419982194e-04 2.155567347617212410e-04
4.175515614503096931e-04 2.615527870183674336e-04
4.236599878444621044e-04 2.376510044587961713e-04
4.298577753534026991e-04 2.462598187932990329e-04
4.361462312547055922e-04 3.027511591590931607e-04
4.425266819503099677e-04 2.815594440030343907e-04
4.490004732462949798e-04 2.742980301060433859e-04
4.555689706367449152e-04 2.981183733480263711e-04
4.622335595917678795e-04 2.780728564440049385e-04
4.689956458497289947e-04 3.370842065142886615e-04
4.758566557137573587e-04 3.195516558239691910e-04
4.828180363525911688e-04 3.545705843730341902e-04
4.898812561058241101e-04 3.449238588683841995e-04
4.970478047936164332e-04 3.376568671135293971e-04
5.043191940309384863e-04 3.563100954074086804e-04
5.116969575464099624e-04 3.785544357185933887e-04
5.191826515058036015e-04 3.850778414492231783e-04
5.267778548402823023e-04 3.991576802633505601e-04
5.344841695794364314e-04 3.862497311027137097e-04
5.423032211891959213e-04 4.098213813752254455e-04
5.502366589146830784e-04 4.070568009482881488e-04
5.582861561280821026e-04 4.363916471080138784e-04
5.664534106815980689e-04 4.311029204576202734e-04
5.747401452655780119e-04 4.480950701182746018e-04
5.831481077718731528e-04 4.882994540817107987e-04
5.916790716625150177e-04 5.223170090719719133e-04
6.003348363437854612e-04 5.050411186767736135e-04
6.091172275457593099e-04 4.879457593681324934e-04
6.180280977073986624e-04 5.776632632515469332e-04
6.270693263672821134e-04 5.296839910274813009e-04
6.362428205600491327e-04 6.138423754975988033e-04
6.455505152186439503e-04 6.143820735332927501e-04
6.549943735824441653e-04 5.672223941577128007e-04
6.645763876113594060e-04 6.335081380714752261e-04
6.742985784059895953e-04 6.457373112302214595e-04
6.841629966339280410e-04 6.387957825398212983e-04
6.941717229623012905e-04 7.009514370701144803e-04
7.043268684966375818e-04 6.721801265869902170e-04
7.146305752261537716e-04 7.359409402146230945e-04
7.250850164755591855e-04 7.159495140931472967e-04
7.356923973634661631e-04 7.284182252579985513e-04
7.464549552675084527e-04 7.723149433880132893e-04
7.573749602962638432e-04 8.022118116629533679e-04
7.684547157680783917e-04 8.271314019494665961e-04
7.796965586969000200e-04 8.654680977318203461e-04
7.911028602852150432e-04 8.867702378699970781e-04
8.026760264241967037e-04 9.160821436407273798e-04
8.144184982011735876e-04 8.821137144756306930e-04
8.263327524145182117e-04 9.516463173153421901e-04
8.384213020960696238e-04 1.038011250343307207e-03
8.506866970411987609e-04 1.072694157220942116e-03
8.631315243466263941e-04 1.029296199715277376e-03
8.757584089561128160e-04 1.087860196305992684e-03
8.885700142141259548e-04 1.098174573391841541e-03
9.015690424276124899e-04 1.168699912045060825e-03
9.147582354359855934e-04 1.158136838565515785e-03
9.281403751894502958e-04 1.185530064675100956e-03
9.417182843357926750e-04 1.223588185933114237e-03
9.554948268157498550e-04 1.225630316734665094e-03
9.694729084670909193e-04 1.265837174508586743e-03
9.836554776375358057e-04 1.356960850473115914e-03
9.980455258066377351e-04 1.380438051985932160e-03
1.012646088216768818e-03 1.517651990497768293e-03
1.027460244513331029e-03 1.453852486657325601e-03
1.042491119394335121e-03 1.539760965761736902e-03
1.057741883269483008e-03 1.569174396183871086e-03
1.073215752928889568e-03 1.687323872407025431e-03
1.088915992221590676e-03 1.647606330151130637e-03
1.104845912743975152e-03 1.718535415758168546e-03
1.121008874538287218e-03 1.719390114743307415e-03
1.137408286801349505e-03 1.835219977436928183e-03
1.154047608603650608e-03 1.893858923013938501e-03
1.170930349618958498e-03 1.922356391712210042e-03
1.188060070864600760e-03 1.971458120278874251e-03
1.205440385452578823e-03 2.016693562477263942e-03
1.223074959351669062e-03 2.057377413513590981e-03
1.240967512160670149e-03 2.166314301306979714e-03
1.259121817892969479e-03 2.122306035674195821e-03
1.277541705772578928e-03 2.279844907957394654e-03
1.296231061041821023e-03 2.332878129186317061e-03
1.315193825780830526e-03 2.484421458898221618e-03
1.334433999739039704e-03 2.366643459477222201e-03
1.353955641178836806e-03 2.524429323598225815e-03
1.373762867731557558e-03 2.681764545816514057e-03
1.393859857266002006e-03 2.623344704467538667e-03
1.414250848769661902e-03 2.828938647444038945e-03
1.434940143242830791e-03 2.882902028629006838e-03
1.455932104605802378e-03 2.994601776100286415e-03
1.477231160619335180e-03 2.981209750545161900e-03
1.498841803818583198e-03 3.117884116216354702e-03
1.520768592460694252e-03 3.301920541665172206e-03
1.543016151486264424e-03 3.290055317716490766e-03
1.565589173494862183e-03 3.461358674309607600e-03
1.588492419734820627e-03 3.487664361532526267e-03
1.611730721107509446e-03 3.642486519201518919e-03
1.635308979186304770e-03 3.852467158247874050e-03
1.659232167250456391e-03 3.867173562763170057e-03
1.683505331334086540e-03 4.072555261425294011e-03
1.708133591290531429e-03 4.093026053067413787e-03
1.733122141872251928e-03 4.234983765640465414e-03
1.758476253826548024e-03 4.306139977620912669e-03
1.784201275007297766e-03 4.500033542866540420e-03
1.810302631502959912e-03 4.756895680814769711e-03
1.836785828781082024e-03 4.784024760969613280e-03
1.863656452849546050e-03 4.814539936235394391e-03
1.890920171434809418e-03 4.967026549706575651e-03
1.918582735177376281e-03 5.178374838752066410e-03
1.946649978844760404e-03 5.297595200851180734e-03
1.975127822562192971e-03 5.521101920663967419e-03
2.004022273061330760e-03 5.593159297324487404e-03
2.033339424947239182e-03 5.741732597102008721e-03
2.063085461983904783e-03 5.986744488850885559e-03
2.093266658398552568e-03 6.192543092671199713e-03
2.123889380205049200e-03 6.291391757448845309e-03
2.154960086546662233e-03 6.481030384798353375e-03
2.186485331058465528e-03 6.687411307160227684e-03
2.218471763249677507e-03 6.767225645398649431e-03
2.250926129906210237e-03 7.048135192278925064e-03
2.283855276513755035e-03 7.373271100155661360e-03
2.317266148701670452e-03 7.523584081492007414e-03
2.351165793708002646e-03 7.725734888285807483e-03
2.385561361865933504e-03 8.023052907371914719e-03
2.420460108111972646e-03 8.318893662385409490e-03
2.455869393516222493e-03 8.520486782519974892e-03
2.491796686835016060e-03 8.631333030741539236e-03
2.528249566086279189e-03 8.977271972038094322e-03
2.565235720147935120e-03 9.158419905020444979e-03
2.602762950379688793e-03 9.556487034094987912e-03
2.640839172268547377e-03 9.880302583019924534e-03
2.679472417098398805e-03 1.007974775728430299e-02
2.718670833644028229e-03 1.028908435300347583e-02
2.758442689889907193e-03 1.069283577139098357e-02
2.798796374774128060e-03 1.094452059258894244e-02
2.839740399957860553e-03 1.139677831285395258e-02
2.881283401620680397e-03 1.153686889299726168e-02
2.923434142282172084e-03 1.198988196610234133e-02
2.966201512650174822e-03 1.230609330367186949e-02
3.009594533496064584e-03 1.263354492364964290e-02
3.053622357557481213e-03 1.287724000123187558e-02
3.098294271468879195e-03 1.331656073942913063e-02
3.143619697720323632e-03 1.384132377951926424e-02
3.189608196644948181e-03 1.414386536344435646e-02
3.236269468435472654e-03 1.460190244967283710e-02
3.283613355190242132e-03 1.492360313976942403e-02
3.331649842989180092e-03 1.559022863581666953e-02
3.380389064000117842e-03 1.569476523513517116e-02
3.429841298615938713e-03 1.630959803769628860e-02
3.480016977622979804e-03 1.691549660739176397e-02
3.530926684401169621e-03 1.730625623163374940e-02
3.582581157156337903e-03 1.767242013244037582e-02
3.634991291185188551e-03 1.834518637417690765e-02
3.688168141173409249e-03 1.908396196992752369e-02
3.742122923527388314e-03 1.945415111875536604e-02
3.796867018740064399e-03 2.021809690857148331e-02
3.852411973791368318e-03 2.061805705956833504e-02
3.908769504583781314e-03 2.118790906278938263e-02
3.965951498413539285e-03 2.173501300221710938e-02
4.023970016477973477e-03 2.256162928408332949e-02
4.082837296419535369e-03 2.324475720458195685e-02
4.142565754907045691e-03 2.396263875344908229e-02
4.203167990254684516e-03 2.443226403938078550e-02
4.264656785079329153e-03 2.520250574441496721e-02
4.327045108996732496e-03 2.589484758752164106e-02
4.390346121357163733e-03 2.658002121908379159e-02
4.454573174021066520e-03 2.742137970444778056e-02
4.519739814175307083e-03 2.818724990027373853e-02
4.585859787190652362e-03 2.895695893615461355e-02
4.652947039521022898e-03 2.975411691303851344e-02
4.721015721645172719e-03 3.023032854117320423e-02
4.790080191051398172e-03 3.190566147611702263e-02
4.860155015265908013e-03 3.240925099601903170e-02
4.931254974925513949e-03 3.354462620142229651e-02
5.003395066895245311e-03 3.440672326310086765e-02
5.076590507431592153e-03 3.541441183929989328e-02
5.150856735392015176e-03 3.640619409815520208e-02
5.226209415491405927e-03 3.762114972548095265e-02
5.302664441606197258e-03 3.863794254448391086e-02
5.380237940126798846e-03 3.954220129299353820e-02
5.458946273359080274e-03 4.072850777554803264e-02
5.538806042975618141e-03 4.227114910699510120e-02
5.619834093517418402e-03 4.289811552139834866e-02
5.702047515946887662e-03 4.460888218653802362e-02
5.785463651252769832e-03 4.578366169662501095e-02
5.870100094107807975e-03 4.702000644279438063e-02
5.955974696579945799e-03 4.807780384925397499e-02
6.043105571897777403e-03 4.982645200386103673e-02
6.131511098271129161e-03 5.095573233671885083e-02
6.221209922767501413e-03 5.238797617202037987e-02
6.312220965245229562e-03 5.436417022216567113e-02
6.404563422344185068e-03 5.570313021147728361e-02
6.498256771534847293e-03 5.711799019227389168e-02
6.593320775226632624e-03 5.912372916239779647e-02
6.689775484936302287e-03 6.044813076576194266e-02
6.787641245517349146e-03 6.247506003821889919e-02
6.886938699451285520e-03 6.381032455254344316e-02
6.987688791201676804e-03 6.580443067814614744e-02
7.089912771631883687e-03 6.763378854911519800e-02
7.193632202487441896e-03 6.903509892650132318e-02
7.298868960943985865e-03 7.162749057382993001e-02
7.405645244221747622e-03 7.327033142482429484e-02
7.513983574267524279e-03 7.556703356894983736e-02
7.623906802505158418e-03 7.733500556076094989e-02
7.735438114655511510e-03 7.980850674719815185e-02
7.848601035626932149e-03 8.219968770373242695e-02
7.963419434477297248e-03 8.428706761658866231e-02
8.079917529448633201e-03 8.699929104694698045e-02
8.198119893075363901e-03 8.876004178484719898e-02
8.318051457367329690e-03 9.160866383124591228e-02
8.439737519068589433e-03 9.423079394845404466e-02
8.563203744993197475e-03 9.695431670044232786e-02
8.688476177438994585e-03 9.954643731742249257e-02
8.815581239680625458e-03 1.019375862955347462e-01
8.944545741542919010e-03 1.048270061019514615e-01
9.075396885055757312e-03 1.078737896462332035e-01
9.208162270191742882e-03 1.108993153683741767e-01
9.342869900687746781e-03 1.132245917969578325e-01
9.479548189951631648e-03 1.169085254302449084e-01
9.618225967055414258e-03 1.205757743781893238e-01
9.758932482816042031e-03 1.231979069573660712e-01
9.901697415965211163e-03 1.268207761310518600e-01
1.004655087940936609e-02 1.300607597605084598e-01
1.019352342658132529e-02 1.336622247792434159e-01
1.034264605788479466e-02 1.365981613719813581e-01
1.049395022723317167e-02 1.410895492104329019e-01
1.064746784868404739e-02 1.446642486540111738e-01
1.080323130317069162e-02 1.480517151510630791e-01
1.096127344533204089e-02 1.521256386806498773e-01
1.112162761044262552e-02 1.560081248026713163e-01
1.128432762144389832e-02 1.609724973449705443e-01
1.144940779607831957e-02 1.645730503335723904e-01
1.161690295412791743e-02 1.691312851802133088e-01
1.178684842475873247e-02 1.737628792759034202e-01
1.195928005397260338e-02 1.781487201859137393e-01
1.213423421216807546e-02 1.823900572300893863e-01
1.231174780181190642e-02 1.872168433973296353e-01
1.249185826522275326e-02 1.923706941804660675e-01
1.267460359246871601e-02 1.963264485111533009e-01
1.286002232938048169e-02 2.012347940537513313e-01
1.304815358568169395e-02 2.065879318250180841e-01
1.323903704323815475e-02 2.117039611395973575e-01
1.343271296442782523e-02 2.172651102391231215e-01
1.362922220063325987e-02 2.236848122961456187e-01
1.382860620085816714e-02 2.281269717834594202e-01
1.403090702047014339e-02 2.338284754563519918e-01
1.423616733007130805e-02 2.396430905995657334e-01
1.444443042449857981e-02 2.453027596551616007e-01
1.465574023195573977e-02 2.512582909819034982e-01
1.487014132327909091e-02 2.576452387520389853e-01
1.508767892133859936e-02 2.637263104298268046e-01
1.530839891057655597e-02 2.696738810884534154e-01
1.553234784668586221e-02 2.757912037817873974e-01
1.575957296642989391e-02 2.828670547726736539e-01
1.599012219760591325e-02 2.897720330821826895e-01
1.622404416915432246e-02 2.960716228045271459e-01
1.646138822141588604e-02 3.028738882233384944e-01
1.670220441653878785e-02 3.090302950792696013e-01
1.694654354903812193e-02 3.164045598398849135e-01
1.719445715650983614e-02 3.250493745351147323e-01
1.744599753050134552e-02 3.309101085430618538e-01
1.770121772754117140e-02 3.379662474107318348e-01
1.796017158032999633e-02 3.455652519239392206e-01
1.822291370909545627e-02 3.523075879826310652e-01
1.848949953311290750e-02 3.601586287736911474e-01
1.875998528239484348e-02 3.677663686395671316e-01
1.903442800955138653e-02 3.764624356482441092e-01
1.931288560182404385e-02 3.842856694608152157e-01
1.959541679329573904e-02 3.907325157923141057e-01
1.988208117727942315e-02 3.992568433766726654e-01
2.017293921888785313e-02 4.075732675762807067e-01
2.046805226778721648e-02 4.157569606726151390e-01
2.076748257113746748e-02 4.234764347989244393e-01
2.107129328672195656e-02 4.312074751631961855e-01
2.137954849626895817e-02 4.395701359866629465e-01
2.169231321896825798e-02 4.479113727288220326e-01
2.200965342518549500e-02 4.549717691233358674e-01
2.233163605037693372e-02 4.633153773476486048e-01
2.265832900920797255e-02 4.716023020920566688e-01
2.298980120987820924e-02 4.796030427199207691e-01
2.332612256865596728e-02 4.876837348891407409e-01
2.366736402462540564e-02 4.965841596375694666e-01
2.401359755464953921e-02 5.047738686301085353e-01
2.436489618855210842e-02 5.130529395336942411e-01
2.472133402452138251e-02 5.198486128707051623e-01
2.508298624473948024e-02 5.286187003833624498e-01
2.544992913124037581e-02 5.356372030798598471e-01
2.582224008199964643e-02 5.435295895822196410e-01
2.619999762725981618e-02 5.508005499437078623e-01
2.658328144609457128e-02 5.587173870246926466e-01
2.697217238321500399e-02 5.656455235976258766e-01
2.736675246602199296e-02 5.725116373806047321e-01
2.776710492190802293e-02 5.796212579406252452e-01
2.817331419581196525e-02 5.869894049819170956e-01
2.858546596803071549e-02 5.937824102985901353e-01
2.900364717229148709e-02 6.019163566273767474e-01
2.942794601408853586e-02 6.076822202607133905e-01
2.985845198928783334e-02 6.109988584217581620e-01
3.029525590300423746e-02 6.174447528835915744e-01
3.073844988875476525e-02 6.234128529066843560e-01
3.118812742789181178e-02 6.289028090432066120e-01
3.164438336932094697e-02 6.334940794259245056e-01
3.210731394950710332e-02 6.375102111493112789e-01
3.257701681277337669e-02 6.430693849881522484e-01
3.305359103189667302e-02 6.470255922479668520e-01
3.353713712900491944e-02 6.491955840577559034e-01
3.402775709677986760e-02 6.533880301517744904e-01
3.452555441996989216e-02 6.557267943473160665e-01
3.503063409721780125e-02 6.576939684722198365e-01
3.554310266320785672e-02 6.604821028899123814e-01
3.606306821113659800e-02 6.609205091507072138e-01
3.659064041551268742e-02 6.628627706106415829e-01
3.712593055529017638e-02 6.646036041833882635e-01
3.766905153734019518e-02 6.642253212784161587e-01
3.822011792026586141e-02 6.640303808883759595e-01
3.877924593856579838e-02 6.647388651587066155e-01
3.934655352715126647e-02 6.622882591696138688e-01
3.992216034622142473e-02 6.592372071926876353e-01
4.050618780650300232e-02 6.575787735082140317e-01
4.109875909485918161e-02 6.569101244274150320e-01
4.169999920027268880e-02 6.518971692931346817e-01
4.231003494020939976e-02 6.492313156763037663e-01
4.292899498736767183e-02 6.442788385557201014e-01
4.355700989681852986e-02 6.397715430861763419e-01
4.419421213354333272e-02 6.343026130550047936e-01
4.484073610037424273e-02 6.294598328479458216e-01
4.549671816634325017e-02 6.225914665406757642e-01
4.616229669544590075e-02 6.160292690799302751e-01
4.683761207582605446e-02 6.100838828341311748e-01
4.752280674938759442e-02 6.017557270632160060e-01
4.821802524183890076e-02 5.940737043548792728e-01
4.892341419317729201e-02 5.860810769112066998e-01
4.963912238861947074e-02 5.766608541436523128e-01
5.036530078998391335e-02 5.695396984318772393e-01
5.110210256753291991e-02 5.596819325945192602e-01
5.184968313228033310e-02 5.487365121486235120e-01
5.260820016877179595e-02 5.400833149280678258e-01
5.337781366834442459e-02 5.282589981827032766e-01
5.415868596287337633e-02 5.181858627732734979e-01
5.495098175901209220e-02 5.076851135650861657e-01
5.575486817293295871e-02 4.959162125897407791e-01
5.657051476557670155e-02 4.842199298124667539e-01
5.739809357841744314e-02 4.720046134571770913e-01
5.823777916975050178e-02 4.582294341820569161e-01
5.908974865151148115e-02 4.470888345484926862e-01
5.995418172663402601e-02 4.358059519054017783e-01
6.083126072695378000e-02 4.217988944724418432e-01
6.172117065166692756e-02 4.082385633254886348e-01
6.262409920635149396e-02 3.968238881536938489e-01
6.354023684255963311e-02 3.844505067131389620e-01
6.446977679798857053e-02 3.715602798643993787e-01
6.541291513723962447e-02 3.594410953224719818e-01
6.636985079317377079e-02 3.450680023673254326e-01
6.734078560887135634e-02 3.339599410219910025e-01
6.832592438020634873e-02 3.212219743248875825e-01
6.932547489904344884e-02 3.076825476822035443e-01
7.033964799706662885e-02 2.959212005837285608e-01
7.136865759024910161e-02 2.850242726642092106e-01
7.241272072397386683e-02 2.731233817774787465e-01
7.347205761881472896e-02 2.616461253299859901e-01
7.454689171698605787e-02 2.501332570096475583e-01
7.563744972947292200e-02 2.384323537301528961e-01
7.674396168385075323e-02 2.283437925422521220e-01
7.786666097280373067e-02 2.173530465512178433e-01
7.900578440335370711e-02 2.064491507022407635e-01
8.016157224680930948e-02 1.962148080675107931e-01
8.133426828944512188e-02 1.862544613049550990e-01
8.252411988392280295e-02 1.770922197942323695e-01
8.373137800146458753e-02 1.675036403628490933e-01
8.495629728478951148e-02 1.581135076329281963e-01
8.619913610182416974e-02 1.505070914856637410e-01
8.746015660019958171e-02 1.420947164903194060e-01
8.873962476254521059e-02 1.336482064395320413e-01
9.003781046259135001e-02 1.262009589255871089e-01
9.135498752209281204e-02 1.189760291436129519e-01
9.269143376858551830e-02 1.122120621091078213e-01
9.404743109398709666e-02 1.046580584564305721e-01
9.542326551405566626e-02 9.861987871161249919e-02
9.681922722871832976e-02 9.223026409590528996e-02
9.823561068328180712e-02 8.628892455258618810e-02
9.967271463053854752e-02 8.143307235809096878e-02
1.011308421937818502e-01 7.570729163200079492e-02
1.026103009307428732e-01 7.134099401342637592e-02
1.041114028984620882e-01 6.622275810011676866e-02
1.056344647191106989e-01 6.180011994738056347e-02
1.071798076467749272e-01 5.775443597810617224e-02
1.087477576352164632e-01 5.382420754017718661e-02
1.103386454066249411e-01 5.040710968951945398e-02
1.119528065213763607e-01 4.641813857316223063e-02
1.135905814488113175e-01 4.315672748694827920e-02
1.152523156390488634e-01 4.022417557677512162e-02
1.169383595958513322e-01 3.739252167591505110e-02
1.186490689505550755e-01 3.440412567477145467e-02
1.203848045370820297e-01 3.182410265301075653e-02
1.221459324680493619e-01 2.962024710396193167e-02
1.239328242119927120e-01 2.702814333895831034e-02
1.257458566717180592e-01 2.510827202119278456e-02
1.275854122638007682e-01 2.297780817399299597e-02
1.294518789992479824e-01 2.131496223849336721e-02
1.313456505653393669e-01 1.962184842133082516e-02
1.332671264086667806e-01 1.810289696842777574e-02
1.352167118193882689e-01 1.660789441531495061e-02
1.371948180167144593e-01 1.514638046536010384e-02
1.392018622356449853e-01 1.397146058900870270e-02
1.412382678149749493e-01 1.281378235441398700e-02
1.433044642865885510e-01 1.184427592494745503e-02
1.454008874660580042e-01 1.088330951183715846e-02
1.475279795445689213e-01 9.995133328760291355e-03
1.496861891821906210e-01 9.220566374941754212e-03
1.518759716025095408e-01 8.454409301846108407e-03
1.540977886886484571e-01 7.624630420349617389e-03
1.563521090806899994e-01 7.117412539130797342e-03
1.586394082745251621e-01 6.583885460304726017e-03
1.609601687221475785e-01 5.896611097135067737e-03
1.633148799334157020e-01 5.373860360013883557e-03
1.657040385793039361e-01 4.812442024383406861e-03
1.681281485966627243e-01 4.330986730447688657e-03
1.705877212945126620e-01 4.001800719376833078e-03
1.730832754618936153e-01 3.557353226702324525e-03
1.756153374772900788e-01 3.376037795030012879e-03
1.781844414196588344e-01 3.026681979772691180e-03
1.807911291810806731e-01 2.745893056599283972e-03
1.834359505810595203e-01 2.517187361551408327e-03
1.861194634824935024e-01 2.281079649139199517e-03
1.888422339093434044e-01 2.049333623563693706e-03
1.916048361660226684e-01 1.933818145285389530e-03
1.944078529585322457e-01 1.752777252604805847e-03
1.972518755173693905e-01 1.489950279918597284e-03
2.001375037222342945e-01 1.362408121389935712e-03
2.030653462285595678e-01 1.209915886611675562e-03
2.060360205958922664e-01 1.055361027416525316e-03
2.090501534181542498e-01 9.525225095482974620e-04
2.121083804558061281e-01 8.733708402042806565e-04
2.152113467699467153e-01 8.049802061891733274e-04
2.183597068583738310e-01 7.038504722838929886e-04
2.215541247936348435e-01 5.981873820363806365e-04
2.247952743630967642e-01 5.811442775802673835e-04
2.280838392110661195e-01 5.081078924239857764e-04
2.314205129829886298e-01 4.326334703480059075e-04
2.348059994717557053e-01 4.013902338956642883e-04
2.382410127661539478e-01 3.490589158763742167e-04
2.417262774014859450e-01 2.994690472145219128e-04
2.452625285123926357e-01 2.503245384000265584e-04
2.488505119879133587e-01 2.463706968171450965e-04
2.524909846288141413e-01 1.977343066423412944e-04
2.561847143072163990e-01 1.835058085956633935e-04
2.599324801285612385e-01 1.583733125439108736e-04
2.637350725959437536e-01 1.323436275330711509e-04
2.675932937768518149e-01 1.165024785036674248e-04
2.715079574723419098e-01 1.030775602841191784e-04
2.754798893886922229e-01 8.742506961612481957e-05
2.795099273115665417e-01 7.793179326027664894e-05
2.835989212827238481e-01 7.096928933042636169e-05
2.877477337793156176e-01 6.211509060760977779e-05
2.919572398958056869e-01 5.103952818191877184e-05
2.962283275285499951e-01 4.042800021420628386e-05
3.005618975630770517e-01 3.473847799062432717e-05
3.049588640641094361e-01 3.043133764402223895e-05
3.094201544683645166e-01 2.429595998666112477e-05
3.139467097801742490e-01 1.877305079739264383e-05
3.185394847699682952e-01 1.636358560820350624e-05
3.231994481756618187e-01 1.644558126342576793e-05
3.279275829069857595e-01 1.302659360296873063e-05
3.327248862528096596e-01 1.104116718248488657e-05
3.375923700914967296e-01 9.242254520137483390e-06
3.425310611043355102e-01 8.031879246513236339e-06
3.475420009920930919e-01 5.307354819672779535e-06
3.526262466947382990e-01 2.973511602754203156e-06
3.577848706143795243e-01 1.895659174019399215e-06
3.630189608414602365e-01 1.603478055867354850e-06
3.683296213842673361e-01 1.002884745499101669e-06
3.737179724017970495e-01 9.106386405368506435e-07
3.791851504400235440e-01 6.990798147479271782e-07
3.847323086716280538e-01 7.638031297596766578e-07
3.903606171392344226e-01 6.978063759400393409e-07
3.960712630021998581e-01 5.670897137971433376e-07
4.018654507870196846e-01 3.517674075615556430e-08
4.077444026413942213e-01 6.381132906298529693e-07
4.137093585920117444e-01 2.262940188857534309e-07
4.197615768061020436e-01 0.000000000000000000e+00
4.259023338568176942e-01 1.974032891083848010e-07
4.321329249924989457e-01 0.000000000000000000e+00
4.384546644098730739e-01 1.741181226921374916e-08
4.448688855312545876e-01 5.153098797272206773e-08
4.513769412858005814e-01 3.390985162600554888e-08
4.579802043948769108e-01 0.000000000000000000e+00
4.646800676616025250e-01 0.000000000000000000e+00
4.714779442646297447e-01 0.000000000000000000e+00
4.783752680562199933e-01 0.000000000000000000e+00
4.853734938646802610e-01 0.000000000000000000e+00
4.924740978012259740e-01 0.000000000000000000e+00
4.996785775713332711e-01 0.000000000000000000e+00
5.069884527906421967e-01 0.000000000000000000e+00
5.144052653054848045e-01 0.000000000000000000e+00
5.219305795181032881e-01 0.000000000000000000e+00
5.295659827166210309e-01 0.000000000000000000e+00
5.373130854098444598e-01 0.000000000000000000e+00
5.451735216669637563e-01 0.000000000000000000e+00
5.531489494622203740e-01 0.000000000000000000e+00
5.612410510246160777e-01 0.000000000000000000e+00
5.694515331927409996e-01 0.000000000000000000e+00
5.777821277747927642e-01 0.000000000000000000e+00
5.862345919138574057e-01 0.000000000000000000e+00
5.948107084585388948e-01 0.000000000000000000e+00
6.035122863390113279e-01 0.000000000000000000e+00
6.123411609485660545e-01 0.000000000000000000e+00
6.212991945307471120e-01 0.000000000000000000e+00
6.303882765721491310e-01 0.000000000000000000e+00
6.396103242009565371e-01 0.000000000000000000e+00
6.489672825913188614e-01 0.000000000000000000e+00
6.584611253736400993e-01 0.000000000000000000e+00
6.680938550508692675e-01 0.000000000000000000e+00
6.778675034208790917e-01 0.000000000000000000e+00
6.877841320050279705e-01 0.000000000000000000e+00
6.978458324829910353e-01 0.000000000000000000e+00
7.080547271339473481e-01 0.000000000000000000e+00
7.184129692842258219e-01 0.000000000000000000e+00
7.289227437615020122e-01 0.000000000000000000e+00
7.395862673556312661e-01 0.000000000000000000e+00
7.504057892862305845e-01 0.000000000000000000e+00
7.613835916771003465e-01 0.000000000000000000e+00
7.725219900375829285e-01 0.000000000000000000e+00
7.838233337509639131e-01 0.000000000000000000e+00
7.952900065700201360e-01 0.000000000000000000e+00
8.069244271198189322e-01 0.000000000000000000e+00
8.187290494078659497e-01 0.000000000000000000e+00
8.307063633417219872e-01 0.000000000000000000e+00
8.428588952541931079e-01 0.000000000000000000e+00
8.551892084361969459e-01 0.000000000000000000e+00
8.676999036774298846e-01 0.000000000000000000e+00
8.803936198149451275e-01 0.000000000000000000e+00
8.932730342897515774e-01 0.000000000000000000e+00
9.063408637115548672e-01 0.000000000000000000e+00
9.195998644317645576e-01 0.000000000000000000e+00
9.330528331248839624e-01 0.000000000000000000e+00
9.467026073783977314e-01 0.000000000000000000e+00
9.605520662912966356e-01 0.000000000000000000e+00
9.746041310813593483e-01 0.000000000000000000e+00
9.888617657013079043e-01 0.000000000000000000e+00
1.003327977463987608e+00 0.000000000000000000e+00
1.018005817676691738e+00 0.000000000000000000e+00
1.032898382284756833e+00 0.000000000000000000e+00
1.048008812524582556e+00 0.000000000000000000e+00
1.063340295586204576e+00 0.000000000000000000e+00
1.078896065285554151e+00 0.000000000000000000e+00
1.094679402746554064e+00 0.000000000000000000e+00
1.110693637093196573e+00 0.000000000000000000e+00
1.126942146151747481e+00 0.000000000000000000e+00
1.143428357163212006e+00 0.000000000000000000e+00
1.160155747506234292e+00 0.000000000000000000e+00
1.177127845430572251e+00 0.000000000000000000e+00
1.194348230801292043e+00 0.000000000000000000e+00
1.211820535853858960e+00 0.000000000000000000e+00
1.229548445960276570e+00 0.000000000000000000e+00
1.247535700406424475e+00 0.000000000000000000e+00
1.265786093180771843e+00 0.000000000000000000e+00
1.284303473774632387e+00 0.000000000000000000e+00
1.303091747994127747e+00 0.000000000000000000e+00
1.322154878784016940e+00 0.000000000000000000e+00
1.341496887063592158e+00 0.000000000000000000e+00
1.361121852574798563e+00 0.000000000000000000e+00
1.381033914742754831e+00 0.000000000000000000e+00
1.401237273548869178e+00 0.000000000000000000e+00
1.421736190416730938e+00 0.000000000000000000e+00
1.442534989110953791e+00 0.000000000000000000e+00
1.463638056649171126e+00 0.000000000000000000e+00
1.485049844227375182e+00 0.000000000000000000e+00
1.506774868158797354e+00 0.000000000000000000e+00
1.528817710826510190e+00 0.000000000000000000e+00
1.551183021649976457e+00 0.000000000000000000e+00
1.573875518065741108e+00 0.000000000000000000e+00
1.596899986522452686e+00 0.000000000000000000e+00
1.620261283490457949e+00 0.000000000000000000e+00
1.643964336486162914e+00 0.000000000000000000e+00
1.668014145111373026e+00 0.000000000000000000e+00
1.692415782107839384e+00 0.000000000000000000e+00
1.717174394427236628e+00 0.000000000000000000e+00
1.742295204316796964e+00 0.000000000000000000e+00
1.767783510420810167e+00 0.000000000000000000e+00
1.793644688898253126e+00 0.000000000000000000e+00
1.819884194556769419e+00 0.000000000000000000e+00
1.846507562003222080e+00 0.000000000000000000e+00
1.873520406811094663e+00 0.000000000000000000e+00
1.900928426704969088e+00 0.000000000000000000e+00
1.928737402762316089e+00 0.000000000000000000e+00
1.956953200632883583e+00 0.000000000000000000e+00
1.985581771775920767e+00 0.000000000000000000e+00
