1.007314577357746395e-06 0.000000000000000000e+00
1.022050738157085172e-06 0.000000000000000000e+00
1.037002476532669867e-06 0.000000000000000000e+00
1.052172946202215323e-06 0.000000000000000000e+00
1.067565347019664431e-06 0.000000000000000000e+00
1.083182925650115004e-06 0.000000000000000000e+00
1.099028976254630445e-06 0.000000000000000000e+00
1.115106841185069142e-06 0.000000000000000000e+00
1.131419911689071041e-06 0.000000000000000000e+00
1.147971628625360671e-06 0.000000000000000000e+00
1.164765483189517368e-06 0.000000000000000000e+00
1.181805017650363486e-06 0.000000000000000000e+00
1.199093826097117550e-06 0.000000000000000000e+00
1.216635555197484504e-06 0.000000000000000000e+00
1.234433904966839137e-06 0.000000000000000000e+00
1.252492629548650261e-06 0.000000000000000000e+00
1.270815538006331790e-06 0.000000000000000000e+00
1.289406495126678695e-06 0.000000000000000000e+00
1.308269422235049389e-06 0.000000000000000000e+00
1.327408298022475615e-06 0.000000000000000000e+00
1.346827159384875163e-06 0.000000000000000000e+00
1.366530102274545501e-06 0.000000000000000000e+00
1.386521282564099480e-06 0.000000000000000000e+00
1.406804916923053165e-06 0.000000000000000000e+00
1.427385283707237743e-06 0.000000000000000000e+00
1.448266723861210011e-06 0.000000000000000000e+00
1.469453641833875500e-06 0.000000000000000000e+00
1.490950506507507443e-06 0.000000000000000000e+00
1.512761852140349597e-06 0.000000000000000000e+00
1.534892279323007713e-06 0.000000000000000000e+00
1.557346455948839277e-06 0.000000000000000000e+00
1.580129118198540584e-06 0.000000000000000000e+00
1.603245071539124057e-06 0.000000000000000000e+00
1.626699191737521068e-06 0.000000000000000000e+00
1.650496425889018006e-06 0.000000000000000000e+00
1.674641793460717854e-06 0.000000000000000000e+00
1.699140387350285004e-06 0.000000000000000000e+00
1.723997374960176362e-06 0.000000000000000000e+00
1.749217999287573916e-06 0.000000000000000000e+00
1.774807580030276668e-06 0.000000000000000000e+00
1.800771514708768779e-06 0.000000000000000000e+00
1.827115279804697280e-06 0.000000000000000000e+00
1.853844431916002885e-06 0.000000000000000000e+00
1.880964608928956931e-06 0.000000000000000000e+00
1.908481531207346938e-06 0.000000000000000000e+00
1.936401002799041579e-06 0.000000000000000000e+00
1.964728912660223922e-06 0.000000000000000000e+00
1.993471235897532631e-06 0.000000000000000000e+00
2.022634035028363983e-06 0.000000000000000000e+00
2.052223461259617184e-06 0.000000000000000000e+00
2.082245755785148092e-06 0.000000000000000000e+00
2.112707251102209193e-06 0.000000000000000000e+00
2.143614372347129500e-06 0.000000000000000000e+00
2.174973638650549482e-06 0.000000000000000000e+00
2.206791664512488845e-06 0.000000000000000000e+00
2.239075161197503816e-06 0.000000000000000000e+00
2.271830938150279099e-06 0.000000000000000000e+00
2.305065904431925127e-06 0.000000000000000000e+00
2.338787070177269020e-06 0.000000000000000000e+00
2.373001548073486551e-06 0.000000000000000000e+00
2.407716554860357156e-06 0.000000000000000000e+00
2.442939412852465149e-06 0.000000000000000000e+00
2.478677551483661393e-06 0.000000000000000000e+00
2.514938508874134382e-06 0.000000000000000000e+00
2.551729933420407560e-06 0.000000000000000000e+00
2.589059585408571160e-06 0.000000000000000000e+00
2.626935338651142886e-06 0.000000000000000000e+00
2.665365182147868279e-06 0.000000000000000000e+00
2.704357221770799593e-06 0.000000000000000000e+00
2.743919681974044932e-06 0.000000000000000000e+00
2.784060907528531530e-06 0.000000000000000000e+00
2.824789365282124550e-06 0.000000000000000000e+00
2.866113645945515583e-06 0.000000000000000000e+00
2.908042465904237457e-06 0.000000000000000000e+00
2.950584669057176779e-06 0.000000000000000000e+00
2.993749228681978078e-06 0.000000000000000000e+00
3.037545249327753744e-06 0.000000000000000000e+00
3.081981968735482214e-06 0.000000000000000000e+00
3.127068759786475975e-06 0.000000000000000000e+00
3.172815132479376366e-06 0.000000000000000000e+00
3.219230735936073713e-06 0.000000000000000000e+00
3.266325360436955554e-06 0.000000000000000000e+00
3.314108939485928916e-06 0.000000000000000000e+00
3.362591551905666001e-06 0.000000000000000000e+00
3.411783423963506540e-06 0.000000000000000000e+00
3.461694931528425492e-06 7.991366514140451321e-07
3.512336602259591695e-06 0.000000000000000000e+00
3.563719117826939279e-06 0.000000000000000000e+00
3.615853316164192712e-06 0.000000000000000000e+00
3.668750193754886335e-06 0.000000000000000000e+00
3.722420907951824327e-06 0.000000000000000000e+00
3.776876779330440196e-06 0.000000000000000000e+00
3.832129294076616543e-06 0.000000000000000000e+00
3.888190106409436032e-06 0.000000000000000000e+00
3.945071041039351476e-06 8.577609284563955437e-07
4.002784095662330252e-06 0.000000000000000000e+00
4.061341443490488050e-06 0.000000000000000000e+00
4.120755435819757446e-06 0.000000000000000000e+00
4.181038604635077492e-06 7.495337140055407485e-07
4.242203665253731971e-06 0.000000000000000000e+00
4.304263519007363188e-06 0.000000000000000000e+00
4.367231255963177964e-06 0.000000000000000000e+00
4.431120157684998909e-06 0.000000000000000000e+00
4.495943700034715789e-06 0.000000000000000000e+00
4.561715556014673132e-06 0.000000000000000000e+00
4.628449598651681045e-06 8.049488165228994429e-07
4.696159903923217583e-06 0.000000000000000000e+00
4.764860753726407982e-06 0.000000000000000000e+00
4.834566638890456673e-06 0.000000000000000000e+00
4.905292262233144501e-06 0.000000000000000000e+00
4.977052541662067912e-06 0.000000000000000000e+00
5.049862613321183391e-06 0.000000000000000000e+00
5.123737834783442357e-06 0.000000000000000000e+00
5.198693788290112811e-06 0.000000000000000000e+00
5.274746284037485708e-06 0.000000000000000000e+00
5.351911363511645367e-06 0.000000000000000000e+00
5.430205302872061158e-06 0.000000000000000000e+00
5.509644616384671335e-06 0.000000000000000000e+00
5.590246059905150172e-06 0.000000000000000000e+00
5.672026634413175810e-06 8.950545458132665948e-07
5.755003589598407766e-06 0.000000000000000000e+00
5.839194427498865285e-06 0.000000000000000000e+00
5.924616906192589155e-06 0.000000000000000000e+00
6.011289043543310338e-06 8.678814411732071197e-07
6.099229121000858101e-06 0.000000000000000000e+00
6.188455687457219067e-06 0.000000000000000000e+00
6.278987563159001034e-06 0.000000000000000000e+00
6.370843843677115559e-06 0.000000000000000000e+00
6.464043903934519574e-06 0.000000000000000000e+00
6.558607402292915576e-06 0.000000000000000000e+00
6.654554284699240485e-06 0.000000000000000000e+00
6.751904788892758010e-06 0.000000000000000000e+00
6.850679448673746411e-06 0.000000000000000000e+00
6.950899098234648166e-06 7.161477132089282792e-07
7.052584876554509078e-06 0.000000000000000000e+00
7.155758231857769887e-06 0.000000000000000000e+00
7.260440926138285322e-06 0.000000000000000000e+00
7.366655039749465955e-06 8.720279701462412992e-07
7.474422976061624485e-06 0.000000000000000000e+00
7.583767466187464127e-06 7.867953883072243855e-07
7.694711573776648474e-06 0.000000000000000000e+00
7.807278699880527707e-06 0.000000000000000000e+00
7.921492587888051990e-06 7.379999786868793363e-07
8.037377328533902904e-06 0.000000000000000000e+00
8.154957364979827154e-06 0.000000000000000000e+00
8.274257497970363489e-06 0.000000000000000000e+00
8.395302891063997905e-06 1.731656269865959847e-06
8.518119075940805925e-06 0.000000000000000000e+00
8.642731957787742387e-06 0.000000000000000000e+00
8.769167820762752732e-06 0.000000000000000000e+00
8.897453333538822177e-06 0.000000000000000000e+00
9.027615554929046979e-06 0.000000000000000000e+00
9.159681939594091512e-06 0.000000000000000000e+00
9.293680343833127217e-06 0.000000000000000000e+00
9.429639031459405388e-06 0.000000000000000000e+00
9.567586679761874957e-06 0.000000000000000000e+00
9.707552385554009091e-06 0.000000000000000000e+00
9.849565671311038320e-06 0.000000000000000000e+00
9.993656491397055546e-06 8.802607618958812612e-07
1.013985523838319066e-05 0.000000000000000000e+00
1.028819274945820828e-05 0.000000000000000000e+00
1.043870031293285345e-05 8.665369963742341225e-07
1.059140967483941058e-05 0.000000000000000000e+00
1.074635304562781570e-05 0.000000000000000000e+00
1.090356310695962130e-05 0.000000000000000000e+00
1.106307301860147234e-05 0.000000000000000000e+00
1.122491642541938768e-05 0.000000000000000000e+00
1.138912746447533417e-05 0.000000000000000000e+00
1.155574077222762343e-05 8.330474864465384033e-07
1.172479149183668274e-05 0.000000000000000000e+00
1.189631528057766575e-05 0.000000000000000000e+00
1.207034831736151717e-05 0.000000000000000000e+00
1.224692731036608570e-05 0.000000000000000000e+00
1.242608950477883701e-05 0.000000000000000000e+00
1.260787269065282000e-05 0.000000000000000000e+00
1.279231521087761615e-05 8.739017006352690288e-07
1.297945596926691007e-05 0.000000000000000000e+00
1.316933443876425501e-05 0.000000000000000000e+00
1.336199066976900349e-05 0.000000000000000000e+00
1.355746529858402446e-05 0.000000000000000000e+00
1.375579955598694823e-05 1.644524324558789356e-06
1.395703527592680112e-05 0.000000000000000000e+00
1.416121490434794070e-05 9.124909431883367367e-07
1.436838150814300096e-05 1.749805197435535730e-06
1.457857878423685134e-05 0.000000000000000000e+00
1.479185106880345199e-05 0.000000000000000000e+00
1.500824334661750401e-05 0.000000000000000000e+00
1.522780126054295324e-05 0.000000000000000000e+00
1.545057112116022781e-05 1.616199607340521046e-06
1.567659991653442197e-05 1.690292287549391937e-06
1.590593532212629987e-05 8.816794630608536017e-07
1.613862571084830798e-05 0.000000000000000000e+00
1.637472016326773407e-05 0.000000000000000000e+00
1.661426847795909308e-05 0.000000000000000000e+00
1.685732118200790824e-05 8.731933771553045169e-07
1.710392954166825580e-05 0.000000000000000000e+00
1.735414557317622482e-05 1.739516800157552774e-06
1.760802205372142312e-05 1.690770992737697925e-06
1.786561253257912133e-05 0.000000000000000000e+00
1.812697134240526785e-05 0.000000000000000000e+00
1.839215361069663454e-05 0.000000000000000000e+00
1.866121527141864113e-05 0.000000000000000000e+00
1.893421307680336196e-05 0.000000000000000000e+00
1.921120460932004300e-05 0.000000000000000000e+00
1.949224829382077500e-05 8.042768384424956405e-07
1.977740340986387761e-05 8.537756307796743356e-07
2.006673010421750834e-05 1.520380525713986794e-06
2.036028940354616632e-05 8.759570122517002646e-07
2.065814322728284870e-05 0.000000000000000000e+00
2.096035440068960072e-05 7.712670610508171890e-07
2.126698666810886848e-05 1.782853570179890567e-06
2.157810470640895772e-05 9.180361171291586312e-07
2.189377413862611608e-05 1.633387015095563437e-06
2.221406154780615261e-05 1.692349995914121840e-06
2.253903449104850828e-05 8.754219540832219738e-07
2.286876151375590824e-05 2.533041553338656899e-06
2.320331216409237394e-05 9.072414252760745046e-07
2.354275700765275634e-05 8.483466841320393453e-07
2.388716764234696154e-05 0.000000000000000000e+00
2.423661671350176551e-05 0.000000000000000000e+00
2.459117792918370451e-05 1.670040206181164092e-06
2.495092607574596845e-05 9.067966685640905151e-07
2.531593703360290548e-05 0.000000000000000000e+00
2.568628779323518389e-05 9.383324190579248235e-07
2.606205647142909086e-05 2.550191735014893739e-06
2.644332232775353569e-05 8.795368823081401754e-07
2.683016578127791539e-05 3.404150707689472083e-06
2.722266842753457623e-05 7.806980833305202272e-07
2.762091305572953733e-05 1.674434403499357239e-06
2.802498366620500994e-05 0.000000000000000000e+00
2.843496548815710749e-05 1.686077958180791690e-06
2.885094499761305602e-05 8.501480167988710001e-07
2.927300993567130672e-05 0.000000000000000000e+00
2.970124932700842990e-05 2.440087658775983038e-06
3.013575349865669028e-05 3.343586563169771361e-06
3.057661409905651831e-05 3.157533491129507833e-06
3.102392411738757062e-05 1.613620731818813221e-06
3.147777790318254023e-05 1.778295351788948886e-06
3.193827118622811437e-05 1.682859048739569358e-06
3.240550109675684740e-05 1.750331840336010223e-06
3.287956618593440767e-05 2.519690194332571388e-06
3.336056644664672153e-05 1.769619759862912869e-06
3.384860333459122246e-05 8.169186980714022576e-07
3.434377978967633887e-05 7.693683820017650780e-07
3.484620025773432989e-05 0.000000000000000000e+00
3.535597071255176533e-05 8.297245292325917653e-07
3.587319867822214914e-05 4.134627829374219393e-06
3.639799325182551120e-05 3.332947427185656156e-06
3.693046512643996819e-05 8.338431752357654638e-07
3.747072661448980061e-05 1.725839699999015190e-06
3.801889167143510757e-05 1.823340804747530900e-06
3.857507591980808783e-05 3.364634185120500350e-06
3.913939667360083957e-05 3.360302356992069456e-06
3.971197296301003197e-05 3.348659340191076350e-06
4.029292555954340905e-05 1.723819804010239322e-06
4.088237700149384478e-05 2.504147728796834179e-06
4.148045161978584190e-05 2.519251648636518690e-06
4.208727556420020056e-05 1.814407515814391465e-06
4.270297682998246060e-05 2.507361403328193273e-06
4.332768528484041656e-05 3.430684311841464533e-06
4.396153269633657363e-05 5.860567219423879048e-06
4.460465275968148065e-05 3.414228560299062040e-06
4.525718112593374049e-05 1.618651587042850224e-06
4.591925543061214606e-05 3.484532394873748615e-06
4.659101532272679944e-05 9.911036393782727733e-06
4.727260249423485881e-05 7.011724347294796737e-06
4.796416070992705924e-05 5.994982096158831011e-06
4.866583583775139729e-05 7.711670334329815533e-06
4.937777587958068129e-05 5.038553336140112433e-06
5.010013100243003903e-05 1.767347644000212218e-06
5.083305357013104394e-05 5.939598837338687578e-06
5.157669817546942586e-05 4.261261467007808218e-06
5.233122167279269528e-05 1.525154660632871557e-06
5.309678321109477598e-05 5.754503468095834160e-06
5.387354426758486257e-05 8.293099092142399733e-06
5.466166868174736750e-05 5.173148912930883327e-06
5.546132268989970656e-05 7.702906930698484459e-06
5.627267496025611541e-05 6.848637187293801280e-06
5.709589662850433445e-05 2.473197564158399339e-06
5.793116133390256831e-05 3.387305859186371311e-06
5.877864525590445873e-05 4.203097352297493396e-06
5.963852715132014786e-05 8.532997845479622237e-06
6.051098839202098770e-05 5.111350091708888014e-06
6.139621300319531559e-05 6.108119920377682104e-06
6.229438770216440984e-05 3.467245091583880360e-06
6.320570193776625569e-05 9.269852759836586718e-06
6.413034793031522577e-05 1.028445771082187064e-05
6.506852071214624727e-05 8.621696167860566141e-06
6.602041816875254946e-05 6.713813351375384498e-06
6.698624108052483167e-05 0.000000000000000000e+00
6.796619316510112173e-05 5.009695604701174947e-06
6.896048112033645924e-05 5.863139620512252461e-06
6.996931466790075197e-05 3.436711850179217410e-06
7.099290659751453627e-05 1.095704401218373613e-05
7.203147281183210093e-05 9.239674553212147174e-06
7.308523237198127171e-05 4.271981940130065355e-06
7.415440754376880113e-05 9.368836682963994496e-06
7.523922384456230034e-05 8.234508643521030940e-06
7.633991009085798322e-05 1.106874439931387422e-05
7.745669844654403443e-05 9.633098288426275972e-06
7.858982447186987452e-05 1.283286084660536263e-05
7.973952717313235366e-05 1.701843050726992759e-05
8.090604905308844213e-05 6.407630918580434402e-06
8.208963616210531388e-05 1.519975783981466336e-05
8.329053815005926136e-05 4.325285615881402926e-06
8.450900831899321307e-05 1.342658663485753438e-05
8.574530367654471233e-05 1.702464695840784456e-05
8.699968499015579544e-05 9.925651576059788876e-06
8.827241684207600455e-05 1.429068381388725756e-05
8.956376768516928206e-05 1.218726143433494716e-05
9.087400989953808253e-05 1.461934776435610196e-05
9.220341984997565236e-05 2.020257199813560466e-05
9.355227794425856618e-05 1.685613802529984420e-05
9.492086869229200176e-05 1.086492211108317715e-05
9.630948076612052004e-05 9.839947022749765733e-06
9.771840706081696753e-05 1.081002807047660195e-05
9.914794475626126477e-05 1.198545979485631591e-05
1.005983953798237853e-04 1.941329510652762947e-05
1.020700648699655904e-04 1.346575966288876234e-05
1.035632636407687597e-04 1.863218205385872380e-05
1.050783066474109812e-04 1.963852162345527965e-05
1.066155134525979928e-04 2.199596048339155018e-05
1.081752082939678623e-04 2.294656214320884045e-05
1.097577201524810103e-04 1.416176278400146132e-05
1.113633828218114799e-04 1.798600850175400550e-05
1.129925349787524514e-04 2.005986833105767066e-05
1.146455202546524122e-04 1.923868590091128825e-05
1.163226873078960100e-04 2.960517484292751199e-05
1.180243898974451611e-04 2.778580755507476801e-05
1.197509869574565813e-04 2.488209776983466460e-05
1.215028426729902278e-04 2.479633137976627310e-05
1.232803265568256602e-04 2.666903994235360174e-05
1.250838135274020277e-04 2.030776159753194444e-05
1.269136839878983120e-04 2.199761603951723934e-05
1.287703239064704949e-04 2.678906217290696337e-05
1.306541248976624296e-04 2.881220164160870536e-05
1.325654843050077343e-04 2.777586329133295874e-05
1.345048052848400299e-04 2.716261417555907568e-05
1.364724968913292474e-04 2.687343170160229016e-05
1.384689741627621927e-04 3.550676908436139714e-05
1.404946582090848791e-04 2.228371309188492490e-05
1.425499763007259256e-04 3.233239787199524616e-05
1.446353619587192093e-04 3.561349467295940688e-05
1.467512550461446904e-04 2.941738942653243660e-05
1.488981018609075767e-04 4.251398971987157356e-05
1.510763552298740415e-04 3.069447906052742757e-05
1.532864746043846919e-04 3.594267000022929035e-05
1.555289261571648411e-04 3.998237645667692541e-05
1.578041828806525388e-04 4.964368144482449044e-05
1.601127246867655807e-04 4.164501140899371629e-05
1.624550385081275565e-04 4.189110387902411891e-05
1.648316184007743760e-04 4.065265211935550742e-05
1.672429656483644480e-04 3.771190007803745093e-05
1.696895888679122988e-04 4.568874398390306940e-05
1.721720041170694284e-04 4.723783708030328195e-05
1.746907350029746578e-04 4.589642811259832565e-05
1.772463127926964107e-04 3.996992966471200995e-05
1.798392765252914858e-04 4.769182641036958119e-05
1.824701731255023301e-04 5.129831824424398222e-05
1.851395575191181560e-04 5.525774278798062849e-05
1.878479927500234016e-04 5.354521621098086453e-05
1.905960500989583640e-04 4.916234190001456068e-05
1.933843092040179166e-04 5.554078888723067359e-05
1.962133581829122986e-04 6.238023707075812110e-05
1.990837937570166219e-04 7.104503421089366144e-05
2.019962213772354674e-04 5.630690967998264000e-05
2.049512553517080502e-04 6.130196230521743270e-05
2.079495189753827666e-04 6.394050468040471369e-05
2.109916446614860312e-04 5.994519414723401826e-05
2.140782740749153025e-04 7.577042622662045980e-05
2.172100582675831029e-04 7.621137592181512644e-05
2.203876578157409004e-04 7.114715264227237229e-05
2.236117429593125589e-04 7.587677954440427816e-05
2.268829937432654382e-04 7.898792389311260279e-05
2.302021001610499618e-04 8.198223042826384725e-05
2.335697623001375500e-04 8.720838889913451702e-05
2.369866904896872481e-04 8.971759518940353574e-05
2.404536054503736029e-04 9.211663312155848621e-05
2.439712384464053064e-04 9.312296395363934317e-05
2.475403314397682953e-04 1.034288874409359767e-04
2.511616372467252397e-04 9.730834882069135019e-05
2.548359196966041608e-04 1.038322932246204248e-04
2.585639537929108195e-04 1.132310849373485234e-04
2.623465258767969681e-04 1.284683184584124087e-04
2.661844337929207853e-04 1.259576598424177660e-04
2.700784870577335392e-04 1.215174408387841601e-04
2.740295070302274432e-04 1.388246471392136469e-04
2.780383270851830317e-04 1.188500640066086092e-04
2.821057927889492317e-04 1.324973023656382531e-04
2.862327620777956505e-04 1.451412904853215861e-04
2.904201054388746463e-04 1.504727461278639934e-04
2.946687060938298270e-04 1.439540271710302482e-04
2.989794601850906614e-04 1.297241567648419185e-04
3.033532769648932068e-04 1.731329024424845052e-04
3.077910789870644693e-04 1.627346103489385085e-04
3.122938023016148465e-04 1.558188127878831178e-04
3.168623966521748672e-04 1.310377691011832383e-04
3.214978256763214920e-04 1.885633433655579548e-04
3.262010671088352832e-04 1.773066089585023165e-04
3.309731129879294278e-04 1.722414653575336286e-04
3.358149698644983172e-04 1.716916214411449558e-04
3.407276590144247153e-04 1.787254709431785726e-04
3.457122166539945761e-04 1.903834885432131234e-04
3.507696941584621721e-04 2.073473360721692039e-04
3.559011582838125906e-04 1.818489543967628981e-04
3.611076913917697336e-04 1.855642641939976394e-04
3.663903916780945468e-04 2.237348228507850777e-04
3.717503734042235672e-04 2.109444668026835758e-04
3.771887671322965234e-04 2.331471323741468908e-04
3.827067199636210743e-04 2.478323491833200843e-04
3.883053957806278109e-04 2.353833240637632975e-04
3.939859754923634438e-04 2.320428473730884846e-04
3.997496572835757900e-04 2.611994024290603894e-04
4.055976568674428710e-04 2.706481487944839646e-04
4.115312077419982194e-04 2.810810973601914975e-04
4.175515614503096931e-04 2.505620578160435287e-04
4.236599878444621044e-04 2.843460793243609273e-04
4.298577753534026991e-04 3.025917618799321392e-04
4.361462312547055922e-04 3.347005674423560195e-04
4.425266819503099677e-04 3.136992572368612264e-04
4.490004732462949798e-04 3.096458171977888702e-04
4.555689706367449152e-04 3.537493443652321755e-04
4.622335595917678795e-04 3.445017244633966492e-04
4.689956458497289947e-04 3.354529733201696054e-04
4.758566557137573587e-04 3.668641122057557033e-04
4.828180363525911688e-04 3.795131839289110523e-04
4.898812561058241101e-04 3.645133730385676039e-04
4.970478047936164332e-04 3.951664225531520457e-04
5.043191940309384863e-04 4.365868325854996594e-04
5.116969575464099624e-04 4.560831785459563709e-04
5.191826515058036015e-04 4.454535717626511735e-04
5.267778548402823023e-04 4.523935535471758601e-04
5.344841695794364314e-04 4.859260075168840565e-04
5.423032211891959213e-04 4.599036362942733516e-04
5.502366589146830784e-04 4.824234988676772556e-04
5.582861561280821026e-04 5.335411529911464508e-04
5.664534106815980689e-04 5.111078500733899459e-04
5.747401452655780119e-04 5.477624897262932955e-04
5.831481077718731528e-04 5.083755248058420507e-04
5.916790716625150177e-04 5.654383297716746243e-04
6.003348363437854612e-04 5.506301437560199782e-04
6.091172275457593099e-04 5.850617873508030461e-04
6.180280977073986624e-04 6.172495177074621307e-04
6.270693263672821134e-04 6.169084137697806959e-04
6.362428205600491327e-04 6.701117610451748320e-04
6.455505152186439503e-04 6.871523781679229849e-04
6.549943735824441653e-04 6.811871914206537237e-04
6.645763876113594060e-04 6.911144620100431214e-04
6.742985784059895953e-04 7.579996073588562196e-04
6.841629966339280410e-04 7.604261473441918879e-04
6.941717229623012905e-04 7.869674517774131843e-04
7.043268684966375818e-04 8.016417454713643982e-04
7.146305752261537716e-04 8.553874199289323264e-04
7.250850164755591855e-04 8.679684478817723545e-04
7.356923973634661631e-04 8.894807809423578744e-04
7.464549552675084527e-04 9.119961442015597514e-04
7.573749602962638432e-04 9.781817063289595729e-04
7.684547157680783917e-04 9.450769701752813551e-04
7.796965586969000200e-04 9.852297237720579210e-04
7.911028602852150432e-04 1.052938348374320935e-03
8.026760264241967037e-04 1.053867707918676368e-03
8.144184982011735876e-04 1.066121205934279347e-03
8.263327524145182117e-04 1.105960717687486062e-03
8.384213020960696238e-04 1.194917370565315613e-03
8.506866970411987609e-04 1.162801008940944321e-03
8.631315243466263941e-04 1.236272112540401542e-03
8.757584089561128160e-04 1.232378081318740489e-03
8.885700142141259548e-04 1.316156726670395698e-03
9.015690424276124899e-04 1.311192924537045532e-03
9.147582354359855934e-04 1.476781682312063113e-03
9.281403751894502958e-04 1.345080088187951967e-03
9.417182843357926750e-04 1.397488804011309685e-03
9.554948268157498550e-04 1.511873545152435513e-03
9.694729084670909193e-04 1.522654588500232508e-03
9.836554776375358057e-04 1.518382426455479849e-03
9.980455258066377351e-04 1.586953044076746915e-03
1.012646088216768818e-03 1.612904139468071063e-03
1.027460244513331029e-03 1.776143294643583830e-03
1.042491119394335121e-03 1.826892957499333392e-03
1.057741883269483008e-03 1.833988539099203801e-03
1.073215752928889568e-03 1.903030482047687573e-03
1.088915992221590676e-03 1.966207815860887727e-03
1.104845912743975152e-03 2.059506467464345455e-03
1.121008874538287218e-03 2.051407207209496840e-03
1.137408286801349505e-03 2.144664621551352606e-03
1.154047608603650608e-03 2.149882946603060788e-03
1.170930349618958498e-03 2.290360327536258497e-03
1.188060070864600760e-03 2.280260863293221297e-03
1.205440385452578823e-03 2.363946367381948230e-03
1.223074959351669062e-03 2.371209780480131903e-03
1.240967512160670149e-03 2.535594846892157053e-03
1.259121817892969479e-03 2.584469545807607706e-03
1.277541705772578928e-03 2.685030937667819400e-03
1.296231061041821023e-03 2.755271835018922606e-03
1.315193825780830526e-03 2.776298880022867906e-03
1.334433999739039704e-03 2.861219032500543838e-03
1.353955641178836806e-03 3.081601178489938326e-03
1.373762867731557558e-03 3.086240141357523420e-03
1.393859857266002006e-03 3.124613144326893795e-03
1.414250848769661902e-03 3.227128061755873099e-03
1.434940143242830791e-03 3.445990450214236455e-03
1.455932104605802378e-03 3.421982543711874197e-03
1.477231160619335180e-03 3.397866371748051000e-03
1.498841803818583198e-03 3.689778797963100872e-03
1.520768592460694252e-03 3.846403030563981008e-03
1.543016151486264424e-03 3.847264065897985398e-03
1.565589173494862183e-03 4.083823114687786492e-03
1.588492419734820627e-03 4.167594971700078199e-03
1.611730721107509446e-03 4.165830725357031958e-03
1.635308979186304770e-03 4.315698963841955657e-03
1.659232167250456391e-03 4.426858798565458213e-03
1.683505331334086540e-03 4.553807489345472123e-03
1.708133591290531429e-03 4.751148936735251176e-03
1.733122141872251928e-03 4.928054839885794881e-03
1.758476253826548024e-03 5.057268561964443909e-03
1.784201275007297766e-03 5.192789487339800197e-03
1.810302631502959912e-03 5.340027105840534916e-03
1.836785828781082024e-03 5.487971236337885368e-03
1.863656452849546050e-03 5.642687050787359090e-03
1.890920171434809418e-03 5.795874421874723861e-03
1.918582735177376281e-03 6.052030631042528037e-03
1.946649978844760404e-03 6.190865225994658140e-03
1.975127822562192971e-03 6.330676257534630265e-03
2.004022273061330760e-03 6.615022305161281577e-03
2.033339424947239182e-03 6.757738614128601384e-03
2.063085461983904783e-03 7.127371946657560901e-03
2.093266658398552568e-03 7.164478649693914285e-03
2.123889380205049200e-03 7.383009560273035704e-03
2.154960086546662233e-03 7.615215220903196608e-03
2.186485331058465528e-03 7.799427876910590418e-03
2.218471763249677507e-03 8.028626212120611519e-03
2.250926129906210237e-03 8.209208230167713838e-03
2.283855276513755035e-03 8.454883223851888258e-03
2.317266148701670452e-03 8.825793904331047726e-03
2.351165793708002646e-03 8.956032742089786378e-03
2.385561361865933504e-03 9.193109283603744311e-03
2.420460108111972646e-03 9.514190959077416937e-03
2.455869393516222493e-03 1.004918975410836954e-02
2.491796686835016060e-03 1.004073003218708057e-02
2.528249566086279189e-03 1.026805044899931768e-02
2.565235720147935120e-03 1.075369395544106127e-02
2.602762950379688793e-03 1.109317201371193273e-02
2.640839172268547377e-03 1.136023032799132228e-02
2.679472417098398805e-03 1.170284205368920562e-02
2.718670833644028229e-03 1.202432148364700366e-02
2.758442689889907193e-03 1.231590648698777969e-02
2.798796374774128060e-03 1.270652630840026637e-02
2.839740399957860553e-03 1.309167342027439500e-02
2.881283401620680397e-03 1.340136802902523738e-02
2.923434142282172084e-03 1.405382932525611750e-02
2.966201512650174822e-03 1.412185880018517609e-02
3.009594533496064584e-03 1.472763272933961219e-02
3.053622357557481213e-03 1.507323521786061923e-02
3.098294271468879195e-03 1.568693672968678871e-02
3.143619697720323632e-03 1.602738597229275141e-02
3.189608196644948181e-03 1.666405834001909517e-02
3.236269468435472654e-03 1.719985528491731197e-02
3.283613355190242132e-03 1.752436282126330208e-02
3.331649842989180092e-03 1.815542385581874960e-02
3.380389064000117842e-03 1.859143803848143164e-02
3.429841298615938713e-03 1.913344832456960812e-02
3.480016977622979804e-03 1.997585950913569400e-02
3.530926684401169621e-03 2.041147615096483917e-02
3.582581157156337903e-03 2.082473162034592998e-02
3.634991291185188551e-03 2.137340563863388346e-02
3.688168141173409249e-03 2.201538330174548225e-02
3.742122923527388314e-03 2.296065488719768385e-02
3.796867018740064399e-03 2.324924069193532936e-02
3.852411973791368318e-03 2.387753437121440531e-02
3.908769504583781314e-03 2.473210585634431566e-02
3.965951498413539285e-03 2.558099353554736319e-02
4.023970016477973477e-03 2.615479113269307543e-02
4.082837296419535369e-03 2.687310257594451024e-02
4.142565754907045691e-03 2.742094048622965505e-02
4.203167990254684516e-03 2.875617527113420030e-02
4.264656785079329153e-03 2.950377858487105917e-02
4.327045108996732496e-03 3.025574798615782157e-02
4.390346121357163733e-03 3.095434956791197345e-02
4.454573174021066520e-03 3.180660381761447192e-02
4.519739814175307083e-03 3.286877876839584128e-02
4.585859787190652362e-03 3.361489989018149466e-02
4.652947039521022898e-03 3.476831369123740967e-02
4.721015721645172719e-03 3.566875664707913618e-02
4.790080191051398172e-03 3.669319131025770148e-02
4.860155015265908013e-03 3.767922947981614673e-02
4.931254974925513949e-03 3.888206637337702359e-02
5.003395066895245311e-03 3.992634306159207475e-02
5.076590507431592153e-03 4.098616889000009783e-02
5.150856735392015176e-03 4.250470661508014975e-02
5.226209415491405927e-03 4.351032122842048155e-02
5.302664441606197258e-03 4.503085337951195227e-02
5.380237940126798846e-03 4.637056142977506040e-02
5.458946273359080274e-03 4.724646989582879930e-02
5.538806042975618141e-03 4.892061174474296448e-02
5.619834093517418402e-03 5.071158190572741531e-02
5.702047515946887662e-03 5.140277007520142188e-02
5.785463651252769832e-03 5.304950454301529672e-02
5.870100094107807975e-03 5.463031694758795770e-02
5.955974696579945799e-03 5.618954237324847584e-02
6.043105571897777403e-03 5.772042271861645146e-02
6.131511098271129161e-03 5.913925324172152748e-02
6.221209922767501413e-03 6.111682156602469412e-02
6.312220965245229562e-03 6.297387952665155220e-02
6.404563422344185068e-03 6.420798127236866659e-02
6.498256771534847293e-03 6.606520396775726611e-02
6.593320775226632624e-03 6.832444431069863156e-02
6.689775484936302287e-03 7.001594666510035925e-02
6.787641245517349146e-03 7.207323469530013682e-02
6.886938699451285520e-03 7.414087548332079503e-02
6.987688791201676804e-03 7.666870027166149126e-02
7.089912771631883687e-03 7.894219379372822976e-02
7.193632202487441896e-03 8.026172343452071811e-02
7.298868960943985865e-03 8.269256675616400154e-02
7.405645244221747622e-03 8.520100373608849309e-02
7.513983574267524279e-03 8.749728782966227636e-02
7.623906802505158418e-03 8.961414373618969975e-02
7.735438114655511510e-03 9.227910855879989382e-02
7.848601035626932149e-03 9.525486897913749973e-02
7.963419434477297248e-03 9.694360896582500386e-02
8.079917529448633201e-03 1.004415392192663931e-01
8.198119893075363901e-03 1.031133534353589204e-01
8.318051457367329690e-03 1.059905958239335949e-01
8.439737519068589433e-03 1.091276140957453678e-01
8.563203744993197475e-03 1.118150793940157206e-01
8.688476177438994585e-03 1.150502655859596962e-01
8.815581239680625458e-03 1.180166769692035933e-01
8.944545741542919010e-03 1.207994796076989202e-01
9.075396885055757312e-03 1.245644417229309908e-01
9.208162270191742882e-03 1.269338918999351751e-01
9.342869900687746781e-03 1.313541470576085612e-01
9.479548189951631648e-03 1.353128994489125325e-01
9.618225967055414258e-03 1.388153183063075835e-01
9.758932482816042031e-03 1.426755929616143059e-01
9.901697415965211163e-03 1.463399738659735272e-01
1.004655087940936609e-02 1.499188082326179117e-01
1.019352342658132529e-02 1.540637995090281542e-01
1.034264605788479466e-02 1.573464272049499568e-01
1.049395022723317167e-02 1.617802210481694980e-01
1.064746784868404739e-02 1.662059691264753114e-01
1.080323130317069162e-02 1.710920812589848961e-01
1.096127344533204089e-02 1.751158815786402478e-01
1.112162761044262552e-02 1.789952934071573354e-01
1.128432762144389832e-02 1.842277170851183421e-01
1.144940779607831957e-02 1.883005067782185238e-01
1.161690295412791743e-02 1.938047866168753908e-01
1.178684842475873247e-02 1.988525634822464472e-01
1.195928005397260338e-02 2.036929596980271984e-01
1.213423421216807546e-02 2.088223146075098846e-01
1.231174780181190642e-02 2.143735903788298591e-01
1.249185826522275326e-02 2.193005047291735621e-01
1.267460359246871601e-02 2.241686586254406366e-01
1.286002232938048169e-02 2.314763841525215027e-01
1.304815358568169395e-02 2.362130936104988865e-01
1.323903704323815475e-02 2.421712741321375428e-01
1.343271296442782523e-02 2.469527391911509051e-01
1.362922220063325987e-02 2.541250930563433430e-01
1.382860620085816714e-02 2.595405583303620478e-01
1.403090702047014339e-02 2.659955149229353277e-01
1.423616733007130805e-02 2.724666726371925973e-01
1.444443042449857981e-02 2.787966321076557064e-01
1.465574023195573977e-02 2.854594258465946721e-01
1.487014132327909091e-02 2.913264028760190749e-01
1.508767892133859936e-02 2.981869945713851999e-01
1.530839891057655597e-02 3.050323639013360344e-01
1.553234784668586221e-02 3.122239424976870348e-01
1.575957296642989391e-02 3.190715078708641350e-01
1.599012219760591325e-02 3.258458851317417859e-01
1.622404416915432246e-02 3.334453092648946293e-01
1.646138822141588604e-02 3.398225591220309094e-01
1.670220441653878785e-02 3.483797015751516901e-01
1.694654354903812193e-02 3.551318740557026232e-01
1.719445715650983614e-02 3.624092954813342149e-01
1.744599753050134552e-02 3.689650176495349876e-01
1.770121772754117140e-02 3.783295193011603774e-01
1.796017158032999633e-02 3.856816379841585540e-01
1.822291370909545627e-02 3.927744413428196357e-01
1.848949953311290750e-02 4.010348892545810284e-01
1.875998528239484348e-02 4.096094684431993427e-01
1.903442800955138653e-02 4.178390946678474105e-01
1.931288560182404385e-02 4.263090819427386990e-01
1.959541679329573904e-02 4.342235786618246496e-01
1.988208117727942315e-02 4.413591391794783880e-01
2.017293921888785313e-02 4.507799282211137348e-01
2.046805226778721648e-02 4.579941566000650388e-01
2.076748257113746748e-02 4.664165453020183705e-01
2.107129328672195656e-02 4.748803698085015679e-01
2.137954849626895817e-02 4.815204983693620044e-01
2.169231321896825798e-02 4.897471156322899533e-01
2.200965342518549500e-02 4.988302269816087264e-01
2.233163605037693372e-02 5.074328283730716871e-01
2.265832900920797255e-02 5.143523105697866971e-01
2.298980120987820924e-02 5.237648585123702016e-01
2.332612256865596728e-02 5.308330377816951051e-01
2.366736402462540564e-02 5.402146745245168802e-01
2.401359755464953921e-02 5.470477545084634352e-01
2.436489618855210842e-02 5.546111669357608465e-01
2.472133402452138251e-02 5.616447853178326843e-01
2.508298624473948024e-02 5.694777826162883416e-01
2.544992913124037581e-02 5.754123112574575094e-01
2.582224008199964643e-02 5.828130790205849898e-01
2.619999762725981618e-02 5.910573697044911867e-01
2.658328144609457128e-02 5.954937093059756714e-01
2.697217238321500399e-02 6.025019047068037592e-01
2.736675246602199296e-02 6.100139842719393135e-01
2.776710492190802293e-02 6.151708782108747942e-01
2.817331419581196525e-02 6.200582011167503627e-01
2.858546596803071549e-02 6.253943838745413819e-01
2.900364717229148709e-02 6.315097223173041785e-01
2.942794601408853586e-02 6.351022656502730568e-01
2.985845198928783334e-02 6.397258434857897580e-01
3.029525590300423746e-02 6.431587888944352294e-01
3.073844988875476525e-02 6.478863020934541028e-01
3.118812742789181178e-02 6.513628826129707061e-01
3.164438336932094697e-02 6.529411974082389714e-01
3.210731394950710332e-02 6.572683697128648417e-01
3.257701681277337669e-02 6.600284248683161437e-01
3.305359103189667302e-02 6.625278882830435423e-01
3.353713712900491944e-02 6.612732599273384304e-01
3.402775709677986760e-02 6.656063942865687588e-01
3.452555441996989216e-02 6.653214253972206116e-01
3.503063409721780125e-02 6.643084231394010830e-01
3.554310266320785672e-02 6.661742188847201707e-01
3.606306821113659800e-02 6.637337645032963529e-01
3.659064041551268742e-02 6.629393957816102079e-01
3.712593055529017638e-02 6.607402838001886769e-01
3.766905153734019518e-02 6.591004155329166503e-01
3.822011792026586141e-02 6.567002312315308732e-01
3.877924593856579838e-02 6.520057253608353420e-01
3.934655352715126647e-02 6.505268626902175333e-01
3.992216034622142473e-02 6.448353733281164679e-01
4.050618780650300232e-02 6.409000868188116096e-01
4.109875909485918161e-02 6.340923382341017156e-01
4.169999920027268880e-02 6.286274859149941774e-01
4.231003494020939976e-02 6.225163033303968696e-01
4.292899498736767183e-02 6.142388815498764920e-01
4.355700989681852986e-02 6.068597201624567061e-01
4.419421213354333272e-02 6.020303852282299362e-01
4.484073610037424273e-02 5.922290987258052031e-01
4.549671816634325017e-02 5.835688148084724469e-01
4.616229669544590075e-02 5.755851885053515637e-01
4.683761207582605446e-02 5.650780047944898854e-01
4.752280674938759442e-02 5.562466748911957248e-01
4.821802524183890076e-02 5.467737112294493995e-01
4.892341419317729201e-02 5.374196507556011637e-01
4.963912238861947074e-02 5.258404397753115855e-01
5.036530078998391335e-02 5.155297220305142814e-01
5.110210256753291991e-02 5.047428558731527071e-01
5.184968313228033310e-02 4.925915170450498315e-01
5.260820016877179595e-02 4.815862077516968598e-01
5.337781366834442459e-02 4.693042681446915054e-01
5.415868596287337633e-02 4.576090095237193012e-01
5.495098175901209220e-02 4.445095617839820989e-01
5.575486817293295871e-02 4.323380279737175647e-01
5.657051476557670155e-02 4.199584443833315195e-01
5.739809357841744314e-02 4.074720579095695849e-01
5.823777916975050178e-02 3.943886234766178500e-01
5.908974865151148115e-02 3.811120826523375915e-01
5.995418172663402601e-02 3.676876178103157256e-01
6.083126072695378000e-02 3.550711515038240118e-01
6.172117065166692756e-02 3.417839912353853871e-01
6.262409920635149396e-02 3.292018436719587604e-01
6.354023684255963311e-02 3.171726579814769797e-01
6.446977679798857053e-02 3.047746139270327004e-01
6.541291513723962447e-02 2.925191701156394930e-01
6.636985079317377079e-02 2.808369325654269111e-01
6.734078560887135634e-02 2.701778932029771929e-01
6.832592438020634873e-02 2.566398268874783284e-01
6.932547489904344884e-02 2.460328822988316622e-01
7.033964799706662885e-02 2.347330881853006146e-01
7.136865759024910161e-02 2.233034814981745553e-01
7.241272072397386683e-02 2.129691593187250931e-01
7.347205761881472896e-02 2.023332045328978812e-01
7.454689171698605787e-02 1.919890095118120255e-01
7.563744972947292200e-02 1.814369557529825483e-01
7.674396168385075323e-02 1.719043246782567813e-01
7.786666097280373067e-02 1.619626940495932088e-01
7.900578440335370711e-02 1.529380777434807270e-01
8.016157224680930948e-02 1.443958182947515101e-01
8.133426828944512188e-02 1.373508438012265576e-01
8.252411988392280295e-02 1.292082673887942623e-01
8.373137800146458753e-02 1.220235101736708988e-01
8.495629728478951148e-02 1.154640055682180227e-01
8.619913610182416974e-02 1.079186312877612602e-01
8.746015660019958171e-02 1.015361218166650203e-01
8.873962476254521059e-02 9.516970576808500559e-02
9.003781046259135001e-02 8.926444418131969372e-02
9.135498752209281204e-02 8.342318017356903370e-02
9.269143376858551830e-02 7.822949222607812614e-02
9.404743109398709666e-02 7.314495684633810779e-02
9.542326551405566626e-02 6.829099338419726550e-02
9.681922722871832976e-02 6.354453153833820866e-02
9.823561068328180712e-02 5.961221773141313351e-02
9.967271463053854752e-02 5.583498907755858609e-02
1.011308421937818502e-01 5.151297167334005500e-02
1.026103009307428732e-01 4.755598102091683488e-02
1.041114028984620882e-01 4.438100807018500321e-02
1.056344647191106989e-01 4.111381963513741078e-02
1.071798076467749272e-01 3.798890678070606514e-02
1.087477576352164632e-01 3.502882996680481420e-02
1.103386454066249411e-01 3.259125807815719394e-02
1.119528065213763607e-01 3.004655750067395520e-02
1.135905814488113175e-01 2.771902909818098337e-02
1.152523156390488634e-01 2.545569884098571045e-02
1.169383595958513322e-01 2.362499765232948731e-02
1.186490689505550755e-01 2.166022147827351141e-02
1.203848045370820297e-01 1.959362112296291619e-02
1.221459324680493619e-01 1.810765221636043837e-02
1.239328242119927120e-01 1.639527000093799619e-02
1.257458566717180592e-01 1.507925455834841118e-02
1.275854122638007682e-01 1.372704759516052246e-02
1.294518789992479824e-01 1.270830873743502946e-02
1.313456505653393669e-01 1.161359805775604576e-02
1.332671264086667806e-01 1.063170854476542561e-02
1.352167118193882689e-01 9.820853524730338222e-03
1.371948180167144593e-01 8.891282425788175903e-03
1.392018622356449853e-01 8.265934272780828262e-03
1.412382678149749493e-01 7.565688123362552912e-03
1.433044642865885510e-01 6.888050315561386645e-03
1.454008874660580042e-01 6.344560915251977462e-03
1.475279795445689213e-01 5.851659996351760151e-03
1.496861891821906210e-01 5.363307064109108097e-03
1.518759716025095408e-01 4.856626668255320176e-03
1.540977886886484571e-01 4.390007879206997594e-03
1.563521090806899994e-01 3.927216113997505746e-03
1.586394082745251621e-01 3.578757819694932708e-03
1.609601687221475785e-01 3.256433838004902433e-03
1.633148799334157020e-01 2.840586070085893665e-03
1.657040385793039361e-01 2.549369509090916672e-03
1.681281485966627243e-01 2.337622868734583973e-03
1.705877212945126620e-01 2.138317949910433120e-03
1.730832754618936153e-01 1.985740943422220281e-03
1.756153374772900788e-01 1.764866751920602739e-03
1.781844414196588344e-01 1.564128268102409330e-03
1.807911291810806731e-01 1.399617126741606495e-03
1.834359505810595203e-01 1.295307365146562608e-03
1.861194634824935024e-01 1.145400368506985754e-03
1.888422339093434044e-01 1.002434100691830705e-03
1.916048361660226684e-01 8.572502168617757634e-04
1.944078529585322457e-01 7.619360882538429858e-04
1.972518755173693905e-01 7.181684677863736958e-04
2.001375037222342945e-01 6.601152319252210710e-04
2.030653462285595678e-01 5.485579457332685803e-04
2.060360205958922664e-01 4.985557888816787584e-04
2.090501534181542498e-01 4.220667251250570257e-04
2.121083804558061281e-01 4.036113234621423879e-04
2.152113467699467153e-01 3.634266508489189485e-04
2.183597068583738310e-01 3.169655845750350785e-04
2.215541247936348435e-01 2.703735650149851786e-04
2.247952743630967642e-01 2.297469772177497191e-04
2.280838392110661195e-01 1.839149863426446868e-04
2.314205129829886298e-01 1.848195182732132119e-04
2.348059994717557053e-01 1.224995263130580574e-04
2.382410127661539478e-01 1.271800929313859061e-04
2.417262774014859450e-01 9.993232510614952560e-05
2.452625285123926357e-01 9.970930421407754368e-05
2.488505119879133587e-01 7.337984982231472242e-05
2.524909846288141413e-01 5.662651012864576962e-05
2.561847143072163990e-01 5.516848983877546225e-05
2.599324801285612385e-01 4.973883437045929057e-05
2.637350725959437536e-01 4.566493809249349851e-05
2.675932937768518149e-01 4.190150229758046616e-05
2.715079574723419098e-01 2.802592360363011015e-05
2.754798893886922229e-01 2.705530915942296066e-05
2.795099273115665417e-01 2.360067604126945119e-05
2.835989212827238481e-01 1.396091630059601714e-05
2.877477337793156176e-01 1.425453056606408120e-05
2.919572398958056869e-01 1.150891310934730474e-05
2.962283275285499951e-01 8.408388423892238962e-06
3.005618975630770517e-01 4.933720152040977891e-06
3.049588640641094361e-01 3.524929545973269063e-06
3.094201544683645166e-01 2.069148778476403024e-06
3.139467097801742490e-01 1.955090804581153776e-06
3.185394847699682952e-01 1.120682614377500304e-06
3.231994481756618187e-01 2.051688696169260322e-06
3.279275829069857595e-01 2.907949535176735486e-07
3.327248862528096596e-01 4.768152309795868923e-07
3.375923700914967296e-01 5.492163297676283879e-07
3.425310611043355102e-01 0.000000000000000000e+00
3.475420009920930919e-01 2.237384661848932215e-07
3.526262466947382990e-01 9.983921781219009266e-08
3.577848706143795243e-01 0.000000000000000000e+00
3.630189608414602365e-01 0.000000000000000000e+00
3.683296213842673361e-01 0.000000000000000000e+00
3.737179724017970495e-01 1.509118734937206133e-07
3.791851504400235440e-01 0.000000000000000000e+00
3.847323086716280538e-01 0.000000000000000000e+00
3.903606171392344226e-01 9.181415130275670286e-08
3.960712630021998581e-01 0.000000000000000000e+00
4.018654507870196846e-01 0.000000000000000000e+00
4.077444026413942213e-01 3.794314514201654255e-08
4.137093585920117444e-01 0.000000000000000000e+00
4.197615768061020436e-01 0.000000000000000000e+00
4.259023338568176942e-01 0.000000000000000000e+00
4.321329249924989457e-01 0.000000000000000000e+00
4.384546644098730739e-01 0.000000000000000000e+00
4.448688855312545876e-01 0.000000000000000000e+00
4.513769412858005814e-01 0.000000000000000000e+00
4.579802043948769108e-01 0.000000000000000000e+00
4.646800676616025250e-01 0.000000000000000000e+00
4.714779442646297447e-01 0.000000000000000000e+00
4.783752680562199933e-01 0.000000000000000000e+00
4.853734938646802610e-01 0.000000000000000000e+00
4.924740978012259740e-01 0.000000000000000000e+00
4.996785775713332711e-01 0.000000000000000000e+00
5.069884527906421967e-01 0.000000000000000000e+00
5.144052653054848045e-01 0.000000000000000000e+00
5.219305795181032881e-01 0.000000000000000000e+00
5.295659827166210309e-01 0.000000000000000000e+00
5.373130854098444598e-01 0.000000000000000000e+00
5.451735216669637563e-01 0.000000000000000000e+00
5.531489494622203740e-01 0.000000000000000000e+00
5.612410510246160777e-01 0.000000000000000000e+00
5.694515331927409996e-01 0.000000000000000000e+00
5.777821277747927642e-01 0.000000000000000000e+00
5.862345919138574057e-01 0.000000000000000000e+00
5.948107084585388948e-01 0.000000000000000000e+00
6.035122863390113279e-01 0.000000000000000000e+00
6.123411609485660545e-01 0.000000000000000000e+00
6.212991945307471120e-01 0.000000000000000000e+00
6.303882765721491310e-01 0.000000000000000000e+00
6.396103242009565371e-01 0.000000000000000000e+00
6.489672825913188614e-01 0.000000000000000000e+00
6.584611253736400993e-01 0.000000000000000000e+00
6.680938550508692675e-01 0.000000000000000000e+00
6.778675034208790917e-01 0.000000000000000000e+00
6.877841320050279705e-01 0.000000000000000000e+00
6.978458324829910353e-01 0.000000000000000000e+00
7.080547271339473481e-01 0.000000000000000000e+00
7.184129692842258219e-01 0.000000000000000000e+00
7.289227437615020122e-01 0.000000000000000000e+00
7.395862673556312661e-01 0.000000000000000000e+00
7.504057892862305845e-01 0.000000000000000000e+00
7.613835916771003465e-01 0.000000000000000000e+00
7.725219900375829285e-01 0.000000000000000000e+00
7.838233337509639131e-01 0.000000000000000000e+00
7.952900065700201360e-01 0.000000000000000000e+00
8.069244271198189322e-01 0.000000000000000000e+00
8.187290494078659497e-01 0.000000000000000000e+00
8.307063633417219872e-01 0.000000000000000000e+00
8.428588952541931079e-01 0.000000000000000000e+00
8.551892084361969459e-01 0.000000000000000000e+00
8.676999036774298846e-01 0.000000000000000000e+00
8.803936198149451275e-01 0.000000000000000000e+00
8.932730342897515774e-01 0.000000000000000000e+00
9.063408637115548672e-01 0.000000000000000000e+00
9.195998644317645576e-01 0.000000000000000000e+00
9.330528331248839624e-01 0.000000000000000000e+00
9.467026073783977314e-01 0.000000000000000000e+00
9.605520662912966356e-01 0.000000000000000000e+00
9.746041310813593483e-01 0.000000000000000000e+00
9.888617657013079043e-01 0.000000000000000000e+00
1.003327977463987608e+00 0.000000000000000000e+00
1.018005817676691738e+00 0.000000000000000000e+00
1.032898382284756833e+00 0.000000000000000000e+00
1.048008812524582556e+00 0.000000000000000000e+00
1.063340295586204576e+00 0.000000000000000000e+00
1.078896065285554151e+00 0.000000000000000000e+00
1.094679402746554064e+00 0.000000000000000000e+00
1.110693637093196573e+00 0.000000000000000000e+00
1.126942146151747481e+00 0.000000000000000000e+00
1.143428357163212006e+00 0.000000000000000000e+00
1.160155747506234292e+00 0.000000000000000000e+00
1.177127845430572251e+00 0.000000000000000000e+00
1.194348230801292043e+00 0.000000000000000000e+00
1.211820535853858960e+00 0.000000000000000000e+00
1.229548445960276570e+00 0.000000000000000000e+00
1.247535700406424475e+00 0.000000000000000000e+00
1.265786093180771843e+00 0.000000000000000000e+00
1.284303473774632387e+00 0.000000000000000000e+00
1.303091747994127747e+00 0.000000000000000000e+00
1.322154878784016940e+00 0.000000000000000000e+00
1.341496887063592158e+00 0.000000000000000000e+00
1.361121852574798563e+00 0.000000000000000000e+00
1.381033914742754831e+00 0.000000000000000000e+00
1.401237273548869178e+00 0.000000000000000000e+00
1.421736190416730938e+00 0.000000000000000000e+00
1.442534989110953791e+00 0.000000000000000000e+00
1.463638056649171126e+00 0.000000000000000000e+00
1.485049844227375182e+00 0.000000000000000000e+00
1.506774868158797354e+00 0.000000000000000000e+00
1.528817710826510190e+00 0.000000000000000000e+00
1.551183021649976457e+00 0.000000000000000000e+00
1.573875518065741108e+00 0.000000000000000000e+00
1.596899986522452686e+00 0.000000000000000000e+00
1.620261283490457949e+00 0.000000000000000000e+00
1.643964336486162914e+00 0.000000000000000000e+00
1.668014145111373026e+00 0.000000000000000000e+00
1.692415782107839384e+00 0.000000000000000000e+00
1.717174394427236628e+00 0.000000000000000000e+00
1.742295204316796964e+00 0.000000000000000000e+00
1.767783510420810167e+00 0.000000000000000000e+00
1.793644688898253126e+00 0.000000000000000000e+00
1.819884194556769419e+00 0.000000000000000000e+00
1.846507562003222080e+00 0.000000000000000000e+00
1.873520406811094663e+00 0.000000000000000000e+00
1.900928426704969088e+00 0.000000000000000000e+00
1.928737402762316089e+00 0.000000000000000000e+00
1.956953200632883583e+00 0.000000000000000000e+00
1.985581771775920767e+00 0.000000000000000000e+00
