1.007314577357746395e-06 0.000000000000000000e+00
1.022050738157085172e-06 0.000000000000000000e+00
1.037002476532669867e-06 0.000000000000000000e+00
1.052172946202215323e-06 0.000000000000000000e+00
1.067565347019664431e-06 0.000000000000000000e+00
1.083182925650115004e-06 0.000000000000000000e+00
1.099028976254630445e-06 0.000000000000000000e+00
1.115106841185069142e-06 0.000000000000000000e+00
1.131419911689071041e-06 0.000000000000000000e+00
1.147971628625360671e-06 0.000000000000000000e+00
1.164765483189517368e-06 0.000000000000000000e+00
1.181805017650363486e-06 0.000000000000000000e+00
1.199093826097117550e-06 0.000000000000000000e+00
1.216635555197484504e-06 0.000000000000000000e+00
1.234433904966839137e-06 0.000000000000000000e+00
1.252492629548650261e-06 0.000000000000000000e+00
1.270815538006331790e-06 0.000000000000000000e+00
1.289406495126678695e-06 0.000000000000000000e+00
1.308269422235049389e-06 0.000000000000000000e+00
1.327408298022475615e-06 0.000000000000000000e+00
1.346827159384875163e-06 0.000000000000000000e+00
1.366530102274545501e-06 0.000000000000000000e+00
1.386521282564099480e-06 0.000000000000000000e+00
1.406804916923053165e-06 0.000000000000000000e+00
1.427385283707237743e-06 0.000000000000000000e+00
1.448266723861210011e-06 0.000000000000000000e+00
1.469453641833875500e-06 0.000000000000000000e+00
1.490950506507507443e-06 0.000000000000000000e+00
1.512761852140349597e-06 0.000000000000000000e+00
1.534892279323007713e-06 0.000000000000000000e+00
1.557346455948839277e-06 0.000000000000000000e+00
1.580129118198540584e-06 0.000000000000000000e+00
1.603245071539124057e-06 0.000000000000000000e+00
1.626699191737521068e-06 0.000000000000000000e+00
1.650496425889018006e-06 0.000000000000000000e+00
1.674641793460717854e-06 0.000000000000000000e+00
1.699140387350285004e-06 0.000000000000000000e+00
1.723997374960176362e-06 0.000000000000000000e+00
1.749217999287573916e-06 0.000000000000000000e+00
1.774807580030276668e-06 0.000000000000000000e+00
1.800771514708768779e-06 0.000000000000000000e+00
1.827115279804697280e-06 0.000000000000000000e+00
1.853844431916002885e-06 0.000000000000000000e+00
1.880964608928956931e-06 0.000000000000000000e+00
1.908481531207346938e-06 0.000000000000000000e+00
1.936401002799041579e-06 0.000000000000000000e+00
1.964728912660223922e-06 0.000000000000000000e+00
1.993471235897532631e-06 0.000000000000000000e+00
2.022634035028363983e-06 0.000000000000000000e+00
2.052223461259617184e-06 0.000000000000000000e+00
2.082245755785148092e-06 0.000000000000000000e+00
2.112707251102209193e-06 8.208352256592612277e-07
2.143614372347129500e-06 0.000000000000000000e+00
2.174973638650549482e-06 0.000000000000000000e+00
2.206791664512488845e-06 0.000000000000000000e+00
2.239075161197503816e-06 0.000000000000000000e+00
2.271830938150279099e-06 0.000000000000000000e+00
2.305065904431925127e-06 0.000000000000000000e+00
2.338787070177269020e-06 0.000000000000000000e+00
2.373001548073486551e-06 0.000000000000000000e+00
2.407716554860357156e-06 0.000000000000000000e+00
2.442939412852465149e-06 0.000000000000000000e+00
2.478677551483661393e-06 0.000000000000000000e+00
2.514938508874134382e-06 0.000000000000000000e+00
2.551729933420407560e-06 0.000000000000000000e+00
2.589059585408571160e-06 0.000000000000000000e+00
2.626935338651142886e-06 0.000000000000000000e+00
2.665365182147868279e-06 0.000000000000000000e+00
2.704357221770799593e-06 0.000000000000000000e+00
2.743919681974044932e-06 0.000000000000000000e+00
2.784060907528531530e-06 0.000000000000000000e+00
2.824789365282124550e-06 0.000000000000000000e+00
2.866113645945515583e-06 0.000000000000000000e+00
2.908042465904237457e-06 0.000000000000000000e+00
2.950584669057176779e-06 0.000000000000000000e+00
2.993749228681978078e-06 8.208352256592612277e-07
3.037545249327753744e-06 0.000000000000000000e+00
3.081981968735482214e-06 0.000000000000000000e+00
3.127068759786475975e-06 0.000000000000000000e+00
3.172815132479376366e-06 0.000000000000000000e+00
3.219230735936073713e-06 0.000000000000000000e+00
3.266325360436955554e-06 0.000000000000000000e+00
3.314108939485928916e-06 0.000000000000000000e+00
3.362591551905666001e-06 0.000000000000000000e+00
3.411783423963506540e-06 0.000000000000000000e+00
3.461694931528425492e-06 0.000000000000000000e+00
3.512336602259591695e-06 0.000000000000000000e+00
3.563719117826939279e-06 0.000000000000000000e+00
3.615853316164192712e-06 0.000000000000000000e+00
3.668750193754886335e-06 0.000000000000000000e+00
3.722420907951824327e-06 8.208352256592612277e-07
3.776876779330440196e-06 0.000000000000000000e+00
3.832129294076616543e-06 0.000000000000000000e+00
3.888190106409436032e-06 0.000000000000000000e+00
3.945071041039351476e-06 0.000000000000000000e+00
4.002784095662330252e-06 0.000000000000000000e+00
4.061341443490488050e-06 0.000000000000000000e+00
4.120755435819757446e-06 0.000000000000000000e+00
4.181038604635077492e-06 0.000000000000000000e+00
4.242203665253731971e-06 0.000000000000000000e+00
4.304263519007363188e-06 0.000000000000000000e+00
4.367231255963177964e-06 0.000000000000000000e+00
4.431120157684998909e-06 0.000000000000000000e+00
4.495943700034715789e-06 0.000000000000000000e+00
4.561715556014673132e-06 0.000000000000000000e+00
4.628449598651681045e-06 8.208352256592612277e-07
4.696159903923217583e-06 0.000000000000000000e+00
4.764860753726407982e-06 0.000000000000000000e+00
4.834566638890456673e-06 0.000000000000000000e+00
4.905292262233144501e-06 0.000000000000000000e+00
4.977052541662067912e-06 0.000000000000000000e+00
5.049862613321183391e-06 0.000000000000000000e+00
5.123737834783442357e-06 8.208352256592612277e-07
5.198693788290112811e-06 8.208352256592612277e-07
5.274746284037485708e-06 0.000000000000000000e+00
5.351911363511645367e-06 0.000000000000000000e+00
5.430205302872061158e-06 0.000000000000000000e+00
5.509644616384671335e-06 0.000000000000000000e+00
5.590246059905150172e-06 0.000000000000000000e+00
5.672026634413175810e-06 0.000000000000000000e+00
5.755003589598407766e-06 0.000000000000000000e+00
5.839194427498865285e-06 0.000000000000000000e+00
5.924616906192589155e-06 0.000000000000000000e+00
6.011289043543310338e-06 0.000000000000000000e+00
6.099229121000858101e-06 8.208352256592612277e-07
6.188455687457219067e-06 0.000000000000000000e+00
6.278987563159001034e-06 0.000000000000000000e+00
6.370843843677115559e-06 0.000000000000000000e+00
6.464043903934519574e-06 0.000000000000000000e+00
6.558607402292915576e-06 0.000000000000000000e+00
6.654554284699240485e-06 0.000000000000000000e+00
6.751904788892758010e-06 0.000000000000000000e+00
6.850679448673746411e-06 8.208352256592612277e-07
6.950899098234648166e-06 0.000000000000000000e+00
7.052584876554509078e-06 0.000000000000000000e+00
7.155758231857769887e-06 0.000000000000000000e+00
7.260440926138285322e-06 0.000000000000000000e+00
7.366655039749465955e-06 0.000000000000000000e+00
7.474422976061624485e-06 0.000000000000000000e+00
7.583767466187464127e-06 0.000000000000000000e+00
7.694711573776648474e-06 0.000000000000000000e+00
7.807278699880527707e-06 0.000000000000000000e+00
7.921492587888051990e-06 0.000000000000000000e+00
8.037377328533902904e-06 0.000000000000000000e+00
8.154957364979827154e-06 0.000000000000000000e+00
8.274257497970363489e-06 8.208352256592612277e-07
8.395302891063997905e-06 0.000000000000000000e+00
8.518119075940805925e-06 0.000000000000000000e+00
8.642731957787742387e-06 0.000000000000000000e+00
8.769167820762752732e-06 0.000000000000000000e+00
8.897453333538822177e-06 0.000000000000000000e+00
9.027615554929046979e-06 0.000000000000000000e+00
9.159681939594091512e-06 0.000000000000000000e+00
9.293680343833127217e-06 0.000000000000000000e+00
9.429639031459405388e-06 0.000000000000000000e+00
9.567586679761874957e-06 0.000000000000000000e+00
9.707552385554009091e-06 8.208352256592612277e-07
9.849565671311038320e-06 0.000000000000000000e+00
9.993656491397055546e-06 8.208352256592612277e-07
1.013985523838319066e-05 0.000000000000000000e+00
1.028819274945820828e-05 0.000000000000000000e+00
1.043870031293285345e-05 0.000000000000000000e+00
1.059140967483941058e-05 0.000000000000000000e+00
1.074635304562781570e-05 8.208352256592612277e-07
1.090356310695962130e-05 0.000000000000000000e+00
1.106307301860147234e-05 0.000000000000000000e+00
1.122491642541938768e-05 0.000000000000000000e+00
1.138912746447533417e-05 0.000000000000000000e+00
1.155574077222762343e-05 0.000000000000000000e+00
1.172479149183668274e-05 0.000000000000000000e+00
1.189631528057766575e-05 0.000000000000000000e+00
1.207034831736151717e-05 0.000000000000000000e+00
1.224692731036608570e-05 8.208352256592612277e-07
1.242608950477883701e-05 0.000000000000000000e+00
1.260787269065282000e-05 0.000000000000000000e+00
1.279231521087761615e-05 1.641670451318522455e-06
1.297945596926691007e-05 0.000000000000000000e+00
1.316933443876425501e-05 1.641670451318522455e-06
1.336199066976900349e-05 8.208352256592612277e-07
1.355746529858402446e-05 8.208352256592612277e-07
1.375579955598694823e-05 8.208352256592612277e-07
1.395703527592680112e-05 8.208352256592612277e-07
1.416121490434794070e-05 0.000000000000000000e+00
1.436838150814300096e-05 8.208352256592612277e-07
1.457857878423685134e-05 1.641670451318522455e-06
1.479185106880345199e-05 8.208352256592612277e-07
1.500824334661750401e-05 8.208352256592612277e-07
1.522780126054295324e-05 0.000000000000000000e+00
1.545057112116022781e-05 0.000000000000000000e+00
1.567659991653442197e-05 8.208352256592612277e-07
1.590593532212629987e-05 0.000000000000000000e+00
1.613862571084830798e-05 0.000000000000000000e+00
1.637472016326773407e-05 0.000000000000000000e+00
1.661426847795909308e-05 8.208352256592612277e-07
1.685732118200790824e-05 0.000000000000000000e+00
1.710392954166825580e-05 0.000000000000000000e+00
1.735414557317622482e-05 8.208352256592612277e-07
1.760802205372142312e-05 0.000000000000000000e+00
1.786561253257912133e-05 0.000000000000000000e+00
1.812697134240526785e-05 8.208352256592612277e-07
1.839215361069663454e-05 0.000000000000000000e+00
1.866121527141864113e-05 0.000000000000000000e+00
1.893421307680336196e-05 1.641670451318522455e-06
1.921120460932004300e-05 2.462505676977783471e-06
1.949224829382077500e-05 8.208352256592612277e-07
1.977740340986387761e-05 0.000000000000000000e+00
2.006673010421750834e-05 0.000000000000000000e+00
2.036028940354616632e-05 1.641670451318522455e-06
2.065814322728284870e-05 0.000000000000000000e+00
2.096035440068960072e-05 3.283340902637044911e-06
2.126698666810886848e-05 0.000000000000000000e+00
2.157810470640895772e-05 1.641670451318522455e-06
2.189377413862611608e-05 2.462505676977783471e-06
2.221406154780615261e-05 0.000000000000000000e+00
2.253903449104850828e-05 8.208352256592612277e-07
2.286876151375590824e-05 1.641670451318522455e-06
2.320331216409237394e-05 0.000000000000000000e+00
2.354275700765275634e-05 0.000000000000000000e+00
2.388716764234696154e-05 2.462505676977783471e-06
2.423661671350176551e-05 8.208352256592612277e-07
2.459117792918370451e-05 0.000000000000000000e+00
2.495092607574596845e-05 1.641670451318522455e-06
2.531593703360290548e-05 1.641670451318522455e-06
2.568628779323518389e-05 8.208352256592612277e-07
2.606205647142909086e-05 2.462505676977783471e-06
2.644332232775353569e-05 1.641670451318522455e-06
2.683016578127791539e-05 8.208352256592612277e-07
2.722266842753457623e-05 2.462505676977783471e-06
2.762091305572953733e-05 1.641670451318522455e-06
2.802498366620500994e-05 4.925011353955566943e-06
2.843496548815710749e-05 3.283340902637044911e-06
2.885094499761305602e-05 8.208352256592612277e-07
2.927300993567130672e-05 1.641670451318522455e-06
2.970124932700842990e-05 8.208352256592612277e-07
3.013575349865669028e-05 8.208352256592612277e-07
3.057661409905651831e-05 3.283340902637044911e-06
3.102392411738757062e-05 3.283340902637044911e-06
3.147777790318254023e-05 2.462505676977783471e-06
3.193827118622811437e-05 8.208352256592612277e-07
3.240550109675684740e-05 8.208352256592612277e-07
3.287956618593440767e-05 2.462505676977783471e-06
3.336056644664672153e-05 1.641670451318522455e-06
3.384860333459122246e-05 8.208352256592612277e-07
3.434377978967633887e-05 8.208352256592612277e-07
3.484620025773432989e-05 1.641670451318522455e-06
3.535597071255176533e-05 8.208352256592612277e-07
3.587319867822214914e-05 2.462505676977783471e-06
3.639799325182551120e-05 4.104176128296305927e-06
3.693046512643996819e-05 2.462505676977783471e-06
3.747072661448980061e-05 8.208352256592612277e-07
3.801889167143510757e-05 1.641670451318522455e-06
3.857507591980808783e-05 1.641670451318522455e-06
3.913939667360083957e-05 0.000000000000000000e+00
3.971197296301003197e-05 2.462505676977783471e-06
4.029292555954340905e-05 3.283340902637044911e-06
4.088237700149384478e-05 6.566681805274089822e-06
4.148045161978584190e-05 5.745846579614827959e-06
4.208727556420020056e-05 3.283340902637044911e-06
4.270297682998246060e-05 5.745846579614827959e-06
4.332768528484041656e-05 1.641670451318522455e-06
4.396153269633657363e-05 2.462505676977783471e-06
4.460465275968148065e-05 4.925011353955566943e-06
4.525718112593374049e-05 2.462505676977783471e-06
4.591925543061214606e-05 3.283340902637044911e-06
4.659101532272679944e-05 3.283340902637044911e-06
4.727260249423485881e-05 4.925011353955566943e-06
4.796416070992705924e-05 6.566681805274089822e-06
4.866583583775139729e-05 4.104176128296305927e-06
4.937777587958068129e-05 1.149169315922965592e-05
5.010013100243003903e-05 9.850022707911133886e-06
5.083305357013104394e-05 4.104176128296305927e-06
5.157669817546942586e-05 1.641670451318522455e-06
5.233122167279269528e-05 7.387517030933350838e-06
5.309678321109477598e-05 9.029187482251873717e-06
5.387354426758486257e-05 4.104176128296305927e-06
5.466166868174736750e-05 4.925011353955566943e-06
5.546132268989970656e-05 6.566681805274089822e-06
5.627267496025611541e-05 5.745846579614827959e-06
5.709589662850433445e-05 4.104176128296305927e-06
5.793116133390256831e-05 8.208352256592611854e-06
5.877864525590445873e-05 9.029187482251873717e-06
5.963852715132014786e-05 4.925011353955566943e-06
6.051098839202098770e-05 9.850022707911133886e-06
6.139621300319531559e-05 8.208352256592611854e-06
6.229438770216440984e-05 6.566681805274089822e-06
6.320570193776625569e-05 9.029187482251873717e-06
6.413034793031522577e-05 6.566681805274089822e-06
6.506852071214624727e-05 7.387517030933350838e-06
6.602041816875254946e-05 1.149169315922965592e-05
6.698624108052483167e-05 9.029187482251873717e-06
6.796619316510112173e-05 1.067085793357039575e-05
6.896048112033645924e-05 1.067085793357039575e-05
6.996931466790075197e-05 5.745846579614827959e-06
7.099290659751453627e-05 9.029187482251873717e-06
7.203147281183210093e-05 9.029187482251873717e-06
7.308523237198127171e-05 8.208352256592611854e-06
7.415440754376880113e-05 1.805837496450374743e-05
7.523922384456230034e-05 1.067085793357039575e-05
7.633991009085798322e-05 9.029187482251873717e-06
7.745669844654403443e-05 1.067085793357039575e-05
7.858982447186987452e-05 1.231252838488891778e-05
7.973952717313235366e-05 1.149169315922965592e-05
8.090604905308844213e-05 1.477503406186670168e-05
8.208963616210531388e-05 1.313336361054817964e-05
8.329053815005926136e-05 1.149169315922965592e-05
8.450900831899321307e-05 1.887921019016300760e-05
8.574530367654471233e-05 1.887921019016300760e-05
8.699968499015579544e-05 1.313336361054817964e-05
8.827241684207600455e-05 1.559586928752596354e-05
8.956376768516928206e-05 1.641670451318522371e-05
9.087400989953808253e-05 1.805837496450374743e-05
9.220341984997565236e-05 1.067085793357039575e-05
9.355227794425856618e-05 2.216255109280005167e-05
9.492086869229200176e-05 1.805837496450374743e-05
9.630948076612052004e-05 1.887921019016300760e-05
9.771840706081696753e-05 1.723753973884448388e-05
9.914794475626126477e-05 2.462505676977783556e-05
1.005983953798237853e-04 1.805837496450374743e-05
1.020700648699655904e-04 2.544589199543709573e-05
1.035632636407687597e-04 2.134171586714079150e-05
1.050783066474109812e-04 1.970004541582226777e-05
1.066155134525979928e-04 2.708756244675561946e-05
1.081752082939678623e-04 1.887921019016300760e-05
1.097577201524810103e-04 2.134171586714079150e-05
1.113633828218114799e-04 2.380422154411857539e-05
1.129925349787524514e-04 2.626672722109635929e-05
1.146455202546524122e-04 2.955006812373340335e-05
1.163226873078960100e-04 2.134171586714079150e-05
1.180243898974451611e-04 2.134171586714079150e-05
1.197509869574565813e-04 2.380422154411857539e-05
1.215028426729902278e-04 2.790839767241487963e-05
1.232803265568256602e-04 3.529591470334823470e-05
1.250838135274020277e-04 3.119173857505192708e-05
1.269136839878983120e-04 2.708756244675561946e-05
1.287703239064704949e-04 4.022092605730379571e-05
1.306541248976624296e-04 2.708756244675561946e-05
1.325654843050077343e-04 3.365424425202970758e-05
1.345048052848400299e-04 2.462505676977783556e-05
1.364724968913292474e-04 3.447507947768896775e-05
1.384689741627621927e-04 4.596677263691862367e-05
1.404946582090848791e-04 3.119173857505192708e-05
1.425499763007259256e-04 3.857925560598527537e-05
1.446353619587192093e-04 4.186259650862232283e-05
1.467512550461446904e-04 3.119173857505192708e-05
1.488981018609075767e-04 3.857925560598527537e-05
1.510763552298740415e-04 4.596677263691862367e-05
1.532864746043846919e-04 4.268343173428158300e-05
1.555289261571648411e-04 5.499596011917049908e-05
1.578041828806525388e-04 4.186259650862232283e-05
1.601127246867655807e-04 5.992097147312606687e-05
1.624550385081275565e-04 4.760844308823715079e-05
1.648316184007743760e-04 6.074180669878532704e-05
1.672429656483644480e-04 5.499596011917049908e-05
1.696895888679122988e-04 3.857925560598527537e-05
1.721720041170694284e-04 5.827930102180754653e-05
1.746907350029746578e-04 4.514593741125936350e-05
1.772463127926964107e-04 6.566681805274089483e-05
1.798392765252914858e-04 5.827930102180754653e-05
1.824701731255023301e-04 6.320431237576311432e-05
1.851395575191181560e-04 6.566681805274089483e-05
1.878479927500234016e-04 6.484598282708163466e-05
1.905960500989583640e-04 7.059182940669646940e-05
1.933843092040179166e-04 7.797934643762981092e-05
1.962133581829122986e-04 6.648765327840015500e-05
1.990837937570166219e-04 7.633767598631129058e-05
2.019962213772354674e-04 7.141266463235572957e-05
2.049512553517080502e-04 7.633767598631129058e-05
2.079495189753827666e-04 9.767939185345208208e-05
2.109916446614860312e-04 1.001418975304298626e-04
2.140782740749153025e-04 9.685855662779282191e-05
2.172100582675831029e-04 8.947103959685946684e-05
2.203876578157409004e-04 9.029187482251872700e-05
2.236117429593125589e-04 7.059182940669646940e-05
2.268829937432654382e-04 9.767939185345208208e-05
2.302021001610499618e-04 1.009627327560891228e-04
2.335697623001375500e-04 9.521688617647430157e-05
2.369866904896872481e-04 1.182002724949336134e-04
2.404536054503736029e-04 1.132752611409780388e-04
2.439712384464053064e-04 1.182002724949336134e-04
2.475403314397682953e-04 1.239461190745484481e-04
2.511616372467252397e-04 1.206627781719113939e-04
2.548359196966041608e-04 1.255877895258669685e-04
2.585639537929108195e-04 1.239461190745484481e-04
2.623465258767969681e-04 1.321544713311410498e-04
2.661844337929207853e-04 1.239461190745484481e-04
2.700784870577335392e-04 1.346169770081188303e-04
2.740295070302274432e-04 1.477503406186670201e-04
2.780383270851830317e-04 1.452878349416892396e-04
2.821057927889492317e-04 1.526753519726225812e-04
2.862327620777956505e-04 1.625253746805337032e-04
2.904201054388746463e-04 1.559586928752596218e-04
2.946687060938298270e-04 1.830462553220152345e-04
2.989794601850906614e-04 1.846879257733337820e-04
3.033532769648932068e-04 1.904337723529486031e-04
3.077910789870644693e-04 1.920754428042671235e-04
3.122938023016148465e-04 1.887921019016300828e-04
3.168623966521748672e-04 1.912546075786078633e-04
3.214978256763214920e-04 2.150588291227264353e-04
3.262010671088352832e-04 2.002837950608597252e-04
3.309731129879294278e-04 2.273713575076153378e-04
3.358149698644983172e-04 2.093129825431116141e-04
3.407276590144247153e-04 2.388630506668450073e-04
3.457122166539945761e-04 2.339380393128894463e-04
3.507696941584621721e-04 2.462505676977783759e-04
3.559011582838125906e-04 2.511755790517339370e-04
3.611076913917697336e-04 2.544589199543709776e-04
3.663903916780945468e-04 2.487130733747561565e-04
3.717503734042235672e-04 2.708756244675561810e-04
3.771887671322965234e-04 3.078132096222229428e-04
3.827067199636210743e-04 2.963215164629933005e-04
3.883053957806278109e-04 2.519964142773931971e-04
3.939859754923634438e-04 2.922173403346969996e-04
3.997496572835757900e-04 3.135590562018377640e-04
4.055976568674428710e-04 3.340799368433193224e-04
4.115312077419982194e-04 3.283340902637045013e-04
4.175515614503096931e-04 3.488549709051860055e-04
4.236599878444621044e-04 3.390049481972748835e-04
4.298577753534026991e-04 3.701966867723268241e-04
4.361462312547055922e-04 3.759425333519416453e-04
4.425266819503099677e-04 3.948217435421046292e-04
4.490004732462949798e-04 3.775842038032601656e-04
4.555689706367449152e-04 3.915384026394675885e-04
4.622335595917678795e-04 4.662344081744603723e-04
4.689956458497289947e-04 4.268343173428158300e-04
4.758566557137573587e-04 4.358635048250676918e-04
4.828180363525911688e-04 4.457135275329788138e-04
4.898812561058241101e-04 4.711594195284159333e-04
4.970478047936164332e-04 4.777261013336900146e-04
5.043191940309384863e-04 4.867552888159418765e-04
5.116969575464099624e-04 5.154845217140160366e-04
5.191826515058036015e-04 5.212303682936308578e-04
5.267778548402823023e-04 5.573471182226383052e-04
5.344841695794364314e-04 5.532429420943420044e-04
5.423032211891959213e-04 5.918221977003273408e-04
5.502366589146830784e-04 5.934638681516458611e-04
5.582861561280821026e-04 6.197305953727421865e-04
5.664534106815980689e-04 6.189097601470829263e-04
5.747401452655780119e-04 6.246556067266977475e-04
5.831481077718731528e-04 6.862182486511423686e-04
5.916790716625150177e-04 6.903224247794386694e-04
6.003348363437854612e-04 7.658392655400907134e-04
6.091172275457593099e-04 7.338266917393794584e-04
6.180280977073986624e-04 7.510642314782240304e-04
6.270693263672821134e-04 7.814351348276166566e-04
6.362428205600491327e-04 8.060601915973944617e-04
6.455505152186439503e-04 8.446394472033797981e-04
6.549943735824441653e-04 8.232977313362389252e-04
6.645763876113594060e-04 8.865020437120020667e-04
6.742985784059895953e-04 9.357521572515577852e-04
6.841629966339280410e-04 8.799353619067279853e-04
6.941717229623012905e-04 9.997773048529801868e-04
7.043268684966375818e-04 9.677647310522689318e-04
7.146305752261537716e-04 1.019477350268802431e-03
7.250850164755591855e-04 1.002239810529957859e-03
7.356923973634661631e-04 1.061339946777424808e-03
7.464549552675084527e-04 1.104844213737365488e-03
7.573749602962638432e-04 1.125365094378847101e-03
7.684547157680783917e-04 1.178719384046699120e-03
7.796965586969000200e-04 1.171331867015765671e-03
7.911028602852150432e-04 1.282144622479765902e-03
8.026760264241967037e-04 1.273115434997514148e-03
8.144184982011735876e-04 1.328111395116684688e-03
8.263327524145182117e-04 1.343707264404210523e-03
8.384213020960696238e-04 1.395419883620744022e-03
8.506866970411987609e-04 1.431536633549751469e-03
8.631315243466263941e-04 1.397061554072062542e-03
8.757584089561128160e-04 1.470115889155736806e-03
8.885700142141259548e-04 1.504590968633425733e-03
9.015690424276124899e-04 1.539886883336774029e-03
9.147582354359855934e-04 1.606374536615174211e-03
9.281403751894502958e-04 1.726216479561426195e-03
9.417182843357926750e-04 1.760691559039115339e-03
9.554948268157498550e-04 1.786137451034552296e-03
9.694729084670909193e-04 1.873145984954434091e-03
9.836554776375358057e-04 1.883816842888004365e-03
9.980455258066377351e-04 1.988883751772389883e-03
1.012646088216768818e-03 2.020075490347441986e-03
1.027460244513331029e-03 2.144842444647649532e-03
1.042491119394335121e-03 2.076713120917930613e-03
1.057741883269483008e-03 2.231850978567531327e-03
1.073215752928889568e-03 2.204763416120775633e-03
1.088915992221590676e-03 2.319680347713072056e-03
1.104845912743975152e-03 2.386988836217131607e-03
1.121008874538287218e-03 2.483847392844924524e-03
1.137408286801349505e-03 2.445268137238938971e-03
1.154047608603650608e-03 2.536380847287117175e-03
1.170930349618958498e-03 2.830239858073132532e-03
1.188060070864600760e-03 2.722710443511769558e-03
1.205440385452578823e-03 2.813002318334287960e-03
1.223074959351669062e-03 2.811360647882969657e-03
1.240967512160670149e-03 3.088802954155799810e-03
1.259121817892969479e-03 3.167603135819088787e-03
1.277541705772578928e-03 3.181557334655296318e-03
1.296231061041821023e-03 3.288265913991000357e-03
1.315193825780830526e-03 3.368707766105608070e-03
1.334433999739039704e-03 3.486087203374882166e-03
1.353955641178836806e-03 3.633016708767890061e-03
1.373762867731557558e-03 3.720025242687771856e-03
1.393859857266002006e-03 3.950679941098024506e-03
1.414250848769661902e-03 3.962992469482912866e-03
1.434940143242830791e-03 4.054926014756750005e-03
1.455932104605802378e-03 4.199393014472780662e-03
1.477231160619335180e-03 4.251105633689313511e-03
1.498841803818583198e-03 4.343039178963150650e-03
1.520768592460694252e-03 4.574514712599062234e-03
1.543016151486264424e-03 4.601602275045818362e-03
1.565589173494862183e-03 4.781365189465196230e-03
1.588492419734820627e-03 4.990678172008307899e-03
1.611730721107509446e-03 5.032540768516930059e-03
1.635308979186304770e-03 5.272224654409434462e-03
1.659232167250456391e-03 5.327220614528604785e-03
1.683505331334086540e-03 5.543921114102650337e-03
1.708133591290531429e-03 5.781142494318176200e-03
1.733122141872251928e-03 5.989634641635628934e-03
1.758476253826548024e-03 5.974038772348103099e-03
1.784201275007297766e-03 6.194843448050444193e-03
1.810302631502959912e-03 6.511685845154918835e-03
1.836785828781082024e-03 6.574069322305023041e-03
1.863656452849546050e-03 6.861361651285764751e-03
1.890920171434809418e-03 6.917999281856252944e-03
1.918582735177376281e-03 7.317746036752313839e-03
1.946649978844760404e-03 7.306254343593083546e-03
1.975127822562192971e-03 7.680555206493707050e-03
2.004022273061330760e-03 7.903001552647366881e-03
2.033339424947239182e-03 8.034335188752848508e-03
2.063085461983904783e-03 8.324090023410567890e-03
2.093266658398552568e-03 8.598248988780761437e-03
2.123889380205049200e-03 8.975012357358362614e-03
2.154960086546662233e-03 9.116196016171754929e-03
2.186485331058465528e-03 9.318942316909592516e-03
2.218471763249677507e-03 9.630859702660110946e-03
2.250926129906210237e-03 1.005112733819765389e-02
2.283855276513755035e-03 1.026536533209472003e-02
2.317266148701670452e-03 1.037371558188174281e-02
2.351165793708002646e-03 1.085965003547202483e-02
2.385561361865933504e-03 1.112970482471392283e-02
2.420460108111972646e-03 1.152945157960998286e-02
2.455869393516222493e-03 1.160086424424233882e-02
2.491796686835016060e-03 1.214179465795179116e-02
2.528249566086279189e-03 1.242744531648121500e-02
2.565235720147935120e-03 1.288711304285040070e-02
2.602762950379688793e-03 1.314157196280477113e-02
2.640839172268547377e-03 1.348796442803298044e-02
2.679472417098398805e-03 1.396733219981798925e-02
2.718670833644028229e-03 1.442782076141283475e-02
2.758442689889907193e-03 1.485629674920696877e-02
2.798796374774128060e-03 1.522156842462533965e-02
2.839740399957860553e-03 1.561474849771612647e-02
2.881283401620680397e-03 1.612694967852750308e-02
2.923434142282172084e-03 1.655870900722427458e-02
2.966201512650174822e-03 1.702248090972175928e-02
3.009594533496064584e-03 1.756176965297989376e-02
3.053622357557481213e-03 1.819135027106054750e-02
3.098294271468879195e-03 1.862475127020863513e-02
3.143619697720323632e-03 1.898181459337041493e-02
3.189608196644948181e-03 1.962124523415897936e-02
3.236269468435472654e-03 2.018680070463821016e-02
3.283613355190242132e-03 2.070803107293184286e-02
3.331649842989180092e-03 2.150834541794962099e-02
3.380389064000117842e-03 2.217240111550796214e-02
3.429841298615938713e-03 2.276832748933658654e-02
3.480016977622979804e-03 2.325836611905516757e-02
3.530926684401169621e-03 2.435910615666423557e-02
3.582581157156337903e-03 2.463572762771140678e-02
3.634991291185188551e-03 2.537776267170737884e-02
3.688168141173409249e-03 2.648424855589606372e-02
3.742122923527388314e-03 2.704734152069831685e-02
3.796867018740064399e-03 2.759730112189002008e-02
3.852411973791368318e-03 2.847477397811977104e-02
3.908769504583781314e-03 2.969043094732113502e-02
3.965951498413539285e-03 3.041522845157826338e-02
4.023970016477973477e-03 3.117121769441044341e-02
4.082837296419535369e-03 3.208316563011788525e-02
4.142565754907045691e-03 3.299921774195362090e-02
4.203167990254684516e-03 3.378886122903782679e-02
4.264656785079329153e-03 3.465402155688268593e-02
4.327045108996732496e-03 3.601332469057442337e-02
4.390346121357163733e-03 3.724621919951463800e-02
4.454573174021066520e-03 3.802190848776263593e-02
4.519739814175307083e-03 3.926711552508773545e-02
4.585859787190652362e-03 4.006907154055683318e-02
4.652947039521022898e-03 4.132002442446154611e-02
4.721015721645172719e-03 4.253650222888857163e-02
4.790080191051398172e-03 4.410429750989776354e-02
4.860155015265908013e-03 4.529943359845764461e-02
4.931254974925513949e-03 4.661605330041510009e-02
5.003395066895245311e-03 4.786782701954547803e-02
5.076590507431592153e-03 4.920989261349836830e-02
5.150856735392015176e-03 5.085977141707348492e-02
5.226209415491405927e-03 5.236354155048125042e-02
5.302664441606197258e-03 5.329847287250714938e-02
5.380237940126798846e-03 5.494671000563094293e-02
5.458946273359080274e-03 5.639630501414519964e-02
5.538806042975618141e-03 5.803879630068937978e-02
5.619834093517418402e-03 5.988567555842271711e-02
5.702047515946887662e-03 6.163733792997957983e-02
5.785463651252769832e-03 6.312715386455114430e-02
5.870100094107807975e-03 6.485993702591784371e-02
5.955974696579945799e-03 6.718207987930789604e-02
6.043105571897777403e-03 6.882539200107773425e-02
6.131511098271129161e-03 7.083643830394292795e-02
6.221209922767501413e-03 7.296404320885173378e-02
6.312220965245229562e-03 7.407873744529699933e-02
6.404563422344185068e-03 7.681868542854761173e-02
6.498256771534847293e-03 7.883055256663847044e-02
6.593320775226632624e-03 8.153356296473442122e-02
6.689775484936302287e-03 8.360699274474971132e-02
6.787641245517349146e-03 8.607934844443540512e-02
6.886938699451285520e-03 8.828247019010486418e-02
6.987688791201676804e-03 9.102405984380679271e-02
7.089912771631883687e-03 9.311144382265829078e-02
7.193632202487441896e-03 9.570692480619287512e-02
7.298868960943985865e-03 9.851500211317321121e-02
7.405645244221747622e-03 1.012147291703665158e-01
7.513983574267524279e-03 1.037125307620476583e-01
7.623906802505158418e-03 1.071551136984625896e-01
7.735438114655511510e-03 1.099164033975803534e-01
7.848601035626932149e-03 1.131923567831864541e-01
7.963419434477297248e-03 1.162286262829000660e-01
8.079917529448633201e-03 1.186106901077632475e-01
8.198119893075363901e-03 1.223996655094063968e-01
8.318051457367329690e-03 1.255442852589070124e-01
8.439737519068589433e-03 1.289868681953219576e-01
8.563203744993197475e-03 1.323293092342064659e-01
8.688476177438994585e-03 1.362652141412426243e-01
8.815581239680625458e-03 1.404252070648837614e-01
8.944545741542919010e-03 1.435870643541232450e-01
9.075396885055757312e-03 1.471478475630331184e-01
9.208162270191742882e-03 1.511641943221838924e-01
9.342869900687746781e-03 1.552388203823564516e-01
9.479548189951631648e-03 1.592387504369940365e-01
9.618225967055414258e-03 1.634726185309444968e-01
9.758932482816042031e-03 1.681727210330694333e-01
9.901697415965211163e-03 1.728621526772607941e-01
1.004655087940936609e-02 1.767381366128238374e-01
1.019352342658132529e-02 1.814127932229533113e-01
1.034264605788479466e-02 1.862565418895686109e-01
1.049395022723317167e-02 1.913801953681337209e-01
1.064746784868404739e-02 1.960269435805908067e-01
1.080323130317069162e-02 2.004512454468942162e-01
1.096127344533204089e-02 2.059516622940369412e-01
1.112162761044262552e-02 2.112427661586365191e-01
1.128432762144389832e-02 2.168006414715753782e-01
1.144940779607831957e-02 2.213792603603027542e-01
1.161690295412791743e-02 2.277784917795423469e-01
1.178684842475873247e-02 2.324006149352296491e-01
1.195928005397260338e-02 2.391930264275600182e-01
1.213423421216807546e-02 2.449864814502630828e-01
1.231174780181190642e-02 2.500970015652176359e-01
1.249185826522275326e-02 2.560652944909861395e-01
1.267460359246871601e-02 2.625055676715087327e-01
1.286002232938048169e-02 2.684402063530251792e-01
1.304815358568169395e-02 2.757792941056446123e-01
1.323903704323815475e-02 2.815735699635733558e-01
1.343271296442782523e-02 2.887115530859062917e-01
1.362922220063325987e-02 2.950385510052878635e-01
1.382860620085816714e-02 3.022282467468373479e-01
1.403090702047014339e-02 3.084493569221088971e-01
1.423616733007130805e-02 3.163613876622384802e-01
1.444443042449857981e-02 3.237735297499416132e-01
1.465574023195573977e-02 3.302441738338136035e-01
1.487014132327909091e-02 3.385452804709057073e-01
1.508767892133859936e-02 3.463087400351909650e-01
1.530839891057655597e-02 3.542683792184088132e-01
1.553234784668586221e-02 3.613587538976535396e-01
1.575957296642989391e-02 3.677645519986983969e-01
1.599012219760591325e-02 3.753736945405597436e-01
1.622404416915432246e-02 3.829458994972664287e-01
1.646138822141588604e-02 3.919915036840315170e-01
1.670220441653878785e-02 4.000102430034968015e-01
1.694654354903812193e-02 4.083622414245798304e-01
1.719445715650983614e-02 4.151997988543214557e-01
1.744599753050134552e-02 4.228237164302446893e-01
1.770121772754117140e-02 4.319054373669387603e-01
1.796017158032999633e-02 4.387109822228796863e-01
1.822291370909545627e-02 4.479642577217365362e-01
1.848949953311290750e-02 4.552844662641657991e-01
1.875998528239484348e-02 4.637169065373634158e-01
1.903442800955138653e-02 4.708540688244706729e-01
1.931288560182404385e-02 4.796731224889537737e-01
1.959541679329573904e-02 4.883378591310129635e-01
1.988208117727942315e-02 4.966266532397201616e-01
2.017293921888785313e-02 5.042390791224841129e-01
2.046805226778721648e-02 5.124827272937800826e-01
2.076748257113746748e-02 5.206763045163108616e-01
2.107129328672195656e-02 5.280654632176955410e-01
2.137954849626895817e-02 5.368057167005153563e-01
2.169231321896825798e-02 5.443902341856069471e-01
2.200965342518549500e-02 5.509954952464869438e-01
2.233163605037693372e-02 5.595600899910156967e-01
2.265832900920797255e-02 5.659117129671671353e-01
2.298980120987820924e-02 5.728091913683818204e-01
2.332612256865596728e-02 5.793578147986914173e-01
2.366736402462540564e-02 5.847909231573300559e-01
2.401359755464953921e-02 5.937117603897948959e-01
2.436489618855210842e-02 5.984512629827515307e-01
2.472133402452138251e-02 6.056803588151326023e-01
2.508298624473948024e-02 6.109476584581881031e-01
2.544992913124037581e-02 6.175997071269307970e-01
2.582224008199964643e-02 6.243116767671464951e-01
2.619999762725981618e-02 6.279824518962947577e-01
2.658328144609457128e-02 6.320734946609805061e-01
2.697217238321500399e-02 6.376527116897865444e-01
2.736675246602199296e-02 6.421451428798196082e-01
2.776710492190802293e-02 6.468115911376925986e-01
2.817331419581196525e-02 6.497977896886409921e-01
2.858546596803071549e-02 6.530663555572161494e-01
2.900364717229148709e-02 6.544987130259914965e-01
2.942794601408853586e-02 6.590822569260728070e-01
2.985845198928783334e-02 6.609373445360627874e-01
3.029525590300423746e-02 6.616629628755456016e-01
3.073844988875476525e-02 6.634991712753453008e-01
3.118812742789181178e-02 6.639900307402896162e-01
3.164438336932094697e-02 6.654445507601577381e-01
3.210731394950710332e-02 6.664722364626831652e-01
3.257701681277337669e-02 6.639998807629974298e-01
3.305359103189667302e-02 6.642371021432129652e-01
3.353713712900491944e-02 6.611146449448052076e-01
3.402775709677986760e-02 6.582967176151168776e-01
3.452555441996989216e-02 6.563431297780478735e-01
3.503063409721780125e-02 6.538806241010700626e-01
3.554310266320785672e-02 6.512170137938058101e-01
3.606306821113659800e-02 6.486699620885850726e-01
3.659064041551268742e-02 6.428034527307984192e-01
3.712593055529017638e-02 6.367112136859552907e-01
3.766905153734019518e-02 6.307683666521822774e-01
3.822011792026586141e-02 6.267356031885182865e-01
3.877924593856579838e-02 6.205785181608481915e-01
3.934655352715126647e-02 6.117438686270776360e-01
3.992216034622142473e-02 6.059832470134008942e-01
4.050618780650300232e-02 5.980547995687580665e-01
4.109875909485918161e-02 5.873067831239757730e-01
4.169999920027268880e-02 5.791181309127989563e-01
4.231003494020939976e-02 5.706315155147078100e-01
4.292899498736767183e-02 5.613511524534042785e-01
4.355700989681852986e-02 5.526232114989693134e-01
4.419421213354333272e-02 5.420754788492477827e-01
4.484073610037424273e-02 5.298622715266636529e-01
4.549671816634325017e-02 5.203873705168787778e-01
4.616229669544590075e-02 5.080198461718706815e-01
4.683761207582605446e-02 4.966570241430695587e-01
4.752280674938759442e-02 4.845579129168520738e-01
4.821802524183890076e-02 4.736687128132562874e-01
4.892341419317729201e-02 4.608193581907862324e-01
4.963912238861947074e-02 4.511458150563918412e-01
5.036530078998391335e-02 4.387618740068705558e-01
5.110210256753291991e-02 4.263853204743802139e-01
5.184968313228033310e-02 4.141795006688269720e-01
5.260820016877179595e-02 4.008458532632179772e-01
5.337781366834442459e-02 3.875466809370866073e-01
5.415868596287337633e-02 3.743131754290079938e-01
5.495098175901209220e-02 3.602604763657214493e-01
5.575486817293295871e-02 3.476458806177898930e-01
5.657051476557670155e-02 3.347932426544171780e-01
5.739809357841744314e-02 3.228697901664907555e-01
5.823777916975050178e-02 3.111753507065233015e-01
5.908974865151148115e-02 2.988029013501612430e-01
5.995418172663402601e-02 2.862400182214462352e-01
6.083126072695378000e-02 2.748386169370390930e-01
6.172117065166692756e-02 2.624062466092039192e-01
6.262409920635149396e-02 2.518880640276061622e-01
6.354023684255963311e-02 2.405490462203491164e-01
6.446977679798857053e-02 2.289112443909521177e-01
6.541291513723962447e-02 2.189947340297625777e-01
6.636985079317377079e-02 2.079389043753580024e-01
6.734078560887135634e-02 1.978869562019346939e-01
6.832592438020634873e-02 1.867843389396675324e-01
6.932547489904344884e-02 1.767291074253415639e-01
7.033964799706662885e-02 1.673477816312818889e-01
7.136865759024910161e-02 1.589473539318849993e-01
7.241272072397386683e-02 1.494732737573258030e-01
7.347205761881472896e-02 1.422014944932104008e-01
7.454689171698605787e-02 1.335392203568282199e-01
7.563744972947292200e-02 1.260852156726164630e-01
7.674396168385075323e-02 1.180812513872130237e-01
7.786666097280373067e-02 1.105459840156610002e-01
7.900578440335370711e-02 1.034900844158939959e-01
8.016157224680930948e-02 9.684952744031057048e-02
8.133426828944512188e-02 9.100846397451926861e-02
8.252411988392280295e-02 8.610151099552820764e-02
8.373137800146458753e-02 8.097949918741441377e-02
8.495629728478951148e-02 7.579920807827882079e-02
8.619913610182416974e-02 7.009276158949563629e-02
8.746015660019958171e-02 6.562413462100660788e-02
8.873962476254521059e-02 6.136646230551202896e-02
9.003781046259135001e-02 5.721385689890182147e-02
9.135498752209281204e-02 5.374582807049144845e-02
9.269143376858551830e-02 4.991991508369363062e-02
9.404743109398709666e-02 4.654792397668538334e-02
9.542326551405566626e-02 4.318085788103109141e-02
9.681922722871832976e-02 3.948381602466178447e-02
9.823561068328180712e-02 3.719614825074941955e-02
9.967271463053854752e-02 3.380281542787403476e-02
1.011308421937818502e-01 3.135754729063509882e-02
1.026103009307428732e-01 2.847149063721713530e-02
1.041114028984620882e-01 2.658685295910347135e-02
1.056344647191106989e-01 2.463490679248574872e-02
1.071798076467749272e-01 2.293249453446843944e-02
1.087477576352164632e-01 2.134335753759211002e-02
1.103386454066249411e-01 1.936924881988158487e-02
1.119528065213763607e-01 1.782936193654481236e-02
1.135905814488113175e-01 1.609247459904981567e-02
1.152523156390488634e-01 1.467078798820797489e-02
1.169383595958513322e-01 1.343132679746249052e-02
1.186490689505550755e-01 1.237162852113638488e-02
1.203848045370820297e-01 1.130700523345632216e-02
1.221459324680493619e-01 1.058713274055315089e-02
1.239328242119927120e-01 9.630859702660110946e-03
1.257458566717180592e-01 8.781295244102775913e-03
1.275854122638007682e-01 7.815993018727485087e-03
1.294518789992479824e-01 7.321029377654950446e-03
1.313456505653393669e-01 6.894195060312135158e-03
1.332671264086667806e-01 6.324535413704607083e-03
1.352167118193882689e-01 5.841063465791302735e-03
1.371948180167144593e-01 5.240212080608723857e-03
1.392018622356449853e-01 4.897102956283152023e-03
1.412382678149749493e-01 4.384901775471773677e-03
1.433044642865885510e-01 4.000750889863239484e-03
1.454008874660580042e-01 3.400720339906319108e-03
1.475279795445689213e-01 2.962394329404273528e-03
1.496861891821906210e-01 2.663610307264302392e-03
1.518759716025095408e-01 2.359080438544716544e-03
1.540977886886484571e-01 2.199017569541160920e-03
1.563521090806899994e-01 1.991346257449367555e-03
1.586394082745251621e-01 1.744274854525930136e-03
1.609601687221475785e-01 1.591599502553307528e-03
1.633148799334157020e-01 1.383107355235855011e-03
1.657040385793039361e-01 1.218119474878343609e-03
1.681281485966627243e-01 1.037535725233306155e-03
1.705877212945126620e-01 9.735105776318837530e-04
1.730832754618936153e-01 8.068810268230537219e-04
1.756153374772900788e-01 6.895015895537794093e-04
1.781844414196588344e-01 6.295806180806533085e-04
1.807911291810806731e-01 5.819721749924162187e-04
1.834359505810595203e-01 5.425720841607716222e-04
1.861194634824935024e-01 4.966053115238530527e-04
1.888422339093434044e-01 4.752635956567122341e-04
1.916048361660226684e-01 4.153426241835861876e-04
1.944078529585322457e-01 3.513174765821637860e-04
1.972518755173693905e-01 3.086340448478822030e-04
2.001375037222342945e-01 2.339380393128894463e-04
2.030653462285595678e-01 2.249088518306375573e-04
2.060360205958922664e-01 2.035671359634967658e-04
2.090501534181542498e-01 1.567795281009188820e-04
2.121083804558061281e-01 1.182002724949336134e-04
2.152113467699467153e-01 8.372519301724464565e-05
2.183597068583738310e-01 6.238347715010385416e-05
2.215541247936348435e-01 5.335428966785197874e-05
2.247952743630967642e-01 4.022092605730379571e-05
2.280838392110661195e-01 3.119173857505192708e-05
2.314205129829886298e-01 2.708756244675561946e-05
2.348059994717557053e-01 1.805837496450374743e-05
2.382410127661539478e-01 1.067085793357039575e-05
2.417262774014859450e-01 1.313336361054817964e-05
2.452625285123926357e-01 2.462505676977783471e-06
2.488505119879133587e-01 1.641670451318522455e-06
2.524909846288141413e-01 4.925011353955566943e-06
2.561847143072163990e-01 2.462505676977783471e-06
2.599324801285612385e-01 2.462505676977783471e-06
2.637350725959437536e-01 2.462505676977783471e-06
2.675932937768518149e-01 8.208352256592612277e-07
2.715079574723419098e-01 1.641670451318522455e-06
2.754798893886922229e-01 0.000000000000000000e+00
2.795099273115665417e-01 1.641670451318522455e-06
2.835989212827238481e-01 0.000000000000000000e+00
2.877477337793156176e-01 8.208352256592612277e-07
2.919572398958056869e-01 8.208352256592612277e-07
2.962283275285499951e-01 1.641670451318522455e-06
3.005618975630770517e-01 2.462505676977783471e-06
3.049588640641094361e-01 3.283340902637044911e-06
3.094201544683645166e-01 8.208352256592612277e-07
3.139467097801742490e-01 0.000000000000000000e+00
3.185394847699682952e-01 0.000000000000000000e+00
3.231994481756618187e-01 0.000000000000000000e+00
3.279275829069857595e-01 0.000000000000000000e+00
3.327248862528096596e-01 0.000000000000000000e+00
3.375923700914967296e-01 0.000000000000000000e+00
3.425310611043355102e-01 0.000000000000000000e+00
3.475420009920930919e-01 0.000000000000000000e+00
3.526262466947382990e-01 0.000000000000000000e+00
3.577848706143795243e-01 0.000000000000000000e+00
3.630189608414602365e-01 0.000000000000000000e+00
3.683296213842673361e-01 0.000000000000000000e+00
3.737179724017970495e-01 0.000000000000000000e+00
3.791851504400235440e-01 0.000000000000000000e+00
3.847323086716280538e-01 0.000000000000000000e+00
3.903606171392344226e-01 0.000000000000000000e+00
3.960712630021998581e-01 0.000000000000000000e+00
4.018654507870196846e-01 0.000000000000000000e+00
4.077444026413942213e-01 0.000000000000000000e+00
4.137093585920117444e-01 0.000000000000000000e+00
4.197615768061020436e-01 0.000000000000000000e+00
4.259023338568176942e-01 0.000000000000000000e+00
4.321329249924989457e-01 0.000000000000000000e+00
4.384546644098730739e-01 0.000000000000000000e+00
4.448688855312545876e-01 0.000000000000000000e+00
4.513769412858005814e-01 0.000000000000000000e+00
4.579802043948769108e-01 0.000000000000000000e+00
4.646800676616025250e-01 0.000000000000000000e+00
4.714779442646297447e-01 0.000000000000000000e+00
4.783752680562199933e-01 0.000000000000000000e+00
4.853734938646802610e-01 0.000000000000000000e+00
4.924740978012259740e-01 0.000000000000000000e+00
4.996785775713332711e-01 0.000000000000000000e+00
5.069884527906421967e-01 0.000000000000000000e+00
5.144052653054848045e-01 0.000000000000000000e+00
5.219305795181032881e-01 0.000000000000000000e+00
5.295659827166210309e-01 0.000000000000000000e+00
5.373130854098444598e-01 0.000000000000000000e+00
5.451735216669637563e-01 0.000000000000000000e+00
5.531489494622203740e-01 0.000000000000000000e+00
5.612410510246160777e-01 0.000000000000000000e+00
5.694515331927409996e-01 0.000000000000000000e+00
5.777821277747927642e-01 0.000000000000000000e+00
5.862345919138574057e-01 0.000000000000000000e+00
5.948107084585388948e-01 0.000000000000000000e+00
6.035122863390113279e-01 0.000000000000000000e+00
6.123411609485660545e-01 0.000000000000000000e+00
6.212991945307471120e-01 0.000000000000000000e+00
6.303882765721491310e-01 0.000000000000000000e+00
6.396103242009565371e-01 0.000000000000000000e+00
6.489672825913188614e-01 0.000000000000000000e+00
6.584611253736400993e-01 0.000000000000000000e+00
6.680938550508692675e-01 0.000000000000000000e+00
6.778675034208790917e-01 0.000000000000000000e+00
6.877841320050279705e-01 0.000000000000000000e+00
6.978458324829910353e-01 0.000000000000000000e+00
7.080547271339473481e-01 0.000000000000000000e+00
7.184129692842258219e-01 0.000000000000000000e+00
7.289227437615020122e-01 0.000000000000000000e+00
7.395862673556312661e-01 0.000000000000000000e+00
7.504057892862305845e-01 0.000000000000000000e+00
7.613835916771003465e-01 0.000000000000000000e+00
7.725219900375829285e-01 0.000000000000000000e+00
7.838233337509639131e-01 0.000000000000000000e+00
7.952900065700201360e-01 0.000000000000000000e+00
8.069244271198189322e-01 0.000000000000000000e+00
8.187290494078659497e-01 0.000000000000000000e+00
8.307063633417219872e-01 0.000000000000000000e+00
8.428588952541931079e-01 0.000000000000000000e+00
8.551892084361969459e-01 0.000000000000000000e+00
8.676999036774298846e-01 0.000000000000000000e+00
8.803936198149451275e-01 0.000000000000000000e+00
8.932730342897515774e-01 0.000000000000000000e+00
9.063408637115548672e-01 0.000000000000000000e+00
9.195998644317645576e-01 0.000000000000000000e+00
9.330528331248839624e-01 0.000000000000000000e+00
9.467026073783977314e-01 0.000000000000000000e+00
9.605520662912966356e-01 0.000000000000000000e+00
9.746041310813593483e-01 0.000000000000000000e+00
9.888617657013079043e-01 0.000000000000000000e+00
1.003327977463987608e+00 0.000000000000000000e+00
1.018005817676691738e+00 0.000000000000000000e+00
1.032898382284756833e+00 0.000000000000000000e+00
1.048008812524582556e+00 0.000000000000000000e+00
1.063340295586204576e+00 0.000000000000000000e+00
1.078896065285554151e+00 0.000000000000000000e+00
1.094679402746554064e+00 0.000000000000000000e+00
1.110693637093196573e+00 0.000000000000000000e+00
1.126942146151747481e+00 0.000000000000000000e+00
1.143428357163212006e+00 0.000000000000000000e+00
1.160155747506234292e+00 0.000000000000000000e+00
1.177127845430572251e+00 0.000000000000000000e+00
1.194348230801292043e+00 0.000000000000000000e+00
1.211820535853858960e+00 0.000000000000000000e+00
1.229548445960276570e+00 0.000000000000000000e+00
1.247535700406424475e+00 0.000000000000000000e+00
1.265786093180771843e+00 0.000000000000000000e+00
1.284303473774632387e+00 0.000000000000000000e+00
1.303091747994127747e+00 0.000000000000000000e+00
1.322154878784016940e+00 0.000000000000000000e+00
1.341496887063592158e+00 0.000000000000000000e+00
1.361121852574798563e+00 0.000000000000000000e+00
1.381033914742754831e+00 0.000000000000000000e+00
1.401237273548869178e+00 0.000000000000000000e+00
1.421736190416730938e+00 0.000000000000000000e+00
1.442534989110953791e+00 0.000000000000000000e+00
1.463638056649171126e+00 0.000000000000000000e+00
1.485049844227375182e+00 0.000000000000000000e+00
1.506774868158797354e+00 0.000000000000000000e+00
1.528817710826510190e+00 0.000000000000000000e+00
1.551183021649976457e+00 0.000000000000000000e+00
1.573875518065741108e+00 0.000000000000000000e+00
1.596899986522452686e+00 0.000000000000000000e+00
1.620261283490457949e+00 0.000000000000000000e+00
1.643964336486162914e+00 0.000000000000000000e+00
1.668014145111373026e+00 0.000000000000000000e+00
1.692415782107839384e+00 0.000000000000000000e+00
1.717174394427236628e+00 0.000000000000000000e+00
1.742295204316796964e+00 0.000000000000000000e+00
1.767783510420810167e+00 0.000000000000000000e+00
1.793644688898253126e+00 0.000000000000000000e+00
1.819884194556769419e+00 0.000000000000000000e+00
1.846507562003222080e+00 0.000000000000000000e+00
1.873520406811094663e+00 0.000000000000000000e+00
1.900928426704969088e+00 0.000000000000000000e+00
1.928737402762316089e+00 0.000000000000000000e+00
1.956953200632883583e+00 0.000000000000000000e+00
1.985581771775920767e+00 0.000000000000000000e+00
