1.007314577357746395e-06 0.000000000000000000e+00
1.022050738157085172e-06 0.000000000000000000e+00
1.037002476532669867e-06 0.000000000000000000e+00
1.052172946202215323e-06 0.000000000000000000e+00
1.067565347019664431e-06 0.000000000000000000e+00
1.083182925650115004e-06 0.000000000000000000e+00
1.099028976254630445e-06 0.000000000000000000e+00
1.115106841185069142e-06 0.000000000000000000e+00
1.131419911689071041e-06 0.000000000000000000e+00
1.147971628625360671e-06 0.000000000000000000e+00
1.164765483189517368e-06 0.000000000000000000e+00
1.181805017650363486e-06 0.000000000000000000e+00
1.199093826097117550e-06 0.000000000000000000e+00
1.216635555197484504e-06 0.000000000000000000e+00
1.234433904966839137e-06 0.000000000000000000e+00
1.252492629548650261e-06 0.000000000000000000e+00
1.270815538006331790e-06 0.000000000000000000e+00
1.289406495126678695e-06 0.000000000000000000e+00
1.308269422235049389e-06 0.000000000000000000e+00
1.327408298022475615e-06 0.000000000000000000e+00
1.346827159384875163e-06 0.000000000000000000e+00
1.366530102274545501e-06 0.000000000000000000e+00
1.386521282564099480e-06 0.000000000000000000e+00
1.406804916923053165e-06 0.000000000000000000e+00
1.427385283707237743e-06 0.000000000000000000e+00
1.448266723861210011e-06 0.000000000000000000e+00
1.469453641833875500e-06 0.000000000000000000e+00
1.490950506507507443e-06 0.000000000000000000e+00
1.512761852140349597e-06 0.000000000000000000e+00
1.534892279323007713e-06 0.000000000000000000e+00
1.557346455948839277e-06 0.000000000000000000e+00
1.580129118198540584e-06 0.000000000000000000e+00
1.603245071539124057e-06 0.000000000000000000e+00
1.626699191737521068e-06 0.000000000000000000e+00
1.650496425889018006e-06 0.000000000000000000e+00
1.674641793460717854e-06 0.000000000000000000e+00
1.699140387350285004e-06 0.000000000000000000e+00
1.723997374960176362e-06 0.000000000000000000e+00
1.749217999287573916e-06 0.000000000000000000e+00
1.774807580030276668e-06 0.000000000000000000e+00
1.800771514708768779e-06 0.000000000000000000e+00
1.827115279804697280e-06 0.000000000000000000e+00
1.853844431916002885e-06 0.000000000000000000e+00
1.880964608928956931e-06 0.000000000000000000e+00
1.908481531207346938e-06 0.000000000000000000e+00
1.936401002799041579e-06 0.000000000000000000e+00
1.964728912660223922e-06 0.000000000000000000e+00
1.993471235897532631e-06 0.000000000000000000e+00
2.022634035028363983e-06 0.000000000000000000e+00
2.052223461259617184e-06 0.000000000000000000e+00
2.082245755785148092e-06 0.000000000000000000e+00
2.112707251102209193e-06 0.000000000000000000e+00
2.143614372347129500e-06 0.000000000000000000e+00
2.174973638650549482e-06 0.000000000000000000e+00
2.206791664512488845e-06 0.000000000000000000e+00
2.239075161197503816e-06 0.000000000000000000e+00
2.271830938150279099e-06 0.000000000000000000e+00
2.305065904431925127e-06 0.000000000000000000e+00
2.338787070177269020e-06 0.000000000000000000e+00
2.373001548073486551e-06 0.000000000000000000e+00
2.407716554860357156e-06 8.219916000119498856e-07
2.442939412852465149e-06 0.000000000000000000e+00
2.478677551483661393e-06 0.000000000000000000e+00
2.514938508874134382e-06 0.000000000000000000e+00
2.551729933420407560e-06 0.000000000000000000e+00
2.589059585408571160e-06 0.000000000000000000e+00
2.626935338651142886e-06 0.000000000000000000e+00
2.665365182147868279e-06 0.000000000000000000e+00
2.704357221770799593e-06 0.000000000000000000e+00
2.743919681974044932e-06 0.000000000000000000e+00
2.784060907528531530e-06 0.000000000000000000e+00
2.824789365282124550e-06 0.000000000000000000e+00
2.866113645945515583e-06 0.000000000000000000e+00
2.908042465904237457e-06 0.000000000000000000e+00
2.950584669057176779e-06 0.000000000000000000e+00
2.993749228681978078e-06 0.000000000000000000e+00
3.037545249327753744e-06 0.000000000000000000e+00
3.081981968735482214e-06 0.000000000000000000e+00
3.127068759786475975e-06 0.000000000000000000e+00
3.172815132479376366e-06 0.000000000000000000e+00
3.219230735936073713e-06 0.000000000000000000e+00
3.266325360436955554e-06 0.000000000000000000e+00
3.314108939485928916e-06 0.000000000000000000e+00
3.362591551905666001e-06 0.000000000000000000e+00
3.411783423963506540e-06 0.000000000000000000e+00
3.461694931528425492e-06 0.000000000000000000e+00
3.512336602259591695e-06 0.000000000000000000e+00
3.563719117826939279e-06 0.000000000000000000e+00
3.615853316164192712e-06 0.000000000000000000e+00
3.668750193754886335e-06 0.000000000000000000e+00
3.722420907951824327e-06 0.000000000000000000e+00
3.776876779330440196e-06 0.000000000000000000e+00
3.832129294076616543e-06 0.000000000000000000e+00
3.888190106409436032e-06 0.000000000000000000e+00
3.945071041039351476e-06 0.000000000000000000e+00
4.002784095662330252e-06 0.000000000000000000e+00
4.061341443490488050e-06 0.000000000000000000e+00
4.120755435819757446e-06 0.000000000000000000e+00
4.181038604635077492e-06 0.000000000000000000e+00
4.242203665253731971e-06 0.000000000000000000e+00
4.304263519007363188e-06 0.000000000000000000e+00
4.367231255963177964e-06 0.000000000000000000e+00
4.431120157684998909e-06 0.000000000000000000e+00
4.495943700034715789e-06 0.000000000000000000e+00
4.561715556014673132e-06 0.000000000000000000e+00
4.628449598651681045e-06 0.000000000000000000e+00
4.696159903923217583e-06 0.000000000000000000e+00
4.764860753726407982e-06 0.000000000000000000e+00
4.834566638890456673e-06 8.985869655078870997e-07
4.905292262233144501e-06 0.000000000000000000e+00
4.977052541662067912e-06 0.000000000000000000e+00
5.049862613321183391e-06 0.000000000000000000e+00
5.123737834783442357e-06 0.000000000000000000e+00
5.198693788290112811e-06 0.000000000000000000e+00
5.274746284037485708e-06 0.000000000000000000e+00
5.351911363511645367e-06 0.000000000000000000e+00
5.430205302872061158e-06 0.000000000000000000e+00
5.509644616384671335e-06 0.000000000000000000e+00
5.590246059905150172e-06 0.000000000000000000e+00
5.672026634413175810e-06 0.000000000000000000e+00
5.755003589598407766e-06 0.000000000000000000e+00
5.839194427498865285e-06 0.000000000000000000e+00
5.924616906192589155e-06 0.000000000000000000e+00
6.011289043543310338e-06 0.000000000000000000e+00
6.099229121000858101e-06 0.000000000000000000e+00
6.188455687457219067e-06 0.000000000000000000e+00
6.278987563159001034e-06 0.000000000000000000e+00
6.370843843677115559e-06 0.000000000000000000e+00
6.464043903934519574e-06 0.000000000000000000e+00
6.558607402292915576e-06 0.000000000000000000e+00
6.654554284699240485e-06 0.000000000000000000e+00
6.751904788892758010e-06 0.000000000000000000e+00
6.850679448673746411e-06 0.000000000000000000e+00
6.950899098234648166e-06 0.000000000000000000e+00
7.052584876554509078e-06 0.000000000000000000e+00
7.155758231857769887e-06 8.674701655034740954e-07
7.260440926138285322e-06 0.000000000000000000e+00
7.366655039749465955e-06 0.000000000000000000e+00
7.474422976061624485e-06 0.000000000000000000e+00
7.583767466187464127e-06 0.000000000000000000e+00
7.694711573776648474e-06 0.000000000000000000e+00
7.807278699880527707e-06 0.000000000000000000e+00
7.921492587888051990e-06 0.000000000000000000e+00
8.037377328533902904e-06 0.000000000000000000e+00
8.154957364979827154e-06 0.000000000000000000e+00
8.274257497970363489e-06 0.000000000000000000e+00
8.395302891063997905e-06 0.000000000000000000e+00
8.518119075940805925e-06 0.000000000000000000e+00
8.642731957787742387e-06 0.000000000000000000e+00
8.769167820762752732e-06 0.000000000000000000e+00
8.897453333538822177e-06 0.000000000000000000e+00
9.027615554929046979e-06 0.000000000000000000e+00
9.159681939594091512e-06 0.000000000000000000e+00
9.293680343833127217e-06 0.000000000000000000e+00
9.429639031459405388e-06 0.000000000000000000e+00
9.567586679761874957e-06 0.000000000000000000e+00
9.707552385554009091e-06 0.000000000000000000e+00
9.849565671311038320e-06 0.000000000000000000e+00
9.993656491397055546e-06 0.000000000000000000e+00
1.013985523838319066e-05 0.000000000000000000e+00
1.028819274945820828e-05 0.000000000000000000e+00
1.043870031293285345e-05 0.000000000000000000e+00
1.059140967483941058e-05 0.000000000000000000e+00
1.074635304562781570e-05 0.000000000000000000e+00
1.090356310695962130e-05 0.000000000000000000e+00
1.106307301860147234e-05 0.000000000000000000e+00
1.122491642541938768e-05 0.000000000000000000e+00
1.138912746447533417e-05 0.000000000000000000e+00
1.155574077222762343e-05 0.000000000000000000e+00
1.172479149183668274e-05 0.000000000000000000e+00
1.189631528057766575e-05 9.229347393065137001e-07
1.207034831736151717e-05 0.000000000000000000e+00
1.224692731036608570e-05 0.000000000000000000e+00
1.242608950477883701e-05 0.000000000000000000e+00
1.260787269065282000e-05 0.000000000000000000e+00
1.279231521087761615e-05 0.000000000000000000e+00
1.297945596926691007e-05 0.000000000000000000e+00
1.316933443876425501e-05 0.000000000000000000e+00
1.336199066976900349e-05 0.000000000000000000e+00
1.355746529858402446e-05 0.000000000000000000e+00
1.375579955598694823e-05 0.000000000000000000e+00
1.395703527592680112e-05 0.000000000000000000e+00
1.416121490434794070e-05 0.000000000000000000e+00
1.436838150814300096e-05 0.000000000000000000e+00
1.457857878423685134e-05 0.000000000000000000e+00
1.479185106880345199e-05 0.000000000000000000e+00
1.500824334661750401e-05 0.000000000000000000e+00
1.522780126054295324e-05 0.000000000000000000e+00
1.545057112116022781e-05 0.000000000000000000e+00
1.567659991653442197e-05 0.000000000000000000e+00
1.590593532212629987e-05 0.000000000000000000e+00
1.613862571084830798e-05 0.000000000000000000e+00
1.637472016326773407e-05 0.000000000000000000e+00
1.661426847795909308e-05 0.000000000000000000e+00
1.685732118200790824e-05 8.706396030772767831e-07
1.710392954166825580e-05 0.000000000000000000e+00
1.735414557317622482e-05 8.630867775015253920e-07
1.760802205372142312e-05 0.000000000000000000e+00
1.786561253257912133e-05 0.000000000000000000e+00
1.812697134240526785e-05 0.000000000000000000e+00
1.839215361069663454e-05 0.000000000000000000e+00
1.866121527141864113e-05 8.842822335300123130e-07
1.893421307680336196e-05 7.467777150212973103e-07
1.921120460932004300e-05 8.101223008390806672e-07
1.949224829382077500e-05 0.000000000000000000e+00
1.977740340986387761e-05 0.000000000000000000e+00
2.006673010421750834e-05 1.648562977259766409e-06
2.036028940354616632e-05 0.000000000000000000e+00
2.065814322728284870e-05 0.000000000000000000e+00
2.096035440068960072e-05 0.000000000000000000e+00
2.126698666810886848e-05 8.956111293805376810e-07
2.157810470640895772e-05 6.932484761850559147e-07
2.189377413862611608e-05 0.000000000000000000e+00
2.221406154780615261e-05 0.000000000000000000e+00
2.253903449104850828e-05 0.000000000000000000e+00
2.286876151375590824e-05 0.000000000000000000e+00
2.320331216409237394e-05 8.904989214836932843e-07
2.354275700765275634e-05 0.000000000000000000e+00
2.388716764234696154e-05 0.000000000000000000e+00
2.423661671350176551e-05 8.928590265832470647e-07
2.459117792918370451e-05 0.000000000000000000e+00
2.495092607574596845e-05 0.000000000000000000e+00
2.531593703360290548e-05 9.593388591642493266e-07
2.568628779323518389e-05 0.000000000000000000e+00
2.606205647142909086e-05 8.299170525977185494e-07
2.644332232775353569e-05 7.824556074375630650e-07
2.683016578127791539e-05 0.000000000000000000e+00
2.722266842753457623e-05 0.000000000000000000e+00
2.762091305572953733e-05 0.000000000000000000e+00
2.802498366620500994e-05 0.000000000000000000e+00
2.843496548815710749e-05 8.478668626459075484e-07
2.885094499761305602e-05 8.128445166383701807e-07
2.927300993567130672e-05 0.000000000000000000e+00
2.970124932700842990e-05 8.109710578115703094e-07
3.013575349865669028e-05 0.000000000000000000e+00
3.057661409905651831e-05 0.000000000000000000e+00
3.102392411738757062e-05 0.000000000000000000e+00
3.147777790318254023e-05 0.000000000000000000e+00
3.193827118622811437e-05 9.069510794471786052e-07
3.240550109675684740e-05 8.255218272917728400e-07
3.287956618593440767e-05 8.661050700746126190e-07
3.336056644664672153e-05 1.698087079781766437e-06
3.384860333459122246e-05 8.096671545469537606e-07
3.434377978967633887e-05 0.000000000000000000e+00
3.484620025773432989e-05 0.000000000000000000e+00
3.535597071255176533e-05 2.308539740938397052e-06
3.587319867822214914e-05 0.000000000000000000e+00
3.639799325182551120e-05 8.523571762255250272e-07
3.693046512643996819e-05 0.000000000000000000e+00
3.747072661448980061e-05 3.446120439809939735e-06
3.801889167143510757e-05 1.629294783784884697e-06
3.857507591980808783e-05 8.697116038573130306e-07
3.913939667360083957e-05 1.718872634995164410e-06
3.971197296301003197e-05 0.000000000000000000e+00
4.029292555954340905e-05 9.440228766452881841e-07
4.088237700149384478e-05 1.599160667606217475e-06
4.148045161978584190e-05 0.000000000000000000e+00
4.208727556420020056e-05 8.461497814439526154e-07
4.270297682998246060e-05 3.483563543016523053e-06
4.332768528484041656e-05 8.793837790594160001e-07
4.396153269633657363e-05 0.000000000000000000e+00
4.460465275968148065e-05 2.614990610268261669e-06
4.525718112593374049e-05 1.885590167117664956e-06
4.591925543061214606e-05 9.509121331450611068e-07
4.659101532272679944e-05 4.022318605444118913e-06
4.727260249423485881e-05 1.715642395890209057e-06
4.796416070992705924e-05 0.000000000000000000e+00
4.866583583775139729e-05 1.530156915415287619e-06
4.937777587958068129e-05 1.733269812877400946e-06
5.010013100243003903e-05 3.232724377065740134e-06
5.083305357013104394e-05 4.359489434777397456e-06
5.157669817546942586e-05 2.448276548494421577e-06
5.233122167279269528e-05 1.806731251783512641e-06
5.309678321109477598e-05 1.760538246889507365e-06
5.387354426758486257e-05 3.211617747742640360e-06
5.466166868174736750e-05 4.064179089812722016e-06
5.546132268989970656e-05 4.129241146935863162e-06
5.627267496025611541e-05 5.057384745519666672e-06
5.709589662850433445e-05 2.725130085770784459e-06
5.793116133390256831e-05 1.721829684764304164e-06
5.877864525590445873e-05 9.514812964548343888e-07
5.963852715132014786e-05 0.000000000000000000e+00
6.051098839202098770e-05 8.171765422772360197e-07
6.139621300319531559e-05 6.218480793623511057e-06
6.229438770216440984e-05 2.655954106599347624e-06
6.320570193776625569e-05 8.648778130184017449e-07
6.413034793031522577e-05 7.485613549992315909e-06
6.506852071214624727e-05 2.614716587996811518e-06
6.602041816875254946e-05 2.505376952314013338e-06
6.698624108052483167e-05 5.941309358236608108e-06
6.796619316510112173e-05 3.257593763901420384e-06
6.896048112033645924e-05 2.464841840047643742e-06
6.996931466790075197e-05 3.075521606176553274e-06
7.099290659751453627e-05 3.421088883809430364e-06
7.203147281183210093e-05 2.503684718202078025e-06
7.308523237198127171e-05 1.647704086584895430e-06
7.415440754376880113e-05 4.172959773413617394e-06
7.523922384456230034e-05 7.979056395286826406e-06
7.633991009085798322e-05 3.301829956464633695e-06
7.745669844654403443e-05 1.603354457237943455e-06
7.858982447186987452e-05 1.838410362573285609e-06
7.973952717313235366e-05 3.839986893133341060e-06
8.090604905308844213e-05 5.473580831204477160e-06
8.208963616210531388e-05 8.044591395236201322e-06
8.329053815005926136e-05 7.402343492787257042e-06
8.450900831899321307e-05 5.361950741053470234e-06
8.574530367654471233e-05 7.929122183486237281e-06
8.699968499015579544e-05 4.244253918493002910e-06
8.827241684207600455e-05 1.858756178168904678e-06
8.956376768516928206e-05 7.268656320161257620e-06
9.087400989953808253e-05 7.641456030096235199e-06
9.220341984997565236e-05 6.336223549718235002e-06
9.355227794425856618e-05 5.273840793693242547e-06
9.492086869229200176e-05 1.117385982892901159e-05
9.630948076612052004e-05 1.056264347511615420e-05
9.771840706081696753e-05 6.611011530181599630e-06
9.914794475626126477e-05 9.857062584128670915e-06
1.005983953798237853e-04 5.761399221086606625e-06
1.020700648699655904e-04 1.167912862296851058e-05
1.035632636407687597e-04 6.019786657440542402e-06
1.050783066474109812e-04 4.387964643169009251e-06
1.066155134525979928e-04 3.320967480400154705e-06
1.081752082939678623e-04 1.090723752506267706e-05
1.097577201524810103e-04 1.217163309189520491e-05
1.113633828218114799e-04 5.387007401126325121e-06
1.129925349787524514e-04 1.006492925876309370e-05
1.146455202546524122e-04 1.784365845300895303e-05
1.163226873078960100e-04 8.724668564797397218e-06
1.180243898974451611e-04 1.523748765699957968e-05
1.197509869574565813e-04 8.614808428373741173e-06
1.215028426729902278e-04 6.646769167602193947e-06
1.232803265568256602e-04 1.342265457041810265e-05
1.250838135274020277e-04 1.773269052232574663e-05
1.269136839878983120e-04 1.352078635904524804e-05
1.287703239064704949e-04 1.613806322149552699e-05
1.306541248976624296e-04 1.642120040425323467e-05
1.325654843050077343e-04 1.339007946258492978e-05
1.345048052848400299e-04 6.935919297258796481e-06
1.364724968913292474e-04 8.634007713347071930e-06
1.384689741627621927e-04 1.111255856936070482e-05
1.404946582090848791e-04 1.320655077883452467e-05
1.425499763007259256e-04 1.781925469627725230e-05
1.446353619587192093e-04 2.262403322302270012e-05
1.467512550461446904e-04 1.510713942025328574e-05
1.488981018609075767e-04 2.066005597443254621e-05
1.510763552298740415e-04 1.617825407670038998e-05
1.532864746043846919e-04 2.258406130422460829e-05
1.555289261571648411e-04 1.936043433080488711e-05
1.578041828806525388e-04 1.874027297892465164e-05
1.601127246867655807e-04 1.644337748075892249e-05
1.624550385081275565e-04 1.675665481947053158e-05
1.648316184007743760e-04 2.107974794325470695e-05
1.672429656483644480e-04 2.713453658218215096e-05
1.696895888679122988e-04 1.662321966863517658e-05
1.721720041170694284e-04 1.763638855000688172e-05
1.746907350029746578e-04 2.740744635466778613e-05
1.772463127926964107e-04 3.435978174868225491e-05
1.798392765252914858e-04 2.353728035338019172e-05
1.824701731255023301e-04 2.484098266071573357e-05
1.851395575191181560e-04 2.636642684942308107e-05
1.878479927500234016e-04 2.326583391040675671e-05
1.905960500989583640e-04 2.794445539567964393e-05
1.933843092040179166e-04 2.623920536603299410e-05
1.962133581829122986e-04 2.922099190273458498e-05
1.990837937570166219e-04 2.700324519738881313e-05
2.019962213772354674e-04 2.583187718856865621e-05
2.049512553517080502e-04 4.010503309547504660e-05
2.079495189753827666e-04 3.699881289783886609e-05
2.109916446614860312e-04 3.207377919258790289e-05
2.140782740749153025e-04 2.994522051476717438e-05
2.172100582675831029e-04 4.399363084712209625e-05
2.203876578157409004e-04 4.420185516805306264e-05
2.236117429593125589e-04 4.567363433254898630e-05
2.268829937432654382e-04 3.196979852929033764e-05
2.302021001610499618e-04 4.782961730525030485e-05
2.335697623001375500e-04 4.373466787523525782e-05
2.369866904896872481e-04 4.677992740529968467e-05
2.404536054503736029e-04 4.290432140674818855e-05
2.439712384464053064e-04 3.810697897756469468e-05
2.475403314397682953e-04 3.701789399216750024e-05
2.511616372467252397e-04 5.355793667048721458e-05
2.548359196966041608e-04 4.946918790376848298e-05
2.585639537929108195e-04 5.314444963236816057e-05
2.623465258767969681e-04 5.801417017524010763e-05
2.661844337929207853e-04 4.952264436676960925e-05
2.700784870577335392e-04 4.684139220100287665e-05
2.740295070302274432e-04 6.632151478059257412e-05
2.780383270851830317e-04 5.920759455793293401e-05
2.821057927889492317e-04 5.217242232053339706e-05
2.862327620777956505e-04 6.830922792610748479e-05
2.904201054388746463e-04 6.182693057372371079e-05
2.946687060938298270e-04 6.901327141562983735e-05
2.989794601850906614e-04 6.431051499435664774e-05
3.033532769648932068e-04 7.671516516673448298e-05
3.077910789870644693e-04 6.605978066535043731e-05
3.122938023016148465e-04 7.240071436209931182e-05
3.168623966521748672e-04 6.970166760563096305e-05
3.214978256763214920e-04 7.298326059139082140e-05
3.262010671088352832e-04 9.044230025213526036e-05
3.309731129879294278e-04 8.172262188156248248e-05
3.358149698644983172e-04 8.873219935121572793e-05
3.407276590144247153e-04 1.001553739676647837e-04
3.457122166539945761e-04 1.031955540568088049e-04
3.507696941584621721e-04 9.540271580533723702e-05
3.559011582838125906e-04 1.039957248977111217e-04
3.611076913917697336e-04 1.001407103726897489e-04
3.663903916780945468e-04 8.631283605122364987e-05
3.717503734042235672e-04 1.156106134556728423e-04
3.771887671322965234e-04 1.050251420895386670e-04
3.827067199636210743e-04 1.117441645342471407e-04
3.883053957806278109e-04 1.166415205435495457e-04
3.939859754923634438e-04 1.214167463165578066e-04
3.997496572835757900e-04 1.154212293742626171e-04
4.055976568674428710e-04 1.210869504255922171e-04
4.115312077419982194e-04 1.322879249426191619e-04
4.175515614503096931e-04 1.387305361743824213e-04
4.236599878444621044e-04 1.450891718809688147e-04
4.298577753534026991e-04 1.486187323718328218e-04
4.361462312547055922e-04 1.500167839847140296e-04
4.425266819503099677e-04 1.532940578859957740e-04
4.490004732462949798e-04 1.724689190304237057e-04
4.555689706367449152e-04 1.708048663957595381e-04
4.622335595917678795e-04 1.830311474840129341e-04
4.689956458497289947e-04 1.951768693818124473e-04
4.758566557137573587e-04 1.624065301145475584e-04
4.828180363525911688e-04 1.750916899592960439e-04
4.898812561058241101e-04 1.735711384746897994e-04
4.970478047936164332e-04 1.898161248458445863e-04
5.043191940309384863e-04 1.884953531989429698e-04
5.116969575464099624e-04 1.876740899226323346e-04
5.191826515058036015e-04 2.133660999053632688e-04
5.267778548402823023e-04 2.272557895808647395e-04
5.344841695794364314e-04 2.293814780140946883e-04
5.423032211891959213e-04 2.055519469871296340e-04
5.502366589146830784e-04 2.475545788076616662e-04
5.582861561280821026e-04 2.196461859081227355e-04
5.664534106815980689e-04 2.412077213241469343e-04
5.747401452655780119e-04 2.578297578339900612e-04
5.831481077718731528e-04 2.686512564225643478e-04
5.916790716625150177e-04 2.707533957939432345e-04
6.003348363437854612e-04 2.918387594179185172e-04
6.091172275457593099e-04 2.911935863543636382e-04
6.180280977073986624e-04 2.813385129847727250e-04
6.270693263672821134e-04 3.046414609525556114e-04
6.362428205600491327e-04 3.197120021282064562e-04
6.455505152186439503e-04 2.863481972243212556e-04
6.549943735824441653e-04 3.159558482604294880e-04
6.645763876113594060e-04 3.647961900404145794e-04
6.742985784059895953e-04 3.314541435083461721e-04
6.841629966339280410e-04 3.779702533217141791e-04
6.941717229623012905e-04 3.612498367495323029e-04
7.043268684966375818e-04 4.008920495302277618e-04
7.146305752261537716e-04 3.655211474428750199e-04
7.250850164755591855e-04 4.090346694021212049e-04
7.356923973634661631e-04 4.182913262565103574e-04
7.464549552675084527e-04 4.511086897119902434e-04
7.573749602962638432e-04 4.529052998587537954e-04
7.684547157680783917e-04 4.477116305208751453e-04
7.796965586969000200e-04 4.579906978191649442e-04
7.911028602852150432e-04 4.573606806248938189e-04
8.026760264241967037e-04 4.689991861185432119e-04
8.144184982011735876e-04 5.486828438673008960e-04
8.263327524145182117e-04 5.323230668382180307e-04
8.384213020960696238e-04 5.742314676636179260e-04
8.506866970411987609e-04 5.722721819743417085e-04
8.631315243466263941e-04 5.767852312213724670e-04
8.757584089561128160e-04 6.408911832188290926e-04
8.885700142141259548e-04 5.743207233121939027e-04
9.015690424276124899e-04 5.941536880997970189e-04
9.147582354359855934e-04 6.803403230103684338e-04
9.281403751894502958e-04 6.696236277876715069e-04
9.417182843357926750e-04 6.561839793590564874e-04
9.554948268157498550e-04 7.082459458929656580e-04
9.694729084670909193e-04 7.358612953539102547e-04
9.836554776375358057e-04 7.548260202445031221e-04
9.980455258066377351e-04 8.305335358823866948e-04
1.012646088216768818e-03 7.585618459936301202e-04
1.027460244513331029e-03 7.625537370441926206e-04
1.042491119394335121e-03 8.262961775543474366e-04
1.057741883269483008e-03 9.100152113371293497e-04
1.073215752928889568e-03 9.005015413338834842e-04
1.088915992221590676e-03 8.860991366114492592e-04
1.104845912743975152e-03 9.259556523375464011e-04
1.121008874538287218e-03 9.702464655621001769e-04
1.137408286801349505e-03 9.999502631404056166e-04
1.154047608603650608e-03 9.717587327509002960e-04
1.170930349618958498e-03 1.067619488141021864e-03
1.188060070864600760e-03 1.124185576096919286e-03
1.205440385452578823e-03 1.128132122383799932e-03
1.223074959351669062e-03 1.097643023042413389e-03
1.240967512160670149e-03 1.137570256183519785e-03
1.259121817892969479e-03 1.217772996337741906e-03
1.277541705772578928e-03 1.182500880779028662e-03
1.296231061041821023e-03 1.373790187405798512e-03
1.315193825780830526e-03 1.381353077410876415e-03
1.334433999739039704e-03 1.394072509258877362e-03
1.353955641178836806e-03 1.432766074417794440e-03
1.373762867731557558e-03 1.428077468905444890e-03
1.393859857266002006e-03 1.502014519512858380e-03
1.414250848769661902e-03 1.506782301712632872e-03
1.434940143242830791e-03 1.608448541911208134e-03
1.455932104605802378e-03 1.683012618125072184e-03
1.477231160619335180e-03 1.717877308419143122e-03
1.498841803818583198e-03 1.760348507678424160e-03
1.520768592460694252e-03 1.826388572189864687e-03
1.543016151486264424e-03 1.758546481004692828e-03
1.565589173494862183e-03 1.876839010472219601e-03
1.588492419734820627e-03 1.912647754674544820e-03
1.611730721107509446e-03 2.090112393370610264e-03
1.635308979186304770e-03 2.107136756664022142e-03
1.659232167250456391e-03 2.168627370935831324e-03
1.683505331334086540e-03 2.254572345009093169e-03
1.708133591290531429e-03 2.224651413009686579e-03
1.733122141872251928e-03 2.376314386703205946e-03
1.758476253826548024e-03 2.477741282681958455e-03
1.784201275007297766e-03 2.424283924221219688e-03
1.810302631502959912e-03 2.549625675498589164e-03
1.836785828781082024e-03 2.590548512233567004e-03
1.863656452849546050e-03 2.745553017899045930e-03
1.890920171434809418e-03 2.753958860661061877e-03
1.918582735177376281e-03 2.896542722256318335e-03
1.946649978844760404e-03 2.933485399326188434e-03
1.975127822562192971e-03 3.095114656375601812e-03
2.004022273061330760e-03 3.114565992528925929e-03
2.033339424947239182e-03 3.156929801931404253e-03
2.063085461983904783e-03 3.222165439189036626e-03
2.093266658398552568e-03 3.392868221574621337e-03
2.123889380205049200e-03 3.454841996650485393e-03
2.154960086546662233e-03 3.592454263538062600e-03
2.186485331058465528e-03 3.708873930509276520e-03
2.218471763249677507e-03 3.796985071669464317e-03
2.250926129906210237e-03 3.967286065343902587e-03
2.283855276513755035e-03 4.118100490483773794e-03
2.317266148701670452e-03 4.118424631040301480e-03
2.351165793708002646e-03 4.211248290169196731e-03
2.385561361865933504e-03 4.391853242464221693e-03
2.420460108111972646e-03 4.597554994603964516e-03
2.455869393516222493e-03 4.691750041081564973e-03
2.491796686835016060e-03 4.877674537191077457e-03
2.528249566086279189e-03 4.897822446565983437e-03
2.565235720147935120e-03 5.098243253593160926e-03
2.602762950379688793e-03 5.324409338042628177e-03
2.640839172268547377e-03 5.268057708442797950e-03
2.679472417098398805e-03 5.464173179182713058e-03
2.718670833644028229e-03 5.657127629538252767e-03
2.758442689889907193e-03 5.941624987044366764e-03
2.798796374774128060e-03 6.003642052950166827e-03
2.839740399957860553e-03 6.204336124752519478e-03
2.881283401620680397e-03 6.417102408707088188e-03
2.923434142282172084e-03 6.571868156155115555e-03
2.966201512650174822e-03 6.602953046340016841e-03
3.009594533496064584e-03 7.101612553009454404e-03
3.053622357557481213e-03 7.088604923480440641e-03
3.098294271468879195e-03 7.478941481814372488e-03
3.143619697720323632e-03 7.696585956010837913e-03
3.189608196644948181e-03 7.848695357233571868e-03
3.236269468435472654e-03 8.031894081407104508e-03
3.283613355190242132e-03 8.320183654571274012e-03
3.331649842989180092e-03 8.504982857645877400e-03
3.380389064000117842e-03 8.861587707758805318e-03
3.429841298615938713e-03 9.128418839184249123e-03
3.480016977622979804e-03 9.361801474333358505e-03
3.530926684401169621e-03 9.585732929374800662e-03
3.582581157156337903e-03 9.979892075680476399e-03
3.634991291185188551e-03 1.010734364750208621e-02
3.688168141173409249e-03 1.051511793478755036e-02
3.742122923527388314e-03 1.085783581844874598e-02
3.796867018740064399e-03 1.104426772527208021e-02
3.852411973791368318e-03 1.127446671931934229e-02
3.908769504583781314e-03 1.207135830424097347e-02
3.965951498413539285e-03 1.205732038758619215e-02
4.023970016477973477e-03 1.259685087698944779e-02
4.082837296419535369e-03 1.285064248925416562e-02
4.142565754907045691e-03 1.342464137229665289e-02
4.203167990254684516e-03 1.346320589013388046e-02
4.264656785079329153e-03 1.396226085386726747e-02
4.327045108996732496e-03 1.433283309812759948e-02
4.390346121357163733e-03 1.485587775667596491e-02
4.454573174021066520e-03 1.531338455924983327e-02
4.519739814175307083e-03 1.556078219292337216e-02
4.585859787190652362e-03 1.633453169179586995e-02
4.652947039521022898e-03 1.640337883092769788e-02
4.721015721645172719e-03 1.711016238307635356e-02
4.790080191051398172e-03 1.774529722567465967e-02
4.860155015265908013e-03 1.809540720593440580e-02
4.931254974925513949e-03 1.870758783006340117e-02
5.003395066895245311e-03 1.917593823640677958e-02
5.076590507431592153e-03 1.966172530452029929e-02
5.150856735392015176e-03 2.035461327559547756e-02
5.226209415491405927e-03 2.080279518264659816e-02
5.302664441606197258e-03 2.140397925049967662e-02
5.380237940126798846e-03 2.211223992041933331e-02
5.458946273359080274e-03 2.289813713757817351e-02
5.538806042975618141e-03 2.356996768644792697e-02
5.619834093517418402e-03 2.415741670590395088e-02
5.702047515946887662e-03 2.485841228210575529e-02
5.785463651252769832e-03 2.517533170542908885e-02
5.870100094107807975e-03 2.623540013321785935e-02
5.955974696579945799e-03 2.721053762548236027e-02
6.043105571897777403e-03 2.775342550138637857e-02
6.131511098271129161e-03 2.884627358188462595e-02
6.221209922767501413e-03 2.956011168308609813e-02
6.312220965245229562e-03 3.033222168720299192e-02
6.404563422344185068e-03 3.105799216966757120e-02
6.498256771534847293e-03 3.224640153572205792e-02
6.593320775226632624e-03 3.312632808452672939e-02
6.689775484936302287e-03 3.400635794537444634e-02
6.787641245517349146e-03 3.480964862335045318e-02
6.886938699451285520e-03 3.606959543655213762e-02
6.987688791201676804e-03 3.688165684097208935e-02
7.089912771631883687e-03 3.807210649759064369e-02
7.193632202487441896e-03 3.919204729173449142e-02
7.298868960943985865e-03 4.052832885711516592e-02
7.405645244221747622e-03 4.130105134095295866e-02
7.513983574267524279e-03 4.251981886811967426e-02
7.623906802505158418e-03 4.370445807712283054e-02
7.735438114655511510e-03 4.495495029673034215e-02
7.848601035626932149e-03 4.662184078993168723e-02
7.963419434477297248e-03 4.809417727788455749e-02
8.079917529448633201e-03 4.931331283068390858e-02
8.198119893075363901e-03 5.030993209343361666e-02
8.318051457367329690e-03 5.189475704149409258e-02
8.439737519068589433e-03 5.346697601972338204e-02
8.563203744993197475e-03 5.470705910826123564e-02
8.688476177438994585e-03 5.715313504930799593e-02
8.815581239680625458e-03 5.798962642753409391e-02
8.944545741542919010e-03 5.981912230925658797e-02
9.075396885055757312e-03 6.158762710602610352e-02
9.208162270191742882e-03 6.269258056850365857e-02
9.342869900687746781e-03 6.494519441106823276e-02
9.479548189951631648e-03 6.657410358094936753e-02
9.618225967055414258e-03 6.904920181257927225e-02
9.758932482816042031e-03 7.049609999458682219e-02
9.901697415965211163e-03 7.285290855582009228e-02
1.004655087940936609e-02 7.441804160078456520e-02
1.019352342658132529e-02 7.711069969675270197e-02
1.034264605788479466e-02 7.892726058524762722e-02
1.049395022723317167e-02 8.117478364366682853e-02
1.064746784868404739e-02 8.312737686444889029e-02
1.080323130317069162e-02 8.567586636416391066e-02
1.096127344533204089e-02 8.833024214684044584e-02
1.112162761044262552e-02 9.024336525099288520e-02
1.128432762144389832e-02 9.329597145562176785e-02
1.144940779607831957e-02 9.536488614666532859e-02
1.161690295412791743e-02 9.858026281346649045e-02
1.178684842475873247e-02 1.007190785768111579e-01
1.195928005397260338e-02 1.041131501324073644e-01
1.213423421216807546e-02 1.071306411047820567e-01
1.231174780181190642e-02 1.090900646114417727e-01
1.249185826522275326e-02 1.123693563650276089e-01
1.267460359246871601e-02 1.158868110768619952e-01
1.286002232938048169e-02 1.189478337612076275e-01
1.304815358568169395e-02 1.223189702157049669e-01
1.323903704323815475e-02 1.255549310669319962e-01
1.343271296442782523e-02 1.289008577449761717e-01
1.362922220063325987e-02 1.322818281201138535e-01
1.382860620085816714e-02 1.351591690878485852e-01
1.403090702047014339e-02 1.392052372402789728e-01
1.423616733007130805e-02 1.433662124125524018e-01
1.444443042449857981e-02 1.472704694288224647e-01
1.465574023195573977e-02 1.506496707031440285e-01
1.487014132327909091e-02 1.547525705325042966e-01
1.508767892133859936e-02 1.592266025724948242e-01
1.530839891057655597e-02 1.635052628116380746e-01
1.553234784668586221e-02 1.671480602411699601e-01
1.575957296642989391e-02 1.718596927840669586e-01
1.599012219760591325e-02 1.766542884287462256e-01
1.622404416915432246e-02 1.813173688448845300e-01
1.646138822141588604e-02 1.864648161785036062e-01
1.670220441653878785e-02 1.901896559801511954e-01
1.694654354903812193e-02 1.954111965219107738e-01
1.719445715650983614e-02 2.002690894461457705e-01
1.744599753050134552e-02 2.048954711749715885e-01
1.770121772754117140e-02 2.106637993826209199e-01
1.796017158032999633e-02 2.160215873436978073e-01
1.822291370909545627e-02 2.207203695518582531e-01
1.848949953311290750e-02 2.266556324942325951e-01
1.875998528239484348e-02 2.330877708462579523e-01
1.903442800955138653e-02 2.384343580071727475e-01
1.931288560182404385e-02 2.444525424076722520e-01
1.959541679329573904e-02 2.507645450545616383e-01
1.988208117727942315e-02 2.559297106366555385e-01
2.017293921888785313e-02 2.633281355359505804e-01
2.046805226778721648e-02 2.693685801433728932e-01
2.076748257113746748e-02 2.760267209531249155e-01
2.107129328672195656e-02 2.828398787643953693e-01
2.137954849626895817e-02 2.883583199856060153e-01
2.169231321896825798e-02 2.953914014120649911e-01
2.200965342518549500e-02 3.017205993412371834e-01
2.233163605037693372e-02 3.090028832574412965e-01
2.265832900920797255e-02 3.169621843520838977e-01
2.298980120987820924e-02 3.235169847534176135e-01
2.332612256865596728e-02 3.311310598600121224e-01
2.366736402462540564e-02 3.379726877740444335e-01
2.401359755464953921e-02 3.469628172456349913e-01
2.436489618855210842e-02 3.529250766292131303e-01
2.472133402452138251e-02 3.609851562742065201e-01
2.508298624473948024e-02 3.677887786080357713e-01
2.544992913124037581e-02 3.760302639370581845e-01
2.582224008199964643e-02 3.846189469246227843e-01
2.619999762725981618e-02 3.927830870381848749e-01
2.658328144609457128e-02 4.008913091255235650e-01
2.697217238321500399e-02 4.081782469326927232e-01
2.736675246602199296e-02 4.166664209118964290e-01
2.776710492190802293e-02 4.245605803792400490e-01
2.817331419581196525e-02 4.326961325067356645e-01
2.858546596803071549e-02 4.417586291177212909e-01
2.900364717229148709e-02 4.494289343217950927e-01
2.942794601408853586e-02 4.577623069939723566e-01
2.985845198928783334e-02 4.663102070647779929e-01
3.029525590300423746e-02 4.751238133692540777e-01
3.073844988875476525e-02 4.828848093998617252e-01
3.118812742789181178e-02 4.928211150784874151e-01
3.164438336932094697e-02 5.017517109972895462e-01
3.210731394950710332e-02 5.072120286018306778e-01
3.257701681277337669e-02 5.165066690026287599e-01
3.305359103189667302e-02 5.246736544360354193e-01
3.353713712900491944e-02 5.332738227661718566e-01
3.402775709677986760e-02 5.408048018030796600e-01
3.452555441996989216e-02 5.486301685384125104e-01
3.503063409721780125e-02 5.576571359246426107e-01
3.554310266320785672e-02 5.648165968018233896e-01
3.606306821113659800e-02 5.738775263106284941e-01
3.659064041551268742e-02 5.804448168389250151e-01
3.712593055529017638e-02 5.873652705069073443e-01
3.766905153734019518e-02 5.955556549739808858e-01
3.822011792026586141e-02 6.012633295076683648e-01
3.877924593856579838e-02 6.091713638968373479e-01
3.934655352715126647e-02 6.163486123286685547e-01
3.992216034622142473e-02 6.221031191691399620e-01
4.050618780650300232e-02 6.268422384080931664e-01
4.109875909485918161e-02 6.322354540151685631e-01
4.169999920027268880e-02 6.409726350573625719e-01
4.231003494020939976e-02 6.443771377128345579e-01
4.292899498736767183e-02 6.503785431132086403e-01
4.355700989681852986e-02 6.536384755498050314e-01
4.419421213354333272e-02 6.582360872796920725e-01
4.484073610037424273e-02 6.634567626608838253e-01
4.549671816634325017e-02 6.661368795081821226e-01
4.616229669544590075e-02 6.700750994728824628e-01
4.683761207582605446e-02 6.707492585595073997e-01
4.752280674938759442e-02 6.754671532152198843e-01
4.821802524183890076e-02 6.762655823833780833e-01
4.892341419317729201e-02 6.789395229923856911e-01
4.963912238861947074e-02 6.794115130754441179e-01
5.036530078998391335e-02 6.800505840147363923e-01
5.110210256753291991e-02 6.802138121892497002e-01
5.184968313228033310e-02 6.806835840054528131e-01
5.260820016877179595e-02 6.785541053152553959e-01
5.337781366834442459e-02 6.766427285127876168e-01
5.415868596287337633e-02 6.763115533882325670e-01
5.495098175901209220e-02 6.731844124392586393e-01
5.575486817293295871e-02 6.692862723341603814e-01
5.657051476557670155e-02 6.656001214110428554e-01
5.739809357841744314e-02 6.633065443436962916e-01
5.823777916975050178e-02 6.566763444853714882e-01
5.908974865151148115e-02 6.519237495221219536e-01
5.995418172663402601e-02 6.457395237677442390e-01
6.083126072695378000e-02 6.400067582256839804e-01
6.172117065166692756e-02 6.340371204880272948e-01
6.262409920635149396e-02 6.262979402697040898e-01
6.354023684255963311e-02 6.170802885539783400e-01
6.446977679798857053e-02 6.096535624447694257e-01
6.541291513723962447e-02 6.004407912144663628e-01
6.636985079317377079e-02 5.918734810259995704e-01
6.734078560887135634e-02 5.821183312665662024e-01
6.832592438020634873e-02 5.713509812916967023e-01
6.932547489904344884e-02 5.605167852807129147e-01
7.033964799706662885e-02 5.504067412341053789e-01
7.136865759024910161e-02 5.374282695327325943e-01
7.241272072397386683e-02 5.259001579228876899e-01
7.347205761881472896e-02 5.146978493334453120e-01
7.454689171698605787e-02 5.018055580071044686e-01
7.563744972947292200e-02 4.884083538382535949e-01
7.674396168385075323e-02 4.762947720895044368e-01
7.786666097280373067e-02 4.636004673083439775e-01
7.900578440335370711e-02 4.505667557994079697e-01
8.016157224680930948e-02 4.370313249180274862e-01
8.133426828944512188e-02 4.217009802440777610e-01
8.252411988392280295e-02 4.088426998311227023e-01
8.373137800146458753e-02 3.958629352071874052e-01
8.495629728478951148e-02 3.822260413079595076e-01
8.619913610182416974e-02 3.694887199204600070e-01
8.746015660019958171e-02 3.551939875631471288e-01
8.873962476254521059e-02 3.412314888289492143e-01
9.003781046259135001e-02 3.273742308274577573e-01
9.135498752209281204e-02 3.143502680809817096e-01
9.269143376858551830e-02 3.011981471733297666e-01
9.404743109398709666e-02 2.876618354462876503e-01
9.542326551405566626e-02 2.766985854082825713e-01
9.681922722871832976e-02 2.634460144022487404e-01
9.823561068328180712e-02 2.495991631525050491e-01
9.967271463053854752e-02 2.390809317888644980e-01
1.011308421937818502e-01 2.262638054352411332e-01
1.026103009307428732e-01 2.148706280363578691e-01
1.041114028984620882e-01 2.042203031654394318e-01
1.056344647191106989e-01 1.928577611153406979e-01
1.071798076467749272e-01 1.825520548126566278e-01
1.087477576352164632e-01 1.724609134522742671e-01
1.103386454066249411e-01 1.621248713609165504e-01
1.119528065213763607e-01 1.527353607603596231e-01
1.135905814488113175e-01 1.444003409827834539e-01
1.152523156390488634e-01 1.351430323705264669e-01
1.169383595958513322e-01 1.268676469189193579e-01
1.186490689505550755e-01 1.183812616558407305e-01
1.203848045370820297e-01 1.106196119236246694e-01
1.221459324680493619e-01 1.029861527169660118e-01
1.239328242119927120e-01 9.604360317920755674e-02
1.257458566717180592e-01 8.953028436660151468e-02
1.275854122638007682e-01 8.347026942993950038e-02
1.294518789992479824e-01 7.735647583516691572e-02
1.313456505653393669e-01 7.186539428328360402e-02
1.332671264086667806e-01 6.695954049871809255e-02
1.352167118193882689e-01 6.178982071816992161e-02
1.371948180167144593e-01 5.716803726474156688e-02
1.392018622356449853e-01 5.293271526900438645e-02
1.412382678149749493e-01 4.893861644792205784e-02
1.433044642865885510e-01 4.528342621826773884e-02
1.454008874660580042e-01 4.173652973536249450e-02
1.475279795445689213e-01 3.807365677405153553e-02
1.496861891821906210e-01 3.518338673455698867e-02
1.518759716025095408e-01 3.232852267619233666e-02
1.540977886886484571e-01 2.950871333267797783e-02
1.563521090806899994e-01 2.693283089506941924e-02
1.586394082745251621e-01 2.463070807558112585e-02
1.609601687221475785e-01 2.257221140748694524e-02
1.633148799334157020e-01 2.056369079819592854e-02
1.657040385793039361e-01 1.889766990241548844e-02
1.681281485966627243e-01 1.703754052990297599e-02
1.705877212945126620e-01 1.569714939504031001e-02
1.730832754618936153e-01 1.409154494290473791e-02
1.756153374772900788e-01 1.303493300865347926e-02
1.781844414196588344e-01 1.177080628576487008e-02
1.807911291810806731e-01 1.062354278539587304e-02
1.834359505810595203e-01 9.741434300483638176e-03
1.861194634824935024e-01 8.818953235122247228e-03
1.888422339093434044e-01 7.974967512429913946e-03
1.916048361660226684e-01 7.106189931365730801e-03
1.944078529585322457e-01 6.453017391154113568e-03
1.972518755173693905e-01 5.740649478385072453e-03
2.001375037222342945e-01 5.325962578931108839e-03
2.030653462285595678e-01 4.814246278760441269e-03
2.060360205958922664e-01 4.380947575665741257e-03
2.090501534181542498e-01 3.876462896948980157e-03
2.121083804558061281e-01 3.478583779208332775e-03
2.152113467699467153e-01 3.099017892636969466e-03
2.183597068583738310e-01 2.826851673314438509e-03
2.215541247936348435e-01 2.562065621391726791e-03
2.247952743630967642e-01 2.259298249466214908e-03
2.280838392110661195e-01 2.013220888931994881e-03
2.314205129829886298e-01 1.781850581943570560e-03
2.348059994717557053e-01 1.637040945240312868e-03
2.382410127661539478e-01 1.467162515108167212e-03
2.417262774014859450e-01 1.311211263914233410e-03
2.452625285123926357e-01 1.142596625698456001e-03
2.488505119879133587e-01 1.002313881830944973e-03
2.524909846288141413e-01 8.976347092895148360e-04
2.561847143072163990e-01 7.873444867779057872e-04
2.599324801285612385e-01 6.957492388552251588e-04
2.637350725959437536e-01 6.092598782714794305e-04
2.675932937768518149e-01 5.359457569911752753e-04
2.715079574723419098e-01 5.032653970674463330e-04
2.754798893886922229e-01 4.427233056969927401e-04
2.795099273115665417e-01 3.762735325612199980e-04
2.835989212827238481e-01 3.265944652647795950e-04
2.877477337793156176e-01 2.939887971128667251e-04
2.919572398958056869e-01 2.557415514252789498e-04
2.962283275285499951e-01 2.243404721344293003e-04
3.005618975630770517e-01 1.835949048720595018e-04
3.049588640641094361e-01 1.531922116324425476e-04
3.094201544683645166e-01 1.369373199124184219e-04
3.139467097801742490e-01 1.291292023367824097e-04
3.185394847699682952e-01 1.048094791603986745e-04
3.231994481756618187e-01 8.286723598286658025e-05
3.279275829069857595e-01 7.162533019387263015e-05
3.327248862528096596e-01 6.211159450575667819e-05
3.375923700914967296e-01 5.461369416219797197e-05
3.425310611043355102e-01 4.541519802095959955e-05
3.475420009920930919e-01 3.972215144940046885e-05
3.526262466947382990e-01 3.654502968843580866e-05
3.577848706143795243e-01 2.846371211434828175e-05
3.630189608414602365e-01 2.631770145039534289e-05
3.683296213842673361e-01 1.750255512159503649e-05
3.737179724017970495e-01 1.606225686301630988e-05
3.791851504400235440e-01 1.150702670620970948e-05
3.847323086716280538e-01 1.195513422238803760e-05
3.903606171392344226e-01 8.765481421324891793e-06
3.960712630021998581e-01 8.824471333838765109e-06
4.018654507870196846e-01 6.519862094624220894e-06
4.077444026413942213e-01 7.694361649027080152e-06
4.137093585920117444e-01 6.707282471691469180e-06
4.197615768061020436e-01 4.350283716995430044e-06
4.259023338568176942e-01 3.468500657199143445e-06
4.321329249924989457e-01 4.131084620642598833e-06
4.384546644098730739e-01 4.956287374885143954e-06
4.448688855312545876e-01 2.772682679611709936e-06
4.513769412858005814e-01 4.175203689952079855e-06
4.579802043948769108e-01 2.549751581421252503e-06
4.646800676616025250e-01 2.098693869629767739e-06
4.714779442646297447e-01 2.120547424733515225e-06
4.783752680562199933e-01 2.114510096584816565e-06
4.853734938646802610e-01 1.303887364878345245e-06
4.924740978012259740e-01 1.257648905493676729e-06
4.996785775713332711e-01 1.070042084706797862e-06
5.069884527906421967e-01 7.236805223819494104e-07
5.144052653054848045e-01 5.425528184193301748e-07
5.219305795181032881e-01 4.468612362198654036e-07
5.295659827166210309e-01 0.000000000000000000e+00
5.373130854098444598e-01 8.560354867583822852e-07
5.451735216669637563e-01 6.359348913882342276e-07
5.531489494622203740e-01 4.697569336525090623e-07
5.612410510246160777e-01 3.324243248918005146e-07
5.694515331927409996e-01 0.000000000000000000e+00
5.777821277747927642e-01 0.000000000000000000e+00
5.862345919138574057e-01 1.846372555738578464e-07
5.948107084585388948e-01 0.000000000000000000e+00
6.035122863390113279e-01 0.000000000000000000e+00
6.123411609485660545e-01 0.000000000000000000e+00
6.212991945307471120e-01 0.000000000000000000e+00
6.303882765721491310e-01 0.000000000000000000e+00
6.396103242009565371e-01 0.000000000000000000e+00
6.489672825913188614e-01 0.000000000000000000e+00
6.584611253736400993e-01 0.000000000000000000e+00
6.680938550508692675e-01 0.000000000000000000e+00
6.778675034208790917e-01 0.000000000000000000e+00
6.877841320050279705e-01 0.000000000000000000e+00
6.978458324829910353e-01 0.000000000000000000e+00
7.080547271339473481e-01 0.000000000000000000e+00
7.184129692842258219e-01 0.000000000000000000e+00
7.289227437615020122e-01 0.000000000000000000e+00
7.395862673556312661e-01 0.000000000000000000e+00
7.504057892862305845e-01 0.000000000000000000e+00
7.613835916771003465e-01 0.000000000000000000e+00
7.725219900375829285e-01 0.000000000000000000e+00
7.838233337509639131e-01 0.000000000000000000e+00
7.952900065700201360e-01 0.000000000000000000e+00
8.069244271198189322e-01 0.000000000000000000e+00
8.187290494078659497e-01 0.000000000000000000e+00
8.307063633417219872e-01 0.000000000000000000e+00
8.428588952541931079e-01 0.000000000000000000e+00
8.551892084361969459e-01 0.000000000000000000e+00
8.676999036774298846e-01 0.000000000000000000e+00
8.803936198149451275e-01 0.000000000000000000e+00
8.932730342897515774e-01 0.000000000000000000e+00
9.063408637115548672e-01 0.000000000000000000e+00
9.195998644317645576e-01 0.000000000000000000e+00
9.330528331248839624e-01 0.000000000000000000e+00
9.467026073783977314e-01 0.000000000000000000e+00
9.605520662912966356e-01 0.000000000000000000e+00
9.746041310813593483e-01 0.000000000000000000e+00
9.888617657013079043e-01 0.000000000000000000e+00
1.003327977463987608e+00 0.000000000000000000e+00
1.018005817676691738e+00 0.000000000000000000e+00
1.032898382284756833e+00 0.000000000000000000e+00
1.048008812524582556e+00 0.000000000000000000e+00
1.063340295586204576e+00 0.000000000000000000e+00
1.078896065285554151e+00 0.000000000000000000e+00
1.094679402746554064e+00 0.000000000000000000e+00
1.110693637093196573e+00 0.000000000000000000e+00
1.126942146151747481e+00 0.000000000000000000e+00
1.143428357163212006e+00 0.000000000000000000e+00
1.160155747506234292e+00 0.000000000000000000e+00
1.177127845430572251e+00 0.000000000000000000e+00
1.194348230801292043e+00 0.000000000000000000e+00
1.211820535853858960e+00 0.000000000000000000e+00
1.229548445960276570e+00 0.000000000000000000e+00
1.247535700406424475e+00 0.000000000000000000e+00
1.265786093180771843e+00 0.000000000000000000e+00
1.284303473774632387e+00 0.000000000000000000e+00
1.303091747994127747e+00 0.000000000000000000e+00
1.322154878784016940e+00 0.000000000000000000e+00
1.341496887063592158e+00 0.000000000000000000e+00
1.361121852574798563e+00 0.000000000000000000e+00
1.381033914742754831e+00 0.000000000000000000e+00
1.401237273548869178e+00 0.000000000000000000e+00
1.421736190416730938e+00 0.000000000000000000e+00
1.442534989110953791e+00 0.000000000000000000e+00
1.463638056649171126e+00 0.000000000000000000e+00
1.485049844227375182e+00 0.000000000000000000e+00
1.506774868158797354e+00 0.000000000000000000e+00
1.528817710826510190e+00 0.000000000000000000e+00
1.551183021649976457e+00 0.000000000000000000e+00
1.573875518065741108e+00 0.000000000000000000e+00
1.596899986522452686e+00 0.000000000000000000e+00
1.620261283490457949e+00 0.000000000000000000e+00
1.643964336486162914e+00 0.000000000000000000e+00
1.668014145111373026e+00 0.000000000000000000e+00
1.692415782107839384e+00 0.000000000000000000e+00
1.717174394427236628e+00 0.000000000000000000e+00
1.742295204316796964e+00 0.000000000000000000e+00
1.767783510420810167e+00 0.000000000000000000e+00
1.793644688898253126e+00 0.000000000000000000e+00
1.819884194556769419e+00 0.000000000000000000e+00
1.846507562003222080e+00 0.000000000000000000e+00
1.873520406811094663e+00 0.000000000000000000e+00
1.900928426704969088e+00 0.000000000000000000e+00
1.928737402762316089e+00 0.000000000000000000e+00
1.956953200632883583e+00 0.000000000000000000e+00
1.985581771775920767e+00 0.000000000000000000e+00
