1.007314577357746395e-06 0.000000000000000000e+00
1.022050738157085172e-06 0.000000000000000000e+00
1.037002476532669867e-06 0.000000000000000000e+00
1.052172946202215323e-06 0.000000000000000000e+00
1.067565347019664431e-06 0.000000000000000000e+00
1.083182925650115004e-06 0.000000000000000000e+00
1.099028976254630445e-06 0.000000000000000000e+00
1.115106841185069142e-06 0.000000000000000000e+00
1.131419911689071041e-06 0.000000000000000000e+00
1.147971628625360671e-06 0.000000000000000000e+00
1.164765483189517368e-06 0.000000000000000000e+00
1.181805017650363486e-06 0.000000000000000000e+00
1.199093826097117550e-06 0.000000000000000000e+00
1.216635555197484504e-06 0.000000000000000000e+00
1.234433904966839137e-06 0.000000000000000000e+00
1.252492629548650261e-06 0.000000000000000000e+00
1.270815538006331790e-06 0.000000000000000000e+00
1.289406495126678695e-06 0.000000000000000000e+00
1.308269422235049389e-06 0.000000000000000000e+00
1.327408298022475615e-06 0.000000000000000000e+00
1.346827159384875163e-06 0.000000000000000000e+00
1.366530102274545501e-06 0.000000000000000000e+00
1.386521282564099480e-06 0.000000000000000000e+00
1.406804916923053165e-06 0.000000000000000000e+00
1.427385283707237743e-06 0.000000000000000000e+00
1.448266723861210011e-06 0.000000000000000000e+00
1.469453641833875500e-06 0.000000000000000000e+00
1.490950506507507443e-06 0.000000000000000000e+00
1.512761852140349597e-06 0.000000000000000000e+00
1.534892279323007713e-06 0.000000000000000000e+00
1.557346455948839277e-06 0.000000000000000000e+00
1.580129118198540584e-06 0.000000000000000000e+00
1.603245071539124057e-06 0.000000000000000000e+00
1.626699191737521068e-06 0.000000000000000000e+00
1.650496425889018006e-06 0.000000000000000000e+00
1.674641793460717854e-06 0.000000000000000000e+00
1.699140387350285004e-06 0.000000000000000000e+00
1.723997374960176362e-06 0.000000000000000000e+00
1.749217999287573916e-06 0.000000000000000000e+00
1.774807580030276668e-06 8.369380268607752775e-07
1.800771514708768779e-06 0.000000000000000000e+00
1.827115279804697280e-06 0.000000000000000000e+00
1.853844431916002885e-06 0.000000000000000000e+00
1.880964608928956931e-06 0.000000000000000000e+00
1.908481531207346938e-06 0.000000000000000000e+00
1.936401002799041579e-06 0.000000000000000000e+00
1.964728912660223922e-06 0.000000000000000000e+00
1.993471235897532631e-06 0.000000000000000000e+00
2.022634035028363983e-06 0.000000000000000000e+00
2.052223461259617184e-06 0.000000000000000000e+00
2.082245755785148092e-06 0.000000000000000000e+00
2.112707251102209193e-06 0.000000000000000000e+00
2.143614372347129500e-06 0.000000000000000000e+00
2.174973638650549482e-06 0.000000000000000000e+00
2.206791664512488845e-06 0.000000000000000000e+00
2.239075161197503816e-06 0.000000000000000000e+00
2.271830938150279099e-06 0.000000000000000000e+00
2.305065904431925127e-06 0.000000000000000000e+00
2.338787070177269020e-06 0.000000000000000000e+00
2.373001548073486551e-06 0.000000000000000000e+00
2.407716554860357156e-06 0.000000000000000000e+00
2.442939412852465149e-06 0.000000000000000000e+00
2.478677551483661393e-06 0.000000000000000000e+00
2.514938508874134382e-06 0.000000000000000000e+00
2.551729933420407560e-06 0.000000000000000000e+00
2.589059585408571160e-06 0.000000000000000000e+00
2.626935338651142886e-06 0.000000000000000000e+00
2.665365182147868279e-06 0.000000000000000000e+00
2.704357221770799593e-06 0.000000000000000000e+00
2.743919681974044932e-06 0.000000000000000000e+00
2.784060907528531530e-06 0.000000000000000000e+00
2.824789365282124550e-06 0.000000000000000000e+00
2.866113645945515583e-06 0.000000000000000000e+00
2.908042465904237457e-06 0.000000000000000000e+00
2.950584669057176779e-06 0.000000000000000000e+00
2.993749228681978078e-06 0.000000000000000000e+00
3.037545249327753744e-06 0.000000000000000000e+00
3.081981968735482214e-06 0.000000000000000000e+00
3.127068759786475975e-06 0.000000000000000000e+00
3.172815132479376366e-06 0.000000000000000000e+00
3.219230735936073713e-06 0.000000000000000000e+00
3.266325360436955554e-06 0.000000000000000000e+00
3.314108939485928916e-06 0.000000000000000000e+00
3.362591551905666001e-06 0.000000000000000000e+00
3.411783423963506540e-06 0.000000000000000000e+00
3.461694931528425492e-06 0.000000000000000000e+00
3.512336602259591695e-06 0.000000000000000000e+00
3.563719117826939279e-06 0.000000000000000000e+00
3.615853316164192712e-06 0.000000000000000000e+00
3.668750193754886335e-06 0.000000000000000000e+00
3.722420907951824327e-06 0.000000000000000000e+00
3.776876779330440196e-06 0.000000000000000000e+00
3.832129294076616543e-06 0.000000000000000000e+00
3.888190106409436032e-06 0.000000000000000000e+00
3.945071041039351476e-06 0.000000000000000000e+00
4.002784095662330252e-06 0.000000000000000000e+00
4.061341443490488050e-06 0.000000000000000000e+00
4.120755435819757446e-06 0.000000000000000000e+00
4.181038604635077492e-06 0.000000000000000000e+00
4.242203665253731971e-06 0.000000000000000000e+00
4.304263519007363188e-06 0.000000000000000000e+00
4.367231255963177964e-06 0.000000000000000000e+00
4.431120157684998909e-06 0.000000000000000000e+00
4.495943700034715789e-06 0.000000000000000000e+00
4.561715556014673132e-06 0.000000000000000000e+00
4.628449598651681045e-06 0.000000000000000000e+00
4.696159903923217583e-06 0.000000000000000000e+00
4.764860753726407982e-06 8.117638476147406628e-07
4.834566638890456673e-06 0.000000000000000000e+00
4.905292262233144501e-06 0.000000000000000000e+00
4.977052541662067912e-06 0.000000000000000000e+00
5.049862613321183391e-06 0.000000000000000000e+00
5.123737834783442357e-06 0.000000000000000000e+00
5.198693788290112811e-06 0.000000000000000000e+00
5.274746284037485708e-06 0.000000000000000000e+00
5.351911363511645367e-06 0.000000000000000000e+00
5.430205302872061158e-06 0.000000000000000000e+00
5.509644616384671335e-06 0.000000000000000000e+00
5.590246059905150172e-06 9.150610071275220174e-07
5.672026634413175810e-06 0.000000000000000000e+00
5.755003589598407766e-06 0.000000000000000000e+00
5.839194427498865285e-06 0.000000000000000000e+00
5.924616906192589155e-06 0.000000000000000000e+00
6.011289043543310338e-06 0.000000000000000000e+00
6.099229121000858101e-06 0.000000000000000000e+00
6.188455687457219067e-06 8.170212460972660241e-07
6.278987563159001034e-06 0.000000000000000000e+00
6.370843843677115559e-06 0.000000000000000000e+00
6.464043903934519574e-06 0.000000000000000000e+00
6.558607402292915576e-06 0.000000000000000000e+00
6.654554284699240485e-06 0.000000000000000000e+00
6.751904788892758010e-06 0.000000000000000000e+00
6.850679448673746411e-06 0.000000000000000000e+00
6.950899098234648166e-06 0.000000000000000000e+00
7.052584876554509078e-06 0.000000000000000000e+00
7.155758231857769887e-06 0.000000000000000000e+00
7.260440926138285322e-06 0.000000000000000000e+00
7.366655039749465955e-06 0.000000000000000000e+00
7.474422976061624485e-06 0.000000000000000000e+00
7.583767466187464127e-06 0.000000000000000000e+00
7.694711573776648474e-06 0.000000000000000000e+00
7.807278699880527707e-06 0.000000000000000000e+00
7.921492587888051990e-06 0.000000000000000000e+00
8.037377328533902904e-06 0.000000000000000000e+00
8.154957364979827154e-06 0.000000000000000000e+00
8.274257497970363489e-06 0.000000000000000000e+00
8.395302891063997905e-06 0.000000000000000000e+00
8.518119075940805925e-06 0.000000000000000000e+00
8.642731957787742387e-06 0.000000000000000000e+00
8.769167820762752732e-06 0.000000000000000000e+00
8.897453333538822177e-06 0.000000000000000000e+00
9.027615554929046979e-06 0.000000000000000000e+00
9.159681939594091512e-06 0.000000000000000000e+00
9.293680343833127217e-06 0.000000000000000000e+00
9.429639031459405388e-06 0.000000000000000000e+00
9.567586679761874957e-06 0.000000000000000000e+00
9.707552385554009091e-06 0.000000000000000000e+00
9.849565671311038320e-06 0.000000000000000000e+00
9.993656491397055546e-06 0.000000000000000000e+00
1.013985523838319066e-05 0.000000000000000000e+00
1.028819274945820828e-05 0.000000000000000000e+00
1.043870031293285345e-05 0.000000000000000000e+00
1.059140967483941058e-05 0.000000000000000000e+00
1.074635304562781570e-05 0.000000000000000000e+00
1.090356310695962130e-05 7.835335994948061626e-07
1.106307301860147234e-05 0.000000000000000000e+00
1.122491642541938768e-05 0.000000000000000000e+00
1.138912746447533417e-05 0.000000000000000000e+00
1.155574077222762343e-05 0.000000000000000000e+00
1.172479149183668274e-05 0.000000000000000000e+00
1.189631528057766575e-05 0.000000000000000000e+00
1.207034831736151717e-05 0.000000000000000000e+00
1.224692731036608570e-05 0.000000000000000000e+00
1.242608950477883701e-05 0.000000000000000000e+00
1.260787269065282000e-05 0.000000000000000000e+00
1.279231521087761615e-05 0.000000000000000000e+00
1.297945596926691007e-05 0.000000000000000000e+00
1.316933443876425501e-05 8.525294383289198846e-07
1.336199066976900349e-05 0.000000000000000000e+00
1.355746529858402446e-05 0.000000000000000000e+00
1.375579955598694823e-05 0.000000000000000000e+00
1.395703527592680112e-05 0.000000000000000000e+00
1.416121490434794070e-05 0.000000000000000000e+00
1.436838150814300096e-05 0.000000000000000000e+00
1.457857878423685134e-05 0.000000000000000000e+00
1.479185106880345199e-05 0.000000000000000000e+00
1.500824334661750401e-05 0.000000000000000000e+00
1.522780126054295324e-05 8.046976813330654825e-07
1.545057112116022781e-05 0.000000000000000000e+00
1.567659991653442197e-05 0.000000000000000000e+00
1.590593532212629987e-05 0.000000000000000000e+00
1.613862571084830798e-05 0.000000000000000000e+00
1.637472016326773407e-05 0.000000000000000000e+00
1.661426847795909308e-05 0.000000000000000000e+00
1.685732118200790824e-05 8.905430369871941697e-07
1.710392954166825580e-05 0.000000000000000000e+00
1.735414557317622482e-05 0.000000000000000000e+00
1.760802205372142312e-05 0.000000000000000000e+00
1.786561253257912133e-05 8.470223252637184013e-07
1.812697134240526785e-05 8.044643928146791364e-07
1.839215361069663454e-05 0.000000000000000000e+00
1.866121527141864113e-05 8.855457169175306089e-07
1.893421307680336196e-05 0.000000000000000000e+00
1.921120460932004300e-05 0.000000000000000000e+00
1.949224829382077500e-05 9.634686518539952017e-07
1.977740340986387761e-05 0.000000000000000000e+00
2.006673010421750834e-05 9.099434249557993233e-07
2.036028940354616632e-05 9.390221545831831689e-07
2.065814322728284870e-05 0.000000000000000000e+00
2.096035440068960072e-05 9.100699443067212226e-07
2.126698666810886848e-05 0.000000000000000000e+00
2.157810470640895772e-05 0.000000000000000000e+00
2.189377413862611608e-05 0.000000000000000000e+00
2.221406154780615261e-05 0.000000000000000000e+00
2.253903449104850828e-05 0.000000000000000000e+00
2.286876151375590824e-05 0.000000000000000000e+00
2.320331216409237394e-05 8.059179478090551368e-07
2.354275700765275634e-05 0.000000000000000000e+00
2.388716764234696154e-05 0.000000000000000000e+00
2.423661671350176551e-05 0.000000000000000000e+00
2.459117792918370451e-05 0.000000000000000000e+00
2.495092607574596845e-05 9.626816698129415729e-07
2.531593703360290548e-05 0.000000000000000000e+00
2.568628779323518389e-05 0.000000000000000000e+00
2.606205647142909086e-05 0.000000000000000000e+00
2.644332232775353569e-05 1.531177052078676050e-06
2.683016578127791539e-05 0.000000000000000000e+00
2.722266842753457623e-05 1.765583440283042144e-06
2.762091305572953733e-05 0.000000000000000000e+00
2.802498366620500994e-05 1.637436612910276684e-06
2.843496548815710749e-05 9.080382030802616820e-07
2.885094499761305602e-05 7.979681012588103195e-07
2.927300993567130672e-05 8.235642235868484243e-07
2.970124932700842990e-05 0.000000000000000000e+00
3.013575349865669028e-05 0.000000000000000000e+00
3.057661409905651831e-05 1.754308940048569832e-06
3.102392411738757062e-05 1.442386991598743745e-06
3.147777790318254023e-05 0.000000000000000000e+00
3.193827118622811437e-05 7.997432345027038551e-07
3.240550109675684740e-05 9.350010083147685589e-07
3.287956618593440767e-05 0.000000000000000000e+00
3.336056644664672153e-05 0.000000000000000000e+00
3.384860333459122246e-05 0.000000000000000000e+00
3.434377978967633887e-05 1.771887702836929322e-06
3.484620025773432989e-05 0.000000000000000000e+00
3.535597071255176533e-05 7.856548514450738512e-07
3.587319867822214914e-05 8.143145222841554493e-07
3.639799325182551120e-05 0.000000000000000000e+00
3.693046512643996819e-05 1.811648715780531488e-06
3.747072661448980061e-05 0.000000000000000000e+00
3.801889167143510757e-05 8.055328158076217563e-07
3.857507591980808783e-05 1.439498897422270344e-06
3.913939667360083957e-05 0.000000000000000000e+00
3.971197296301003197e-05 1.677545504281111527e-06
4.029292555954340905e-05 0.000000000000000000e+00
4.088237700149384478e-05 9.353592512475052130e-07
4.148045161978584190e-05 9.687782604993937492e-07
4.208727556420020056e-05 1.624206389653152863e-06
4.270297682998246060e-05 8.489075019030876126e-07
4.332768528484041656e-05 8.143433651083602389e-07
4.396153269633657363e-05 1.864824204629370939e-06
4.460465275968148065e-05 1.614964510251362750e-06
4.525718112593374049e-05 0.000000000000000000e+00
4.591925543061214606e-05 1.605346397169603278e-06
4.659101532272679944e-05 1.873723972486803051e-06
4.727260249423485881e-05 2.813936228988577644e-06
4.796416070992705924e-05 9.105839399930686140e-07
4.866583583775139729e-05 2.735433152429690579e-06
4.937777587958068129e-05 1.635922190839529827e-06
5.010013100243003903e-05 1.779006811252240343e-06
5.083305357013104394e-05 0.000000000000000000e+00
5.157669817546942586e-05 2.525571865685219073e-06
5.233122167279269528e-05 0.000000000000000000e+00
5.309678321109477598e-05 1.809773019559746137e-06
5.387354426758486257e-05 2.909708414522588932e-06
5.466166868174736750e-05 3.434791565524577166e-06
5.546132268989970656e-05 2.906812305715810515e-06
5.627267496025611541e-05 9.385754235112634732e-07
5.709589662850433445e-05 2.644222698137691548e-06
5.793116133390256831e-05 1.774777014796189777e-06
5.877864525590445873e-05 9.767165191396310512e-07
5.963852715132014786e-05 3.126337458734427718e-06
6.051098839202098770e-05 0.000000000000000000e+00
6.139621300319531559e-05 1.545828900726252083e-06
6.229438770216440984e-05 1.650321834372777618e-06
6.320570193776625569e-05 2.669903490890814181e-06
6.413034793031522577e-05 3.517918804051069993e-06
6.506852071214624727e-05 6.992484668818741242e-07
6.602041816875254946e-05 6.005537588162492167e-06
6.698624108052483167e-05 8.961698217246731051e-07
6.796619316510112173e-05 2.560994549979834315e-06
6.896048112033645924e-05 3.370906703014870568e-06
6.996931466790075197e-05 4.560235814184215775e-06
7.099290659751453627e-05 2.374630620271136307e-06
7.203147281183210093e-05 1.689816460569819495e-06
7.308523237198127171e-05 4.279846033198850826e-06
7.415440754376880113e-05 4.178641380382017654e-06
7.523922384456230034e-05 6.553025755049008608e-06
7.633991009085798322e-05 9.879339900586026424e-06
7.745669844654403443e-05 3.366922609653571116e-06
7.858982447186987452e-05 7.364702722286025561e-06
7.973952717313235366e-05 2.406511643544713069e-06
8.090604905308844213e-05 6.005081802725917567e-06
8.208963616210531388e-05 1.810659235418111047e-06
8.329053815005926136e-05 3.504239008873510660e-06
8.450900831899321307e-05 5.709390850307563142e-06
8.574530367654471233e-05 5.296393462511965368e-06
8.699968499015579544e-05 5.222056767918595295e-06
8.827241684207600455e-05 3.597377754379571605e-06
8.956376768516928206e-05 4.692568468083319394e-06
9.087400989953808253e-05 6.007673875806521356e-06
9.220341984997565236e-05 1.798806498096375303e-06
9.355227794425856618e-05 6.339481167559970104e-06
9.492086869229200176e-05 8.732010798360815700e-06
9.630948076612052004e-05 4.155201498489926158e-06
9.771840706081696753e-05 6.459064263158984042e-06
9.914794475626126477e-05 9.755249373504423004e-06
1.005983953798237853e-04 4.275516342841448635e-06
1.020700648699655904e-04 6.574784612864269866e-06
1.035632636407687597e-04 6.534222976116558898e-06
1.050783066474109812e-04 6.019430384970701894e-06
1.066155134525979928e-04 1.187795974258127922e-05
1.081752082939678623e-04 4.793137816563593558e-06
1.097577201524810103e-04 1.207738126582783991e-05
1.113633828218114799e-04 9.862298041438683012e-06
1.129925349787524514e-04 1.333153291967007659e-05
1.146455202546524122e-04 1.398697588538464927e-05
1.163226873078960100e-04 9.151044945571582931e-06
1.180243898974451611e-04 6.705231155619612459e-06
1.197509869574565813e-04 9.649381070394198588e-06
1.215028426729902278e-04 1.671551485222977671e-05
1.232803265568256602e-04 1.223675975393929379e-05
1.250838135274020277e-04 9.361971458446694593e-06
1.269136839878983120e-04 6.249974137945165075e-06
1.287703239064704949e-04 1.008742701828480354e-05
1.306541248976624296e-04 1.005997778303525501e-05
1.325654843050077343e-04 1.383148351756404758e-05
1.345048052848400299e-04 1.548043986277805145e-05
1.364724968913292474e-04 1.141499020608504319e-05
1.384689741627621927e-04 1.898441829655940106e-05
1.404946582090848791e-04 1.608515118122527985e-05
1.425499763007259256e-04 1.101860863326777605e-05
1.446353619587192093e-04 1.529369667486004105e-05
1.467512550461446904e-04 1.839909266496177819e-05
1.488981018609075767e-04 1.509776364965837696e-05
1.510763552298740415e-04 1.346775777946293769e-05
1.532864746043846919e-04 1.618153244266775815e-05
1.555289261571648411e-04 1.501577857168897465e-05
1.578041828806525388e-04 1.748261477620370247e-05
1.601127246867655807e-04 2.501066960455571836e-05
1.624550385081275565e-04 1.788367613022128058e-05
1.648316184007743760e-04 1.900952186178955780e-05
1.672429656483644480e-04 2.027564429502066735e-05
1.696895888679122988e-04 1.587903058253325902e-05
1.721720041170694284e-04 2.086490747322303332e-05
1.746907350029746578e-04 1.836198429005485311e-05
1.772463127926964107e-04 1.706428642254996528e-05
1.798392765252914858e-04 2.555835045518984667e-05
1.824701731255023301e-04 2.472277197387310943e-05
1.851395575191181560e-04 1.851222088106822196e-05
1.878479927500234016e-04 2.554954391323381103e-05
1.905960500989583640e-04 3.290774516089495168e-05
1.933843092040179166e-04 1.558558901445912200e-05
1.962133581829122986e-04 3.967012489332117400e-05
1.990837937570166219e-04 3.159637569053841915e-05
2.019962213772354674e-04 2.509927008130526281e-05
2.049512553517080502e-04 3.408539995904709267e-05
2.079495189753827666e-04 2.860902939062292424e-05
2.109916446614860312e-04 3.542005186325551457e-05
2.140782740749153025e-04 3.806516068427457706e-05
2.172100582675831029e-04 2.928969084184150716e-05
2.203876578157409004e-04 2.948118909779828329e-05
2.236117429593125589e-04 3.187470432624620427e-05
2.268829937432654382e-04 3.842183084162714983e-05
2.302021001610499618e-04 4.002672685351610891e-05
2.335697623001375500e-04 3.534757122407158273e-05
2.369866904896872481e-04 4.305088353133318830e-05
2.404536054503736029e-04 4.108843742309855338e-05
2.439712384464053064e-04 5.235753796599563738e-05
2.475403314397682953e-04 4.040392759109100033e-05
2.511616372467252397e-04 5.359778991131088977e-05
2.548359196966041608e-04 4.051271568685764501e-05
2.585639537929108195e-04 5.072617973034712993e-05
2.623465258767969681e-04 4.512123246780032354e-05
2.661844337929207853e-04 5.322599373000133481e-05
2.700784870577335392e-04 4.776546175218345343e-05
2.740295070302274432e-04 5.164699858865703572e-05
2.780383270851830317e-04 5.726277013560253582e-05
2.821057927889492317e-04 6.898288063959596603e-05
2.862327620777956505e-04 7.483380990585849059e-05
2.904201054388746463e-04 6.466818696969990664e-05
2.946687060938298270e-04 5.040356090598424176e-05
2.989794601850906614e-04 5.994783498016994019e-05
3.033532769648932068e-04 7.435610629096946569e-05
3.077910789870644693e-04 7.826298250280234558e-05
3.122938023016148465e-04 6.584880288059662536e-05
3.168623966521748672e-04 7.490684481256796895e-05
3.214978256763214920e-04 6.621869521834604887e-05
3.262010671088352832e-04 7.438560386728743253e-05
3.309731129879294278e-04 7.608428410996488232e-05
3.358149698644983172e-04 7.968512437670363191e-05
3.407276590144247153e-04 7.141867957908437127e-05
3.457122166539945761e-04 1.009053216400824442e-04
3.507696941584621721e-04 9.986791956211076753e-05
3.559011582838125906e-04 7.941510607885140269e-05
3.611076913917697336e-04 1.048325498211559725e-04
3.663903916780945468e-04 9.146106286044658159e-05
3.717503734042235672e-04 1.082660361322720433e-04
3.771887671322965234e-04 1.046913509206149587e-04
3.827067199636210743e-04 1.220927805428174691e-04
3.883053957806278109e-04 1.014114349021912813e-04
3.939859754923634438e-04 1.078442343049834619e-04
3.997496572835757900e-04 1.190298486376534785e-04
4.055976568674428710e-04 1.064679741423844292e-04
4.115312077419982194e-04 1.217998555691001626e-04
4.175515614503096931e-04 1.343978113386382490e-04
4.236599878444621044e-04 1.131354461937662814e-04
4.298577753534026991e-04 1.393430896292921582e-04
4.361462312547055922e-04 1.099635939428288427e-04
4.425266819503099677e-04 1.438711107264834888e-04
4.490004732462949798e-04 1.460027575506704168e-04
4.555689706367449152e-04 1.486362835883304763e-04
4.622335595917678795e-04 1.670119297854015343e-04
4.689956458497289947e-04 1.565285931043521874e-04
4.758566557137573587e-04 1.674784957988768733e-04
4.828180363525911688e-04 1.711511156716476634e-04
4.898812561058241101e-04 1.832913917863559930e-04
4.970478047936164332e-04 1.876770831896088735e-04
5.043191940309384863e-04 1.512657315191201360e-04
5.116969575464099624e-04 2.065144675668541664e-04
5.191826515058036015e-04 1.855566159980379754e-04
5.267778548402823023e-04 2.228427063601019526e-04
5.344841695794364314e-04 1.952445508842692076e-04
5.423032211891959213e-04 1.866785401550361684e-04
5.502366589146830784e-04 2.278313323537398875e-04
5.582861561280821026e-04 2.213432807434773868e-04
5.664534106815980689e-04 2.045590272853251674e-04
5.747401452655780119e-04 2.278750672180419737e-04
5.831481077718731528e-04 2.338588215854320751e-04
5.916790716625150177e-04 2.200366237788070958e-04
6.003348363437854612e-04 2.407045405664017858e-04
6.091172275457593099e-04 2.563610563834029183e-04
6.180280977073986624e-04 2.854618650252240138e-04
6.270693263672821134e-04 2.782364186564570060e-04
6.362428205600491327e-04 2.691342998073810986e-04
6.455505152186439503e-04 2.976873670322552129e-04
6.549943735824441653e-04 3.148394089329809823e-04
6.645763876113594060e-04 3.277726592106316571e-04
6.742985784059895953e-04 3.124715525473659183e-04
6.841629966339280410e-04 3.323203922991883495e-04
6.941717229623012905e-04 3.673801038320406720e-04
7.043268684966375818e-04 3.684188594519772738e-04
7.146305752261537716e-04 3.714468331146917029e-04
7.250850164755591855e-04 3.282627130509450670e-04
7.356923973634661631e-04 3.894019922472139665e-04
7.464549552675084527e-04 4.034360029119032128e-04
7.573749602962638432e-04 3.634507170940281173e-04
7.684547157680783917e-04 4.218159877549533770e-04
7.796965586969000200e-04 4.247359568449114958e-04
7.911028602852150432e-04 4.484652114605344091e-04
8.026760264241967037e-04 4.482885951312957267e-04
8.144184982011735876e-04 4.489771985477507038e-04
8.263327524145182117e-04 4.849508822108100441e-04
8.384213020960696238e-04 5.117335381728868983e-04
8.506866970411987609e-04 5.093948170154850331e-04
8.631315243466263941e-04 5.573195465066147240e-04
8.757584089561128160e-04 5.382908343432089675e-04
8.885700142141259548e-04 5.823605502726169432e-04
9.015690424276124899e-04 6.132848843488695979e-04
9.147582354359855934e-04 5.834398331291679174e-04
9.281403751894502958e-04 6.133931404012120869e-04
9.417182843357926750e-04 6.625754765465475486e-04
9.554948268157498550e-04 6.825524172017424524e-04
9.694729084670909193e-04 6.591197403359155133e-04
9.836554776375358057e-04 7.044100708829294493e-04
9.980455258066377351e-04 6.773642628767972225e-04
1.012646088216768818e-03 7.096038224070987501e-04
1.027460244513331029e-03 7.494535536439717819e-04
1.042491119394335121e-03 7.631597826183148968e-04
1.057741883269483008e-03 7.730731028743613627e-04
1.073215752928889568e-03 8.354422289905197307e-04
1.088915992221590676e-03 8.264207862362163426e-04
1.104845912743975152e-03 8.610244196558659944e-04
1.121008874538287218e-03 8.964695268144954547e-04
1.137408286801349505e-03 9.213912779977632929e-04
1.154047608603650608e-03 9.739928929235220365e-04
1.170930349618958498e-03 9.928718897663599708e-04
1.188060070864600760e-03 1.022822107484359574e-03
1.205440385452578823e-03 9.822724764572709523e-04
1.223074959351669062e-03 1.084697931386355112e-03
1.240967512160670149e-03 1.132770814234038657e-03
1.259121817892969479e-03 1.081350345043879772e-03
1.277541705772578928e-03 1.199177578154978375e-03
1.296231061041821023e-03 1.232499010444413528e-03
1.315193825780830526e-03 1.253396680172660536e-03
1.334433999739039704e-03 1.261051594587950068e-03
1.353955641178836806e-03 1.286593774764988431e-03
1.373762867731557558e-03 1.403060236200356177e-03
1.393859857266002006e-03 1.368728910193279732e-03
1.414250848769661902e-03 1.422606599765182701e-03
1.434940143242830791e-03 1.507517753204113114e-03
1.455932104605802378e-03 1.556911163556140001e-03
1.477231160619335180e-03 1.544015882860299768e-03
1.498841803818583198e-03 1.601719670736079237e-03
1.520768592460694252e-03 1.650851021431392306e-03
1.543016151486264424e-03 1.695594215549336113e-03
1.565589173494862183e-03 1.734542663993853982e-03
1.588492419734820627e-03 1.796919876787078391e-03
1.611730721107509446e-03 1.889615648213754462e-03
1.635308979186304770e-03 1.905683285105105353e-03
1.659232167250456391e-03 2.001497208441135964e-03
1.683505331334086540e-03 2.025403746566504203e-03
1.708133591290531429e-03 2.109799834924333539e-03
1.733122141872251928e-03 2.162141345336323576e-03
1.758476253826548024e-03 2.225026455578328708e-03
1.784201275007297766e-03 2.231606160511624519e-03
1.810302631502959912e-03 2.376595915279007976e-03
1.836785828781082024e-03 2.425457952875569034e-03
1.863656452849546050e-03 2.459333762662964211e-03
1.890920171434809418e-03 2.559917401378927152e-03
1.918582735177376281e-03 2.683264373168383655e-03
1.946649978844760404e-03 2.682887281487876096e-03
1.975127822562192971e-03 2.794714597605976649e-03
2.004022273061330760e-03 2.828365403725187181e-03
2.033339424947239182e-03 3.034440460503875711e-03
2.063085461983904783e-03 3.088820149987630322e-03
2.093266658398552568e-03 3.171982286886345682e-03
2.123889380205049200e-03 3.225242955868198088e-03
2.154960086546662233e-03 3.304321839827539797e-03
2.186485331058465528e-03 3.487213869538370852e-03
2.218471763249677507e-03 3.609632692552449621e-03
2.250926129906210237e-03 3.534645819887776048e-03
2.283855276513755035e-03 3.728384479877638012e-03
2.317266148701670452e-03 3.841600688053408656e-03
2.351165793708002646e-03 3.890490399850443041e-03
2.385561361865933504e-03 4.070142005911390852e-03
2.420460108111972646e-03 4.230377844710952670e-03
2.455869393516222493e-03 4.321541554202391368e-03
2.491796686835016060e-03 4.386749369363151727e-03
2.528249566086279189e-03 4.517106228389430531e-03
2.565235720147935120e-03 4.726650783155790861e-03
2.602762950379688793e-03 4.797257464947074848e-03
2.640839172268547377e-03 4.992113254871933734e-03
2.679472417098398805e-03 5.190596009180383462e-03
2.718670833644028229e-03 5.179422182769962725e-03
2.758442689889907193e-03 5.426030641018109342e-03
2.798796374774128060e-03 5.550368161445336235e-03
2.839740399957860553e-03 5.731530348619506832e-03
2.881283401620680397e-03 5.850227359742152244e-03
2.923434142282172084e-03 6.032082031500300007e-03
2.966201512650174822e-03 6.210035975196942330e-03
3.009594533496064584e-03 6.484200791622631022e-03
3.053622357557481213e-03 6.602611654920985049e-03
3.098294271468879195e-03 6.760144988599404645e-03
3.143619697720323632e-03 7.134578209757289589e-03
3.189608196644948181e-03 7.243795233737025316e-03
3.236269468435472654e-03 7.547227052353103725e-03
3.283613355190242132e-03 7.896457555802415332e-03
3.331649842989180092e-03 7.862191886720324915e-03
3.380389064000117842e-03 8.158968495279106739e-03
3.429841298615938713e-03 8.287037713839297270e-03
3.480016977622979804e-03 8.732407582696175355e-03
3.530926684401169621e-03 8.871267792690427575e-03
3.582581157156337903e-03 9.196340283877727645e-03
3.634991291185188551e-03 9.537634901692222320e-03
3.688168141173409249e-03 9.701304303896426257e-03
3.742122923527388314e-03 9.936954765860856950e-03
3.796867018740064399e-03 1.012380299727002123e-02
3.852411973791368318e-03 1.033916727156879503e-02
3.908769504583781314e-03 1.088424149680657441e-02
3.965951498413539285e-03 1.114374940812880993e-02
4.023970016477973477e-03 1.133277265161342258e-02
4.082837296419535369e-03 1.195381160685971868e-02
4.142565754907045691e-03 1.210834679543189643e-02
4.203167990254684516e-03 1.258034715164483078e-02
4.264656785079329153e-03 1.286501117425829788e-02
4.327045108996732496e-03 1.334302809680844477e-02
4.390346121357163733e-03 1.365791339138543344e-02
4.454573174021066520e-03 1.428104072188735030e-02
4.519739814175307083e-03 1.450599975221453578e-02
4.585859787190652362e-03 1.497850335993380737e-02
4.652947039521022898e-03 1.555496910829802341e-02
4.721015721645172719e-03 1.578199480875749558e-02
4.790080191051398172e-03 1.634864280582975019e-02
4.860155015265908013e-03 1.668053441908290413e-02
4.931254974925513949e-03 1.723364136753255740e-02
5.003395066895245311e-03 1.764615743221579700e-02
5.076590507431592153e-03 1.826200755320827457e-02
5.150856735392015176e-03 1.845098925940941506e-02
5.226209415491405927e-03 1.946307893172485870e-02
5.302664441606197258e-03 1.983400380010880495e-02
5.380237940126798846e-03 2.067513368397585344e-02
5.458946273359080274e-03 2.109171006729615092e-02
5.538806042975618141e-03 2.153812923161738807e-02
5.619834093517418402e-03 2.204380426595487288e-02
5.702047515946887662e-03 2.301730465235186582e-02
5.785463651252769832e-03 2.351126098093792721e-02
5.870100094107807975e-03 2.453792244358913785e-02
5.955974696579945799e-03 2.503891277362779375e-02
6.043105571897777403e-03 2.568475745588894021e-02
6.131511098271129161e-03 2.671919410831233646e-02
6.221209922767501413e-03 2.749565286995561686e-02
6.312220965245229562e-03 2.774727632940272859e-02
6.404563422344185068e-03 2.866743370270178823e-02
6.498256771534847293e-03 2.985606796616389197e-02
6.593320775226632624e-03 3.091189309998200463e-02
6.689775484936302287e-03 3.146510619519676116e-02
6.787641245517349146e-03 3.235333634459409274e-02
6.886938699451285520e-03 3.375060253514784031e-02
6.987688791201676804e-03 3.422922599652910430e-02
7.089912771631883687e-03 3.544231017179433341e-02
7.193632202487441896e-03 3.666021410364918298e-02
7.298868960943985865e-03 3.736939256038586399e-02
7.405645244221747622e-03 3.830126944945296680e-02
7.513983574267524279e-03 3.920151247953122808e-02
7.623906802505158418e-03 4.019643340428628170e-02
7.735438114655511510e-03 4.172535742319483792e-02
7.848601035626932149e-03 4.291361057406975488e-02
7.963419434477297248e-03 4.411627539640351064e-02
8.079917529448633201e-03 4.543735505272758490e-02
8.198119893075363901e-03 4.704200205193939666e-02
8.318051457367329690e-03 4.790483389312449186e-02
8.439737519068589433e-03 4.956452108888461522e-02
8.563203744993197475e-03 5.079724139596256127e-02
8.688476177438994585e-03 5.277104603241360853e-02
8.815581239680625458e-03 5.400999305167093756e-02
8.944545741542919010e-03 5.537328052526217098e-02
9.075396885055757312e-03 5.706469225034254550e-02
9.208162270191742882e-03 5.855980280915987213e-02
9.342869900687746781e-03 6.040444706148071635e-02
9.479548189951631648e-03 6.184511374767585196e-02
9.618225967055414258e-03 6.394287627885494874e-02
9.758932482816042031e-03 6.567800352276223497e-02
9.901697415965211163e-03 6.748858447848937736e-02
1.004655087940936609e-02 6.889997882303638965e-02
1.019352342658132529e-02 7.184603184707404055e-02
1.034264605788479466e-02 7.359169984618155191e-02
1.049395022723317167e-02 7.553439980432041789e-02
1.064746784868404739e-02 7.765593919793456479e-02
1.080323130317069162e-02 8.030745833153991875e-02
1.096127344533204089e-02 8.224282262873579274e-02
1.112162761044262552e-02 8.453551953124092966e-02
1.128432762144389832e-02 8.676182722720351959e-02
1.144940779607831957e-02 8.939978105115287121e-02
1.161690295412791743e-02 9.078751118250061314e-02
1.178684842475873247e-02 9.412084909148511758e-02
1.195928005397260338e-02 9.713550473303501909e-02
1.213423421216807546e-02 9.902457467647203526e-02
1.231174780181190642e-02 1.021009433384827414e-01
1.249185826522275326e-02 1.052563982024402878e-01
1.267460359246871601e-02 1.079148035126454575e-01
1.286002232938048169e-02 1.107713509450422573e-01
1.304815358568169395e-02 1.138685604589696893e-01
1.323903704323815475e-02 1.170425344791744537e-01
1.343271296442782523e-02 1.206063270214631639e-01
1.362922220063325987e-02 1.232888070779648432e-01
1.382860620085816714e-02 1.267079149316403808e-01
1.403090702047014339e-02 1.299551365837285366e-01
1.423616733007130805e-02 1.343605770119298826e-01
1.444443042449857981e-02 1.376312039621932215e-01
1.465574023195573977e-02 1.411298032696162164e-01
1.487014132327909091e-02 1.451311216457259745e-01
1.508767892133859936e-02 1.492966871746152502e-01
1.530839891057655597e-02 1.528033988788593533e-01
1.553234784668586221e-02 1.568039836196469528e-01
1.575957296642989391e-02 1.608354552911207824e-01
1.599012219760591325e-02 1.655455448286282105e-01
1.622404416915432246e-02 1.700044926498014697e-01
1.646138822141588604e-02 1.742069416542428029e-01
1.670220441653878785e-02 1.781804994753377891e-01
1.694654354903812193e-02 1.834199399321305712e-01
1.719445715650983614e-02 1.889324496861518876e-01
1.744599753050134552e-02 1.931475595341352047e-01
1.770121772754117140e-02 1.981514095835564537e-01
1.796017158032999633e-02 2.024832467409556080e-01
1.822291370909545627e-02 2.092502560142193435e-01
1.848949953311290750e-02 2.142581751158628423e-01
1.875998528239484348e-02 2.194468662630816858e-01
1.903442800955138653e-02 2.250351485679296382e-01
1.931288560182404385e-02 2.294920310993781576e-01
1.959541679329573904e-02 2.357858453804232979e-01
1.988208117727942315e-02 2.420447087140141784e-01
2.017293921888785313e-02 2.478454279127765281e-01
2.046805226778721648e-02 2.538920678724193580e-01
2.076748257113746748e-02 2.597038674612008879e-01
2.107129328672195656e-02 2.664379375100720537e-01
2.137954849626895817e-02 2.739530717613627431e-01
2.169231321896825798e-02 2.801151965007520062e-01
2.200965342518549500e-02 2.865934316431077433e-01
2.233163605037693372e-02 2.935739892529373729e-01
2.265832900920797255e-02 3.005321632542522492e-01
2.298980120987820924e-02 3.075141280842332847e-01
2.332612256865596728e-02 3.146757302822763558e-01
2.366736402462540564e-02 3.211008899012638973e-01
2.401359755464953921e-02 3.289370975562851962e-01
2.436489618855210842e-02 3.352764934974213906e-01
2.472133402452138251e-02 3.441973744159800286e-01
2.508298624473948024e-02 3.514981547767613845e-01
2.544992913124037581e-02 3.587363087203301326e-01
2.582224008199964643e-02 3.659052468636079802e-01
2.619999762725981618e-02 3.740904549006558444e-01
2.658328144609457128e-02 3.821185823823318728e-01
2.697217238321500399e-02 3.920788616156460904e-01
2.736675246602199296e-02 3.996800974383978855e-01
2.776710492190802293e-02 4.075093387415254509e-01
2.817331419581196525e-02 4.155743924221890206e-01
2.858546596803071549e-02 4.232090077699586783e-01
2.900364717229148709e-02 4.327570781201739991e-01
2.942794601408853586e-02 4.417311126253580245e-01
2.985845198928783334e-02 4.500416020889461133e-01
3.029525590300423746e-02 4.588375502544249640e-01
3.073844988875476525e-02 4.684752239762705606e-01
3.118812742789181178e-02 4.754314060619814208e-01
3.164438336932094697e-02 4.851062878752811502e-01
3.210731394950710332e-02 4.926877776795307029e-01
3.257701681277337669e-02 5.025916246510956364e-01
3.305359103189667302e-02 5.102037496252199711e-01
3.353713712900491944e-02 5.196787231440652688e-01
3.402775709677986760e-02 5.285093104063768310e-01
3.452555441996989216e-02 5.371252558264468790e-01
3.503063409721780125e-02 5.461341200978099275e-01
3.554310266320785672e-02 5.544311851716640094e-01
3.606306821113659800e-02 5.627262158545365267e-01
3.659064041551268742e-02 5.715358466656337288e-01
3.712593055529017638e-02 5.789890821562314605e-01
3.766905153734019518e-02 5.863519676067897590e-01
3.822011792026586141e-02 5.959943299201403422e-01
3.877924593856579838e-02 6.023724566035467687e-01
3.934655352715126647e-02 6.097151553588903150e-01
3.992216034622142473e-02 6.179213774808891557e-01
4.050618780650300232e-02 6.248099057151138558e-01
4.109875909485918161e-02 6.311855687536949144e-01
4.169999920027268880e-02 6.380321763167035032e-01
4.231003494020939976e-02 6.439249487118976489e-01
4.292899498736767183e-02 6.518289779926651484e-01
4.355700989681852986e-02 6.558706048749868289e-01
4.419421213354333272e-02 6.610264431497442361e-01
4.484073610037424273e-02 6.656808157138134341e-01
4.549671816634325017e-02 6.723294839059111849e-01
4.616229669544590075e-02 6.755210790813959143e-01
4.683761207582605446e-02 6.811433695424805590e-01
4.752280674938759442e-02 6.841092845688125923e-01
4.821802524183890076e-02 6.883597047257157264e-01
4.892341419317729201e-02 6.913790003538646811e-01
4.963912238861947074e-02 6.940139983985667005e-01
5.036530078998391335e-02 6.957071934361919174e-01
5.110210256753291991e-02 6.971022143490489542e-01
5.184968313228033310e-02 6.987420133167727698e-01
5.260820016877179595e-02 6.985584078548418008e-01
5.337781366834442459e-02 6.987633834369701979e-01
5.415868596287337633e-02 6.976329655950007647e-01
5.495098175901209220e-02 6.960943597766339197e-01
5.575486817293295871e-02 6.946211851555001981e-01
5.657051476557670155e-02 6.927312271102467056e-01
5.739809357841744314e-02 6.902339332158047291e-01
5.823777916975050178e-02 6.862924857184334870e-01
5.908974865151148115e-02 6.826401938682713499e-01
5.995418172663402601e-02 6.758942138521472076e-01
6.083126072695378000e-02 6.699603151061689355e-01
6.172117065166692756e-02 6.622059710368818353e-01
6.262409920635149396e-02 6.577306431943792386e-01
6.354023684255963311e-02 6.498276317833222571e-01
6.446977679798857053e-02 6.417682254910052064e-01
6.541291513723962447e-02 6.351988610720775696e-01
6.636985079317377079e-02 6.264469244607689946e-01
6.734078560887135634e-02 6.167380275063388817e-01
6.832592438020634873e-02 6.066276596246086283e-01
6.932547489904344884e-02 5.985267208516243942e-01
7.033964799706662885e-02 5.864743829323033619e-01
7.136865759024910161e-02 5.739225575869874030e-01
7.241272072397386683e-02 5.628723628617554597e-01
7.347205761881472896e-02 5.506068422019795294e-01
7.454689171698605787e-02 5.373704589682249955e-01
7.563744972947292200e-02 5.250194403838484014e-01
7.674396168385075323e-02 5.103029087170800615e-01
7.786666097280373067e-02 4.971989661835126140e-01
7.900578440335370711e-02 4.830860430152091878e-01
8.016157224680930948e-02 4.703091932301849964e-01
8.133426828944512188e-02 4.546671283369431715e-01
8.252411988392280295e-02 4.411380416039739072e-01
8.373137800146458753e-02 4.265945480510761612e-01
8.495629728478951148e-02 4.118727270962344034e-01
8.619913610182416974e-02 3.963968345742667210e-01
8.746015660019958171e-02 3.833595027898706875e-01
8.873962476254521059e-02 3.685369531432536871e-01
9.003781046259135001e-02 3.535082707735249241e-01
9.135498752209281204e-02 3.379133897969222033e-01
9.269143376858551830e-02 3.228699406549752626e-01
9.404743109398709666e-02 3.082222842324755518e-01
9.542326551405566626e-02 2.945738921158220225e-01
9.681922722871832976e-02 2.810206423884133442e-01
9.823561068328180712e-02 2.665450880823531654e-01
9.967271463053854752e-02 2.530256248401942520e-01
1.011308421937818502e-01 2.403979421538522954e-01
1.026103009307428732e-01 2.272659901416775319e-01
1.041114028984620882e-01 2.142742257692250574e-01
1.056344647191106989e-01 2.035536505966842880e-01
1.071798076467749272e-01 1.899137944179993542e-01
1.087477576352164632e-01 1.781693350236963347e-01
1.103386454066249411e-01 1.669067355050262436e-01
1.119528065213763607e-01 1.559651475957190836e-01
1.135905814488113175e-01 1.459803109115651309e-01
1.152523156390488634e-01 1.361093576480121026e-01
1.169383595958513322e-01 1.268308510628285424e-01
1.186490689505550755e-01 1.188026433754475197e-01
1.203848045370820297e-01 1.096359640277122655e-01
1.221459324680493619e-01 1.018275071316405572e-01
1.239328242119927120e-01 9.462975837548456837e-02
1.257458566717180592e-01 8.771207631503147306e-02
1.275854122638007682e-01 8.107541679382085364e-02
1.294518789992479824e-01 7.448706462040330378e-02
1.313456505653393669e-01 6.871666087543955304e-02
1.332671264086667806e-01 6.275689364759140521e-02
1.352167118193882689e-01 5.744293794823224913e-02
1.371948180167144593e-01 5.291895506119024400e-02
1.392018622356449853e-01 4.842981471442722730e-02
1.412382678149749493e-01 4.373152393834634638e-02
1.433044642865885510e-01 3.969910222060402116e-02
1.454008874660580042e-01 3.602324212244444046e-02
1.475279795445689213e-01 3.232237360000715654e-02
1.496861891821906210e-01 2.934857734954424147e-02
1.518759716025095408e-01 2.664386839466676218e-02
1.540977886886484571e-01 2.399684415891497127e-02
1.563521090806899994e-01 2.149999586126610795e-02
1.586394082745251621e-01 1.937358114859140390e-02
1.609601687221475785e-01 1.719795122220277653e-02
1.633148799334157020e-01 1.567367769158794014e-02
1.657040385793039361e-01 1.398259512692959228e-02
1.681281485966627243e-01 1.252175777053582753e-02
1.705877212945126620e-01 1.127006981277367710e-02
1.730832754618936153e-01 9.956682208613225338e-03
1.756153374772900788e-01 9.113686019571775807e-03
1.781844414196588344e-01 8.051437391754236519e-03
1.807911291810806731e-01 7.135602225757071461e-03
1.834359505810595203e-01 6.581782043625638255e-03
1.861194634824935024e-01 5.774628141559243026e-03
1.888422339093434044e-01 5.259498454552508084e-03
1.916048361660226684e-01 4.641618672536612471e-03
1.944078529585322457e-01 4.076125131033639555e-03
1.972518755173693905e-01 3.600684447293793413e-03
2.001375037222342945e-01 3.148385483283866124e-03
2.030653462285595678e-01 2.777744660291459489e-03
2.060360205958922664e-01 2.474053526484840896e-03
2.090501534181542498e-01 2.116772203090411513e-03
2.121083804558061281e-01 1.947433906414078276e-03
2.152113467699467153e-01 1.694600257908212898e-03
2.183597068583738310e-01 1.423590554039454040e-03
2.215541247936348435e-01 1.237569830416423771e-03
2.247952743630967642e-01 1.091181607803683130e-03
2.280838392110661195e-01 9.863280276046343647e-04
2.314205129829886298e-01 9.117812129440152485e-04
2.348059994717557053e-01 7.708368698561537989e-04
2.382410127661539478e-01 7.055331722269722085e-04
2.417262774014859450e-01 5.293625418187570880e-04
2.452625285123926357e-01 5.136277071503070682e-04
2.488505119879133587e-01 4.469261027163616714e-04
2.524909846288141413e-01 3.834347949532560429e-04
2.561847143072163990e-01 3.389384474684430494e-04
2.599324801285612385e-01 2.743088220694898092e-04
2.637350725959437536e-01 2.225431606927589449e-04
2.675932937768518149e-01 1.836588198450204675e-04
2.715079574723419098e-01 1.523763872285263633e-04
2.754798893886922229e-01 1.286388397781450645e-04
2.795099273115665417e-01 1.418668124879851893e-04
2.835989212827238481e-01 9.898173782188389111e-05
2.877477337793156176e-01 8.355023221822294741e-05
2.919572398958056869e-01 5.268930566428160192e-05
2.962283275285499951e-01 4.792478920640553972e-05
3.005618975630770517e-01 3.602712972261821231e-05
3.049588640641094361e-01 2.752598240268066708e-05
3.094201544683645166e-01 2.041737358251286029e-05
3.139467097801742490e-01 1.597789285290704932e-05
3.185394847699682952e-01 9.748431150173672503e-06
3.231994481756618187e-01 7.793997679394920630e-06
3.279275829069857595e-01 3.690118698624176355e-06
3.327248862528096596e-01 1.513137788131404700e-06
3.375923700914967296e-01 1.094723253838984036e-07
3.425310611043355102e-01 3.649560342548488874e-07
3.475420009920930919e-01 0.000000000000000000e+00
3.526262466947382990e-01 0.000000000000000000e+00
3.577848706143795243e-01 0.000000000000000000e+00
3.630189608414602365e-01 0.000000000000000000e+00
3.683296213842673361e-01 0.000000000000000000e+00
3.737179724017970495e-01 0.000000000000000000e+00
3.791851504400235440e-01 0.000000000000000000e+00
3.847323086716280538e-01 0.000000000000000000e+00
3.903606171392344226e-01 0.000000000000000000e+00
3.960712630021998581e-01 0.000000000000000000e+00
4.018654507870196846e-01 0.000000000000000000e+00
4.077444026413942213e-01 0.000000000000000000e+00
4.137093585920117444e-01 0.000000000000000000e+00
4.197615768061020436e-01 0.000000000000000000e+00
4.259023338568176942e-01 0.000000000000000000e+00
4.321329249924989457e-01 0.000000000000000000e+00
4.384546644098730739e-01 0.000000000000000000e+00
4.448688855312545876e-01 0.000000000000000000e+00
4.513769412858005814e-01 0.000000000000000000e+00
4.579802043948769108e-01 0.000000000000000000e+00
4.646800676616025250e-01 0.000000000000000000e+00
4.714779442646297447e-01 0.000000000000000000e+00
4.783752680562199933e-01 0.000000000000000000e+00
4.853734938646802610e-01 0.000000000000000000e+00
4.924740978012259740e-01 0.000000000000000000e+00
4.996785775713332711e-01 0.000000000000000000e+00
5.069884527906421967e-01 0.000000000000000000e+00
5.144052653054848045e-01 0.000000000000000000e+00
5.219305795181032881e-01 0.000000000000000000e+00
5.295659827166210309e-01 0.000000000000000000e+00
5.373130854098444598e-01 0.000000000000000000e+00
5.451735216669637563e-01 0.000000000000000000e+00
5.531489494622203740e-01 0.000000000000000000e+00
5.612410510246160777e-01 0.000000000000000000e+00
5.694515331927409996e-01 0.000000000000000000e+00
5.777821277747927642e-01 0.000000000000000000e+00
5.862345919138574057e-01 0.000000000000000000e+00
5.948107084585388948e-01 0.000000000000000000e+00
6.035122863390113279e-01 0.000000000000000000e+00
6.123411609485660545e-01 0.000000000000000000e+00
6.212991945307471120e-01 0.000000000000000000e+00
6.303882765721491310e-01 0.000000000000000000e+00
6.396103242009565371e-01 0.000000000000000000e+00
6.489672825913188614e-01 0.000000000000000000e+00
6.584611253736400993e-01 0.000000000000000000e+00
6.680938550508692675e-01 0.000000000000000000e+00
6.778675034208790917e-01 0.000000000000000000e+00
6.877841320050279705e-01 0.000000000000000000e+00
6.978458324829910353e-01 0.000000000000000000e+00
7.080547271339473481e-01 0.000000000000000000e+00
7.184129692842258219e-01 0.000000000000000000e+00
7.289227437615020122e-01 0.000000000000000000e+00
7.395862673556312661e-01 0.000000000000000000e+00
7.504057892862305845e-01 0.000000000000000000e+00
7.613835916771003465e-01 0.000000000000000000e+00
7.725219900375829285e-01 0.000000000000000000e+00
7.838233337509639131e-01 0.000000000000000000e+00
7.952900065700201360e-01 0.000000000000000000e+00
8.069244271198189322e-01 0.000000000000000000e+00
8.187290494078659497e-01 0.000000000000000000e+00
8.307063633417219872e-01 0.000000000000000000e+00
8.428588952541931079e-01 0.000000000000000000e+00
8.551892084361969459e-01 0.000000000000000000e+00
8.676999036774298846e-01 0.000000000000000000e+00
8.803936198149451275e-01 0.000000000000000000e+00
8.932730342897515774e-01 0.000000000000000000e+00
9.063408637115548672e-01 0.000000000000000000e+00
9.195998644317645576e-01 0.000000000000000000e+00
9.330528331248839624e-01 0.000000000000000000e+00
9.467026073783977314e-01 0.000000000000000000e+00
9.605520662912966356e-01 0.000000000000000000e+00
9.746041310813593483e-01 0.000000000000000000e+00
9.888617657013079043e-01 0.000000000000000000e+00
1.003327977463987608e+00 0.000000000000000000e+00
1.018005817676691738e+00 0.000000000000000000e+00
1.032898382284756833e+00 0.000000000000000000e+00
1.048008812524582556e+00 0.000000000000000000e+00
1.063340295586204576e+00 0.000000000000000000e+00
1.078896065285554151e+00 0.000000000000000000e+00
1.094679402746554064e+00 0.000000000000000000e+00
1.110693637093196573e+00 0.000000000000000000e+00
1.126942146151747481e+00 0.000000000000000000e+00
1.143428357163212006e+00 0.000000000000000000e+00
1.160155747506234292e+00 0.000000000000000000e+00
1.177127845430572251e+00 0.000000000000000000e+00
1.194348230801292043e+00 0.000000000000000000e+00
1.211820535853858960e+00 0.000000000000000000e+00
1.229548445960276570e+00 0.000000000000000000e+00
1.247535700406424475e+00 0.000000000000000000e+00
1.265786093180771843e+00 0.000000000000000000e+00
1.284303473774632387e+00 0.000000000000000000e+00
1.303091747994127747e+00 0.000000000000000000e+00
1.322154878784016940e+00 0.000000000000000000e+00
1.341496887063592158e+00 0.000000000000000000e+00
1.361121852574798563e+00 0.000000000000000000e+00
1.381033914742754831e+00 0.000000000000000000e+00
1.401237273548869178e+00 0.000000000000000000e+00
1.421736190416730938e+00 0.000000000000000000e+00
1.442534989110953791e+00 0.000000000000000000e+00
1.463638056649171126e+00 0.000000000000000000e+00
1.485049844227375182e+00 0.000000000000000000e+00
1.506774868158797354e+00 0.000000000000000000e+00
1.528817710826510190e+00 0.000000000000000000e+00
1.551183021649976457e+00 0.000000000000000000e+00
1.573875518065741108e+00 0.000000000000000000e+00
1.596899986522452686e+00 0.000000000000000000e+00
1.620261283490457949e+00 0.000000000000000000e+00
1.643964336486162914e+00 0.000000000000000000e+00
1.668014145111373026e+00 0.000000000000000000e+00
1.692415782107839384e+00 0.000000000000000000e+00
1.717174394427236628e+00 0.000000000000000000e+00
1.742295204316796964e+00 0.000000000000000000e+00
1.767783510420810167e+00 0.000000000000000000e+00
1.793644688898253126e+00 0.000000000000000000e+00
1.819884194556769419e+00 0.000000000000000000e+00
1.846507562003222080e+00 0.000000000000000000e+00
1.873520406811094663e+00 0.000000000000000000e+00
1.900928426704969088e+00 0.000000000000000000e+00
1.928737402762316089e+00 0.000000000000000000e+00
1.956953200632883583e+00 0.000000000000000000e+00
1.985581771775920767e+00 0.000000000000000000e+00
