-5.748448701665372695e+00 0.000000000000000000e+00
-5.740196126676213595e+00 2.920124522776137247e-08
-5.731943551687052718e+00 7.362394873330538336e-09
-5.723690976697893618e+00 7.406681088103441122e-09
-5.715438401708732741e+00 2.239513288075897563e-08
-5.707185826719573640e+00 0.000000000000000000e+00
-5.698933251730412763e+00 1.517623230744844640e-08
-5.690680676741253663e+00 0.000000000000000000e+00
-5.682428101752092786e+00 1.537144257680292535e-08
-5.674175526762933686e+00 2.329852888179551770e-08
-5.665922951773772809e+00 1.562706987270487185e-08
-5.657670376784613708e+00 0.000000000000000000e+00
-5.649417801795453720e+00 1.588466475381145749e-08
-5.641165226806293731e+00 1.602876172466236939e-08
-5.632912651817134631e+00 8.069673678920604744e-09
-5.624660076827973754e+00 8.153632081113975979e-09
-5.616407501838814653e+00 0.000000000000000000e+00
-5.608154926849653776e+00 1.646046488022776363e-08
-5.599902351860494676e+00 0.000000000000000000e+00
-5.591649776871333799e+00 8.405248128798838467e-09
-5.583397201882174699e+00 0.000000000000000000e+00
-5.575144626893013822e+00 0.000000000000000000e+00
-5.566892051903854721e+00 1.711620934726386415e-08
-5.558639476914693844e+00 1.722447046534538935e-08
-5.550386901925534744e+00 5.217165908943604441e-08
-5.542134326936373867e+00 1.749941447686456378e-08
-5.533881751947214767e+00 0.000000000000000000e+00
-5.525629176958053890e+00 8.875077956841153510e-09
-5.517376601968894789e+00 0.000000000000000000e+00
-5.509124026979733912e+00 1.810064375498475831e-08
-5.500871451990574812e+00 1.818860400051319719e-08
-5.492618877001413935e+00 9.204793760248402146e-09
-5.484366302012254835e+00 9.224069173754264881e-09
-5.476113727023093958e+00 1.858666632618139543e-08
-5.467861152033934857e+00 9.375751883236251204e-09
-5.459608577044773980e+00 1.886193194302667990e-08
-5.451356002055614880e+00 1.904620583432996415e-08
-5.443103427066454891e+00 2.880188792130006068e-08
-5.434850852077294903e+00 9.672165734519223431e-09
-5.426598277088134914e+00 1.950383721392725804e-08
-5.418345702098974925e+00 3.933329976164420261e-08
-5.410093127109815825e+00 9.907454726307695210e-09
-5.401840552120654948e+00 0.000000000000000000e+00
-5.393587977131495848e+00 3.013663116347754937e-08
-5.385335402142334971e+00 1.012481969218106047e-08
-5.377082827153175870e+00 0.000000000000000000e+00
-5.368830252164014993e+00 2.054669132730527949e-08
-5.360577677174855893e+00 3.106590817194529824e-08
-5.352325102185695016e+00 3.124325493411447109e-08
-5.344072527196535916e+00 1.055192222591592012e-08
-5.335819952207375039e+00 3.187819177445346735e-08
-5.327567377218215938e+00 2.132395578916798918e-08
-5.319314802229055061e+00 1.075871775044088970e-08
-5.311062227239895961e+00 2.170625671231569697e-08
-5.302809652250735084e+00 2.181253902179744673e-08
-5.294557077261575984e+00 3.303292992343798188e-08
-5.286304502272415107e+00 3.328362599699589378e-08
-5.278051927283256006e+00 3.347627537938157022e-08
-5.269799352294095129e+00 3.381968630959727242e-08
-5.261546777304936029e+00 4.541489132414211994e-08
-5.253294202315775152e+00 1.140230949222013425e-08
-5.245041627326616052e+00 1.154885135850941820e-08
-5.236789052337456063e+00 2.324366728551353734e-08
-5.228536477348296074e+00 1.170587850189547615e-08
-5.220283902359136086e+00 1.178433769892616897e-08
-5.212031327369976097e+00 1.190522902586835471e-08
-5.203778752380816996e+00 2.395659641977650981e-08
-5.195526177391656120e+00 2.414539591479553903e-08
-5.187273602402497019e+00 2.438212016659368047e-08
-5.179021027413336142e+00 3.677856140998496712e-08
-5.170768452424177042e+00 3.707018890008154950e-08
-5.162515877435016165e+00 3.729459113227062961e-08
-5.154263302445857065e+00 8.770177320892182510e-08
-5.146010727456696188e+00 3.791571464261215485e-08
-5.137758152467537087e+00 3.822981470574092234e-08
-5.129505577478376210e+00 5.124908860323531809e-08
-5.121253002489217110e+00 1.295111422148766049e-08
-5.113000427500056233e+00 2.607357850850757118e-08
-5.104747852510897133e+00 1.306818546517723926e-08
-5.096495277521736256e+00 3.960180860165344939e-08
-5.088242702532577155e+00 3.996531700298792129e-08
-5.079990127543416278e+00 0.000000000000000000e+00
-5.071737552554257178e+00 4.050186311800317113e-08
-5.063484977565096301e+00 5.433219051432645313e-08
-5.055232402575937201e+00 4.107568183847299532e-08
-5.046979827586776324e+00 1.384594950468444870e-08
-5.038727252597617223e+00 4.176332955872288738e-08
-5.030474677608457235e+00 1.404384401866336328e-08
-5.022222102619297246e+00 0.000000000000000000e+00
-5.013969527630137257e+00 4.281386091192160402e-08
-5.005716952640977269e+00 0.000000000000000000e+00
-4.997464377651817280e+00 1.444825333352983007e-08
-4.989211802662657291e+00 7.297026665424099213e-08
-4.980959227673498191e+00 5.872702008122660842e-08
-4.972706652684337314e+00 1.477787310448649790e-08
-4.964454077695178214e+00 0.000000000000000000e+00
-4.956201502706017337e+00 4.510914846476761806e-08
-4.947948927716858236e+00 7.572252191540673584e-08
-4.939696352727697359e+00 4.572796594978407524e-08
-4.931443777738538259e+00 0.000000000000000000e+00
-4.923191202749377382e+00 4.660906841759694334e-08
-4.914938627760218282e+00 1.564136093271006502e-08
-4.906686052771057405e+00 7.867598644840339817e-08
-4.898433477781898304e+00 3.162613816077839992e-08
-4.890180902792737427e+00 0.000000000000000000e+00
-4.881928327803578327e+00 3.223232992946094210e-08
-4.873675752814417450e+00 3.237518570608211183e-08
-4.865423177825258350e+00 6.529536998034977085e-08
-4.857170602836097473e+00 8.234297132197462605e-08
-4.848918027846938372e+00 0.000000000000000000e+00
-4.840665452857777495e+00 8.368609411218138360e-08
-4.832412877868618395e+00 3.365375201677602203e-08
-4.824160302879457518e+00 6.784011237389013669e-08
-4.815907727890298418e+00 1.716532701628814929e-08
-4.807655152901138429e+00 3.445702523658483881e-08
-4.799402577911978440e+00 3.479655982419315271e-08
-4.791150002922818452e+00 3.506403419162427004e-08
-4.782897427933658463e+00 1.234706818054518767e-07
-4.774644852944499362e+00 3.549408972700899932e-08
-4.766392277955338486e+00 7.165437654612944426e-08
-4.758139702966179385e+00 3.607873942919229038e-08
-4.749887127977018508e+00 7.264257484267841762e-08
-4.741634552987859408e+00 3.661849833715861650e-08
-4.733381977998698531e+00 5.535823043183175536e-08
-4.725129403009539431e+00 1.117026101453908024e-07
-4.716876828020378554e+00 7.492847540741036403e-08
-4.708624253031219453e+00 1.884257198085155425e-08
-4.700371678042058576e+00 1.142125628162088403e-07
-4.692119103052899476e+00 1.342409844787174642e-07
-4.683866528063738599e+00 5.800030592143027747e-08
-4.675613953074579499e+00 7.803118819763712499e-08
-4.667361378085418622e+00 1.370812086049174154e-07
-4.659108803096259521e+00 9.879557576524192408e-08
-4.650856228107098644e+00 7.961642078713982119e-08
-4.642603653117939544e+00 6.024266672642839756e-08
-4.634351078128778667e+00 2.015620652937210154e-08
-4.626098503139619567e+00 8.149579774204645148e-08
-4.617845928150459578e+00 6.164172647217000875e-08
-4.609593353161299589e+00 1.657528948876267643e-07
-4.601340778172139601e+00 4.162765415537731127e-08
-4.593088203182979612e+00 1.051800427549661036e-07
-4.584835628193819623e+00 8.469725013777378763e-08
-4.576583053204659635e+00 6.406604860133322822e-08
-4.568330478215499646e+00 6.459606111111811094e-08
-4.560077903226339657e+00 1.731608518704487628e-07
-4.551825328237180557e+00 1.089435130322606060e-07
-4.543572753248019680e+00 2.193967624428634268e-08
-4.535320178258860579e+00 1.551567841638381964e-07
-4.527067603269699703e+00 1.339488246598693451e-07
-4.518815028280540602e+00 6.741571581533822980e-08
-4.510562453291379725e+00 1.134104686912884811e-07
-4.502309878302220625e+00 1.599717071399626859e-07
-4.494057303313059748e+00 9.207749296651105645e-08
-4.485804728323900648e+00 4.649309825621655731e-08
-4.477552153334739771e+00 1.168149065765441795e-07
-4.469299578345580670e+00 9.430079568766898159e-08
-4.461047003356419793e+00 2.610801945291056105e-07
-4.452794428367260693e+00 1.433535923206513400e-07
-4.444541853378099816e+00 4.803586757746897484e-08
-4.436289278388940716e+00 1.211357893398084782e-07
-4.428036703399779839e+00 4.887231158089341416e-08
-4.419784128410620738e+00 1.478740339153728675e-07
-4.411531553421459861e+00 1.240412291582456621e-07
-4.403278978432300761e+00 1.000272762345138248e-07
-4.395026403443140772e+00 1.762832136042092173e-07
-4.386773828453980784e+00 2.796235740234488957e-07
-4.378521253464820795e+00 7.672016376370328564e-08
-4.370268678475660806e+00 1.291308219008290214e-07
-4.362016103486500818e+00 1.559309476114446178e-07
-4.353763528497340829e+00 2.091937418052868231e-07
-4.345510953508181728e+00 1.845232167650152830e-07
-4.337258378519020852e+00 7.977270536075987963e-08
-4.329005803529861751e+00 1.340877084713307710e-07
-4.320753228540700874e+00 2.432015546420056905e-07
-4.312500653551541774e+00 2.175423866398843968e-07
-4.304248078562380897e+00 2.195007080690040693e-07
-4.295995503573221797e+00 3.317063340428580537e-07
-4.287742928584060920e+00 2.224345322549646622e-07
-4.279490353594901819e+00 1.401480724826750167e-07
-4.271237778605740942e+00 1.412567072037136752e-07
-4.262985203616581842e+00 1.708245785133748643e-07
-4.254732628627420965e+00 2.582359794454769545e-07
-4.246480053638261865e+00 2.601941038810838936e-07
-4.238227478649100988e+00 2.915265675670511876e-07
-4.229974903659941887e+00 5.871724080797891102e-08
-4.221722328670781010e+00 1.183970800721752774e-07
-4.213469753681621910e+00 1.788025336787611071e-07
-4.205217178692461033e+00 1.803168119485031155e-07
-4.196964603703301933e+00 1.210504544142111230e-07
-4.188712028714141944e+00 1.828414298947788813e-07
-4.180459453724981955e+00 3.081158649868563691e-08
-4.172206878735821967e+00 1.856506224281044321e-07
-4.163954303746661978e+00 3.118101966205327973e-07
-4.155701728757501989e+00 2.828355656901967661e-07
-4.147449153768342001e+00 1.898332222736493076e-07
-4.139196578779182012e+00 2.232497181954593642e-07
-4.130944003790022023e+00 1.926142410919429987e-07
-4.122691428800862923e+00 2.915264791374448102e-07
-4.114438853811702046e+00 9.808801677146828080e-08
-4.106186278822542945e+00 2.958232733554656604e-07
-4.097933703833382069e+00 3.315500579238447231e-07
-4.089681128844222968e+00 3.008047117265608638e-07
-4.081428553855062091e+00 2.355372125079537221e-07
-4.073175978865902991e+00 2.714988338644115399e-07
-4.064923403876742114e+00 2.736759419329860319e-07
-4.056670828887583014e+00 2.751101341845961032e-07
-4.048418253898422137e+00 1.040375364622654575e-07
-4.040165678909263036e+00 2.793793479005531124e-07
-4.031913103920102159e+00 2.110340951921212696e-07
-4.023660528930943059e+00 4.612650060319183621e-07
-4.015407953941782182e+00 5.364597994232523445e-07
-4.007155378952623082e+00 2.523139682684256493e-07
-3.998902803963462649e+00 3.629297068710281468e-07
-3.990650228974302660e+00 1.460566949254596457e-07
-3.982397653985143116e+00 2.951266682425187740e-07
-3.974145078995983127e+00 2.969667971377304355e-07
-3.965892504006823138e+00 2.994589717001506933e-07
-3.957639929017663150e+00 3.771024134505258927e-07
-3.949387354028503161e+00 3.804682273194370278e-07
-3.941134779039343172e+00 3.825951356550962665e-07
-3.932882204050183184e+00 3.855198340051799312e-07
-3.924629629061023639e+00 1.165430461849282249e-07
-3.916377054071863650e+00 3.525166387076789443e-07
-3.908124479082703662e+00 4.343241032997861838e-07
-3.899871904093543673e+00 7.164224855951325157e-07
-3.891619329104383684e+00 3.206642261806089620e-07
-3.883366754115223696e+00 5.244986341774142664e-07
-3.875114179126063707e+00 2.444242033252025380e-07
-3.866861604136903718e+00 3.281941559990167707e-07
-3.858609029147743730e+00 4.548552975874113909e-07
-3.850356454158583741e+00 4.169052899991775374e-07
-3.842103879169423752e+00 6.292519991203559688e-07
-3.833851304180263764e+00 2.960136284751938943e-07
-3.825598729191103775e+00 4.691687360351590993e-07
-3.817346154201943786e+00 4.290702846074205493e-07
-3.809093579212783798e+00 5.186549316228417448e-07
-3.800841004223623809e+00 5.226903366933491738e-07
-3.792588429234463820e+00 6.145134004549112337e-07
-3.784335854245303832e+00 5.307040304272208283e-07
-3.776083279256144287e+00 5.352068854331155431e-07
-3.767830704266984299e+00 4.946473736585895027e-07
-3.759578129277824310e+00 5.890671777214636448e-07
-3.751325554288664321e+00 6.383634125621149353e-07
-3.743072979299504333e+00 4.134590993048227643e-07
-3.734820404310344344e+00 6.479936722377065619e-07
-3.726567829321184355e+00 1.866549091623901261e-07
-3.718315254332024367e+00 6.585123794383986696e-07
-3.710062679342864378e+00 6.160425996588301216e-07
-3.701810104353704389e+00 6.688852031834297151e-07
-3.693557529364544401e+00 3.367166656732612125e-07
-3.685304954375384856e+00 6.795514406373059511e-07
-3.677052379386224867e+00 5.858131315055893652e-07
-3.668799804397064879e+00 5.415377211422184816e-07
-3.660547229407904890e+00 7.440656386187618801e-07
-3.652294654418744901e+00 4.496004366341588993e-07
-3.644042079429584913e+00 1.157942728937925459e-06
-3.635789504440424924e+00 6.598461570156087576e-07
-3.627536929451264935e+00 4.597516445874625647e-07
-3.619284354462104947e+00 6.183997962602384651e-07
-3.611031779472944958e+00 5.195732520994320636e-07
-3.602779204483784969e+00 4.190176612915197178e-07
-3.594526629494624981e+00 4.211032408433916909e-07
-3.586274054505465436e+00 9.028369924016556093e-07
-3.578021479516305448e+00 3.745202987479634082e-07
-3.569768904527145459e+00 8.086443337748732195e-07
-3.561516329537985470e+00 6.519997664837574171e-07
-3.553263754548825482e+00 9.306799169036652850e-07
-3.545011179559665493e+00 6.619241853179760902e-07
-3.536758604570505504e+00 5.562661240929202681e-07
-3.528506029581345516e+00 8.393781843615336925e-07
-3.520253454592185527e+00 1.016580753790315720e-06
-3.512000879603025538e+00 9.665250541077099981e-07
-3.503748304613865550e+00 6.873485800740912503e-07
-3.495495729624705561e+00 8.647553625857223628e-07
-3.487243154635545572e+00 8.722533190645631420e-07
-3.478990579646385584e+00 1.289492909517954829e-06
-3.470738004657226039e+00 7.683025116498044164e-07
-3.462485429668066050e+00 8.932417053344384266e-07
-3.454232854678906062e+00 1.260066305778367662e-06
-3.445980279689746073e+00 8.461345966869481304e-07
-3.437727704700586084e+00 1.095750312682915571e-06
-3.429475129711426096e+00 7.980001312923732981e-07
-3.421222554722266107e+00 8.039450241572827930e-07
-3.412969979733106118e+00 7.477228624896342578e-07
-3.404717404743946130e+00 6.278654194791192919e-07
-3.396464829754786141e+00 7.591762855760383310e-07
-3.388212254765626152e+00 9.552310750157022370e-07
-3.379959679776466164e+00 1.349232826460683856e-06
-3.371707104787306619e+00 6.476853435788580207e-07
-3.363454529798146631e+00 1.108499714654081675e-06
-3.355201954808986642e+00 1.116583402449768952e-06
-3.346949379819826653e+00 1.059103393467253947e-06
-3.338696804830666665e+00 1.266825353386874093e-06
-3.330444229841506676e+00 1.344056826154935515e-06
-3.322191654852346687e+00 1.421763421660525466e-06
-3.313939079863186699e+00 1.023647630370584766e-06
-3.305686504874026710e+00 1.925281273871954937e-06
-3.297433929884866721e+00 6.239906959809113726e-07
-3.289181354895706733e+00 1.676436560199602054e-06
-3.280928779906546744e+00 1.827507987992960142e-06
-3.272676204917386755e+00 1.844377804073845845e-06
-3.264423629928227211e+00 1.428283670193365976e-06
-3.256171054939067222e+00 1.869701804127471099e-06
-3.247918479949907233e+00 1.451474883812562562e-06
-3.239665904960747245e+00 1.388068422516121217e-06
-3.231413329971587256e+00 1.030049901656905550e-06
-3.223160754982427267e+00 1.853883760226029163e-06
-3.214908179993267279e+00 2.241653890589567001e-06
-3.206655605004107290e+00 1.732333179948221296e-06
-3.198403030014947301e+00 1.592689408335757640e-06
-3.190150455025787313e+00 1.605662983165425125e-06
-3.181897880036627324e+00 2.158008264679058943e-06
-3.173645305047467335e+00 2.097722100876484244e-06
-3.165392730058307791e+00 1.408676022807785048e-06
-3.157140155069147802e+00 1.891177803804235597e-06
-3.148887580079987814e+00 1.906380203804850862e-06
-3.140635005090827825e+00 2.241098938702676281e-06
-3.132382430101667836e+00 1.853523572422858836e-06
-3.124129855112507848e+00 1.706652612884975098e-06
-3.115877280123347859e+00 1.638419649335967440e-06
-3.107624705134187870e+00 2.641412472759806931e-06
-3.099372130145027882e+00 2.078715797223017550e-06
-3.091119555155867893e+00 2.094961199797505470e-06
-3.082866980166707904e+00 2.870904738076564519e-06
-3.074614405177547916e+00 2.212679310718852851e-06
-3.066361830188387927e+00 2.142736565944430105e-06
-3.058109255199227938e+00 2.246109251253099556e-06
-3.049856680210068394e+00 1.914965269439234856e-06
-3.041604105220908405e+00 2.631166913442277877e-06
-3.033351530231748416e+00 2.033212031769982584e-06
-3.025098955242588428e+00 3.829874345735952161e-06
-3.016846380253428439e+00 3.228812239498203539e-06
-3.008593805264268450e+00 2.531640359843247142e-06
-3.000341230275108462e+00 3.460091610384339902e-06
-2.992088655285948473e+00 3.946232061563817904e-06
-2.983836080296788484e+00 2.497650930592524018e-06
-2.975583505307628496e+00 2.890790773058326065e-06
-2.967330930318468507e+00 2.815478567874889160e-06
-2.959078355329308518e+00 3.690109702743187850e-06
-2.950825780340148974e+00 2.858485126911636862e-06
-2.942573205350988985e+00 3.745424160701219335e-06
-2.934320630361828997e+00 2.130184511828237907e-06
-2.926068055372669008e+00 3.708970672857810066e-06
-2.917815480383509019e+00 3.441167367554610148e-06
-2.909562905394349031e+00 3.961617555556807006e-06
-2.901310330405189042e+00 3.193631231257504907e-06
-2.893057755416029053e+00 5.028721349187739840e-06
-2.884805180426869065e+00 4.663614357941710060e-06
-2.876552605437709076e+00 3.473873261005139572e-06
-2.868300030448549087e+00 3.702550895305585547e-06
-2.860047455459389099e+00 3.731217989958335498e-06
-2.851794880470229110e+00 3.551669992247786158e-06
-2.843542305481069565e+00 5.159391824197229171e-06
-2.835289730491909577e+00 4.773996851359417320e-06
-2.827037155502749588e+00 5.022061812843947756e-06
-2.818784580513589599e+00 4.630050442805398260e-06
-2.810532005524429611e+00 4.230623559014263407e-06
-2.802279430535269622e+00 6.997753990873786812e-06
-2.794026855546109633e+00 4.628127676280405829e-06
-2.785774280556949645e+00 4.666326165564157455e-06
-2.777521705567789656e+00 4.583887047146063614e-06
-2.769269130578629667e+00 6.538085282978708349e-06
-2.761016555589469679e+00 4.429755768867153351e-06
-2.752763980600309690e+00 5.494219326286244478e-06
-2.744511405611150145e+00 6.227447711009739016e-06
-2.736258830621990157e+00 6.157572621608368523e-06
-2.728006255632830168e+00 6.320734544475839657e-06
-2.719753680643670180e+00 6.131440044826867063e-06
-2.711501105654510191e+00 6.299947938866464373e-06
-2.703248530665350202e+00 6.109737272708501370e-06
-2.694995955676190214e+00 8.686358940696954897e-06
-2.686743380687030225e+00 6.926787951432280222e-06
-2.678490805697870236e+00 6.247082456499274857e-06
-2.670238230708710248e+00 4.811790283253177980e-06
-2.661985655719550259e+00 7.213842160642369368e-06
-2.653733080730390270e+00 6.266733181839759103e-06
-2.645480505741230282e+00 8.088646783140743764e-06
-2.637227930752070293e+00 7.129856924923401583e-06
-2.628975355762910748e+00 8.849451602626101472e-06
-2.620722780773750760e+00 7.364294408434274631e-06
-2.612470205784590771e+00 8.726415219402512008e-06
-2.604217630795430782e+00 7.873496402773960638e-06
-2.595965055806270794e+00 1.083940322399939583e-05
-2.587712480817110805e+00 8.789321785860740907e-06
-2.579459905827950816e+00 9.661419200770434622e-06
-2.571207330838790828e+00 9.732642179241858830e-06
-2.562954755849630839e+00 8.447207363648100395e-06
-2.554702180860470850e+00 9.746119898139279881e-06
-2.546449605871310862e+00 1.010098185432331075e-05
-2.538197030882150873e+00 1.031753676541753236e-05
-2.529944455892991328e+00 1.137405804514318524e-05
-2.521691880903831340e+00 1.118129447536098974e-05
-2.513439305914671351e+00 8.265954262333728050e-06
-2.505186730925511362e+00 1.221735573481627025e-05
-2.496934155936351374e+00 9.267681950075751184e-06
-2.488681580947191385e+00 1.240306800479182193e-05
-2.480429005958031397e+00 1.235021424827717708e-05
-2.472176430968871408e+00 1.007689659061682861e-05
-2.463923855979711419e+00 1.164011821800324961e-05
-2.455671280990551431e+00 1.203552069341071844e-05
-2.447418706001391442e+00 1.258351148650945923e-05
-2.439166131012231453e+00 1.176442178868708117e-05
-2.430913556023071465e+00 1.400297273320385171e-05
-2.422660981033911476e+00 1.458223132995711795e-05
-2.414408406044751931e+00 1.624383710387723034e-05
-2.406155831055591943e+00 1.259415805141358589e-05
-2.397903256066431954e+00 1.491078318892579095e-05
-2.389650681077271965e+00 1.486887337828473674e-05
-2.381398106088111977e+00 1.692036242341369553e-05
-2.373145531098951988e+00 1.493212603169707574e-05
-2.364892956109791999e+00 1.651406692177330695e-05
-2.356640381120632011e+00 1.631392245786721375e-05
-2.348387806131472022e+00 1.826352146960279733e-05
-2.340135231142312033e+00 1.757475453184467669e-05
-2.331882656153152045e+00 1.568695743980637048e-05
-2.323630081163992056e+00 1.783631635993035850e-05
-2.315377506174832511e+00 2.208764009481739446e-05
-2.307124931185672523e+00 1.793532811521700694e-05
-2.298872356196512534e+00 2.137576497387199868e-05
-2.290619781207352545e+00 1.891188413979361343e-05
-2.282367206218192557e+00 2.223263799996487710e-05
-2.274114631229032568e+00 2.097843973127633263e-05
-2.265862056239872580e+00 2.419174094401189769e-05
-2.257609481250712591e+00 2.184625834087749609e-05
-2.249356906261552602e+00 2.073643582449223089e-05
-2.241104331272392614e+00 2.566712110890919350e-05
-2.232851756283232625e+00 1.976275240875497832e-05
-2.224599181294072636e+00 2.307324344292192956e-05
-2.216346606304912648e+00 3.000358831076595191e-05
-2.208094031315753103e+00 2.267576875979899229e-05
-2.199841456326593114e+00 2.856634152903135776e-05
-2.191588881337433126e+00 2.705381137967139722e-05
-2.183336306348273137e+00 2.822149871132109325e-05
-2.175083731359113148e+00 2.999826877213054155e-05
-2.166831156369953160e+00 3.141291604894750223e-05
-2.158578581380793171e+00 3.064868579386288239e-05
-2.150326006391633182e+00 3.088690109235328981e-05
-2.142073431402473194e+00 2.972605033607519549e-05
-2.133820856413313205e+00 3.278507899004876703e-05
-2.125568281424153216e+00 2.936777797540500256e-05
-2.117315706434993228e+00 3.512750390215226129e-05
-2.109063131445833683e+00 3.374340293318228815e-05
-2.100810556456673694e+00 3.984026741557467418e-05
-2.092557981467513706e+00 3.425786020079534010e-05
-2.084305406478353717e+00 3.686061922037213776e-05
-2.076052831489193728e+00 3.691859629346108158e-05
-2.067800256500033740e+00 4.257491012117247981e-05
-2.059547681510873751e+00 4.095191465393789728e-05
-2.051295106521713763e+00 4.387899387979584829e-05
-2.043042531532553774e+00 4.114129102513345367e-05
-2.034789956543393785e+00 4.167785194032900718e-05
-2.026537381554233797e+00 4.244216918443844289e-05
-2.018284806565073808e+00 4.636938575752203164e-05
-2.010032231575913819e+00 5.102124838635136822e-05
-2.001779656586753831e+00 5.346689730046644539e-05
-1.993527081597594286e+00 5.365948149739366220e-05
-1.985274506608434297e+00 5.360948813887092578e-05
-1.977021931619274309e+00 5.447101611315068400e-05
-1.968769356630114320e+00 5.676755187064794228e-05
-1.960516781640954331e+00 5.364878812037722662e-05
-1.952264206651794343e+00 5.046091182184202483e-05
-1.944011631662634354e+00 5.686896005397877146e-05
-1.935759056673474365e+00 6.554792252544653795e-05
-1.927506481684314377e+00 5.921530001356823661e-05
-1.919253906695154388e+00 6.385931610671134935e-05
-1.911001331705994399e+00 6.758006955433683175e-05
-1.902748756716834411e+00 7.159953525791763632e-05
-1.894496181727674644e+00 7.063142657928033082e-05
-1.886243606738514877e+00 7.040622498778723363e-05
-1.877991031749354889e+00 8.246558274858353712e-05
-1.869738456760194900e+00 7.661981498746005216e-05
-1.861485881771034911e+00 8.816135644953713491e-05
-1.853233306781874923e+00 8.228853320239668662e-05
-1.844980731792714934e+00 7.630919281654028555e-05
-1.836728156803554945e+00 8.194389356079883789e-05
-1.828475581814394957e+00 8.202858587167416731e-05
-1.820223006825234968e+00 8.643103659795697803e-05
-1.811970431836074980e+00 9.332753566219294272e-05
-1.803717856846914991e+00 9.763652068626532893e-05
-1.795465281857755224e+00 1.063977066071567157e-04
-1.787212706868595458e+00 1.027507302264209606e-04
-1.778960131879435469e+00 1.007177294618680170e-04
-1.770707556890275480e+00 1.113941918441542890e-04
-1.762454981901115492e+00 1.102367494528509138e-04
-1.754202406911955503e+00 1.087758579360390259e-04
-1.745949831922795514e+00 1.275632222266171790e-04
-1.737697256933635526e+00 1.223989244757871719e-04
-1.729444681944475537e+00 1.289385904686856830e-04
-1.721192106955315548e+00 1.168861488720352289e-04
-1.712939531966155560e+00 1.329857280152692322e-04
-1.704686956976995571e+00 1.261822717339546387e-04
-1.696434381987835582e+00 1.568071803385685868e-04
-1.688181806998675594e+00 1.470391261963936258e-04
-1.679929232009515605e+00 1.475323556285360830e-04
-1.671676657020355616e+00 1.554559386277661504e-04
-1.663424082031195628e+00 1.641250204775831351e-04
-1.655171507042035639e+00 1.629066874149528294e-04
-1.646918932052875650e+00 1.670005332477483872e-04
-1.638666357063715662e+00 1.842265115095948608e-04
-1.630413782074556117e+00 1.837125179660729110e-04
-1.622161207085396573e+00 1.766885929557597014e-04
-1.613908632096236584e+00 1.933739445951861613e-04
-1.605656057107076595e+00 2.083785974740537958e-04
-1.597403482117916607e+00 2.052840402417725285e-04
-1.589150907128756618e+00 2.065104736433458167e-04
-1.580898332139596629e+00 2.228837347786294615e-04
-1.572645757150436641e+00 2.215613015145518532e-04
-1.564393182161276652e+00 2.249415141394480431e-04
-1.556140607172116663e+00 2.290827258358855089e-04
-1.547888032182956675e+00 2.405548888392281589e-04
-1.539635457193796686e+00 2.619760485424880363e-04
-1.531382882204636697e+00 2.594113473430579892e-04
-1.523130307215476709e+00 2.684734198904191222e-04
-1.514877732226316720e+00 2.698008144125762218e-04
-1.506625157237156731e+00 2.859033570759187499e-04
-1.498372582247996743e+00 3.001158354655943800e-04
-1.490120007258836754e+00 3.239870953133890986e-04
-1.481867432269676765e+00 3.027935612083057786e-04
-1.473614857280516777e+00 3.330297576779553013e-04
-1.465362282291356788e+00 3.557809530163960903e-04
-1.457109707302196799e+00 3.547205180921577088e-04
-1.448857132313036811e+00 3.703835624790918486e-04
-1.440604557323876822e+00 3.935282526903159683e-04
-1.432351982334716833e+00 3.918587473571352991e-04
-1.424099407345557289e+00 3.971766588232137100e-04
-1.415846832356397744e+00 3.838115671922650131e-04
-1.407594257367237756e+00 4.088046367194690580e-04
-1.399341682378077767e+00 4.445799855433092479e-04
-1.391089107388917778e+00 4.559712192724718724e-04
-1.382836532399757790e+00 4.630980975052990858e-04
-1.374583957410597801e+00 4.641879500706444636e-04
-1.366331382421437812e+00 5.074129457321783880e-04
-1.358078807432277824e+00 4.899469331865478937e-04
-1.349826232443117835e+00 5.491006193185398766e-04
-1.341573657453957846e+00 5.217605439221956057e-04
-1.333321082464797858e+00 6.073416075119313431e-04
-1.325068507475637869e+00 5.898402881253666684e-04
-1.316815932486477880e+00 5.874888686012450173e-04
-1.308563357497317892e+00 6.503655455393399102e-04
-1.300310782508157903e+00 6.465920511609177116e-04
-1.292058207518997914e+00 6.673391578061574391e-04
-1.283805632529837926e+00 7.003740381885036016e-04
-1.275553057540677937e+00 7.056584185732090375e-04
-1.267300482551517948e+00 7.385017479642866671e-04
-1.259047907562357960e+00 7.993369428838134443e-04
-1.250795332573197971e+00 8.233113015325907447e-04
-1.242542757584037982e+00 8.584973104756194471e-04
-1.234290182594877994e+00 8.636267120187522683e-04
-1.226037607605718005e+00 8.792186029079431583e-04
-1.217785032616558016e+00 9.140717137278262135e-04
-1.209532457627398472e+00 9.562044818710466404e-04
-1.201279882638238927e+00 1.036549365893046004e-03
-1.193027307649078939e+00 1.004448559293513428e-03
-1.184774732659918950e+00 1.108128901732470918e-03
-1.176522157670758961e+00 1.137533283086258895e-03
-1.168269582681598973e+00 1.163977232133336058e-03
-1.160017007692438984e+00 1.191749154447902794e-03
-1.151764432703278995e+00 1.212423797273398792e-03
-1.143511857714119007e+00 1.315283192714329294e-03
-1.135259282724959018e+00 1.332978230899829709e-03
-1.127006707735799029e+00 1.491970948995629707e-03
-1.118754132746639041e+00 1.439969493776618262e-03
-1.110501557757479052e+00 1.540818096535254839e-03
-1.102248982768319063e+00 1.612275852868139212e-03
-1.093996407779159075e+00 1.703543882641250090e-03
-1.085743832789999086e+00 1.681024758946542477e-03
-1.077491257800839097e+00 1.784883952312452549e-03
-1.069238682811679109e+00 1.880888812221691211e-03
-1.060986107822519120e+00 1.932842687225109872e-03
-1.052733532833359131e+00 2.052766496187530872e-03
-1.044480957844199143e+00 2.083489522820988760e-03
-1.036228382855039154e+00 2.190389532408030908e-03
-1.027975807865879165e+00 2.316348718836347843e-03
-1.019723232876719177e+00 2.380418305818509869e-03
-1.011470657887559188e+00 2.493045808234196740e-03
-1.003218082898399199e+00 2.622501716881633221e-03
-9.949655079092396548e-01 2.712645758436111731e-03
-9.867129329200801102e-01 2.809338387385022697e-03
-9.784603579309201216e-01 2.956306013264174172e-03
-9.702077829417601329e-01 3.074637143085770519e-03
-9.619552079526001442e-01 3.151690831679599281e-03
-9.537026329634401556e-01 3.211070853199836199e-03
-9.454500579742801669e-01 3.402435290106157507e-03
-9.371974829851201783e-01 3.638527829817704475e-03
-9.289449079959601896e-01 3.786694572695142782e-03
-9.206923330068002009e-01 3.915685870562036867e-03
-9.124397580176402123e-01 4.166425938507840529e-03
-9.041871830284802236e-01 4.281445104072140705e-03
-8.959346080393202350e-01 4.484653249195219918e-03
-8.876820330501602463e-01 4.641902049689308925e-03
-8.794294580610002576e-01 4.960767621804117351e-03
-8.711768830718402690e-01 4.989452215421014483e-03
-8.629243080826802803e-01 5.350914354648533648e-03
-8.546717330935202916e-01 5.673415124470183521e-03
-8.464191581043603030e-01 5.932764536917308450e-03
-8.381665831152003143e-01 6.282128393017493220e-03
-8.299140081260403257e-01 6.415580699412243987e-03
-8.216614331368803370e-01 6.733899226602466613e-03
-8.134088581477203483e-01 7.177938832383163291e-03
-8.051562831585603597e-01 7.579198348726706898e-03
-7.969037081694003710e-01 7.788513348429983163e-03
-7.886511331802408264e-01 8.196172816783718618e-03
-7.803985581910812819e-01 8.572335154335610635e-03
-7.721459832019212932e-01 8.854249932436508014e-03
-7.638934082127613046e-01 9.581670971268274606e-03
-7.556408332236013159e-01 9.983709772517161685e-03
-7.473882582344413272e-01 1.044413842318449304e-02
-7.391356832452813386e-01 1.085369449539820216e-02
-7.308831082561213499e-01 1.149420055986301488e-02
-7.226305332669613612e-01 1.226952962433999934e-02
-7.143779582778013726e-01 1.260992060283957703e-02
-7.061253832886413839e-01 1.336620984504297525e-02
-6.978728082994813953e-01 1.395501200228740045e-02
-6.896202333103214066e-01 1.466622920009500418e-02
-6.813676583211614179e-01 1.558748878526361459e-02
-6.731150833320014293e-01 1.636460374375782456e-02
-6.648625083428414406e-01 1.729818595922955407e-02
-6.566099333536814520e-01 1.829245715328357141e-02
-6.483573583645214633e-01 1.913054782717707805e-02
-6.401047833753614746e-01 2.040609826179023631e-02
-6.318522083862014860e-01 2.128620814175446671e-02
-6.235996333970414973e-01 2.262616841471836587e-02
-6.153470584078815087e-01 2.353542427775278875e-02
-6.070944834187215200e-01 2.501090308260958336e-02
-5.988419084295615313e-01 2.631064606101178593e-02
-5.905893334404015427e-01 2.788128198174762845e-02
-5.823367584512415540e-01 2.960206229068749334e-02
-5.740841834620820094e-01 3.141953969686980819e-02
-5.658316084729224649e-01 3.301216990847223587e-02
-5.575790334837624762e-01 3.462121014205239711e-02
-5.493264584946024875e-01 3.678742928165548015e-02
-5.410738835054424989e-01 3.910487266504503179e-02
-5.328213085162825102e-01 4.128358310108203033e-02
-5.245687335271225216e-01 4.357414118505913841e-02
-5.163161585379625329e-01 4.645045872804412501e-02
-5.080635835488025442e-01 4.967947524468030451e-02
-4.998110085596425556e-01 5.252293957711678257e-02
-4.915584335704825669e-01 5.529700032185156516e-02
-4.833058585813225783e-01 5.887138351759721444e-02
-4.750532835921625896e-01 6.291778478379336792e-02
-4.668007086030026009e-01 6.711851828625123306e-02
-4.585481336138426123e-01 7.053492518616359674e-02
-4.502955586246826236e-01 7.490982877311808119e-02
-4.420429836355226350e-01 8.009213333671059976e-02
-4.337904086463626463e-01 8.569247781588659740e-02
-4.255378336572026576e-01 9.134339978273418870e-02
-4.172852586680426690e-01 9.723945586576339395e-02
-4.090326836788826803e-01 1.039392209384592397e-01
-4.007801086897226917e-01 1.103503828348653681e-01
-3.925275337005627030e-01 1.179659982136058022e-01
-3.842749587114027143e-01 1.254088582355158132e-01
-3.760223837222427257e-01 1.345219826418221354e-01
-3.677698087330831811e-01 1.436998236928467287e-01
-3.595172337439236365e-01 1.538305355131389385e-01
-3.512646587547636479e-01 1.636538546810476780e-01
-3.430120837656036592e-01 1.755290435950051242e-01
-3.347595087764436705e-01 1.881469968204941001e-01
-3.265069337872836819e-01 2.015672649276266104e-01
-3.182543587981236932e-01 2.160216832266079745e-01
-3.100017838089637046e-01 2.314213913827881941e-01
-3.017492088198037159e-01 2.481156943337491094e-01
-2.934966338306437272e-01 2.653032237513022196e-01
-2.852440588414837386e-01 2.843153035534911055e-01
-2.769914838523237499e-01 3.052370098119472352e-01
-2.687389088631637613e-01 3.275572148132371297e-01
-2.604863338740037726e-01 3.513079457142825324e-01
-2.522337588848437839e-01 3.779418830576806720e-01
-2.439811838956837953e-01 4.065650801081025500e-01
-2.357286089065238066e-01 4.347945963446646633e-01
-2.274760339173638179e-01 4.692620527114239604e-01
-2.192234589282038293e-01 5.039245185317933196e-01
-2.109708839390438406e-01 5.389656044511338395e-01
-2.027183089498838520e-01 5.818514890351114133e-01
-1.944657339607238633e-01 6.261495444436429025e-01
-1.862131589715638746e-01 6.716444788878159766e-01
-1.779605839824038860e-01 7.218666425070088266e-01
-1.697080089932438973e-01 7.773898649062350730e-01
-1.614554340040839087e-01 8.348995861574234345e-01
-1.532028590149243641e-01 8.958904391399471479e-01
-1.449502840257648195e-01 9.634892672498011068e-01
-1.366977090366048309e-01 1.032994780143499325e+00
-1.284451340474448422e-01 1.109975967111041184e+00
-1.201925590582848535e-01 1.193725109395728623e+00
-1.119399840691248649e-01 1.278473230889925150e+00
-1.036874090799648762e-01 1.367672303265236255e+00
-9.543483409080488755e-02 1.466752909369764657e+00
-8.718225910164489889e-02 1.568679403056402855e+00
-7.892968411248491023e-02 1.680429826138394089e+00
-7.067710912332492157e-02 1.791735290425139127e+00
-6.242453413416493291e-02 1.909547251595619333e+00
-5.417195914500494425e-02 2.035971580600109743e+00
-4.591938415584495559e-02 2.157557896298660349e+00
-3.766680916668496693e-02 2.294101202297192277e+00
-2.941423417752497826e-02 2.428581885018453068e+00
-2.116165918836498960e-02 2.566002054517099840e+00
-1.290908419920500094e-02 2.702142714445777028e+00
-4.656509210045012281e-03 2.842829955275888221e+00
3.596065779114976380e-03 2.977473825458631929e+00
1.184864076827496504e-02 3.116763721733829318e+00
2.010121575743495370e-02 3.237886122632176455e+00
2.835379074659494236e-02 3.364673774330716238e+00
3.660636573575493102e-02 3.477141039904071196e+00
4.485894072491491968e-02 3.572237628105933815e+00
5.311151571407446426e-02 3.649535982174682225e+00
6.136409070323400883e-02 3.707840598566090495e+00
6.961666569239399749e-02 3.747411059417365742e+00
7.786924068155398615e-02 3.755110559489494015e+00
8.612181567071397481e-02 3.738656229005303810e+00
9.437439065987396347e-02 3.684480458320492424e+00
1.026269656490339521e-01 3.601702640204061279e+00
1.108795406381939408e-01 3.490120175386063561e+00
1.191321156273539295e-01 3.347165241888545584e+00
1.273846906165139181e-01 3.165773777444688353e+00
1.356372656056739068e-01 2.956374960945799213e+00
1.438898405948338954e-01 2.722707775270631902e+00
1.521424155839938841e-01 2.471364130940377102e+00
1.603949905731538728e-01 2.204059621406723846e+00
1.686475655623138614e-01 1.928503284320105982e+00
1.769001405514738501e-01 1.651815020754650698e+00
1.851527155406338387e-01 1.388291639455062843e+00
1.934052905297938274e-01 1.136812337957165964e+00
2.016578655189538161e-01 9.054420360757515773e-01
2.099104405081138047e-01 7.013862931624642583e-01
2.181630154972737934e-01 5.269359380235392187e-01
2.264155904864337820e-01 3.832240596804017962e-01
2.346681654755937707e-01 2.676595269705296931e-01
2.429207404647537594e-01 1.774703216111060966e-01
2.511733154539137480e-01 1.140937083853313383e-01
2.594258904430737367e-01 6.967892670754340101e-02
2.676784654322332813e-01 4.023843264742009429e-02
2.759310404213928258e-01 2.158245960321080251e-02
2.841836154105528145e-01 1.150741800741208153e-02
2.924361903997128032e-01 5.472615627534494973e-03
3.006887653888727918e-01 2.471235920740758821e-03
3.089413403780327805e-01 1.124329121251980979e-03
3.171939153671927691e-01 4.310100175212981145e-04
3.254464903563527578e-01 1.149054842306854955e-04
3.336990653455127465e-01 5.104045955382070337e-05
3.419516403346727351e-01 9.883996069192177984e-06
3.502042153238327238e-01 5.989671410390196592e-06
3.584567903129927124e-01 0.000000000000000000e+00
3.667093653021527011e-01 2.018286209645934264e-06
3.749619402913126898e-01 0.000000000000000000e+00
3.832145152804726784e-01 0.000000000000000000e+00
3.914670902696326671e-01 0.000000000000000000e+00
3.997196652587926557e-01 0.000000000000000000e+00
4.079722402479526444e-01 0.000000000000000000e+00
4.162248152371126331e-01 0.000000000000000000e+00
4.244773902262726217e-01 0.000000000000000000e+00
4.327299652154326104e-01 0.000000000000000000e+00
4.409825402045925991e-01 0.000000000000000000e+00
4.492351151937525877e-01 0.000000000000000000e+00
4.574876901829125764e-01 0.000000000000000000e+00
4.657402651720725650e-01 0.000000000000000000e+00
4.739928401612325537e-01 0.000000000000000000e+00
4.822454151503920983e-01 0.000000000000000000e+00
4.904979901395516428e-01 0.000000000000000000e+00
4.987505651287116315e-01 0.000000000000000000e+00
5.070031401178716202e-01 0.000000000000000000e+00
5.152557151070316088e-01 0.000000000000000000e+00
5.235082900961915975e-01 0.000000000000000000e+00
5.317608650853515861e-01 0.000000000000000000e+00
5.400134400745115748e-01 0.000000000000000000e+00
5.482660150636715635e-01 0.000000000000000000e+00
5.565185900528315521e-01 0.000000000000000000e+00
5.647711650419915408e-01 0.000000000000000000e+00
5.730237400311515295e-01 0.000000000000000000e+00
5.812763150203115181e-01 0.000000000000000000e+00
5.895288900094715068e-01 0.000000000000000000e+00
5.977814649986314954e-01 0.000000000000000000e+00
6.060340399877914841e-01 0.000000000000000000e+00
6.142866149769514728e-01 0.000000000000000000e+00
6.225391899661114614e-01 0.000000000000000000e+00
6.307917649552714501e-01 0.000000000000000000e+00
6.390443399444314387e-01 0.000000000000000000e+00
6.472969149335914274e-01 0.000000000000000000e+00
6.555494899227514161e-01 0.000000000000000000e+00
6.638020649119114047e-01 0.000000000000000000e+00
6.720546399010713934e-01 0.000000000000000000e+00
6.803072148902313820e-01 0.000000000000000000e+00
6.885597898793909266e-01 0.000000000000000000e+00
6.968123648685504712e-01 0.000000000000000000e+00
7.050649398577104598e-01 0.000000000000000000e+00
7.133175148468704485e-01 0.000000000000000000e+00
7.215700898360304372e-01 0.000000000000000000e+00
7.298226648251904258e-01 0.000000000000000000e+00
7.380752398143504145e-01 0.000000000000000000e+00
7.463278148035104032e-01 0.000000000000000000e+00
7.545803897926703918e-01 0.000000000000000000e+00
7.628329647818303805e-01 0.000000000000000000e+00
7.710855397709903691e-01 0.000000000000000000e+00
7.793381147601503578e-01 0.000000000000000000e+00
7.875906897493103465e-01 0.000000000000000000e+00
7.958432647384703351e-01 0.000000000000000000e+00
8.040958397276303238e-01 0.000000000000000000e+00
8.123484147167903124e-01 0.000000000000000000e+00
8.206009897059503011e-01 0.000000000000000000e+00
8.288535646951102898e-01 0.000000000000000000e+00
8.371061396842702784e-01 0.000000000000000000e+00
8.453587146734302671e-01 0.000000000000000000e+00
8.536112896625902557e-01 0.000000000000000000e+00
8.618638646517502444e-01 0.000000000000000000e+00
8.701164396409102331e-01 0.000000000000000000e+00
8.783690146300702217e-01 0.000000000000000000e+00
8.866215896192302104e-01 0.000000000000000000e+00
8.948741646083901990e-01 0.000000000000000000e+00
9.031267395975497436e-01 0.000000000000000000e+00
9.113793145867092882e-01 0.000000000000000000e+00
9.196318895758692769e-01 0.000000000000000000e+00
9.278844645650292655e-01 0.000000000000000000e+00
9.361370395541892542e-01 0.000000000000000000e+00
9.443896145433492428e-01 0.000000000000000000e+00
9.526421895325092315e-01 0.000000000000000000e+00
9.608947645216692202e-01 0.000000000000000000e+00
9.691473395108292088e-01 0.000000000000000000e+00
9.773999144999891975e-01 0.000000000000000000e+00
9.856524894891491861e-01 0.000000000000000000e+00
9.939050644783091748e-01 0.000000000000000000e+00
1.002157639467469163e+00 0.000000000000000000e+00
1.010410214456629152e+00 0.000000000000000000e+00
1.018662789445789141e+00 0.000000000000000000e+00
1.026915364434949129e+00 0.000000000000000000e+00
1.035167939424109118e+00 0.000000000000000000e+00
1.043420514413269107e+00 0.000000000000000000e+00
1.051673089402429095e+00 0.000000000000000000e+00
1.059925664391589084e+00 0.000000000000000000e+00
1.068178239380749073e+00 0.000000000000000000e+00
1.076430814369909061e+00 0.000000000000000000e+00
1.084683389359069050e+00 0.000000000000000000e+00
1.092935964348229039e+00 0.000000000000000000e+00
1.101188539337389027e+00 0.000000000000000000e+00
1.109441114326549016e+00 0.000000000000000000e+00
1.117693689315708561e+00 0.000000000000000000e+00
1.125946264304868105e+00 0.000000000000000000e+00
1.134198839294028094e+00 0.000000000000000000e+00
1.142451414283188083e+00 0.000000000000000000e+00
1.150703989272348071e+00 0.000000000000000000e+00
1.158956564261508060e+00 0.000000000000000000e+00
1.167209139250668049e+00 0.000000000000000000e+00
1.175461714239828037e+00 0.000000000000000000e+00
1.183714289228988026e+00 0.000000000000000000e+00
1.191966864218148014e+00 0.000000000000000000e+00
1.200219439207308003e+00 0.000000000000000000e+00
1.208472014196467992e+00 0.000000000000000000e+00
1.216724589185627980e+00 0.000000000000000000e+00
1.224977164174787969e+00 0.000000000000000000e+00
1.233229739163947958e+00 0.000000000000000000e+00
1.241482314153107946e+00 0.000000000000000000e+00
1.249734889142267935e+00 0.000000000000000000e+00
1.257987464131427924e+00 0.000000000000000000e+00
1.266240039120587912e+00 0.000000000000000000e+00
1.274492614109747901e+00 0.000000000000000000e+00
1.282745189098907890e+00 0.000000000000000000e+00
1.290997764088067878e+00 0.000000000000000000e+00
1.299250339077227867e+00 0.000000000000000000e+00
1.307502914066387856e+00 0.000000000000000000e+00
1.315755489055547844e+00 0.000000000000000000e+00
1.324008064044707389e+00 0.000000000000000000e+00
1.332260639033866934e+00 0.000000000000000000e+00
1.340513214023026922e+00 0.000000000000000000e+00
1.348765789012186911e+00 0.000000000000000000e+00
1.357018364001346900e+00 0.000000000000000000e+00
1.365270938990506888e+00 0.000000000000000000e+00
1.373523513979666877e+00 0.000000000000000000e+00
1.381776088968826866e+00 0.000000000000000000e+00
1.390028663957986854e+00 0.000000000000000000e+00
1.398281238947146843e+00 0.000000000000000000e+00
1.406533813936306831e+00 0.000000000000000000e+00
1.414786388925466820e+00 0.000000000000000000e+00
1.423038963914626809e+00 0.000000000000000000e+00
1.431291538903786797e+00 0.000000000000000000e+00
1.439544113892946786e+00 0.000000000000000000e+00
1.447796688882106775e+00 0.000000000000000000e+00
1.456049263871266763e+00 0.000000000000000000e+00
1.464301838860426752e+00 0.000000000000000000e+00
1.472554413849586741e+00 0.000000000000000000e+00
1.480806988838746729e+00 0.000000000000000000e+00
1.489059563827906718e+00 0.000000000000000000e+00
1.497312138817066707e+00 0.000000000000000000e+00
1.505564713806226695e+00 0.000000000000000000e+00
1.513817288795386684e+00 0.000000000000000000e+00
1.522069863784546673e+00 0.000000000000000000e+00
1.530322438773706661e+00 0.000000000000000000e+00
1.538575013762866206e+00 0.000000000000000000e+00
1.546827588752025751e+00 0.000000000000000000e+00
1.555080163741185739e+00 0.000000000000000000e+00
1.563332738730345728e+00 0.000000000000000000e+00
1.571585313719505717e+00 0.000000000000000000e+00
1.579837888708665705e+00 0.000000000000000000e+00
1.588090463697825694e+00 0.000000000000000000e+00
1.596343038686985683e+00 0.000000000000000000e+00
1.604595613676145671e+00 0.000000000000000000e+00
1.612848188665305660e+00 0.000000000000000000e+00
1.621100763654465649e+00 0.000000000000000000e+00
1.629353338643625637e+00 0.000000000000000000e+00
1.637605913632785626e+00 0.000000000000000000e+00
1.645858488621945614e+00 0.000000000000000000e+00
1.654111063611105603e+00 0.000000000000000000e+00
1.662363638600265592e+00 0.000000000000000000e+00
1.670616213589425580e+00 0.000000000000000000e+00
1.678868788578585569e+00 0.000000000000000000e+00
1.687121363567745558e+00 0.000000000000000000e+00
1.695373938556905546e+00 0.000000000000000000e+00
1.703626513546065535e+00 0.000000000000000000e+00
1.711879088535225524e+00 0.000000000000000000e+00
1.720131663524385512e+00 0.000000000000000000e+00
1.728384238513545501e+00 0.000000000000000000e+00
1.736636813502705490e+00 0.000000000000000000e+00
1.744889388491865034e+00 0.000000000000000000e+00
1.753141963481024579e+00 0.000000000000000000e+00
1.761394538470184568e+00 0.000000000000000000e+00
1.769647113459344556e+00 0.000000000000000000e+00
1.777899688448504545e+00 0.000000000000000000e+00
1.786152263437664534e+00 0.000000000000000000e+00
1.794404838426824522e+00 0.000000000000000000e+00
1.802657413415984511e+00 0.000000000000000000e+00
1.810909988405144500e+00 0.000000000000000000e+00
1.819162563394304488e+00 0.000000000000000000e+00
1.827415138383464477e+00 0.000000000000000000e+00
1.835667713372624466e+00 0.000000000000000000e+00
1.843920288361784454e+00 0.000000000000000000e+00
1.852172863350944443e+00 0.000000000000000000e+00
1.860425438340104431e+00 0.000000000000000000e+00
1.868678013329264420e+00 0.000000000000000000e+00
1.876930588318424409e+00 0.000000000000000000e+00
1.885183163307584397e+00 0.000000000000000000e+00
1.893435738296744386e+00 0.000000000000000000e+00
1.901688313285904375e+00 0.000000000000000000e+00
1.909940888275064363e+00 0.000000000000000000e+00
1.918193463264224352e+00 0.000000000000000000e+00
1.926446038253384341e+00 0.000000000000000000e+00
1.934698613242544329e+00 0.000000000000000000e+00
1.942951188231704318e+00 0.000000000000000000e+00
1.951203763220864307e+00 0.000000000000000000e+00
1.959456338210023851e+00 0.000000000000000000e+00
1.967708913199183396e+00 0.000000000000000000e+00
1.975961488188343385e+00 0.000000000000000000e+00
1.984214063177503373e+00 0.000000000000000000e+00
1.992466638166663362e+00 0.000000000000000000e+00
2.000719213155823351e+00 0.000000000000000000e+00
2.008971788144983339e+00 0.000000000000000000e+00
2.017224363134143328e+00 0.000000000000000000e+00
2.025476938123303317e+00 0.000000000000000000e+00
2.033729513112463305e+00 0.000000000000000000e+00
2.041982088101623294e+00 0.000000000000000000e+00
2.050234663090783283e+00 0.000000000000000000e+00
2.058487238079943271e+00 0.000000000000000000e+00
2.066739813069103260e+00 0.000000000000000000e+00
2.074992388058263248e+00 0.000000000000000000e+00
2.083244963047423237e+00 0.000000000000000000e+00
2.091497538036583226e+00 0.000000000000000000e+00
2.099750113025743214e+00 0.000000000000000000e+00
2.108002688014903203e+00 0.000000000000000000e+00
2.116255263004063192e+00 0.000000000000000000e+00
2.124507837993223180e+00 0.000000000000000000e+00
2.132760412982383169e+00 0.000000000000000000e+00
2.141012987971543158e+00 0.000000000000000000e+00
2.149265562960703146e+00 0.000000000000000000e+00
2.157518137949863135e+00 0.000000000000000000e+00
2.165770712939022680e+00 0.000000000000000000e+00
2.174023287928182224e+00 0.000000000000000000e+00
2.182275862917342213e+00 0.000000000000000000e+00
2.190528437906502202e+00 0.000000000000000000e+00
2.198781012895662190e+00 0.000000000000000000e+00
2.207033587884822179e+00 0.000000000000000000e+00
2.215286162873982168e+00 0.000000000000000000e+00
2.223538737863142156e+00 0.000000000000000000e+00
2.231791312852302145e+00 0.000000000000000000e+00
2.240043887841462134e+00 0.000000000000000000e+00
2.248296462830622122e+00 0.000000000000000000e+00
2.256549037819782555e+00 0.000000000000000000e+00
2.264801612808942544e+00 0.000000000000000000e+00
2.273054187798101644e+00 0.000000000000000000e+00
2.281306762787261633e+00 0.000000000000000000e+00
2.289559337776421621e+00 0.000000000000000000e+00
2.297811912765581610e+00 0.000000000000000000e+00
2.306064487754741599e+00 0.000000000000000000e+00
2.314317062743901587e+00 0.000000000000000000e+00
2.322569637733061576e+00 0.000000000000000000e+00
2.330822212722221565e+00 0.000000000000000000e+00
2.339074787711381553e+00 0.000000000000000000e+00
2.347327362700541542e+00 0.000000000000000000e+00
2.355579937689701531e+00 0.000000000000000000e+00
2.363832512678861519e+00 0.000000000000000000e+00
2.372085087668021508e+00 0.000000000000000000e+00
2.380337662657181497e+00 0.000000000000000000e+00
2.388590237646341485e+00 0.000000000000000000e+00
2.396842812635501474e+00 0.000000000000000000e+00
2.405095387624661463e+00 0.000000000000000000e+00
2.413347962613821451e+00 0.000000000000000000e+00
2.421600537602981440e+00 0.000000000000000000e+00
2.429853112592141429e+00 0.000000000000000000e+00
2.438105687581301417e+00 0.000000000000000000e+00
2.446358262570461406e+00 0.000000000000000000e+00
2.454610837559621395e+00 0.000000000000000000e+00
2.462863412548781383e+00 0.000000000000000000e+00
2.471115987537941372e+00 0.000000000000000000e+00
2.479368562527101361e+00 0.000000000000000000e+00
2.487621137516261349e+00 0.000000000000000000e+00
2.495873712505420450e+00 0.000000000000000000e+00
