-5.748448701665372695e+00 0.000000000000000000e+00
-5.740196126676213595e+00 0.000000000000000000e+00
-5.731943551687052718e+00 2.889025512819879614e-06
-5.723690976697893618e+00 0.000000000000000000e+00
-5.715438401708732741e+00 1.444512756409939807e-06
-5.707185826719573640e+00 0.000000000000000000e+00
-5.698933251730412763e+00 4.333538269229819420e-06
-5.690680676741253663e+00 2.889025512819879614e-06
-5.682428101752092786e+00 1.444512756409939807e-06
-5.674175526762933686e+00 0.000000000000000000e+00
-5.665922951773772809e+00 0.000000000000000000e+00
-5.657670376784613708e+00 0.000000000000000000e+00
-5.649417801795453720e+00 1.444512756409939807e-06
-5.641165226806293731e+00 2.889025512819879614e-06
-5.632912651817134631e+00 2.889025512819879614e-06
-5.624660076827973754e+00 2.889025512819879614e-06
-5.616407501838814653e+00 0.000000000000000000e+00
-5.608154926849653776e+00 1.444512756409939807e-06
-5.599902351860494676e+00 4.333538269229819420e-06
-5.591649776871333799e+00 1.444512756409939807e-06
-5.583397201882174699e+00 0.000000000000000000e+00
-5.575144626893013822e+00 1.444512756409939807e-06
-5.566892051903854721e+00 0.000000000000000000e+00
-5.558639476914693844e+00 0.000000000000000000e+00
-5.550386901925534744e+00 2.889025512819879614e-06
-5.542134326936373867e+00 0.000000000000000000e+00
-5.533881751947214767e+00 1.444512756409939807e-06
-5.525629176958053890e+00 0.000000000000000000e+00
-5.517376601968894789e+00 1.444512756409939807e-06
-5.509124026979733912e+00 1.444512756409939807e-06
-5.500871451990574812e+00 2.889025512819879614e-06
-5.492618877001413935e+00 1.444512756409939807e-06
-5.484366302012254835e+00 4.333538269229819420e-06
-5.476113727023093958e+00 0.000000000000000000e+00
-5.467861152033934857e+00 1.444512756409939807e-06
-5.459608577044773980e+00 2.889025512819879614e-06
-5.451356002055614880e+00 1.444512756409939807e-06
-5.443103427066454891e+00 1.444512756409939807e-06
-5.434850852077294903e+00 4.333538269229819420e-06
-5.426598277088134914e+00 1.444512756409939807e-06
-5.418345702098974925e+00 0.000000000000000000e+00
-5.410093127109815825e+00 2.889025512819879614e-06
-5.401840552120654948e+00 0.000000000000000000e+00
-5.393587977131495848e+00 1.444512756409939807e-06
-5.385335402142334971e+00 2.889025512819879614e-06
-5.377082827153175870e+00 2.889025512819879614e-06
-5.368830252164014993e+00 4.333538269229819420e-06
-5.360577677174855893e+00 7.222563782049699034e-06
-5.352325102185695016e+00 1.444512756409939807e-06
-5.344072527196535916e+00 2.889025512819879614e-06
-5.335819952207375039e+00 0.000000000000000000e+00
-5.327567377218215938e+00 0.000000000000000000e+00
-5.319314802229055061e+00 1.444512756409939807e-06
-5.311062227239895961e+00 4.333538269229819420e-06
-5.302809652250735084e+00 0.000000000000000000e+00
-5.294557077261575984e+00 4.333538269229819420e-06
-5.286304502272415107e+00 4.333538269229819420e-06
-5.278051927283256006e+00 4.333538269229819420e-06
-5.269799352294095129e+00 0.000000000000000000e+00
-5.261546777304936029e+00 1.444512756409939807e-06
-5.253294202315775152e+00 1.444512756409939807e-06
-5.245041627326616052e+00 0.000000000000000000e+00
-5.236789052337456063e+00 2.889025512819879614e-06
-5.228536477348296074e+00 0.000000000000000000e+00
-5.220283902359136086e+00 1.444512756409939807e-06
-5.212031327369976097e+00 0.000000000000000000e+00
-5.203778752380816996e+00 0.000000000000000000e+00
-5.195526177391656120e+00 0.000000000000000000e+00
-5.187273602402497019e+00 1.444512756409939807e-06
-5.179021027413336142e+00 0.000000000000000000e+00
-5.170768452424177042e+00 2.889025512819879614e-06
-5.162515877435016165e+00 4.333538269229819420e-06
-5.154263302445857065e+00 0.000000000000000000e+00
-5.146010727456696188e+00 1.444512756409939807e-06
-5.137758152467537087e+00 0.000000000000000000e+00
-5.129505577478376210e+00 2.889025512819879614e-06
-5.121253002489217110e+00 1.444512756409939807e-06
-5.113000427500056233e+00 1.444512756409939807e-06
-5.104747852510897133e+00 1.444512756409939807e-06
-5.096495277521736256e+00 0.000000000000000000e+00
-5.088242702532577155e+00 2.889025512819879614e-06
-5.079990127543416278e+00 5.778051025639759227e-06
-5.071737552554257178e+00 1.444512756409939807e-06
-5.063484977565096301e+00 1.444512756409939807e-06
-5.055232402575937201e+00 1.444512756409939807e-06
-5.046979827586776324e+00 2.889025512819879614e-06
-5.038727252597617223e+00 4.333538269229819420e-06
-5.030474677608457235e+00 2.889025512819879614e-06
-5.022222102619297246e+00 0.000000000000000000e+00
-5.013969527630137257e+00 0.000000000000000000e+00
-5.005716952640977269e+00 5.778051025639759227e-06
-4.997464377651817280e+00 2.889025512819879614e-06
-4.989211802662657291e+00 1.444512756409939807e-06
-4.980959227673498191e+00 2.889025512819879614e-06
-4.972706652684337314e+00 2.889025512819879614e-06
-4.964454077695178214e+00 5.778051025639759227e-06
-4.956201502706017337e+00 5.778051025639759227e-06
-4.947948927716858236e+00 0.000000000000000000e+00
-4.939696352727697359e+00 1.444512756409939807e-06
-4.931443777738538259e+00 1.444512756409939807e-06
-4.923191202749377382e+00 2.889025512819879614e-06
-4.914938627760218282e+00 5.778051025639759227e-06
-4.906686052771057405e+00 1.444512756409939807e-06
-4.898433477781898304e+00 1.444512756409939807e-06
-4.890180902792737427e+00 5.778051025639759227e-06
-4.881928327803578327e+00 4.333538269229819420e-06
-4.873675752814417450e+00 1.444512756409939807e-06
-4.865423177825258350e+00 5.778051025639759227e-06
-4.857170602836097473e+00 1.444512756409939807e-06
-4.848918027846938372e+00 1.444512756409939807e-06
-4.840665452857777495e+00 2.889025512819879614e-06
-4.832412877868618395e+00 1.444512756409939807e-06
-4.824160302879457518e+00 1.444512756409939807e-06
-4.815907727890298418e+00 0.000000000000000000e+00
-4.807655152901138429e+00 2.889025512819879614e-06
-4.799402577911978440e+00 4.333538269229819420e-06
-4.791150002922818452e+00 1.444512756409939807e-06
-4.782897427933658463e+00 2.889025512819879614e-06
-4.774644852944499362e+00 1.444512756409939807e-06
-4.766392277955338486e+00 2.889025512819879614e-06
-4.758139702966179385e+00 0.000000000000000000e+00
-4.749887127977018508e+00 5.778051025639759227e-06
-4.741634552987859408e+00 1.444512756409939807e-06
-4.733381977998698531e+00 1.011158929486957865e-05
-4.725129403009539431e+00 1.444512756409939807e-06
-4.716876828020378554e+00 4.333538269229819420e-06
-4.708624253031219453e+00 1.444512756409939807e-06
-4.700371678042058576e+00 4.333538269229819420e-06
-4.692119103052899476e+00 4.333538269229819420e-06
-4.683866528063738599e+00 4.333538269229819420e-06
-4.675613953074579499e+00 2.889025512819879614e-06
-4.667361378085418622e+00 1.444512756409939807e-06
-4.659108803096259521e+00 5.778051025639759227e-06
-4.650856228107098644e+00 2.889025512819879614e-06
-4.642603653117939544e+00 1.444512756409939807e-06
-4.634351078128778667e+00 1.444512756409939807e-06
-4.626098503139619567e+00 2.889025512819879614e-06
-4.617845928150459578e+00 5.778051025639759227e-06
-4.609593353161299589e+00 1.444512756409939807e-06
-4.601340778172139601e+00 0.000000000000000000e+00
-4.593088203182979612e+00 4.333538269229819420e-06
-4.584835628193819623e+00 2.889025512819879614e-06
-4.576583053204659635e+00 4.333538269229819420e-06
-4.568330478215499646e+00 1.011158929486957865e-05
-4.560077903226339657e+00 2.889025512819879614e-06
-4.551825328237180557e+00 2.889025512819879614e-06
-4.543572753248019680e+00 5.778051025639759227e-06
-4.535320178258860579e+00 1.444512756409939807e-06
-4.527067603269699703e+00 2.889025512819879614e-06
-4.518815028280540602e+00 0.000000000000000000e+00
-4.510562453291379725e+00 8.667076538459638841e-06
-4.502309878302220625e+00 7.222563782049699034e-06
-4.494057303313059748e+00 4.333538269229819420e-06
-4.485804728323900648e+00 5.778051025639759227e-06
-4.477552153334739771e+00 2.889025512819879614e-06
-4.469299578345580670e+00 8.667076538459638841e-06
-4.461047003356419793e+00 0.000000000000000000e+00
-4.452794428367260693e+00 1.444512756409939807e-06
-4.444541853378099816e+00 7.222563782049699034e-06
-4.436289278388940716e+00 4.333538269229819420e-06
-4.428036703399779839e+00 1.444512756409939807e-06
-4.419784128410620738e+00 4.333538269229819420e-06
-4.411531553421459861e+00 4.333538269229819420e-06
-4.403278978432300761e+00 2.889025512819879614e-06
-4.395026403443140772e+00 4.333538269229819420e-06
-4.386773828453980784e+00 1.444512756409939807e-06
-4.378521253464820795e+00 7.222563782049699034e-06
-4.370268678475660806e+00 2.889025512819879614e-06
-4.362016103486500818e+00 5.778051025639759227e-06
-4.353763528497340829e+00 5.778051025639759227e-06
-4.345510953508181728e+00 2.889025512819879614e-06
-4.337258378519020852e+00 1.444512756409939807e-06
-4.329005803529861751e+00 4.333538269229819420e-06
-4.320753228540700874e+00 7.222563782049699034e-06
-4.312500653551541774e+00 4.333538269229819420e-06
-4.304248078562380897e+00 0.000000000000000000e+00
-4.295995503573221797e+00 1.444512756409939807e-06
-4.287742928584060920e+00 2.889025512819879614e-06
-4.279490353594901819e+00 2.889025512819879614e-06
-4.271237778605740942e+00 1.444512756409939807e-06
-4.262985203616581842e+00 1.444512756409939807e-06
-4.254732628627420965e+00 4.333538269229819420e-06
-4.246480053638261865e+00 4.333538269229819420e-06
-4.238227478649100988e+00 5.778051025639759227e-06
-4.229974903659941887e+00 2.889025512819879614e-06
-4.221722328670781010e+00 5.778051025639759227e-06
-4.213469753681621910e+00 4.333538269229819420e-06
-4.205217178692461033e+00 8.667076538459638841e-06
-4.196964603703301933e+00 2.889025512819879614e-06
-4.188712028714141944e+00 4.333538269229819420e-06
-4.180459453724981955e+00 2.889025512819879614e-06
-4.172206878735821967e+00 2.889025512819879614e-06
-4.163954303746661978e+00 5.778051025639759227e-06
-4.155701728757501989e+00 7.222563782049699034e-06
-4.147449153768342001e+00 2.889025512819879614e-06
-4.139196578779182012e+00 1.444512756409939807e-06
-4.130944003790022023e+00 5.778051025639759227e-06
-4.122691428800862923e+00 4.333538269229819420e-06
-4.114438853811702046e+00 4.333538269229819420e-06
-4.106186278822542945e+00 1.444512756409939807e-06
-4.097933703833382069e+00 5.778051025639759227e-06
-4.089681128844222968e+00 4.333538269229819420e-06
-4.081428553855062091e+00 7.222563782049699034e-06
-4.073175978865902991e+00 5.778051025639759227e-06
-4.064923403876742114e+00 8.667076538459638841e-06
-4.056670828887583014e+00 4.333538269229819420e-06
-4.048418253898422137e+00 2.889025512819879614e-06
-4.040165678909263036e+00 2.889025512819879614e-06
-4.031913103920102159e+00 1.444512756409939807e-06
-4.023660528930943059e+00 2.889025512819879614e-06
-4.015407953941782182e+00 4.333538269229819420e-06
-4.007155378952623082e+00 5.778051025639759227e-06
-3.998902803963462649e+00 0.000000000000000000e+00
-3.990650228974302660e+00 4.333538269229819420e-06
-3.982397653985143116e+00 1.444512756409939807e-05
-3.974145078995983127e+00 1.444512756409939807e-06
-3.965892504006823138e+00 1.444512756409939807e-06
-3.957639929017663150e+00 7.222563782049699034e-06
-3.949387354028503161e+00 4.333538269229819420e-06
-3.941134779039343172e+00 1.444512756409939807e-06
-3.932882204050183184e+00 7.222563782049699034e-06
-3.924629629061023639e+00 5.778051025639759227e-06
-3.916377054071863650e+00 8.667076538459638841e-06
-3.908124479082703662e+00 2.889025512819879614e-06
-3.899871904093543673e+00 5.778051025639759227e-06
-3.891619329104383684e+00 2.889025512819879614e-06
-3.883366754115223696e+00 5.778051025639759227e-06
-3.875114179126063707e+00 5.778051025639759227e-06
-3.866861604136903718e+00 1.444512756409939807e-06
-3.858609029147743730e+00 4.333538269229819420e-06
-3.850356454158583741e+00 5.778051025639759227e-06
-3.842103879169423752e+00 4.333538269229819420e-06
-3.833851304180263764e+00 7.222563782049699034e-06
-3.825598729191103775e+00 4.333538269229819420e-06
-3.817346154201943786e+00 4.333538269229819420e-06
-3.809093579212783798e+00 7.222563782049699034e-06
-3.800841004223623809e+00 1.155610205127951845e-05
-3.792588429234463820e+00 4.333538269229819420e-06
-3.784335854245303832e+00 1.444512756409939807e-06
-3.776083279256144287e+00 5.778051025639759227e-06
-3.767830704266984299e+00 5.778051025639759227e-06
-3.759578129277824310e+00 0.000000000000000000e+00
-3.751325554288664321e+00 5.778051025639759227e-06
-3.743072979299504333e+00 4.333538269229819420e-06
-3.734820404310344344e+00 1.444512756409939807e-06
-3.726567829321184355e+00 7.222563782049699034e-06
-3.718315254332024367e+00 1.011158929486957865e-05
-3.710062679342864378e+00 5.778051025639759227e-06
-3.701810104353704389e+00 4.333538269229819420e-06
-3.693557529364544401e+00 4.333538269229819420e-06
-3.685304954375384856e+00 7.222563782049699034e-06
-3.677052379386224867e+00 1.011158929486957865e-05
-3.668799804397064879e+00 7.222563782049699034e-06
-3.660547229407904890e+00 1.011158929486957865e-05
-3.652294654418744901e+00 1.011158929486957865e-05
-3.644042079429584913e+00 8.667076538459638841e-06
-3.635789504440424924e+00 2.889025512819879614e-06
-3.627536929451264935e+00 8.667076538459638841e-06
-3.619284354462104947e+00 5.778051025639759227e-06
-3.611031779472944958e+00 7.222563782049699034e-06
-3.602779204483784969e+00 8.667076538459638841e-06
-3.594526629494624981e+00 1.155610205127951845e-05
-3.586274054505465436e+00 7.222563782049699034e-06
-3.578021479516305448e+00 4.333538269229819420e-06
-3.569768904527145459e+00 2.889025512819879614e-06
-3.561516329537985470e+00 1.300061480768945826e-05
-3.553263754548825482e+00 7.222563782049699034e-06
-3.545011179559665493e+00 1.011158929486957865e-05
-3.536758604570505504e+00 1.155610205127951845e-05
-3.528506029581345516e+00 5.778051025639759227e-06
-3.520253454592185527e+00 2.889025512819879614e-06
-3.512000879603025538e+00 1.155610205127951845e-05
-3.503748304613865550e+00 1.300061480768945826e-05
-3.495495729624705561e+00 5.778051025639759227e-06
-3.487243154635545572e+00 1.011158929486957865e-05
-3.478990579646385584e+00 8.667076538459638841e-06
-3.470738004657226039e+00 8.667076538459638841e-06
-3.462485429668066050e+00 5.778051025639759227e-06
-3.454232854678906062e+00 2.022317858973915730e-05
-3.445980279689746073e+00 8.667076538459638841e-06
-3.437727704700586084e+00 2.889025512819879614e-06
-3.429475129711426096e+00 2.022317858973915730e-05
-3.421222554722266107e+00 1.011158929486957865e-05
-3.412969979733106118e+00 8.667076538459638841e-06
-3.404717404743946130e+00 7.222563782049699034e-06
-3.396464829754786141e+00 7.222563782049699034e-06
-3.388212254765626152e+00 1.733415307691927768e-05
-3.379959679776466164e+00 1.011158929486957865e-05
-3.371707104787306619e+00 1.155610205127951845e-05
-3.363454529798146631e+00 1.444512756409939807e-05
-3.355201954808986642e+00 7.222563782049699034e-06
-3.346949379819826653e+00 1.155610205127951845e-05
-3.338696804830666665e+00 2.166769134614909541e-05
-3.330444229841506676e+00 1.588964032050933618e-05
-3.322191654852346687e+00 1.155610205127951845e-05
-3.313939079863186699e+00 1.300061480768945826e-05
-3.305686504874026710e+00 2.022317858973915730e-05
-3.297433929884866721e+00 8.667076538459638841e-06
-3.289181354895706733e+00 8.667076538459638841e-06
-3.280928779906546744e+00 1.444512756409939807e-05
-3.272676204917386755e+00 1.011158929486957865e-05
-3.264423629928227211e+00 1.011158929486957865e-05
-3.256171054939067222e+00 2.166769134614909541e-05
-3.247918479949907233e+00 2.022317858973915730e-05
-3.239665904960747245e+00 1.155610205127951845e-05
-3.231413329971587256e+00 1.300061480768945826e-05
-3.223160754982427267e+00 1.011158929486957865e-05
-3.214908179993267279e+00 1.444512756409939807e-05
-3.206655605004107290e+00 1.733415307691927768e-05
-3.198403030014947301e+00 2.166769134614909541e-05
-3.190150455025787313e+00 1.011158929486957865e-05
-3.181897880036627324e+00 1.444512756409939807e-05
-3.173645305047467335e+00 1.444512756409939807e-05
-3.165392730058307791e+00 2.022317858973915730e-05
-3.157140155069147802e+00 1.444512756409939807e-05
-3.148887580079987814e+00 8.667076538459638841e-06
-3.140635005090827825e+00 1.300061480768945826e-05
-3.132382430101667836e+00 2.166769134614909541e-05
-3.124129855112507848e+00 1.155610205127951845e-05
-3.115877280123347859e+00 2.166769134614909541e-05
-3.107624705134187870e+00 8.667076538459638841e-06
-3.099372130145027882e+00 1.155610205127951845e-05
-3.091119555155867893e+00 8.667076538459638841e-06
-3.082866980166707904e+00 1.588964032050933618e-05
-3.074614405177547916e+00 2.022317858973915730e-05
-3.066361830188387927e+00 1.588964032050933618e-05
-3.058109255199227938e+00 1.588964032050933618e-05
-3.049856680210068394e+00 1.011158929486957865e-05
-3.041604105220908405e+00 1.300061480768945826e-05
-3.033351530231748416e+00 1.588964032050933618e-05
-3.025098955242588428e+00 1.444512756409939807e-05
-3.016846380253428439e+00 2.022317858973915730e-05
-3.008593805264268450e+00 1.588964032050933618e-05
-3.000341230275108462e+00 2.166769134614909541e-05
-2.992088655285948473e+00 2.311220410255903691e-05
-2.983836080296788484e+00 2.166769134614909541e-05
-2.975583505307628496e+00 1.588964032050933618e-05
-2.967330930318468507e+00 1.733415307691927768e-05
-2.959078355329308518e+00 1.588964032050933618e-05
-2.950825780340148974e+00 1.588964032050933618e-05
-2.942573205350988985e+00 1.444512756409939807e-05
-2.934320630361828997e+00 2.022317858973915730e-05
-2.926068055372669008e+00 2.744574237178885464e-05
-2.917815480383509019e+00 2.166769134614909541e-05
-2.909562905394349031e+00 1.733415307691927768e-05
-2.901310330405189042e+00 3.322379339742861725e-05
-2.893057755416029053e+00 1.300061480768945826e-05
-2.884805180426869065e+00 2.022317858973915730e-05
-2.876552605437709076e+00 1.300061480768945826e-05
-2.868300030448549087e+00 2.455671685896897502e-05
-2.860047455459389099e+00 2.311220410255903691e-05
-2.851794880470229110e+00 2.166769134614909541e-05
-2.843542305481069565e+00 2.166769134614909541e-05
-2.835289730491909577e+00 1.300061480768945826e-05
-2.827037155502749588e+00 2.744574237178885464e-05
-2.818784580513589599e+00 2.744574237178885464e-05
-2.810532005524429611e+00 2.022317858973915730e-05
-2.802279430535269622e+00 2.022317858973915730e-05
-2.794026855546109633e+00 2.022317858973915730e-05
-2.785774280556949645e+00 2.166769134614909541e-05
-2.777521705567789656e+00 3.900184442306837648e-05
-2.769269130578629667e+00 1.877866583332921579e-05
-2.761016555589469679e+00 2.311220410255903691e-05
-2.752763980600309690e+00 3.466830615383855536e-05
-2.744511405611150145e+00 2.744574237178885464e-05
-2.736258830621990157e+00 2.889025512819879614e-05
-2.728006255632830168e+00 2.889025512819879614e-05
-2.719753680643670180e+00 2.744574237178885464e-05
-2.711501105654510191e+00 2.744574237178885464e-05
-2.703248530665350202e+00 2.889025512819879614e-05
-2.694995955676190214e+00 3.177928064101867236e-05
-2.686743380687030225e+00 4.622440820511807382e-05
-2.678490805697870236e+00 3.322379339742861725e-05
-2.670238230708710248e+00 3.611281891024849348e-05
-2.661985655719550259e+00 3.177928064101867236e-05
-2.653733080730390270e+00 3.322379339742861725e-05
-2.645480505741230282e+00 3.033476788460873425e-05
-2.637227930752070293e+00 3.177928064101867236e-05
-2.628975355762910748e+00 2.455671685896897502e-05
-2.620722780773750760e+00 3.033476788460873425e-05
-2.612470205784590771e+00 4.044635717947831459e-05
-2.604217630795430782e+00 4.189086993588825270e-05
-2.595965055806270794e+00 3.611281891024849348e-05
-2.587712480817110805e+00 2.744574237178885464e-05
-2.579459905827950816e+00 4.333538269229819082e-05
-2.571207330838790828e+00 4.044635717947831459e-05
-2.562954755849630839e+00 4.333538269229819082e-05
-2.554702180860470850e+00 5.344697198716777116e-05
-2.546449605871310862e+00 4.333538269229819082e-05
-2.538197030882150873e+00 4.622440820511807382e-05
-2.529944455892991328e+00 5.344697198716777116e-05
-2.521691880903831340e+00 5.344697198716777116e-05
-2.513439305914671351e+00 3.755733166665843159e-05
-2.505186730925511362e+00 4.622440820511807382e-05
-2.496934155936351374e+00 5.055794647434789493e-05
-2.488681580947191385e+00 6.211404852562741339e-05
-2.480429005958031397e+00 5.344697198716777116e-05
-2.472176430968871408e+00 5.200245923075783304e-05
-2.463923855979711419e+00 5.200245923075783304e-05
-2.455671280990551431e+00 4.477989544870813570e-05
-2.447418706001391442e+00 4.766892096152801193e-05
-2.439166131012231453e+00 5.633599749998765416e-05
-2.430913556023071465e+00 7.078112506408705562e-05
-2.422660981033911476e+00 6.789209955126716584e-05
-2.414408406044751931e+00 5.778051025639759227e-05
-2.406155831055591943e+00 5.922502301280753038e-05
-2.397903256066431954e+00 6.500307403844728961e-05
-2.389650681077271965e+00 6.789209955126716584e-05
-2.381398106088111977e+00 4.333538269229819082e-05
-2.373145531098951988e+00 6.789209955126716584e-05
-2.364892956109791999e+00 6.066953576921746850e-05
-2.356640381120632011e+00 6.211404852562741339e-05
-2.348387806131472022e+00 4.189086993588825270e-05
-2.340135231142312033e+00 7.367015057690693184e-05
-2.331882656153152045e+00 7.222563782049698695e-05
-2.323630081163992056e+00 6.789209955126716584e-05
-2.315377506174832511e+00 7.222563782049698695e-05
-2.307124931185672523e+00 6.066953576921746850e-05
-2.298872356196512534e+00 6.211404852562741339e-05
-2.290619781207352545e+00 7.078112506408705562e-05
-2.282367206218192557e+00 6.933661230767711073e-05
-2.274114631229032568e+00 7.367015057690693184e-05
-2.265862056239872580e+00 8.233722711536657407e-05
-2.257609481250712591e+00 6.355856128203734472e-05
-2.249356906261552602e+00 8.811527814100632652e-05
-2.241104331272392614e+00 6.355856128203734472e-05
-2.232851756283232625e+00 7.222563782049698695e-05
-2.224599181294072636e+00 9.244881641023614764e-05
-2.216346606304912648e+00 8.089271435895662918e-05
-2.208094031315753103e+00 9.244881641023614764e-05
-2.199841456326593114e+00 8.522625262818645030e-05
-2.191588881337433126e+00 1.025604057051057212e-04
-2.183336306348273137e+00 6.933661230767711073e-05
-2.175083731359113148e+00 1.025604057051057212e-04
-2.166831156369953160e+00 1.126719949999753083e-04
-2.158578581380793171e+00 1.097829694871554185e-04
-2.150326006391633182e+00 9.100430365382620275e-05
-2.142073431402473194e+00 1.198945587820250057e-04
-2.133820856413313205e+00 1.011158929486957899e-04
-2.125568281424153216e+00 1.141165077563852397e-04
-2.117315706434993228e+00 9.678235467946596875e-05
-2.109063131445833683e+00 1.343396863461243868e-04
-2.100810556456673694e+00 1.227835842948448819e-04
-2.092557981467513706e+00 1.170055332692051159e-04
-2.084305406478353717e+00 1.242280970512548268e-04
-2.076052831489193728e+00 1.213390715384349370e-04
-2.067800256500033740e+00 1.473403011538138637e-04
-2.059547681510873751e+00 1.242280970512548268e-04
-2.051295106521713763e+00 1.213390715384349370e-04
-2.043042531532553774e+00 1.271171225640746894e-04
-2.034789956543393785e+00 1.646744542307331481e-04
-2.026537381554233797e+00 1.531183521794536161e-04
-2.018284806565073808e+00 1.242280970512548268e-04
-2.010032231575913819e+00 1.675634797435530108e-04
-2.001779656586753831e+00 1.386732246153542215e-04
-1.993527081597594286e+00 1.430067628845840290e-04
-1.985274506608434297e+00 1.588964032050933686e-04
-1.977021931619274309e+00 1.661189669871430659e-04
-1.968769356630114320e+00 1.892311710897021028e-04
-1.960516781640954331e+00 1.733415307691927633e-04
-1.952264206651794343e+00 1.588964032050933686e-04
-1.944011631662634354e+00 1.791195817948325428e-04
-1.935759056673474365e+00 1.603409159615033135e-04
-1.927506481684314377e+00 1.430067628845840290e-04
-1.919253906695154388e+00 1.704525052563729006e-04
-1.911001331705994399e+00 1.805640945512424606e-04
-1.902748756716834411e+00 1.675634797435530108e-04
-1.894496181727674644e+00 1.877866583332921579e-04
-1.886243606738514877e+00 1.993427603845716900e-04
-1.877991031749354889e+00 1.993427603845716900e-04
-1.869738456760194900e+00 2.051208114102114424e-04
-1.861485881771034911e+00 2.152324007050810295e-04
-1.853233306781874923e+00 2.080098369230313322e-04
-1.844980731792714934e+00 2.195659389743108371e-04
-1.836728156803554945e+00 1.848976328204722953e-04
-1.828475581814394957e+00 1.848976328204722953e-04
-1.820223006825234968e+00 2.426781430768698740e-04
-1.811970431836074980e+00 2.152324007050810295e-04
-1.803717856846914991e+00 2.181214262179009193e-04
-1.795465281857755224e+00 2.412336303204599562e-04
-1.787212706868595458e+00 2.629013216666090482e-04
-1.778960131879435469e+00 2.383446048076400664e-04
-1.770707556890275480e+00 2.441226558332798189e-04
-1.762454981901115492e+00 2.600122961537891584e-04
-1.754202406911955503e+00 2.527897323717394882e-04
-1.745949831922795514e+00 2.946806023076277274e-04
-1.737697256933635526e+00 2.787909619871183878e-04
-1.729444681944475537e+00 2.860135257691680580e-04
-1.721192106955315548e+00 2.917915767948078376e-04
-1.712939531966155560e+00 2.917915767948078376e-04
-1.704686956976995571e+00 2.917915767948078376e-04
-1.696434381987835582e+00 3.105702426281370669e-04
-1.688181806998675594e+00 3.423495232691557461e-04
-1.679929232009515605e+00 3.221263446794165718e-04
-1.671676657020355616e+00 3.177928064101867372e-04
-1.663424082031195628e+00 3.365714722435159665e-04
-1.655171507042035639e+00 3.539056253204352510e-04
-1.646918932052875650e+00 3.654617273717147559e-04
-1.638666357063715662e+00 3.553501380768451959e-04
-1.630413782074556117e+00 3.957964952563234901e-04
-1.622161207085396573e+00 3.654617273717147559e-04
-1.613908632096236584e+00 4.116861355768328297e-04
-1.605656057107076595e+00 3.856849059614539301e-04
-1.597403482117916607e+00 4.521324927563111782e-04
-1.589150907128756618e+00 3.943519824999135452e-04
-1.580898332139596629e+00 4.622440820511807382e-04
-1.572645757150436641e+00 4.723556713460502982e-04
-1.564393182161276652e+00 5.156910540383485364e-04
-1.556140607172116663e+00 4.810227478845099675e-04
-1.547888032182956675e+00 5.113575157691186476e-04
-1.539635457193796686e+00 4.896898244229696369e-04
-1.531382882204636697e+00 5.128020285255286467e-04
-1.523130307215476709e+00 5.142465412819385373e-04
-1.514877732226316720e+00 5.142465412819385373e-04
-1.506625157237156731e+00 5.835831535896156752e-04
-1.498372582247996743e+00 5.908057173716653454e-04
-1.490120007258836754e+00 6.312520745511436939e-04
-1.481867432269676765e+00 5.994727939101250147e-04
-1.473614857280516777e+00 6.456972021152430343e-04
-1.465362282291356788e+00 6.370301255767834734e-04
-1.457109707302196799e+00 6.875880720511313819e-04
-1.448857132313036811e+00 6.471417148716530334e-04
-1.440604557323876822e+00 6.861435592947213828e-04
-1.432351982334716833e+00 6.976996613460009419e-04
-1.424099407345557289e+00 7.208118654485599517e-04
-1.415846832356397744e+00 7.294789419870196211e-04
-1.407594257367237756e+00 7.005886868588208317e-04
-1.399341682378077767e+00 7.251454037177897322e-04
-1.391089107388917778e+00 7.988155542946966505e-04
-1.382836532399757790e+00 8.378173987177651083e-04
-1.374583957410597801e+00 8.002600670511066496e-04
-1.366331382421437812e+00 8.161497073716159891e-04
-1.358078807432277824e+00 8.695966793587837874e-04
-1.349826232443117835e+00 9.042649855126223563e-04
-1.341573657453957846e+00 9.620454957690199350e-04
-1.333321082464797858e+00 1.006825391217727956e-03
-1.325068507475637869e+00 1.035715646345926853e-03
-1.316815932486477880e+00 1.025604057051057293e-03
-1.308563357497317892e+00 1.126719949999753110e-03
-1.300310782508157903e+00 1.081940054551044873e-03
-1.292058207518997914e+00 1.133942513781802672e-03
-1.283805632529837926e+00 1.172944358204871130e-03
-1.275553057540677937e+00 1.174388870961281129e-03
-1.267300482551517948e+00 1.196056562307430031e-03
-1.259047907562357960e+00 1.236502919486908488e-03
-1.250795332573197971e+00 1.341952350704834086e-03
-1.242542757584037982e+00 1.330396248653554526e-03
-1.234290182594877994e+00 1.343396863461244085e-03
-1.226037607605718005e+00 1.513849368717616823e-03
-1.217785032616558016e+00 1.522516445256076600e-03
-1.209532457627398472e+00 1.545628649358635502e-03
-1.201279882638238927e+00 1.541295111089405721e-03
-1.193027307649078939e+00 1.635188440256051760e-03
-1.184774732659918950e+00 1.700191514294499117e-03
-1.176522157670758961e+00 1.710303103589368677e-03
-1.168269582681598973e+00 1.734859820448337578e-03
-1.160017007692438984e+00 1.724748231153468018e-03
-1.151764432703278995e+00 1.837420226153443394e-03
-1.143511857714119007e+00 1.900978787435480752e-03
-1.135259282724959018e+00 1.890867198140611192e-03
-1.127006707735799029e+00 2.046874575832884589e-03
-1.118754132746639041e+00 2.094543496794412825e-03
-1.110501557757479052e+00 2.147990468781580623e-03
-1.102248982768319063e+00 2.108988624358511949e-03
-1.093996407779159075e+00 2.306886871986674019e-03
-1.085743832789999086e+00 2.353111280191791822e-03
-1.077491257800839097e+00 2.500451581345605658e-03
-1.069238682811679109e+00 2.594344910512251696e-03
-1.060986107822519120e+00 2.594344910512251696e-03
-1.052733532833359131e+00 2.734462647884015971e-03
-1.044480957844199143e+00 2.779242543332724209e-03
-1.036228382855039154e+00 2.951139561345507163e-03
-1.027975807865879165e+00 2.964140176153196287e-03
-1.019723232876719177e+00 3.111480477307010124e-03
-1.011470657887559188e+00 3.289155546345433074e-03
-1.003218082898399199e+00 3.387382413781308676e-03
-9.949655079092396548e-01 3.450940975063346034e-03
-9.867129329200801102e-01 3.533278202178712513e-03
-9.784603579309201216e-01 3.690730092627396344e-03
-9.702077829417601329e-01 3.800513062114551505e-03
-9.619552079526001442e-01 3.887183827499147981e-03
-9.537026329634401556e-01 3.913185057114527098e-03
-9.454500579742801669e-01 4.239644940063173016e-03
-9.371974829851201783e-01 4.524213953075931563e-03
-9.289449079959601896e-01 4.590661539870788919e-03
-9.206923330068002009e-01 4.690332920063074520e-03
-9.124397580176402123e-01 4.795782351281000118e-03
-9.041871830284802236e-01 5.167022129678354274e-03
-8.959346080393202350e-01 5.112130644934776910e-03
-8.876820330501602463e-01 5.455924680960342818e-03
-8.794294580610002576e-01 5.713047951601312249e-03
-8.711768830718402690e-01 5.932613890575622571e-03
-8.629243080826802803e-01 6.149290804037113763e-03
-8.546717330935202916e-01 6.521975095190877918e-03
-8.464191581043603030e-01 6.729984932113909114e-03
-8.381665831152003143e-01 7.059333840575375899e-03
-8.299140081260403257e-01 7.380015672498382688e-03
-8.216614331368803370e-01 7.588025509421413885e-03
-8.134088581477203483e-01 8.017045798075165403e-03
-8.051562831585603597e-01 8.095049486921301884e-03
-7.969037081694003710e-01 8.311726400382793076e-03
-7.886511331802408264e-01 8.844751607498061927e-03
-7.803985581910812819e-01 9.489004296856893769e-03
-7.721459832019212932e-01 9.854466024228609664e-03
-7.638934082127613046e-01 1.026470764704903206e-02
-7.556408332236013159e-01 1.058972301724126798e-02
-7.473882582344413272e-01 1.098118597422836212e-02
-7.391356832452813386e-01 1.156332461506156747e-02
-7.308831082561213499e-01 1.210935043698452458e-02
-7.226305332669613612e-01 1.244303288371522050e-02
-7.143779582778013726e-01 1.319995756807403053e-02
-7.061253832886413839e-01 1.401466276268923533e-02
-6.978728082994813953e-01 1.429634275018917475e-02
-6.896202333103214066e-01 1.513416014890693953e-02
-6.813676583211614179e-01 1.586652811640677785e-02
-6.731150833320014293e-01 1.663356439006045615e-02
-6.648625083428414406e-01 1.715214446961162501e-02
-6.566099333536814520e-01 1.842331569525237217e-02
-6.483573583645214633e-01 1.893611772377790103e-02
-6.401047833753614746e-01 1.990394127057255880e-02
-6.318522083862014860e-01 2.108699721807229949e-02
-6.235996333970414973e-01 2.192914815505929427e-02
-6.153470584078815087e-01 2.308186933467442845e-02
-6.070944834187215200e-01 2.413491913409727269e-02
-5.988419084295615313e-01 2.561410019666105278e-02
-5.905893334404015427e-01 2.715250628223763937e-02
-5.823367584512415540e-01 2.811455177800665714e-02
-5.740841834620820094e-01 2.959228832781402724e-02
-5.658316084729224649e-01 3.120292005121111031e-02
-5.575790334837624762e-01 3.320934826986451233e-02
-5.493264584946024875e-01 3.508288131492820483e-02
-5.410738835054424989e-01 3.681918564813295436e-02
-5.328213085162825102e-01 3.843559542255568090e-02
-5.245687335271225216e-01 4.086382136608078530e-02
-5.163161585379625329e-01 4.335127233261869967e-02
-5.080635835488025442e-01 4.578383181441304101e-02
-4.998110085596425556e-01 4.765303132120750351e-02
-4.915584335704825669e-01 5.110252778351444258e-02
-4.833058585813225783e-01 5.385721360998819290e-02
-4.750532835921625896e-01 5.716659233492336900e-02
-4.668007086030026009e-01 6.068831443505080109e-02
-4.585481336138426123e-01 6.474450625504990509e-02
-4.502955586246826236e-01 6.794554652325433819e-02
-4.420429836355226350e-01 7.213463351684316904e-02
-4.337904086463626463e-01 7.663717977857294195e-02
-4.255378336572026576e-01 8.162797135196928067e-02
-4.172852586680426690e-01 8.684266240260916925e-02
-4.090326836788826803e-01 9.180889725914653798e-02
-4.007801086897226917e-01 9.819797718074770032e-02
-3.925275337005627030e-01 1.049900761613872385e-01
-3.842749587114027143e-01 1.104748910974757831e-01
-3.760223837222427257e-01 1.188458425208713809e-01
-3.677698087330831811e-01 1.268556657551644928e-01
-3.595172337439236365e-01 1.355906343931753966e-01
-3.512646587547636479e-01 1.448282934704169800e-01
-3.430120837656036592e-01 1.551363365001582895e-01
-3.347595087764436705e-01 1.666115458370788505e-01
-3.265069337872836819e-01 1.785923346387429111e-01
-3.182543587981236932e-01 1.909458077315606961e-01
-3.100017838089637046e-01 2.058849586583522961e-01
-3.017492088198037159e-01 2.199299561889261623e-01
-2.934966338306437272e-01 2.369925408676403500e-01
-2.852440588414837386e-01 2.552251808790466092e-01
-2.769914838523237499e-01 2.737886143116707305e-01
-2.687389088631637613e-01 2.953161879204481144e-01
-2.604863338740037726e-01 3.189281934367249605e-01
-2.522337588848437839e-01 3.431324491831299062e-01
-2.439811838956837953e-01 3.726597344369054765e-01
-2.357286089065238066e-01 4.017103304810658027e-01
-2.274760339173638179e-01 4.337481789054818404e-01
-2.192234589282038293e-01 4.695316489072688948e-01
-2.109708839390438406e-01 5.086288311722603206e-01
-2.027183089498838520e-01 5.494897635128282998e-01
-1.944657339607238633e-01 5.941266521986517946e-01
-1.862131589715638746e-01 6.452494031607559632e-01
-1.779605839824038860e-01 7.002420037972824085e-01
-1.697080089932438973e-01 7.609086505409871082e-01
-1.614554340040839087e-01 8.251981352777678635e-01
-1.532028590149243641e-01 8.961569354108933627e-01
-1.449502840257648195e-01 9.716009476526716870e-01
-1.366977090366048309e-01 1.057604348143806661e+00
-1.284451340474448422e-01 1.149011670856671108e+00
-1.201925590582848535e-01 1.243295018467547974e+00
-1.119399840691248649e-01 1.353709240029254524e+00
-1.036874090799648762e-01 1.469758505853716368e+00
-9.543483409080488755e-02 1.595676682829970661e+00
-8.718225910164489889e-02 1.730660621865453885e+00
-7.892968411248491023e-02 1.879942348163882837e+00
-7.067710912332492157e-02 2.035955503907181718e+00
-6.242453413416493291e-02 2.201580447531632956e+00
-5.417195914500494425e-02 2.377529323826145458e+00
-4.591938415584495559e-02 2.565337649850783830e+00
-3.766680916668496693e-02 2.759393493546895115e+00
-2.941423417752497826e-02 2.961321931765440674e+00
-2.116165918836498960e-02 3.172997942064240462e+00
-1.290908419920500094e-02 3.381107450367463851e+00
-4.656509210045012281e-03 3.596328294970493555e+00
3.596065779114976380e-03 3.804202347694422670e+00
1.184864076827496504e-02 4.005422974662327107e+00
2.010121575743495370e-02 4.200133182637092233e+00
2.835379074659494236e-02 4.369053059858914345e+00
3.660636573575493102e-02 4.506705013955486727e+00
4.485894072491491968e-02 4.613871970840783376e+00
5.311151571407446426e-02 4.677939000613076992e+00
6.136409070323400883e-02 4.677014512448974592e+00
6.961666569239399749e-02 4.616034406437129256e+00
7.786924068155398615e-02 4.491388845199272062e+00
8.612181567071397481e-02 4.292280095881238822e+00
9.437439065987396347e-02 4.027424348455206804e+00
1.026269656490339521e-01 3.694500270921626139e+00
1.108795406381939408e-01 3.303453333608378450e+00
1.191321156273539295e-01 2.868459984706871246e+00
1.273846906165139181e-01 2.411827834714343144e+00
1.356372656056739068e-01 1.949642977686175227e+00
1.438898405948338954e-01 1.508185434199733610e+00
1.521424155839938841e-01 1.103883647833668213e+00
1.603949905731538728e-01 7.681196582209854906e-01
1.686475655623138614e-01 4.991586055412367551e-01
1.769001405514738501e-01 3.002000855498700993e-01
1.851527155406338387e-01 1.660322962217584686e-01
1.934052905297938274e-01 8.414575708639181195e-02
2.016578655189538161e-01 3.779712078422248211e-02
2.099104405081138047e-01 1.496659666916338657e-02
2.181630154972737934e-01 5.220469101665522506e-03
2.264155904864337820e-01 1.496515215640697701e-03
2.346681654755937707e-01 3.669062401281247008e-04
2.429207404647537594e-01 5.344697198716777116e-05
2.511733154539137480e-01 5.778051025639759227e-06
2.594258904430737367e-01 0.000000000000000000e+00
2.676784654322332813e-01 0.000000000000000000e+00
2.759310404213928258e-01 0.000000000000000000e+00
2.841836154105528145e-01 0.000000000000000000e+00
2.924361903997128032e-01 0.000000000000000000e+00
3.006887653888727918e-01 0.000000000000000000e+00
3.089413403780327805e-01 0.000000000000000000e+00
3.171939153671927691e-01 0.000000000000000000e+00
3.254464903563527578e-01 0.000000000000000000e+00
3.336990653455127465e-01 0.000000000000000000e+00
3.419516403346727351e-01 0.000000000000000000e+00
3.502042153238327238e-01 0.000000000000000000e+00
3.584567903129927124e-01 0.000000000000000000e+00
3.667093653021527011e-01 0.000000000000000000e+00
3.749619402913126898e-01 0.000000000000000000e+00
3.832145152804726784e-01 0.000000000000000000e+00
3.914670902696326671e-01 0.000000000000000000e+00
3.997196652587926557e-01 0.000000000000000000e+00
4.079722402479526444e-01 0.000000000000000000e+00
4.162248152371126331e-01 0.000000000000000000e+00
4.244773902262726217e-01 0.000000000000000000e+00
4.327299652154326104e-01 0.000000000000000000e+00
4.409825402045925991e-01 0.000000000000000000e+00
4.492351151937525877e-01 0.000000000000000000e+00
4.574876901829125764e-01 0.000000000000000000e+00
4.657402651720725650e-01 0.000000000000000000e+00
4.739928401612325537e-01 0.000000000000000000e+00
4.822454151503920983e-01 0.000000000000000000e+00
4.904979901395516428e-01 0.000000000000000000e+00
4.987505651287116315e-01 0.000000000000000000e+00
5.070031401178716202e-01 0.000000000000000000e+00
5.152557151070316088e-01 0.000000000000000000e+00
5.235082900961915975e-01 0.000000000000000000e+00
5.317608650853515861e-01 0.000000000000000000e+00
5.400134400745115748e-01 0.000000000000000000e+00
5.482660150636715635e-01 0.000000000000000000e+00
5.565185900528315521e-01 0.000000000000000000e+00
5.647711650419915408e-01 0.000000000000000000e+00
5.730237400311515295e-01 0.000000000000000000e+00
5.812763150203115181e-01 0.000000000000000000e+00
5.895288900094715068e-01 0.000000000000000000e+00
5.977814649986314954e-01 0.000000000000000000e+00
6.060340399877914841e-01 0.000000000000000000e+00
6.142866149769514728e-01 0.000000000000000000e+00
6.225391899661114614e-01 0.000000000000000000e+00
6.307917649552714501e-01 0.000000000000000000e+00
6.390443399444314387e-01 0.000000000000000000e+00
6.472969149335914274e-01 0.000000000000000000e+00
6.555494899227514161e-01 0.000000000000000000e+00
6.638020649119114047e-01 0.000000000000000000e+00
6.720546399010713934e-01 0.000000000000000000e+00
6.803072148902313820e-01 0.000000000000000000e+00
6.885597898793909266e-01 0.000000000000000000e+00
6.968123648685504712e-01 0.000000000000000000e+00
7.050649398577104598e-01 0.000000000000000000e+00
7.133175148468704485e-01 0.000000000000000000e+00
7.215700898360304372e-01 0.000000000000000000e+00
7.298226648251904258e-01 0.000000000000000000e+00
7.380752398143504145e-01 0.000000000000000000e+00
7.463278148035104032e-01 0.000000000000000000e+00
7.545803897926703918e-01 0.000000000000000000e+00
7.628329647818303805e-01 0.000000000000000000e+00
7.710855397709903691e-01 0.000000000000000000e+00
7.793381147601503578e-01 0.000000000000000000e+00
7.875906897493103465e-01 0.000000000000000000e+00
7.958432647384703351e-01 0.000000000000000000e+00
8.040958397276303238e-01 0.000000000000000000e+00
8.123484147167903124e-01 0.000000000000000000e+00
8.206009897059503011e-01 0.000000000000000000e+00
8.288535646951102898e-01 0.000000000000000000e+00
8.371061396842702784e-01 0.000000000000000000e+00
8.453587146734302671e-01 0.000000000000000000e+00
8.536112896625902557e-01 0.000000000000000000e+00
8.618638646517502444e-01 0.000000000000000000e+00
8.701164396409102331e-01 0.000000000000000000e+00
8.783690146300702217e-01 0.000000000000000000e+00
8.866215896192302104e-01 0.000000000000000000e+00
8.948741646083901990e-01 0.000000000000000000e+00
9.031267395975497436e-01 0.000000000000000000e+00
9.113793145867092882e-01 0.000000000000000000e+00
9.196318895758692769e-01 0.000000000000000000e+00
9.278844645650292655e-01 0.000000000000000000e+00
9.361370395541892542e-01 0.000000000000000000e+00
9.443896145433492428e-01 0.000000000000000000e+00
9.526421895325092315e-01 0.000000000000000000e+00
9.608947645216692202e-01 0.000000000000000000e+00
9.691473395108292088e-01 0.000000000000000000e+00
9.773999144999891975e-01 0.000000000000000000e+00
9.856524894891491861e-01 0.000000000000000000e+00
9.939050644783091748e-01 0.000000000000000000e+00
1.002157639467469163e+00 0.000000000000000000e+00
1.010410214456629152e+00 0.000000000000000000e+00
1.018662789445789141e+00 0.000000000000000000e+00
1.026915364434949129e+00 0.000000000000000000e+00
1.035167939424109118e+00 0.000000000000000000e+00
1.043420514413269107e+00 0.000000000000000000e+00
1.051673089402429095e+00 0.000000000000000000e+00
1.059925664391589084e+00 0.000000000000000000e+00
1.068178239380749073e+00 0.000000000000000000e+00
1.076430814369909061e+00 0.000000000000000000e+00
1.084683389359069050e+00 0.000000000000000000e+00
1.092935964348229039e+00 0.000000000000000000e+00
1.101188539337389027e+00 0.000000000000000000e+00
1.109441114326549016e+00 0.000000000000000000e+00
1.117693689315708561e+00 0.000000000000000000e+00
1.125946264304868105e+00 0.000000000000000000e+00
1.134198839294028094e+00 0.000000000000000000e+00
1.142451414283188083e+00 0.000000000000000000e+00
1.150703989272348071e+00 0.000000000000000000e+00
1.158956564261508060e+00 0.000000000000000000e+00
1.167209139250668049e+00 0.000000000000000000e+00
1.175461714239828037e+00 0.000000000000000000e+00
1.183714289228988026e+00 0.000000000000000000e+00
1.191966864218148014e+00 0.000000000000000000e+00
1.200219439207308003e+00 0.000000000000000000e+00
1.208472014196467992e+00 0.000000000000000000e+00
1.216724589185627980e+00 0.000000000000000000e+00
1.224977164174787969e+00 0.000000000000000000e+00
1.233229739163947958e+00 0.000000000000000000e+00
1.241482314153107946e+00 0.000000000000000000e+00
1.249734889142267935e+00 0.000000000000000000e+00
1.257987464131427924e+00 0.000000000000000000e+00
1.266240039120587912e+00 0.000000000000000000e+00
1.274492614109747901e+00 0.000000000000000000e+00
1.282745189098907890e+00 0.000000000000000000e+00
1.290997764088067878e+00 0.000000000000000000e+00
1.299250339077227867e+00 0.000000000000000000e+00
1.307502914066387856e+00 0.000000000000000000e+00
1.315755489055547844e+00 0.000000000000000000e+00
1.324008064044707389e+00 0.000000000000000000e+00
1.332260639033866934e+00 0.000000000000000000e+00
1.340513214023026922e+00 0.000000000000000000e+00
1.348765789012186911e+00 0.000000000000000000e+00
1.357018364001346900e+00 0.000000000000000000e+00
1.365270938990506888e+00 0.000000000000000000e+00
1.373523513979666877e+00 0.000000000000000000e+00
1.381776088968826866e+00 0.000000000000000000e+00
1.390028663957986854e+00 0.000000000000000000e+00
1.398281238947146843e+00 0.000000000000000000e+00
1.406533813936306831e+00 0.000000000000000000e+00
1.414786388925466820e+00 0.000000000000000000e+00
1.423038963914626809e+00 0.000000000000000000e+00
1.431291538903786797e+00 0.000000000000000000e+00
1.439544113892946786e+00 0.000000000000000000e+00
1.447796688882106775e+00 0.000000000000000000e+00
1.456049263871266763e+00 0.000000000000000000e+00
1.464301838860426752e+00 0.000000000000000000e+00
1.472554413849586741e+00 0.000000000000000000e+00
1.480806988838746729e+00 0.000000000000000000e+00
1.489059563827906718e+00 0.000000000000000000e+00
1.497312138817066707e+00 0.000000000000000000e+00
1.505564713806226695e+00 0.000000000000000000e+00
1.513817288795386684e+00 0.000000000000000000e+00
1.522069863784546673e+00 0.000000000000000000e+00
1.530322438773706661e+00 0.000000000000000000e+00
1.538575013762866206e+00 0.000000000000000000e+00
1.546827588752025751e+00 0.000000000000000000e+00
1.555080163741185739e+00 0.000000000000000000e+00
1.563332738730345728e+00 0.000000000000000000e+00
1.571585313719505717e+00 0.000000000000000000e+00
1.579837888708665705e+00 0.000000000000000000e+00
1.588090463697825694e+00 0.000000000000000000e+00
1.596343038686985683e+00 0.000000000000000000e+00
1.604595613676145671e+00 0.000000000000000000e+00
1.612848188665305660e+00 0.000000000000000000e+00
1.621100763654465649e+00 0.000000000000000000e+00
1.629353338643625637e+00 0.000000000000000000e+00
1.637605913632785626e+00 0.000000000000000000e+00
1.645858488621945614e+00 0.000000000000000000e+00
1.654111063611105603e+00 0.000000000000000000e+00
1.662363638600265592e+00 0.000000000000000000e+00
1.670616213589425580e+00 0.000000000000000000e+00
1.678868788578585569e+00 0.000000000000000000e+00
1.687121363567745558e+00 0.000000000000000000e+00
1.695373938556905546e+00 0.000000000000000000e+00
1.703626513546065535e+00 0.000000000000000000e+00
1.711879088535225524e+00 0.000000000000000000e+00
1.720131663524385512e+00 0.000000000000000000e+00
1.728384238513545501e+00 0.000000000000000000e+00
1.736636813502705490e+00 0.000000000000000000e+00
1.744889388491865034e+00 0.000000000000000000e+00
1.753141963481024579e+00 0.000000000000000000e+00
1.761394538470184568e+00 0.000000000000000000e+00
1.769647113459344556e+00 0.000000000000000000e+00
1.777899688448504545e+00 0.000000000000000000e+00
1.786152263437664534e+00 0.000000000000000000e+00
1.794404838426824522e+00 0.000000000000000000e+00
1.802657413415984511e+00 0.000000000000000000e+00
1.810909988405144500e+00 0.000000000000000000e+00
1.819162563394304488e+00 0.000000000000000000e+00
1.827415138383464477e+00 0.000000000000000000e+00
1.835667713372624466e+00 0.000000000000000000e+00
1.843920288361784454e+00 0.000000000000000000e+00
1.852172863350944443e+00 0.000000000000000000e+00
1.860425438340104431e+00 0.000000000000000000e+00
1.868678013329264420e+00 0.000000000000000000e+00
1.876930588318424409e+00 0.000000000000000000e+00
1.885183163307584397e+00 0.000000000000000000e+00
1.893435738296744386e+00 0.000000000000000000e+00
1.901688313285904375e+00 0.000000000000000000e+00
1.909940888275064363e+00 0.000000000000000000e+00
1.918193463264224352e+00 0.000000000000000000e+00
1.926446038253384341e+00 0.000000000000000000e+00
1.934698613242544329e+00 0.000000000000000000e+00
1.942951188231704318e+00 0.000000000000000000e+00
1.951203763220864307e+00 0.000000000000000000e+00
1.959456338210023851e+00 0.000000000000000000e+00
1.967708913199183396e+00 0.000000000000000000e+00
1.975961488188343385e+00 0.000000000000000000e+00
1.984214063177503373e+00 0.000000000000000000e+00
1.992466638166663362e+00 0.000000000000000000e+00
2.000719213155823351e+00 0.000000000000000000e+00
2.008971788144983339e+00 0.000000000000000000e+00
2.017224363134143328e+00 0.000000000000000000e+00
2.025476938123303317e+00 0.000000000000000000e+00
2.033729513112463305e+00 0.000000000000000000e+00
2.041982088101623294e+00 0.000000000000000000e+00
2.050234663090783283e+00 0.000000000000000000e+00
2.058487238079943271e+00 0.000000000000000000e+00
2.066739813069103260e+00 0.000000000000000000e+00
2.074992388058263248e+00 0.000000000000000000e+00
2.083244963047423237e+00 0.000000000000000000e+00
2.091497538036583226e+00 0.000000000000000000e+00
2.099750113025743214e+00 0.000000000000000000e+00
2.108002688014903203e+00 0.000000000000000000e+00
2.116255263004063192e+00 0.000000000000000000e+00
2.124507837993223180e+00 0.000000000000000000e+00
2.132760412982383169e+00 0.000000000000000000e+00
2.141012987971543158e+00 0.000000000000000000e+00
2.149265562960703146e+00 0.000000000000000000e+00
2.157518137949863135e+00 0.000000000000000000e+00
2.165770712939022680e+00 0.000000000000000000e+00
2.174023287928182224e+00 0.000000000000000000e+00
2.182275862917342213e+00 0.000000000000000000e+00
2.190528437906502202e+00 0.000000000000000000e+00
2.198781012895662190e+00 0.000000000000000000e+00
2.207033587884822179e+00 0.000000000000000000e+00
2.215286162873982168e+00 0.000000000000000000e+00
2.223538737863142156e+00 0.000000000000000000e+00
2.231791312852302145e+00 0.000000000000000000e+00
2.240043887841462134e+00 0.000000000000000000e+00
2.248296462830622122e+00 0.000000000000000000e+00
2.256549037819782555e+00 0.000000000000000000e+00
2.264801612808942544e+00 0.000000000000000000e+00
2.273054187798101644e+00 0.000000000000000000e+00
2.281306762787261633e+00 0.000000000000000000e+00
2.289559337776421621e+00 0.000000000000000000e+00
2.297811912765581610e+00 0.000000000000000000e+00
2.306064487754741599e+00 0.000000000000000000e+00
2.314317062743901587e+00 0.000000000000000000e+00
2.322569637733061576e+00 0.000000000000000000e+00
2.330822212722221565e+00 0.000000000000000000e+00
2.339074787711381553e+00 0.000000000000000000e+00
2.347327362700541542e+00 0.000000000000000000e+00
2.355579937689701531e+00 0.000000000000000000e+00
2.363832512678861519e+00 0.000000000000000000e+00
2.372085087668021508e+00 0.000000000000000000e+00
2.380337662657181497e+00 0.000000000000000000e+00
2.388590237646341485e+00 0.000000000000000000e+00
2.396842812635501474e+00 0.000000000000000000e+00
2.405095387624661463e+00 0.000000000000000000e+00
2.413347962613821451e+00 0.000000000000000000e+00
2.421600537602981440e+00 0.000000000000000000e+00
2.429853112592141429e+00 0.000000000000000000e+00
2.438105687581301417e+00 0.000000000000000000e+00
2.446358262570461406e+00 0.000000000000000000e+00
2.454610837559621395e+00 0.000000000000000000e+00
2.462863412548781383e+00 0.000000000000000000e+00
2.471115987537941372e+00 0.000000000000000000e+00
2.479368562527101361e+00 0.000000000000000000e+00
2.487621137516261349e+00 0.000000000000000000e+00
2.495873712505420450e+00 0.000000000000000000e+00
