-4.982500076293945312e-01 0.000000000000000000e+00
-4.947499930858612061e-01 0.000000000000000000e+00
-4.912499785423278809e-01 0.000000000000000000e+00
-4.877499938011169434e-01 0.000000000000000000e+00
-4.842500090599060059e-01 0.000000000000000000e+00
-4.807499945163726807e-01 0.000000000000000000e+00
-4.772499799728393555e-01 0.000000000000000000e+00
-4.737499952316284180e-01 0.000000000000000000e+00
-4.702500104904174805e-01 0.000000000000000000e+00
-4.667499959468841553e-01 0.000000000000000000e+00
-4.632499814033508301e-01 0.000000000000000000e+00
-4.597499966621398926e-01 0.000000000000000000e+00
-4.562500119209289551e-01 0.000000000000000000e+00
-4.527499973773956299e-01 0.000000000000000000e+00
-4.492499828338623047e-01 0.000000000000000000e+00
-4.457499980926513672e-01 0.000000000000000000e+00
-4.422500133514404297e-01 0.000000000000000000e+00
-4.387499988079071045e-01 0.000000000000000000e+00
-4.352499842643737793e-01 0.000000000000000000e+00
-4.317499995231628418e-01 0.000000000000000000e+00
-4.282500147819519043e-01 0.000000000000000000e+00
-4.247500002384185791e-01 0.000000000000000000e+00
-4.212499856948852539e-01 0.000000000000000000e+00
-4.177500009536743164e-01 0.000000000000000000e+00
-4.142500162124633789e-01 0.000000000000000000e+00
-4.107500016689300537e-01 0.000000000000000000e+00
-4.072499871253967285e-01 0.000000000000000000e+00
-4.037500023841857910e-01 0.000000000000000000e+00
-4.002500176429748535e-01 0.000000000000000000e+00
-3.967500030994415283e-01 0.000000000000000000e+00
-3.932499885559082031e-01 0.000000000000000000e+00
-3.897500038146972656e-01 0.000000000000000000e+00
-3.862500190734863281e-01 0.000000000000000000e+00
-3.827500045299530029e-01 0.000000000000000000e+00
-3.792499899864196777e-01 0.000000000000000000e+00
-3.757500052452087402e-01 0.000000000000000000e+00
-3.722500205039978027e-01 0.000000000000000000e+00
-3.687500059604644775e-01 0.000000000000000000e+00
-3.652499914169311523e-01 0.000000000000000000e+00
-3.617500066757202148e-01 0.000000000000000000e+00
-3.582500219345092773e-01 0.000000000000000000e+00
-3.547499775886535645e-01 0.000000000000000000e+00
-3.512499928474426270e-01 0.000000000000000000e+00
-3.477500081062316895e-01 0.000000000000000000e+00
-3.442499935626983643e-01 0.000000000000000000e+00
-3.407499790191650391e-01 0.000000000000000000e+00
-3.372499942779541016e-01 0.000000000000000000e+00
-3.337500095367431641e-01 0.000000000000000000e+00
-3.302499949932098389e-01 0.000000000000000000e+00
-3.267499804496765137e-01 0.000000000000000000e+00
-3.232499957084655762e-01 0.000000000000000000e+00
-3.197500109672546387e-01 0.000000000000000000e+00
-3.162499964237213135e-01 0.000000000000000000e+00
-3.127499818801879883e-01 0.000000000000000000e+00
-3.092499971389770508e-01 0.000000000000000000e+00
-3.057500123977661133e-01 0.000000000000000000e+00
-3.022499978542327881e-01 0.000000000000000000e+00
-2.987499833106994629e-01 0.000000000000000000e+00
-2.952499985694885254e-01 0.000000000000000000e+00
-2.917500138282775879e-01 0.000000000000000000e+00
-2.882499992847442627e-01 0.000000000000000000e+00
-2.847499847412109375e-01 0.000000000000000000e+00
-2.812500000000000000e-01 0.000000000000000000e+00
-2.777500152587890625e-01 0.000000000000000000e+00
-2.742500007152557373e-01 0.000000000000000000e+00
-2.707499861717224121e-01 0.000000000000000000e+00
-2.672500014305114746e-01 0.000000000000000000e+00
-2.637500166893005371e-01 0.000000000000000000e+00
-2.602500021457672119e-01 0.000000000000000000e+00
-2.567499876022338867e-01 0.000000000000000000e+00
-2.532500028610229492e-01 0.000000000000000000e+00
-2.497500032186508179e-01 0.000000000000000000e+00
-2.462500035762786865e-01 0.000000000000000000e+00
-2.427499890327453613e-01 3.405980149673785455e-06
-2.392500042915344238e-01 0.000000000000000000e+00
-2.357499897480010986e-01 1.021794044902135594e-05
-2.322500050067901611e-01 1.702990074836892770e-05
-2.287499904632568359e-01 2.724784119739028364e-05
-2.252500057220458984e-01 7.152558314314949497e-05
-2.217499911785125732e-01 1.055853846398873504e-04
-2.182500064373016357e-01 1.771109677830368318e-04
-2.147499918937683105e-01 2.384186104771649742e-04
-2.112500071525573730e-01 4.972731018523726806e-04
-2.077499926090240479e-01 8.889608190648579837e-04
-2.042500078678131104e-01 1.307896377474733560e-03
-2.007499933242797852e-01 2.081053871450682692e-03
-1.972500085830688477e-01 3.106253896502492260e-03
-1.937499940395355225e-01 5.095346303911982982e-03
-1.902500092983245850e-01 7.333075262247659883e-03
-1.867499947547912598e-01 1.084123481641165870e-02
-1.832500100135803223e-01 1.585483759673146989e-02
-1.797499954700469971e-01 2.203669156838939172e-02
-1.762500107288360596e-01 3.146444462268643133e-02
-1.727499961853027344e-01 4.488741239255081977e-02
-1.692500114440917969e-01 5.981922936872069441e-02
-1.657499969005584717e-01 8.180823721501465084e-02
-1.622500121593475342e-01 1.092638432015350380e-01
-1.587499976158142090e-01 1.421996712488805270e-01
-1.552500128746032715e-01 1.835823300674170322e-01
-1.517499983310699463e-01 2.375500855389981458e-01
-1.482500135898590088e-01 3.018243369434921441e-01
-1.447499990463256836e-01 3.756932344296172177e-01
-1.412500143051147461e-01 4.637923169810793667e-01
-1.377499997615814209e-01 5.654574184686921301e-01
-1.342500001192092896e-01 6.871871490180332387e-01
-1.307500004768371582e-01 8.246559138390169297e-01
-1.272499859333038330e-01 9.740762630052058890e-01
-1.237500011920928955e-01 1.141098717584908995e+00
-1.202500015497207642e-01 1.324718513433972289e+00
-1.167500019073486328e-01 1.530082086558553378e+00
-1.132500022649765015e-01 1.739400002636905418e+00
-1.097500026226043701e-01 1.969974640829371682e+00
-1.062500029802322388e-01 2.209428669272037293e+00
-1.027500033378601074e-01 2.460302949156559560e+00
-9.925000369548797607e-02 2.724007556264902430e+00
-9.574999660253524780e-02 2.983168585853580801e+00
-9.224999696016311646e-02 3.247046897949557476e+00
-8.874999731779098511e-02 3.516081863992140288e+00
-8.524999767541885376e-02 3.783594356907818756e+00
-8.174999803304672241e-02 4.034604875998327955e+00
-7.824999839067459106e-02 4.291603108191963223e+00
-7.474999874830245972e-02 4.528451561820128646e+00
-7.124999910593032837e-02 4.762629727010949665e+00
-6.774999946355819702e-02 4.976252801998489517e+00
-6.424999982118606567e-02 5.169712474499959853e+00
-6.075000017881393433e-02 5.352177643078284142e+00
-5.725000053644180298e-02 5.505688574404231872e+00
-5.375000089406967163e-02 5.647486339995450244e+00
-5.025000125169754028e-02 5.760959974661981953e+00
-4.675000160932540894e-02 5.846528413962237103e+00
-4.325000196695327759e-02 5.928350275097850286e+00
-3.974999859929084778e-02 5.976054433074181382e+00
-3.624999895691871643e-02 6.006258665041488420e+00
-3.274999931454658508e-02 6.013414629335953165e+00
-2.924999967217445374e-02 6.008152390004706689e+00
-2.575000002980232239e-02 5.970969304710718184e+00
-2.225000038743019104e-02 5.929494684428140872e+00
-1.875000074505805969e-02 5.860891432253411359e+00
-1.525000110268592834e-02 5.775019860719835307e+00
-1.174999959766864777e-02 5.682683738862179368e+00
-8.249999955296516418e-03 5.578998891145809935e+00
-4.750000312924385071e-03 5.457521203127544851e+00
-1.249999972060322762e-03 5.322593299498217689e+00
2.250000135973095894e-03 5.203588353068616001e+00
5.750000011175870895e-03 5.058299457823981271e+00
9.250000119209289551e-03 4.905949965729072382e+00
1.274999976158142090e-02 4.766580663984570698e+00
1.624999940395355225e-02 4.602909693872146768e+00
1.974999904632568359e-02 4.446639918624963883e+00
2.325000055134296417e-02 4.286330650920268326e+00
2.675000019371509552e-02 4.126161028401708286e+00
3.025000169873237610e-02 3.968705972062438914e+00
3.375000134110450745e-02 3.821475668132490622e+00
3.725000098347663879e-02 3.649075170896452391e+00
4.075000062584877014e-02 3.502188870961620903e+00
4.425000026822090149e-02 3.353310072639229755e+00
4.774999991059303284e-02 3.203228963324004308e+00
5.124999955296516418e-02 3.055436672669359144e+00
5.474999919533729553e-02 2.921847319238854102e+00
5.824999883770942688e-02 2.788251153848049668e+00
6.175000220537185669e-02 2.656061658259060376e+00
6.525000184774398804e-02 2.530905511679147235e+00
6.875000149011611938e-02 2.405885604305221470e+00
7.225000113248825073e-02 2.283467865765646199e+00
7.575000077486038208e-02 2.173294625864148344e+00
7.925000041723251343e-02 2.063169069684745782e+00
8.275000005960464478e-02 1.961044160876926901e+00
8.624999970197677612e-02 1.859188324500932410e+00
8.974999934434890747e-02 1.760162857629316902e+00
9.324999898672103882e-02 1.675418665525283402e+00
9.674999862909317017e-02 1.585688118482127429e+00
1.002499982714653015e-01 1.502285882557065522e+00
1.037499979138374329e-01 1.429520522639434743e+00
1.072499975562095642e-01 1.351230662919033154e+00
1.107499971985816956e-01 1.278516392703647586e+00
1.142499968409538269e-01 1.215154943979266156e+00
1.177499964833259583e-01 1.147014905104892346e+00
1.212500035762786865e-01 1.086218159433215202e+00
1.247500032186508179e-01 1.030748366715628084e+00
1.282500028610229492e-01 9.748187666778347360e-01
1.317499876022338867e-01 9.227208943084245218e-01
1.352500021457672119e-01 8.783988746207195275e-01
1.387499868869781494e-01 8.313691007140239231e-01
1.422500014305114746e-01 7.880688750712211421e-01
1.457499861717224121e-01 7.464852634238539064e-01
1.492500007152557373e-01 7.059643175831847861e-01
1.527499854564666748e-01 6.691422661850615627e-01
1.562500000000000000e-01 6.330388765985194288e-01
1.597500145435333252e-01 6.036997635892293879e-01
1.632499992847442627e-01 5.696740218939883027e-01
1.667500138282775879e-01 5.391121620109654566e-01
1.702499985694885254e-01 5.109957958754083318e-01
1.737500131130218506e-01 4.886627840339973217e-01
1.772499978542327881e-01 4.617657587920234730e-01
1.807500123977661133e-01 4.379238977443069558e-01
1.842499971389770508e-01 4.131930758775255730e-01
1.877500116825103760e-01 3.926345796940945987e-01
1.912499964237213135e-01 3.720386177290172514e-01
1.947500109672546387e-01 3.560577588667478421e-01
1.982499957084655762e-01 3.366572959342059579e-01
2.017500102519989014e-01 3.183467466495596976e-01
2.052499949932098389e-01 3.046138346860750024e-01
2.087500095367431641e-01 2.877372030444413920e-01
2.122499942779541016e-01 2.720628823956426356e-01
2.157500088214874268e-01 2.600636143283418522e-01
2.192499935626983643e-01 2.476828764842776698e-01
2.227500081062316895e-01 2.347537758361159799e-01
2.262499928474426270e-01 2.253566766031659951e-01
2.297500073909759521e-01 2.153294710425263936e-01
2.332499921321868896e-01 2.037218906924381234e-01
2.367500066757202148e-01 1.923391050322283413e-01
2.402499914169311523e-01 1.837560350550503929e-01
2.437500059604644775e-01 1.774549717781538916e-01
2.472499907016754150e-01 1.666614206838376577e-01
2.507500052452087402e-01 1.585415640070153565e-01
2.542499899864196777e-01 1.523086203331123212e-01
2.577500045299530029e-01 1.449585151701162922e-01
2.612500190734863281e-01 1.386336100321720888e-01
2.647500038146972656e-01 1.335859474503555411e-01
2.682499885559082031e-01 1.260893851409235211e-01
2.717500030994415283e-01 1.202345052636343004e-01
2.752500176429748535e-01 1.152379323840628522e-01
2.787500023841857910e-01 1.099756930528168614e-01
2.822499871253967285e-01 1.046725819597747742e-01
2.857500016689300537e-01 9.981565426633995375e-02
2.892500162124633789e-01 9.593624287586151322e-02
2.927500009536743164e-01 9.110656302362409031e-02
2.962499856948852539e-01 8.810930049191115221e-02
2.997500002384185791e-01 8.343970170670839126e-02
3.032500147819519043e-01 8.038453751245100420e-02
3.067499995231628418e-01 7.722378793355373638e-02
3.102499842643737793e-01 7.264274463224248968e-02
3.137499988079071045e-01 7.031646019001529246e-02
3.172500133514404297e-01 6.708418502797487692e-02
3.207499980926513672e-01 6.506784477936800037e-02
3.242499828338623047e-01 6.205695832705637044e-02
3.277499973773956299e-01 5.961146457959059369e-02
3.312500119209289551e-01 5.747591502574513067e-02
3.347499966621398926e-01 5.495548971498652457e-02
3.382499814033508301e-01 5.203997070686576520e-02
3.417499959468841553e-01 5.066736070654723201e-02
3.452500104904174805e-01 4.881791348527436680e-02
3.487499952316284180e-01 4.665511609023151318e-02
3.522499799728393555e-01 4.474776720641419209e-02
3.557499945163726807e-01 4.343305886864010784e-02
3.592500090599060059e-01 4.136562891778812479e-02
3.627499938011169434e-01 4.052775780096837255e-02
3.662499785423278809e-01 3.837517834637453606e-02
3.697499930858612061e-01 3.737382018237044717e-02
3.732500076293945312e-01 3.578322745247278919e-02
3.767499923706054688e-01 3.417560482182676468e-02
3.802500069141387939e-01 3.238065328294867373e-02
3.837500214576721191e-01 3.153256422567990436e-02
3.872500061988830566e-01 3.103869710397720583e-02
3.907499909400939941e-01 2.933570702914031422e-02
3.942500054836273193e-01 2.913134822015988473e-02
3.977500200271606445e-01 2.639975214012151017e-02
4.012500047683715820e-01 2.596378668096326406e-02
4.047499895095825195e-01 2.498967635815656230e-02
4.082500040531158447e-01 2.405643779714594643e-02
4.117500185966491699e-01 2.318110089867978299e-02
4.152500033378601074e-01 2.283028494326338337e-02
4.187499880790710449e-01 2.165522179162592681e-02
4.222500026226043701e-01 2.099446164258921346e-02
4.257500171661376953e-01 2.034732541415119195e-02
4.292500019073486328e-01 1.999310347858512110e-02
4.327499866485595703e-01 1.932893734939873306e-02
4.362500011920928955e-01 1.848084829212996022e-02
4.397500157356262207e-01 1.778262236144683220e-02
4.432500004768371582e-01 1.707077251016501235e-02
4.467499852180480957e-01 1.656668744801329321e-02
4.502499997615814209e-01 1.627717913529102070e-02
4.537500143051147461e-01 1.564707280760136918e-02
4.572499990463256836e-01 1.476151796868618513e-02
4.607499837875366211e-01 1.426424486683381364e-02
4.642499983310699463e-01 1.419953124399001183e-02
4.677500128746032715e-01 1.365116843989253211e-02
4.712499976158142090e-01 1.311642955639374768e-02
4.747499823570251465e-01 1.248632322870409615e-02
4.782499969005584717e-01 1.241139166541127374e-02
4.817500114440917969e-01 1.202651590849813587e-02
4.852499961853027344e-01 1.133850791826403193e-02
4.887499809265136719e-01 1.114777302988229947e-02
4.922499954700469971e-01 1.058919228533579913e-02
4.957500100135803223e-01 1.027243613141613603e-02
4.992499947547912598e-01 9.989739778993212901e-03
5.027499794960021973e-01 9.730885287618003948e-03
5.062500238418579102e-01 9.499278637440187328e-03
5.097500085830688477e-01 9.318761689507477214e-03
5.132499933242797852e-01 8.841924468553146940e-03
5.167499780654907227e-01 8.576258016878592072e-03
5.202499628067016602e-01 8.623941738974023885e-03
5.237500071525573730e-01 8.038113153230132951e-03
5.272499918937683105e-01 7.939339728889592898e-03
5.307500362396240234e-01 7.554463971976455895e-03
5.342500209808349609e-01 7.408006825540483162e-03
5.377500057220458984e-01 6.924357644286805238e-03
5.412499904632568359e-01 6.883485882490720208e-03
5.447499752044677734e-01 6.798336378748875454e-03
5.482500195503234863e-01 6.556511788122036492e-03
5.517500042915344238e-01 6.447520423332475832e-03
5.552499890327453613e-01 6.185259951807593921e-03
5.587500333786010742e-01 6.093298487766402385e-03
5.622500181198120117e-01 5.609649306512724462e-03
5.657500028610229492e-01 5.929811440582060528e-03
5.692499876022338867e-01 5.395072557083276099e-03
5.727499723434448242e-01 5.378042656334906975e-03
5.762500166893005371e-01 5.200931688551869818e-03
5.797500014305114746e-01 4.897799455230902876e-03
5.832499861717224121e-01 5.132812085558394188e-03
5.867500305175781250e-01 4.417556254126899645e-03
5.902500152587890625e-01 4.877363574332860795e-03
5.937500000000000000e-01 4.478863896821027625e-03
5.972499847412109375e-01 4.407338313677878171e-03
6.007499694824218750e-01 4.073552259009847673e-03
6.042500138282775879e-01 4.281317048139948386e-03
6.077499985694885254e-01 3.995214715567350569e-03
6.112499833106994629e-01 3.617150918953559915e-03
6.147500276565551758e-01 3.852163549281051227e-03
6.182500123977661133e-01 3.569467196858127234e-03
6.217499971389770508e-01 3.593309057905843575e-03
6.252499818801879883e-01 3.361702407728026087e-03
6.287499666213989258e-01 3.423010050422154067e-03
6.322500109672546387e-01 3.174373499495967890e-03
6.357499957084655762e-01 3.320830645931940623e-03
6.392499804496765137e-01 3.167561539196620240e-03
6.427500247955322266e-01 2.935954889018802753e-03
6.462500095367431641e-01 3.017698412610973682e-03
6.497499942779541016e-01 2.980232630964562042e-03
6.532499790191650391e-01 2.854211365426632258e-03
6.567499637603759766e-01 2.752031960936418380e-03
6.602500081062316895e-01 2.826963524229241659e-03
6.637499928474426270e-01 2.660070496895226410e-03
6.672500371932983398e-01 2.612386774799793296e-03
6.707500219345092773e-01 2.517019330608927501e-03
6.742500066757202148e-01 2.489771489411536903e-03
6.777499914169311523e-01 2.190045236240243786e-03
6.812499761581420898e-01 2.322878462077521654e-03
6.847500205039978027e-01 2.268382779682740890e-03
6.882500052452087402e-01 2.104895732498399466e-03
6.917499899864196777e-01 2.026558189055902362e-03
6.952500343322753906e-01 1.985686427259816898e-03
6.987500190734863281e-01 2.074241911151335476e-03
7.022500038146972656e-01 1.886913002919277061e-03
7.057499885559082031e-01 1.811981439626453782e-03
7.092499732971191406e-01 2.012934268457207063e-03
7.127500176429748535e-01 1.832417320524496514e-03
7.162500023841857910e-01 1.754079777081999410e-03
7.197499871253967285e-01 1.740455856483304328e-03
7.232500314712524414e-01 1.658712332891133399e-03
7.267500162124633789e-01 1.604216650496352852e-03
7.302500009536743164e-01 1.665524293190481049e-03
7.337499856948852539e-01 1.508849206305486841e-03
7.372499704360961914e-01 1.570156848999615037e-03
7.407500147819519043e-01 1.485007345257770501e-03
7.442499995231628418e-01 1.338550198821797550e-03
7.477499842643737793e-01 1.311302357624407385e-03
7.512500286102294922e-01 1.345362159121145200e-03
7.547500133514404297e-01 1.270430595828321921e-03
7.582499980926513672e-01 1.396451861366251922e-03
7.617499828338623047e-01 1.324926278223102468e-03
7.652499675750732422e-01 1.249994714930279189e-03
7.687500119209289551e-01 1.280648536277343178e-03
7.722499966621398926e-01 1.181875111936803559e-03
7.757499814033508301e-01 1.236370794331584106e-03
7.792500257492065430e-01 1.161439231038760827e-03
7.827500104904174805e-01 1.059259826548547166e-03
7.862499952316284180e-01 1.123973449392349187e-03
7.897499799728393555e-01 1.066071786847894816e-03
7.932499647140502930e-01 9.400505213099647059e-04
7.967500090599060059e-01 1.106943548643980280e-03
8.002499938011169434e-01 1.038823945650504434e-03
8.037499785423278809e-01 9.162086602622482572e-04
8.072500228881835938e-01 1.001358164004092794e-03
8.107500076293945312e-01 9.298325808609434482e-04
8.142499923706054688e-01 8.072172954726871633e-04
8.177499771118164062e-01 7.969993550236657972e-04
8.212500214576721191e-01 8.276531763707297871e-04
8.247500061988830566e-01 7.901873947243181475e-04
8.282499909400939941e-01 8.038113153230133385e-04
8.317500352859497070e-01 8.719309183164890764e-04
8.352500200271606445e-01 7.969993550236657972e-04
8.387500047683715820e-01 7.867814145746444311e-04
8.422499895095825195e-01 8.072172954726871633e-04
8.457499742507934570e-01 7.016319108327997859e-04
8.492500185966491699e-01 6.811960299347570537e-04
8.527500033378601074e-01 6.505422085876929553e-04
8.562499880790710449e-01 6.948199505334522446e-04
8.597500324249267578e-01 6.982259306831259610e-04
8.632500171661376953e-01 6.709780894857356875e-04
8.667500019073486328e-01 6.743840696354095124e-04
8.702499866485595703e-01 6.709780894857356875e-04
8.737499713897705078e-01 6.505422085876929553e-04
8.772500157356262207e-01 5.756106452948696762e-04
8.807500004768371582e-01 5.892345658935648671e-04
8.842499852180480957e-01 5.858285857438910423e-04
8.877500295639038086e-01 5.211149629000891292e-04
8.912500143051147461e-01 5.040850621517202219e-04
8.947499990463256836e-01 5.347388834987843202e-04
8.982499837875366211e-01 5.653927048458484185e-04
9.017499685287475586e-01 4.632133003556348117e-04
9.052500128746032715e-01 4.189355584098755766e-04
9.087499976158142090e-01 4.734312408046561778e-04
9.122499823570251465e-01 4.359654591582445382e-04
9.157500267028808594e-01 5.143030026007415880e-04
9.192500114440917969e-01 4.325594790085707133e-04
9.227499961853027344e-01 4.461833996072659043e-04
9.262499809265136719e-01 4.529953599066134456e-04
9.297499656677246094e-01 4.359654591582445382e-04
9.332500100135803223e-01 4.495893797569396749e-04
9.367499947547912598e-01 4.802432011040037190e-04
9.402499794960021973e-01 3.950936973621590738e-04
9.437500238418579102e-01 3.610338958654212590e-04
9.472500085830688477e-01 3.337860546680309856e-04
9.507499933242797852e-01 3.133501737699882534e-04
9.542499780654907227e-01 3.746578164641163958e-04
9.577499628067016602e-01 3.440039951170522975e-04
9.612500071525573730e-01 4.189355584098755766e-04
9.647499918937683105e-01 2.758843921235766138e-04
9.682500362396240234e-01 3.133501737699882534e-04
9.717500209808349609e-01 3.576279157157474342e-04
9.752500057220458984e-01 3.371920348177047562e-04
9.787499904632568359e-01 3.337860546680309856e-04
9.822499752044677734e-01 3.065382134706406579e-04
9.857500195503234863e-01 2.997262531712931166e-04
9.892500042915344238e-01 3.405980149673785268e-04
9.927499890327453613e-01 2.929142928719455211e-04
9.962500333786010742e-01 2.690724318242290183e-04
9.997500181198120117e-01 3.644398760150950297e-04
1.003250002861022949e+00 2.213887097287960397e-04
1.006749987602233887e+00 3.337860546680309856e-04
1.010249972343444824e+00 2.486365509261863403e-04
1.013749957084655762e+00 2.724784119739028431e-04
1.017250061035156250e+00 1.805169479327106295e-04
1.020750045776367188e+00 2.724784119739028431e-04
1.024250030517578125e+00 2.452305707765125697e-04
1.027750015258789062e+00 2.111707692797747007e-04
1.031250000000000000e+00 1.975468486810795369e-04
1.034749984741210938e+00 2.043588089804271324e-04
1.038249969482421875e+00 1.873289082320581979e-04
1.041749954223632812e+00 2.520425310758601109e-04
1.045249938964843750e+00 2.384186104771649742e-04
1.048750042915344238e+00 1.498631265856465583e-04
1.052250027656555176e+00 2.009528288307533346e-04
1.055750012397766113e+00 1.805169479327106295e-04
1.059249997138977051e+00 2.009528288307533346e-04
1.062749981880187988e+00 1.702990074836892634e-04
1.066249966621398926e+00 1.498631265856465583e-04
1.069749951362609863e+00 1.941408685314057663e-04
1.073250055313110352e+00 1.600810670346678973e-04
1.076750040054321289e+00 1.737049876333630611e-04
1.080250024795532227e+00 2.213887097287960397e-04
1.083750009536743164e+00 2.009528288307533346e-04
1.087249994277954102e+00 1.294272456876038532e-04
1.090749979019165039e+00 1.702990074836892634e-04
1.094249963760375977e+00 2.043588089804271324e-04
1.097749948501586914e+00 1.771109677830368318e-04
1.101249933242797852e+00 1.430511662862989899e-04
1.104750037193298340e+00 1.328332258372776238e-04
1.108250021934509277e+00 1.975468486810795369e-04
1.111750006675720215e+00 1.123973449392349187e-04
1.115249991416931152e+00 1.600810670346678973e-04
1.118749976158142090e+00 1.634870471843416950e-04
1.122249960899353027e+00 1.226152853882562848e-04
1.125750064849853516e+00 1.089913647895611345e-04
1.129250049591064453e+00 1.566750868849941267e-04
1.132750034332275391e+00 1.430511662862989899e-04
1.136250019073486328e+00 1.362392059869514216e-04
1.139750003814697266e+00 1.123973449392349187e-04
1.143249988555908203e+00 1.089913647895611345e-04
1.146749973297119141e+00 1.226152853882562848e-04
1.150249958038330078e+00 1.396451861366251922e-04
1.153749942779541016e+00 1.123973449392349187e-04
1.157250046730041504e+00 1.226152853882562848e-04
1.160750031471252441e+00 1.294272456876038532e-04
1.164250016212463379e+00 1.328332258372776238e-04
1.167750000953674316e+00 1.226152853882562848e-04
1.171249985694885254e+00 1.021794044902135662e-04
1.174749970436096191e+00 1.192093052385824871e-04
1.178249955177307129e+00 6.811960299347571079e-05
1.181750059127807617e+00 1.362392059869514216e-04
1.185250043869018555e+00 1.123973449392349187e-04
1.188750028610229492e+00 7.152558314314949497e-05
1.192250013351440430e+00 1.158033250889087029e-04
1.195749998092651367e+00 1.328332258372776238e-04
1.199249982833862305e+00 1.021794044902135662e-04
1.202749967575073242e+00 1.260212655379300555e-04
1.206249952316284180e+00 1.055853846398873504e-04
1.209749937057495117e+00 5.449568239478056727e-05
1.213250041007995605e+00 1.089913647895611345e-04
1.216750025749206543e+00 9.877342434053976844e-05
1.220250010490417480e+00 7.493156329282327915e-05
1.223749995231628418e+00 1.021794044902135662e-04
1.227249979972839355e+00 7.152558314314949497e-05
1.230749964714050293e+00 6.811960299347571079e-05
1.234249949455261230e+00 7.833754344249706334e-05
1.237750053405761719e+00 4.768372209543299213e-05
1.241250038146972656e+00 4.768372209543299213e-05
1.244750022888183594e+00 6.130764269412814242e-05
1.248250007629394531e+00 7.493156329282327915e-05
1.251749992370605469e+00 9.196146404119220007e-05
1.255249977111816406e+00 6.130764269412814242e-05
1.258749961853027344e+00 6.130764269412814242e-05
1.262249946594238281e+00 5.790166254445435146e-05
1.265750050544738770e+00 7.152558314314949497e-05
1.269250035285949707e+00 6.471362284380192660e-05
1.272750020027160645e+00 4.087176179608542376e-05
1.276250004768371582e+00 6.471362284380192660e-05
1.279749989509582520e+00 9.536744419086598426e-05
1.283249974250793457e+00 3.405980149673785539e-05
1.286749958992004395e+00 5.108970224510678309e-05
1.290250062942504883e+00 7.493156329282327915e-05
1.293750047683715820e+00 4.427774194575920795e-05
1.297250032424926758e+00 4.768372209543299213e-05
1.300750017166137695e+00 6.471362284380192660e-05
1.304250001907348633e+00 5.108970224510678309e-05
1.307749986648559570e+00 6.130764269412814242e-05
1.311249971389770508e+00 2.384186104771649606e-05
1.314749956130981445e+00 3.746578164641163958e-05
1.318249940872192383e+00 5.790166254445435146e-05
1.321750044822692871e+00 2.724784119739028364e-05
1.325250029563903809e+00 5.108970224510678309e-05
1.328750014305114746e+00 5.108970224510678309e-05
1.332249999046325684e+00 3.746578164641163958e-05
1.335749983787536621e+00 3.065382134706407121e-05
1.339249968528747559e+00 5.449568239478056727e-05
1.342749953269958496e+00 5.790166254445435146e-05
1.346250057220458984e+00 4.427774194575920795e-05
1.349750041961669922e+00 3.405980149673785539e-05
1.353250026702880859e+00 4.768372209543299213e-05
1.356750011444091797e+00 3.405980149673785539e-05
1.360249996185302734e+00 4.087176179608542376e-05
1.363749980926513672e+00 2.043588089804271188e-05
1.367249965667724609e+00 3.405980149673785539e-05
1.370749950408935547e+00 3.746578164641163958e-05
1.374249935150146484e+00 3.405980149673785539e-05
1.377750039100646973e+00 3.065382134706407121e-05
1.381250023841857910e+00 3.405980149673785539e-05
1.384750008583068848e+00 3.405980149673785539e-05
1.388249993324279785e+00 3.746578164641163958e-05
1.391749978065490723e+00 2.384186104771649606e-05
1.395249962806701660e+00 3.405980149673785539e-05
1.398750066757202148e+00 3.405980149673785539e-05
1.402250051498413086e+00 2.724784119739028364e-05
1.405750036239624023e+00 3.405980149673785539e-05
1.409250020980834961e+00 4.427774194575920795e-05
1.412750005722045898e+00 3.405980149673785539e-05
1.416249990463256836e+00 2.724784119739028364e-05
1.419749975204467773e+00 1.021794044902135594e-05
1.423249959945678711e+00 1.362392059869514182e-05
1.426749944686889648e+00 4.427774194575920795e-05
1.430250048637390137e+00 1.702990074836892770e-05
1.433750033378601074e+00 3.065382134706407121e-05
1.437250018119812012e+00 2.724784119739028364e-05
1.440750002861022949e+00 1.702990074836892770e-05
1.444249987602233887e+00 2.043588089804271188e-05
1.447749972343444824e+00 3.065382134706407121e-05
1.451249957084655762e+00 1.702990074836892770e-05
1.454750061035156250e+00 3.065382134706407121e-05
1.458250045776367188e+00 2.384186104771649606e-05
1.461750030517578125e+00 1.362392059869514182e-05
1.465250015258789062e+00 2.043588089804271188e-05
1.468750000000000000e+00 3.065382134706407121e-05
1.472249984741210938e+00 2.384186104771649606e-05
1.475749969482421875e+00 3.746578164641163958e-05
1.479249954223632812e+00 1.362392059869514182e-05
1.482749938964843750e+00 2.724784119739028364e-05
1.486250042915344238e+00 2.724784119739028364e-05
1.489750027656555176e+00 2.043588089804271188e-05
1.493250012397766113e+00 2.384186104771649606e-05
1.496749997138977051e+00 2.384186104771649606e-05
1.500249981880187988e+00 1.702990074836892770e-05
1.503749966621398926e+00 2.724784119739028364e-05
1.507249951362609863e+00 2.384186104771649606e-05
1.510750055313110352e+00 3.065382134706407121e-05
1.514250040054321289e+00 3.405980149673785539e-05
1.517750024795532227e+00 1.362392059869514182e-05
1.521250009536743164e+00 2.043588089804271188e-05
1.524749994277954102e+00 2.043588089804271188e-05
1.528249979019165039e+00 1.702990074836892770e-05
1.531749963760375977e+00 1.362392059869514182e-05
1.535249948501586914e+00 1.362392059869514182e-05
1.538749933242797852e+00 2.043588089804271188e-05
1.542250037193298340e+00 1.362392059869514182e-05
1.545750021934509277e+00 1.702990074836892770e-05
1.549250006675720215e+00 6.811960299347570909e-06
1.552749991416931152e+00 1.702990074836892770e-05
1.556249976158142090e+00 2.384186104771649606e-05
1.559749960899353027e+00 1.021794044902135594e-05
1.563250064849853516e+00 6.811960299347570909e-06
1.566750049591064453e+00 2.724784119739028364e-05
1.570250034332275391e+00 6.811960299347570909e-06
1.573750019073486328e+00 6.811960299347570909e-06
1.577250003814697266e+00 1.362392059869514182e-05
1.580749988555908203e+00 1.702990074836892770e-05
1.584249973297119141e+00 2.043588089804271188e-05
1.587749958038330078e+00 1.021794044902135594e-05
1.591249942779541016e+00 2.043588089804271188e-05
1.594750046730041504e+00 2.043588089804271188e-05
1.598250031471252441e+00 0.000000000000000000e+00
1.601750016212463379e+00 1.702990074836892770e-05
1.605250000953674316e+00 2.043588089804271188e-05
1.608749985694885254e+00 6.811960299347570909e-06
1.612249970436096191e+00 1.362392059869514182e-05
1.615749955177307129e+00 3.405980149673785455e-06
1.619250059127807617e+00 2.043588089804271188e-05
1.622750043869018555e+00 1.021794044902135594e-05
1.626250028610229492e+00 6.811960299347570909e-06
1.629750013351440430e+00 3.405980149673785455e-06
1.633249998092651367e+00 3.405980149673785455e-06
1.636749982833862305e+00 2.043588089804271188e-05
1.640249967575073242e+00 0.000000000000000000e+00
1.643749952316284180e+00 1.362392059869514182e-05
1.647249937057495117e+00 6.811960299347570909e-06
1.650750041007995605e+00 2.043588089804271188e-05
1.654250025749206543e+00 3.405980149673785455e-06
1.657750010490417480e+00 1.021794044902135594e-05
1.661249995231628418e+00 1.362392059869514182e-05
1.664749979972839355e+00 3.405980149673785455e-06
1.668249964714050293e+00 6.811960299347570909e-06
1.671749949455261230e+00 3.405980149673785455e-06
1.675250053405761719e+00 6.811960299347570909e-06
1.678750038146972656e+00 1.021794044902135594e-05
1.682250022888183594e+00 6.811960299347570909e-06
1.685750007629394531e+00 1.362392059869514182e-05
1.689249992370605469e+00 3.405980149673785455e-06
1.692749977111816406e+00 3.405980149673785455e-06
1.696249961853027344e+00 6.811960299347570909e-06
1.699749946594238281e+00 1.362392059869514182e-05
1.703250050544738770e+00 1.021794044902135594e-05
1.706750035285949707e+00 3.405980149673785455e-06
1.710250020027160645e+00 1.362392059869514182e-05
1.713750004768371582e+00 6.811960299347570909e-06
1.717249989509582520e+00 0.000000000000000000e+00
1.720749974250793457e+00 6.811960299347570909e-06
1.724249958992004395e+00 3.405980149673785455e-06
1.727750062942504883e+00 1.362392059869514182e-05
1.731250047683715820e+00 6.811960299347570909e-06
1.734750032424926758e+00 3.405980149673785455e-06
1.738250017166137695e+00 3.405980149673785455e-06
1.741750001907348633e+00 3.405980149673785455e-06
1.745249986648559570e+00 6.811960299347570909e-06
1.748749971389770508e+00 0.000000000000000000e+00
1.752249956130981445e+00 1.021794044902135594e-05
1.755749940872192383e+00 6.811960299347570909e-06
1.759250044822692871e+00 0.000000000000000000e+00
1.762750029563903809e+00 1.021794044902135594e-05
1.766250014305114746e+00 1.021794044902135594e-05
1.769749999046325684e+00 6.811960299347570909e-06
1.773249983787536621e+00 6.811960299347570909e-06
1.776749968528747559e+00 0.000000000000000000e+00
1.780249953269958496e+00 0.000000000000000000e+00
1.783750057220458984e+00 0.000000000000000000e+00
1.787250041961669922e+00 3.405980149673785455e-06
1.790750026702880859e+00 3.405980149673785455e-06
1.794250011444091797e+00 3.405980149673785455e-06
1.797749996185302734e+00 1.021794044902135594e-05
1.801249980926513672e+00 3.405980149673785455e-06
1.804749965667724609e+00 6.811960299347570909e-06
1.808249950408935547e+00 6.811960299347570909e-06
1.811749935150146484e+00 1.021794044902135594e-05
1.815250039100646973e+00 3.405980149673785455e-06
1.818750023841857910e+00 1.021794044902135594e-05
1.822250008583068848e+00 1.362392059869514182e-05
1.825749993324279785e+00 3.405980149673785455e-06
1.829249978065490723e+00 1.021794044902135594e-05
1.832749962806701660e+00 1.021794044902135594e-05
1.836250066757202148e+00 6.811960299347570909e-06
1.839750051498413086e+00 0.000000000000000000e+00
1.843250036239624023e+00 1.021794044902135594e-05
1.846750020980834961e+00 3.405980149673785455e-06
1.850250005722045898e+00 6.811960299347570909e-06
1.853749990463256836e+00 0.000000000000000000e+00
1.857249975204467773e+00 6.811960299347570909e-06
1.860749959945678711e+00 6.811960299347570909e-06
1.864249944686889648e+00 1.021794044902135594e-05
1.867750048637390137e+00 3.405980149673785455e-06
1.871250033378601074e+00 1.021794044902135594e-05
1.874750018119812012e+00 0.000000000000000000e+00
1.878250002861022949e+00 1.021794044902135594e-05
1.881749987602233887e+00 0.000000000000000000e+00
1.885249972343444824e+00 3.405980149673785455e-06
1.888749957084655762e+00 0.000000000000000000e+00
1.892250061035156250e+00 0.000000000000000000e+00
1.895750045776367188e+00 6.811960299347570909e-06
1.899250030517578125e+00 6.811960299347570909e-06
1.902750015258789062e+00 3.405980149673785455e-06
1.906250000000000000e+00 3.405980149673785455e-06
1.909749984741210938e+00 6.811960299347570909e-06
1.913249969482421875e+00 6.811960299347570909e-06
1.916749954223632812e+00 3.405980149673785455e-06
1.920249938964843750e+00 3.405980149673785455e-06
1.923750042915344238e+00 0.000000000000000000e+00
1.927250027656555176e+00 3.405980149673785455e-06
1.930750012397766113e+00 1.021794044902135594e-05
1.934249997138977051e+00 3.405980149673785455e-06
1.937749981880187988e+00 3.405980149673785455e-06
1.941249966621398926e+00 0.000000000000000000e+00
1.944749951362609863e+00 1.021794044902135594e-05
1.948250055313110352e+00 0.000000000000000000e+00
1.951750040054321289e+00 0.000000000000000000e+00
1.955250024795532227e+00 3.405980149673785455e-06
1.958750009536743164e+00 3.405980149673785455e-06
1.962249994277954102e+00 3.405980149673785455e-06
1.965749979019165039e+00 6.811960299347570909e-06
1.969249963760375977e+00 3.405980149673785455e-06
1.972749948501586914e+00 6.811960299347570909e-06
1.976249933242797852e+00 0.000000000000000000e+00
1.979750037193298340e+00 3.405980149673785455e-06
1.983250021934509277e+00 3.405980149673785455e-06
1.986750006675720215e+00 0.000000000000000000e+00
1.990249991416931152e+00 3.405980149673785455e-06
1.993749976158142090e+00 0.000000000000000000e+00
1.997249960899353027e+00 0.000000000000000000e+00
2.000750064849853516e+00 6.811960299347570909e-06
2.004250049591064453e+00 0.000000000000000000e+00
2.007750034332275391e+00 0.000000000000000000e+00
2.011250019073486328e+00 3.405980149673785455e-06
2.014750003814697266e+00 0.000000000000000000e+00
2.018249988555908203e+00 0.000000000000000000e+00
2.021749973297119141e+00 3.405980149673785455e-06
2.025249958038330078e+00 1.362392059869514182e-05
2.028749942779541016e+00 3.405980149673785455e-06
2.032249927520751953e+00 0.000000000000000000e+00
2.035749912261962891e+00 0.000000000000000000e+00
2.039249897003173828e+00 6.811960299347570909e-06
2.042749881744384766e+00 6.811960299347570909e-06
2.046250104904174805e+00 0.000000000000000000e+00
2.049750089645385742e+00 3.405980149673785455e-06
2.053250074386596680e+00 0.000000000000000000e+00
2.056750059127807617e+00 0.000000000000000000e+00
2.060250043869018555e+00 0.000000000000000000e+00
2.063750028610229492e+00 3.405980149673785455e-06
2.067250013351440430e+00 3.405980149673785455e-06
2.070749998092651367e+00 3.405980149673785455e-06
2.074249982833862305e+00 3.405980149673785455e-06
2.077749967575073242e+00 0.000000000000000000e+00
2.081249952316284180e+00 3.405980149673785455e-06
2.084749937057495117e+00 3.405980149673785455e-06
2.088249921798706055e+00 0.000000000000000000e+00
2.091749906539916992e+00 0.000000000000000000e+00
2.095249891281127930e+00 3.405980149673785455e-06
2.098750114440917969e+00 0.000000000000000000e+00
2.102250099182128906e+00 6.811960299347570909e-06
2.105750083923339844e+00 3.405980149673785455e-06
2.109250068664550781e+00 3.405980149673785455e-06
2.112750053405761719e+00 0.000000000000000000e+00
2.116250038146972656e+00 1.021794044902135594e-05
2.119750022888183594e+00 0.000000000000000000e+00
2.123250007629394531e+00 0.000000000000000000e+00
2.126749992370605469e+00 0.000000000000000000e+00
2.130249977111816406e+00 3.405980149673785455e-06
2.133749961853027344e+00 0.000000000000000000e+00
2.137249946594238281e+00 0.000000000000000000e+00
2.140749931335449219e+00 0.000000000000000000e+00
2.144249916076660156e+00 0.000000000000000000e+00
2.147749900817871094e+00 0.000000000000000000e+00
2.151249885559082031e+00 0.000000000000000000e+00
2.154750108718872070e+00 3.405980149673785455e-06
2.158250093460083008e+00 0.000000000000000000e+00
2.161750078201293945e+00 0.000000000000000000e+00
2.165250062942504883e+00 3.405980149673785455e-06
2.168750047683715820e+00 6.811960299347570909e-06
2.172250032424926758e+00 1.021794044902135594e-05
2.175750017166137695e+00 3.405980149673785455e-06
2.179250001907348633e+00 0.000000000000000000e+00
2.182749986648559570e+00 0.000000000000000000e+00
2.186249971389770508e+00 6.811960299347570909e-06
2.189749956130981445e+00 0.000000000000000000e+00
2.193249940872192383e+00 0.000000000000000000e+00
2.196749925613403320e+00 0.000000000000000000e+00
2.200249910354614258e+00 0.000000000000000000e+00
2.203749895095825195e+00 0.000000000000000000e+00
2.207250118255615234e+00 3.405980149673785455e-06
2.210750102996826172e+00 6.811960299347570909e-06
2.214250087738037109e+00 0.000000000000000000e+00
2.217750072479248047e+00 0.000000000000000000e+00
2.221250057220458984e+00 0.000000000000000000e+00
2.224750041961669922e+00 3.405980149673785455e-06
2.228250026702880859e+00 3.405980149673785455e-06
2.231750011444091797e+00 3.405980149673785455e-06
2.235249996185302734e+00 0.000000000000000000e+00
2.238749980926513672e+00 1.021794044902135594e-05
2.242249965667724609e+00 6.811960299347570909e-06
2.245749950408935547e+00 0.000000000000000000e+00
2.249249935150146484e+00 0.000000000000000000e+00
2.252749919891357422e+00 0.000000000000000000e+00
2.256249904632568359e+00 0.000000000000000000e+00
2.259749889373779297e+00 3.405980149673785455e-06
2.263249874114990234e+00 0.000000000000000000e+00
2.266750097274780273e+00 0.000000000000000000e+00
2.270250082015991211e+00 0.000000000000000000e+00
2.273750066757202148e+00 0.000000000000000000e+00
2.277250051498413086e+00 0.000000000000000000e+00
2.280750036239624023e+00 3.405980149673785455e-06
2.284250020980834961e+00 0.000000000000000000e+00
2.287750005722045898e+00 0.000000000000000000e+00
2.291249990463256836e+00 0.000000000000000000e+00
2.294749975204467773e+00 0.000000000000000000e+00
2.298249959945678711e+00 3.405980149673785455e-06
2.301749944686889648e+00 0.000000000000000000e+00
2.305249929428100586e+00 3.405980149673785455e-06
2.308749914169311523e+00 0.000000000000000000e+00
2.312249898910522461e+00 0.000000000000000000e+00
2.315750122070312500e+00 0.000000000000000000e+00
2.319250106811523438e+00 3.405980149673785455e-06
2.322750091552734375e+00 0.000000000000000000e+00
2.326250076293945312e+00 0.000000000000000000e+00
2.329750061035156250e+00 0.000000000000000000e+00
2.333250045776367188e+00 0.000000000000000000e+00
2.336750030517578125e+00 0.000000000000000000e+00
2.340250015258789062e+00 0.000000000000000000e+00
2.343750000000000000e+00 0.000000000000000000e+00
2.347249984741210938e+00 0.000000000000000000e+00
2.350749969482421875e+00 3.405980149673785455e-06
2.354249954223632812e+00 0.000000000000000000e+00
2.357749938964843750e+00 3.405980149673785455e-06
2.361249923706054688e+00 3.405980149673785455e-06
2.364749908447265625e+00 0.000000000000000000e+00
2.368249893188476562e+00 0.000000000000000000e+00
2.371749877929687500e+00 0.000000000000000000e+00
2.375250101089477539e+00 0.000000000000000000e+00
2.378750085830688477e+00 3.405980149673785455e-06
2.382250070571899414e+00 3.405980149673785455e-06
2.385750055313110352e+00 0.000000000000000000e+00
2.389250040054321289e+00 0.000000000000000000e+00
2.392750024795532227e+00 0.000000000000000000e+00
2.396250009536743164e+00 0.000000000000000000e+00
2.399749994277954102e+00 3.405980149673785455e-06
2.403249979019165039e+00 3.405980149673785455e-06
2.406749963760375977e+00 0.000000000000000000e+00
2.410249948501586914e+00 0.000000000000000000e+00
2.413749933242797852e+00 0.000000000000000000e+00
2.417249917984008789e+00 0.000000000000000000e+00
2.420749902725219727e+00 0.000000000000000000e+00
2.424250125885009766e+00 0.000000000000000000e+00
2.427750110626220703e+00 0.000000000000000000e+00
2.431250095367431641e+00 0.000000000000000000e+00
2.434750080108642578e+00 0.000000000000000000e+00
2.438250064849853516e+00 0.000000000000000000e+00
2.441750049591064453e+00 3.405980149673785455e-06
2.445250034332275391e+00 0.000000000000000000e+00
2.448750019073486328e+00 0.000000000000000000e+00
2.452250003814697266e+00 0.000000000000000000e+00
2.455749988555908203e+00 3.405980149673785455e-06
2.459249973297119141e+00 0.000000000000000000e+00
2.462749958038330078e+00 0.000000000000000000e+00
2.466249942779541016e+00 0.000000000000000000e+00
2.469749927520751953e+00 0.000000000000000000e+00
2.473249912261962891e+00 0.000000000000000000e+00
2.476749897003173828e+00 3.405980149673785455e-06
2.480249881744384766e+00 0.000000000000000000e+00
2.483750104904174805e+00 0.000000000000000000e+00
2.487250089645385742e+00 0.000000000000000000e+00
2.490750074386596680e+00 0.000000000000000000e+00
2.494250059127807617e+00 0.000000000000000000e+00
2.497750043869018555e+00 3.405980149673785455e-06
2.501250028610229492e+00 0.000000000000000000e+00
2.504750013351440430e+00 0.000000000000000000e+00
2.508249998092651367e+00 0.000000000000000000e+00
2.511749982833862305e+00 3.405980149673785455e-06
2.515249967575073242e+00 3.405980149673785455e-06
2.518749952316284180e+00 0.000000000000000000e+00
2.522249937057495117e+00 0.000000000000000000e+00
2.525749921798706055e+00 6.811960299347570909e-06
2.529249906539916992e+00 0.000000000000000000e+00
2.532749891281127930e+00 0.000000000000000000e+00
2.536250114440917969e+00 0.000000000000000000e+00
2.539750099182128906e+00 0.000000000000000000e+00
2.543250083923339844e+00 0.000000000000000000e+00
2.546750068664550781e+00 0.000000000000000000e+00
2.550250053405761719e+00 0.000000000000000000e+00
2.553750038146972656e+00 0.000000000000000000e+00
2.557250022888183594e+00 0.000000000000000000e+00
2.560750007629394531e+00 0.000000000000000000e+00
2.564249992370605469e+00 3.405980149673785455e-06
2.567749977111816406e+00 3.405980149673785455e-06
2.571249961853027344e+00 0.000000000000000000e+00
2.574749946594238281e+00 0.000000000000000000e+00
2.578249931335449219e+00 0.000000000000000000e+00
2.581749916076660156e+00 0.000000000000000000e+00
2.585249900817871094e+00 0.000000000000000000e+00
2.588749885559082031e+00 0.000000000000000000e+00
2.592250108718872070e+00 0.000000000000000000e+00
2.595750093460083008e+00 0.000000000000000000e+00
2.599250078201293945e+00 0.000000000000000000e+00
2.602750062942504883e+00 0.000000000000000000e+00
2.606250047683715820e+00 0.000000000000000000e+00
2.609750032424926758e+00 0.000000000000000000e+00
2.613250017166137695e+00 0.000000000000000000e+00
2.616750001907348633e+00 0.000000000000000000e+00
2.620249986648559570e+00 0.000000000000000000e+00
2.623749971389770508e+00 0.000000000000000000e+00
2.627249956130981445e+00 3.405980149673785455e-06
2.630749940872192383e+00 3.405980149673785455e-06
2.634249925613403320e+00 0.000000000000000000e+00
2.637749910354614258e+00 0.000000000000000000e+00
2.641249895095825195e+00 0.000000000000000000e+00
2.644750118255615234e+00 0.000000000000000000e+00
2.648250102996826172e+00 0.000000000000000000e+00
2.651750087738037109e+00 3.405980149673785455e-06
2.655250072479248047e+00 3.405980149673785455e-06
2.658750057220458984e+00 0.000000000000000000e+00
2.662250041961669922e+00 0.000000000000000000e+00
2.665750026702880859e+00 0.000000000000000000e+00
2.669250011444091797e+00 0.000000000000000000e+00
2.672749996185302734e+00 0.000000000000000000e+00
2.676249980926513672e+00 0.000000000000000000e+00
2.679749965667724609e+00 0.000000000000000000e+00
2.683249950408935547e+00 0.000000000000000000e+00
2.686749935150146484e+00 0.000000000000000000e+00
2.690249919891357422e+00 0.000000000000000000e+00
2.693749904632568359e+00 0.000000000000000000e+00
2.697249889373779297e+00 0.000000000000000000e+00
2.700749874114990234e+00 0.000000000000000000e+00
2.704250097274780273e+00 0.000000000000000000e+00
2.707750082015991211e+00 0.000000000000000000e+00
2.711250066757202148e+00 0.000000000000000000e+00
2.714750051498413086e+00 0.000000000000000000e+00
2.718250036239624023e+00 3.405980149673785455e-06
2.721750020980834961e+00 0.000000000000000000e+00
2.725250005722045898e+00 0.000000000000000000e+00
2.728749990463256836e+00 0.000000000000000000e+00
2.732249975204467773e+00 0.000000000000000000e+00
2.735749959945678711e+00 0.000000000000000000e+00
2.739249944686889648e+00 0.000000000000000000e+00
2.742749929428100586e+00 0.000000000000000000e+00
2.746249914169311523e+00 0.000000000000000000e+00
2.749749898910522461e+00 0.000000000000000000e+00
2.753250122070312500e+00 0.000000000000000000e+00
2.756750106811523438e+00 0.000000000000000000e+00
2.760250091552734375e+00 0.000000000000000000e+00
2.763750076293945312e+00 0.000000000000000000e+00
2.767250061035156250e+00 0.000000000000000000e+00
2.770750045776367188e+00 0.000000000000000000e+00
2.774250030517578125e+00 0.000000000000000000e+00
2.777750015258789062e+00 0.000000000000000000e+00
2.781250000000000000e+00 0.000000000000000000e+00
2.784749984741210938e+00 0.000000000000000000e+00
2.788249969482421875e+00 0.000000000000000000e+00
2.791749954223632812e+00 0.000000000000000000e+00
2.795249938964843750e+00 0.000000000000000000e+00
2.798749923706054688e+00 0.000000000000000000e+00
2.802249908447265625e+00 0.000000000000000000e+00
2.805749893188476562e+00 0.000000000000000000e+00
2.809249877929687500e+00 0.000000000000000000e+00
2.812750101089477539e+00 0.000000000000000000e+00
2.816250085830688477e+00 0.000000000000000000e+00
2.819750070571899414e+00 3.405980149673785455e-06
2.823250055313110352e+00 0.000000000000000000e+00
2.826750040054321289e+00 0.000000000000000000e+00
2.830250024795532227e+00 0.000000000000000000e+00
2.833750009536743164e+00 0.000000000000000000e+00
2.837249994277954102e+00 0.000000000000000000e+00
2.840749979019165039e+00 3.405980149673785455e-06
2.844249963760375977e+00 0.000000000000000000e+00
2.847749948501586914e+00 0.000000000000000000e+00
2.851249933242797852e+00 0.000000000000000000e+00
2.854749917984008789e+00 0.000000000000000000e+00
2.858249902725219727e+00 0.000000000000000000e+00
2.861750125885009766e+00 0.000000000000000000e+00
2.865250110626220703e+00 0.000000000000000000e+00
2.868750095367431641e+00 0.000000000000000000e+00
2.872250080108642578e+00 0.000000000000000000e+00
2.875750064849853516e+00 0.000000000000000000e+00
2.879250049591064453e+00 0.000000000000000000e+00
2.882750034332275391e+00 0.000000000000000000e+00
2.886250019073486328e+00 0.000000000000000000e+00
2.889750003814697266e+00 0.000000000000000000e+00
2.893249988555908203e+00 0.000000000000000000e+00
2.896749973297119141e+00 0.000000000000000000e+00
2.900249958038330078e+00 0.000000000000000000e+00
2.903749942779541016e+00 0.000000000000000000e+00
2.907249927520751953e+00 0.000000000000000000e+00
2.910749912261962891e+00 0.000000000000000000e+00
2.914249897003173828e+00 3.405980149673785455e-06
2.917749881744384766e+00 0.000000000000000000e+00
2.921250104904174805e+00 0.000000000000000000e+00
2.924750089645385742e+00 0.000000000000000000e+00
2.928250074386596680e+00 0.000000000000000000e+00
2.931750059127807617e+00 0.000000000000000000e+00
2.935250043869018555e+00 0.000000000000000000e+00
2.938750028610229492e+00 0.000000000000000000e+00
2.942250013351440430e+00 3.405980149673785455e-06
2.945749998092651367e+00 0.000000000000000000e+00
2.949249982833862305e+00 0.000000000000000000e+00
2.952749967575073242e+00 0.000000000000000000e+00
2.956249952316284180e+00 0.000000000000000000e+00
2.959749937057495117e+00 0.000000000000000000e+00
2.963249921798706055e+00 0.000000000000000000e+00
2.966749906539916992e+00 0.000000000000000000e+00
2.970249891281127930e+00 0.000000000000000000e+00
2.973750114440917969e+00 0.000000000000000000e+00
2.977250099182128906e+00 0.000000000000000000e+00
2.980750083923339844e+00 0.000000000000000000e+00
2.984250068664550781e+00 0.000000000000000000e+00
2.987750053405761719e+00 0.000000000000000000e+00
2.991250038146972656e+00 0.000000000000000000e+00
2.994750022888183594e+00 0.000000000000000000e+00
2.998250007629394531e+00 0.000000000000000000e+00
