-4.982500076293945312e-01 0.000000000000000000e+00
-4.947499930858612061e-01 0.000000000000000000e+00
-4.912499785423278809e-01 0.000000000000000000e+00
-4.877499938011169434e-01 0.000000000000000000e+00
-4.842500090599060059e-01 0.000000000000000000e+00
-4.807499945163726807e-01 0.000000000000000000e+00
-4.772499799728393555e-01 0.000000000000000000e+00
-4.737499952316284180e-01 0.000000000000000000e+00
-4.702500104904174805e-01 0.000000000000000000e+00
-4.667499959468841553e-01 0.000000000000000000e+00
-4.632499814033508301e-01 0.000000000000000000e+00
-4.597499966621398926e-01 0.000000000000000000e+00
-4.562500119209289551e-01 0.000000000000000000e+00
-4.527499973773956299e-01 0.000000000000000000e+00
-4.492499828338623047e-01 0.000000000000000000e+00
-4.457499980926513672e-01 0.000000000000000000e+00
-4.422500133514404297e-01 0.000000000000000000e+00
-4.387499988079071045e-01 0.000000000000000000e+00
-4.352499842643737793e-01 0.000000000000000000e+00
-4.317499995231628418e-01 0.000000000000000000e+00
-4.282500147819519043e-01 0.000000000000000000e+00
-4.247500002384185791e-01 0.000000000000000000e+00
-4.212499856948852539e-01 0.000000000000000000e+00
-4.177500009536743164e-01 0.000000000000000000e+00
-4.142500162124633789e-01 0.000000000000000000e+00
-4.107500016689300537e-01 0.000000000000000000e+00
-4.072499871253967285e-01 0.000000000000000000e+00
-4.037500023841857910e-01 0.000000000000000000e+00
-4.002500176429748535e-01 0.000000000000000000e+00
-3.967500030994415283e-01 0.000000000000000000e+00
-3.932499885559082031e-01 0.000000000000000000e+00
-3.897500038146972656e-01 0.000000000000000000e+00
-3.862500190734863281e-01 0.000000000000000000e+00
-3.827500045299530029e-01 0.000000000000000000e+00
-3.792499899864196777e-01 0.000000000000000000e+00
-3.757500052452087402e-01 0.000000000000000000e+00
-3.722500205039978027e-01 0.000000000000000000e+00
-3.687500059604644775e-01 0.000000000000000000e+00
-3.652499914169311523e-01 0.000000000000000000e+00
-3.617500066757202148e-01 0.000000000000000000e+00
-3.582500219345092773e-01 0.000000000000000000e+00
-3.547499775886535645e-01 0.000000000000000000e+00
-3.512499928474426270e-01 0.000000000000000000e+00
-3.477500081062316895e-01 0.000000000000000000e+00
-3.442499935626983643e-01 0.000000000000000000e+00
-3.407499790191650391e-01 0.000000000000000000e+00
-3.372499942779541016e-01 0.000000000000000000e+00
-3.337500095367431641e-01 0.000000000000000000e+00
-3.302499949932098389e-01 0.000000000000000000e+00
-3.267499804496765137e-01 0.000000000000000000e+00
-3.232499957084655762e-01 0.000000000000000000e+00
-3.197500109672546387e-01 0.000000000000000000e+00
-3.162499964237213135e-01 0.000000000000000000e+00
-3.127499818801879883e-01 0.000000000000000000e+00
-3.092499971389770508e-01 0.000000000000000000e+00
-3.057500123977661133e-01 0.000000000000000000e+00
-3.022499978542327881e-01 0.000000000000000000e+00
-2.987499833106994629e-01 0.000000000000000000e+00
-2.952499985694885254e-01 0.000000000000000000e+00
-2.917500138282775879e-01 0.000000000000000000e+00
-2.882499992847442627e-01 0.000000000000000000e+00
-2.847499847412109375e-01 0.000000000000000000e+00
-2.812500000000000000e-01 0.000000000000000000e+00
-2.777500152587890625e-01 0.000000000000000000e+00
-2.742500007152557373e-01 0.000000000000000000e+00
-2.707499861717224121e-01 0.000000000000000000e+00
-2.672500014305114746e-01 0.000000000000000000e+00
-2.637500166893005371e-01 0.000000000000000000e+00
-2.602500021457672119e-01 0.000000000000000000e+00
-2.567499876022338867e-01 0.000000000000000000e+00
-2.532500028610229492e-01 0.000000000000000000e+00
-2.497500032186508179e-01 0.000000000000000000e+00
-2.462500035762786865e-01 0.000000000000000000e+00
-2.427499890327453613e-01 0.000000000000000000e+00
-2.392500042915344238e-01 0.000000000000000000e+00
-2.357499897480010986e-01 0.000000000000000000e+00
-2.322500050067901611e-01 0.000000000000000000e+00
-2.287499904632568359e-01 0.000000000000000000e+00
-2.252500057220458984e-01 0.000000000000000000e+00
-2.217499911785125732e-01 0.000000000000000000e+00
-2.182500064373016357e-01 0.000000000000000000e+00
-2.147499918937683105e-01 0.000000000000000000e+00
-2.112500071525573730e-01 0.000000000000000000e+00
-2.077499926090240479e-01 0.000000000000000000e+00
-2.042500078678131104e-01 0.000000000000000000e+00
-2.007499933242797852e-01 0.000000000000000000e+00
-1.972500085830688477e-01 0.000000000000000000e+00
-1.937499940395355225e-01 0.000000000000000000e+00
-1.902500092983245850e-01 0.000000000000000000e+00
-1.867499947547912598e-01 0.000000000000000000e+00
-1.832500100135803223e-01 0.000000000000000000e+00
-1.797499954700469971e-01 0.000000000000000000e+00
-1.762500107288360596e-01 0.000000000000000000e+00
-1.727499961853027344e-01 0.000000000000000000e+00
-1.692500114440917969e-01 0.000000000000000000e+00
-1.657499969005584717e-01 0.000000000000000000e+00
-1.622500121593475342e-01 0.000000000000000000e+00
-1.587499976158142090e-01 0.000000000000000000e+00
-1.552500128746032715e-01 0.000000000000000000e+00
-1.517499983310699463e-01 0.000000000000000000e+00
-1.482500135898590088e-01 0.000000000000000000e+00
-1.447499990463256836e-01 0.000000000000000000e+00
-1.412500143051147461e-01 0.000000000000000000e+00
-1.377499997615814209e-01 0.000000000000000000e+00
-1.342500001192092896e-01 0.000000000000000000e+00
-1.307500004768371582e-01 0.000000000000000000e+00
-1.272499859333038330e-01 0.000000000000000000e+00
-1.237500011920928955e-01 0.000000000000000000e+00
-1.202500015497207642e-01 0.000000000000000000e+00
-1.167500019073486328e-01 0.000000000000000000e+00
-1.132500022649765015e-01 0.000000000000000000e+00
-1.097500026226043701e-01 0.000000000000000000e+00
-1.062500029802322388e-01 0.000000000000000000e+00
-1.027500033378601074e-01 0.000000000000000000e+00
-9.925000369548797607e-02 0.000000000000000000e+00
-9.574999660253524780e-02 0.000000000000000000e+00
-9.224999696016311646e-02 0.000000000000000000e+00
-8.874999731779098511e-02 0.000000000000000000e+00
-8.524999767541885376e-02 0.000000000000000000e+00
-8.174999803304672241e-02 0.000000000000000000e+00
-7.824999839067459106e-02 0.000000000000000000e+00
-7.474999874830245972e-02 0.000000000000000000e+00
-7.124999910593032837e-02 0.000000000000000000e+00
-6.774999946355819702e-02 0.000000000000000000e+00
-6.424999982118606567e-02 3.467546463012695312e+00
-6.075000017881393433e-02 9.311351776123046875e+00
-5.725000053644180298e-02 1.205081367492675781e+01
-5.375000089406967163e-02 1.331469917297363281e+01
-5.025000125169754028e-02 1.381145954132080078e+01
-4.675000160932540894e-02 1.376344394683837891e+01
-4.325000196695327759e-02 1.349678134918212891e+01
-3.974999859929084778e-02 1.296234130859375000e+01
-3.624999895691871643e-02 1.242331409454345703e+01
-3.274999931454658508e-02 1.178476524353027344e+01
-2.924999967217445374e-02 1.115691280364990234e+01
-2.575000002980232239e-02 1.052504158020019531e+01
-2.225000038743019104e-02 9.897541046142578125e+00
-1.875000074505805969e-02 9.320393562316894531e+00
-1.525000110268592834e-02 8.736940383911132812e+00
-1.174999959766864777e-02 8.176475524902343750e+00
-8.249999955296516418e-03 7.654263019561767578e+00
-4.750000312924385071e-03 7.151581287384033203e+00
-1.249999972060322762e-03 6.671756744384765625e+00
2.250000135973095894e-03 6.216957092285156250e+00
5.750000011175870895e-03 5.797122955322265625e+00
9.250000119209289551e-03 5.397812366485595703e+00
1.274999976158142090e-02 5.024298667907714844e+00
1.624999940395355225e-02 4.666532039642333984e+00
1.974999904632568359e-02 4.338901519775390625e+00
2.325000055134296417e-02 4.046260356903076172e+00
2.675000019371509552e-02 3.762143135070800781e+00
3.025000169873237610e-02 3.497520685195922852e+00
3.375000134110450745e-02 3.241983175277709961e+00
3.725000098347663879e-02 3.008393049240112305e+00
4.075000062584877014e-02 2.801467180252075195e+00
4.425000026822090149e-02 2.608448266983032227e+00
4.774999991059303284e-02 2.435101747512817383e+00
5.124999955296516418e-02 2.264660835266113281e+00
5.474999919533729553e-02 2.099704027175903320e+00
5.824999883770942688e-02 1.946760177612304688e+00
6.175000220537185669e-02 1.809725522994995117e+00
6.525000184774398804e-02 1.677073001861572266e+00
6.875000149011611938e-02 1.556065082550048828e+00
7.225000113248825073e-02 1.453749179840087891e+00
7.575000077486038208e-02 1.357022285461425781e+00
7.925000041723251343e-02 1.264990448951721191e+00
8.275000005960464478e-02 1.179210305213928223e+00
8.624999970197677612e-02 1.095365166664123535e+00
8.974999934434890747e-02 1.017226099967956543e+00
9.324999898672103882e-02 9.445600509643554688e-01
9.674999862909317017e-02 8.782971501350402832e-01
1.002499982714653015e-01 8.134670257568359375e-01
1.037499979138374329e-01 7.562978267669677734e-01
1.072499975562095642e-01 7.072550654411315918e-01
1.107499971985816956e-01 6.570525765419006348e-01
1.142499968409538269e-01 6.133456826210021973e-01
1.177499964833259583e-01 5.715852379798889160e-01
1.212500035762786865e-01 5.328357815742492676e-01
1.247500032186508179e-01 5.015180706977844238e-01
1.282500028610229492e-01 4.694304168224334717e-01
1.317499876022338867e-01 4.388149976730346680e-01
1.352500021457672119e-01 4.105136692523956299e-01
1.387499868869781494e-01 3.823850452899932861e-01
1.422500014305114746e-01 3.559091687202453613e-01
1.457499861717224121e-01 3.315978348255157471e-01
1.492500007152557373e-01 3.086109161376953125e-01
1.527499854564666748e-01 2.875256240367889404e-01
1.562500000000000000e-01 2.679129838943481445e-01
1.597500145435333252e-01 2.502508461475372314e-01
1.632499992847442627e-01 2.331824749708175659e-01
1.667500138282775879e-01 2.166279405355453491e-01
1.702499985694885254e-01 2.034446001052856445e-01
1.737500131130218506e-01 1.906910687685012817e-01
1.772499978542327881e-01 1.779693216085433960e-01
1.807500123977661133e-01 1.665487289428710938e-01
1.842499971389770508e-01 1.565378606319427490e-01
1.877500116825103760e-01 1.470048576593399048e-01
1.912499964237213135e-01 1.377206295728683472e-01
1.947500109672546387e-01 1.297303587198257446e-01
1.982499957084655762e-01 1.225730255246162415e-01
2.017500102519989014e-01 1.152559816837310791e-01
2.052499949932098389e-01 1.090031713247299194e-01
2.087500095367431641e-01 1.028349325060844421e-01
2.122499942779541016e-01 9.747108817100524902e-02
2.157500088214874268e-01 9.296192228794097900e-02
2.192499935626983643e-01 8.780276030302047729e-02
2.227500081062316895e-01 8.161690086126327515e-02
2.262499928474426270e-01 7.656425237655639648e-02
2.297500073909759521e-01 7.254023104906082153e-02
2.332499921321868896e-01 6.755629926919937134e-02
2.367500066757202148e-01 6.309632956981658936e-02
2.402499914169311523e-01 5.903750658035278320e-02
2.437500059604644775e-01 5.536150932312011719e-02
2.472499907016754150e-01 5.190112441778182983e-02
2.507500052452087402e-01 4.782411828637123108e-02
2.542499899864196777e-01 4.504424706101417542e-02
2.577500045299530029e-01 4.244757443666458130e-02
2.612500190734863281e-01 3.988166898488998413e-02
2.647500038146972656e-01 3.754650056362152100e-02
2.682499885559082031e-01 3.551843762397766113e-02
2.717500030994415283e-01 3.336815163493156433e-02
2.752500176429748535e-01 3.126054257154464722e-02
2.787500023841857910e-01 3.003112412989139557e-02
2.822499871253967285e-01 2.816808782517910004e-02
2.857500016689300537e-01 2.653797715902328491e-02
2.892500162124633789e-01 2.507784403860569000e-02
2.927500009536743164e-01 2.380492724478244781e-02
2.962499856948852539e-01 2.302791923284530640e-02
2.997500002384185791e-01 2.174790017306804657e-02
3.032500147819519043e-01 2.058091387152671814e-02
3.067499995231628418e-01 1.964245550334453583e-02
3.102499842643737793e-01 1.848583295941352844e-02
3.137499988079071045e-01 1.753031834959983826e-02
3.172500133514404297e-01 1.708391308784484863e-02
3.207499980926513672e-01 1.608038879930973053e-02
3.242499828338623047e-01 1.547227334231138229e-02
3.277499973773956299e-01 1.465054322034120560e-02
3.312500119209289551e-01 1.422669272869825363e-02
3.347499966621398926e-01 1.376733370125293732e-02
3.382499814033508301e-01 1.320003345608711243e-02
3.417499959468841553e-01 1.282065548002719879e-02
3.452500104904174805e-01 1.202080305665731430e-02
3.487499952316284180e-01 1.167329959571361542e-02
3.522499799728393555e-01 1.118214987218379974e-02
3.557499945163726807e-01 1.089470367878675461e-02
3.592500090599060059e-01 1.076532993465662003e-02
3.627499938011169434e-01 1.016240194439888000e-02
3.662499785423278809e-01 9.847484529018402100e-03
3.697499930858612061e-01 9.334468282759189606e-03
3.732500076293945312e-01 9.083463810384273529e-03
3.767499923706054688e-01 8.886039257049560547e-03
3.802500069141387939e-01 8.595257066190242767e-03
3.837500214576721191e-01 8.196634240448474884e-03
3.872500061988830566e-01 8.002509362995624542e-03
3.907499909400939941e-01 7.839585654437541962e-03
3.942500054836273193e-01 7.574756629765033722e-03
3.977500200271606445e-01 7.211760617792606354e-03
4.012500047683715820e-01 7.229163311421871185e-03
4.047499895095825195e-01 7.032366935163736343e-03
4.082500040531158447e-01 6.837939377874135971e-03
4.117500185966491699e-01 6.547892931848764420e-03
4.152500033378601074e-01 6.389451213181018829e-03
4.187499880790710449e-01 6.251134909689426422e-03
4.222500026226043701e-01 6.099311634898185730e-03
4.257500171661376953e-01 5.645797122269868851e-03
4.292500019073486328e-01 5.397683475166559219e-03
4.327499866485595703e-01 4.923933651298284531e-03
4.362500011920928955e-01 4.770709667354822159e-03
4.397500157356262207e-01 4.464834928512573242e-03
4.432500004768371582e-01 4.081309307366609573e-03
4.467499852180480957e-01 3.844582475721836090e-03
4.502499997615814209e-01 3.563753562048077583e-03
4.537500143051147461e-01 3.331778105348348618e-03
4.572499990463256836e-01 3.166847396641969681e-03
4.607499837875366211e-01 2.953771967440843582e-03
4.642499983310699463e-01 2.719017677009105682e-03
4.677500128746032715e-01 2.546618226915597916e-03
4.712499976158142090e-01 2.302874578163027763e-03
4.747499823570251465e-01 2.253755461424589157e-03
4.782499969005584717e-01 2.108249580487608910e-03
4.817500114440917969e-01 1.904247095808386803e-03
4.852499961853027344e-01 1.779125537723302841e-03
4.887499809265136719e-01 1.617564586922526360e-03
4.922499954700469971e-01 1.577900839038193226e-03
4.957500100135803223e-01 1.421674271114170551e-03
4.992499947547912598e-01 1.360351219773292542e-03
5.027499794960021973e-01 1.217953395098447800e-03
5.062500238418579102e-01 1.148471492342650890e-03
5.097500085830688477e-01 1.130222342908382416e-03
5.132499933242797852e-01 9.492343524470925331e-04
5.167499780654907227e-01 8.799710776656866074e-04
5.202499628067016602e-01 8.175961556844413280e-04
5.237500071525573730e-01 8.219361188821494579e-04
5.272499918937683105e-01 7.401945767924189568e-04
5.307500362396240234e-01 6.569749093614518642e-04
5.342500209808349609e-01 6.130462279543280602e-04
5.377500057220458984e-01 5.477230879478156567e-04
5.412499904632568359e-01 5.384817486628890038e-04
5.447499752044677734e-01 4.952657036483287811e-04
5.482500195503234863e-01 4.741555603686720133e-04
5.517500042915344238e-01 4.192308988422155380e-04
5.552499890327453613e-01 3.787396708503365517e-04
5.587500333786010742e-01 3.720207605510950089e-04
5.622500181198120117e-01 3.601113276090472937e-04
5.657500028610229492e-01 3.243510436732321978e-04
5.692499876022338867e-01 3.135470033157616854e-04
5.727499723434448242e-01 2.944358275271952152e-04
5.762500166893005371e-01 2.716585586313158274e-04
5.797500014305114746e-01 2.183014003094285727e-04
5.832499861717224121e-01 2.147346822312101722e-04
5.867500305175781250e-01 2.217680739704519510e-04
5.902500152587890625e-01 1.868647523224353790e-04
5.937500000000000000e-01 1.760403974913060665e-04
5.972499847412109375e-01 1.892096042865887284e-04
6.007499694824218750e-01 1.611933694221079350e-04
6.042500138282775879e-01 1.367068471154198050e-04
6.077499985694885254e-01 1.354127016384154558e-04
6.112499833106994629e-01 1.260438002645969391e-04
6.147500276565551758e-01 1.087578784790821373e-04
6.182500123977661133e-01 1.048876292770728469e-04
6.217499971389770508e-01 1.193169955513440073e-04
6.252499818801879883e-01 9.469069482292979956e-05
6.287499666213989258e-01 7.956678018672391772e-05
6.322500109672546387e-01 8.044458081712946296e-05
6.357499957084655762e-01 7.971129525685682893e-05
6.392499804496765137e-01 7.617113442393019795e-05
6.427500247955322266e-01 6.277703505475074053e-05
6.462500095367431641e-01 6.371934432536363602e-05
6.497499942779541016e-01 5.510277696885168552e-05
6.532499790191650391e-01 6.059896986698731780e-05
6.567499637603759766e-01 5.521328421309590340e-05
6.602500081062316895e-01 5.264553328743204474e-05
6.637499928474426270e-01 4.896767131867818534e-05
6.672500371932983398e-01 5.092160063213668764e-05
6.707500219345092773e-01 4.434820220922119915e-05
6.742500066757202148e-01 3.948705125367268920e-05
6.777499914169311523e-01 4.092977178515866399e-05
6.812499761581420898e-01 3.616722460719756782e-05
6.847500205039978027e-01 3.520773680065758526e-05
6.882500052452087402e-01 3.471275340416468680e-05
6.917499899864196777e-01 3.397282489459030330e-05
6.952500343322753906e-01 3.625596582423895597e-05
6.987500190734863281e-01 3.024126272066496313e-05
7.022500038146972656e-01 3.185452806064859033e-05
7.057499885559082031e-01 3.220822327421046793e-05
7.092499732971191406e-01 2.669938112376257777e-05
7.127500176429748535e-01 2.868136652978137136e-05
7.162500023841857910e-01 2.382450111326761544e-05
7.197499871253967285e-01 1.770219751051627100e-05
7.232500314712524414e-01 2.608606155263260007e-05
7.267500162124633789e-01 2.270800177939236164e-05
7.302500009536743164e-01 2.241829497506842017e-05
7.337499856948852539e-01 2.107858017552644014e-05
7.372499704360961914e-01 2.173141729144845158e-05
7.407500147819519043e-01 1.892918226076290011e-05
7.442499995231628418e-01 1.943518509506247938e-05
7.477499842643737793e-01 1.935792533913627267e-05
7.512500286102294922e-01 1.897152105811983347e-05
7.547500133514404297e-01 1.553083711769431829e-05
7.582499980926513672e-01 1.660764246480539441e-05
7.617499828338623047e-01 1.495050219091353938e-05
7.652499675750732422e-01 1.439685638615628704e-05
7.687500119209289551e-01 1.293596596951829270e-05
7.722499966621398926e-01 1.646696546231396496e-05
7.757499814033508301e-01 1.446888654754729941e-05
7.792500257492065430e-01 1.392416379530914128e-05
7.827500104904174805e-01 1.470253664592746645e-05
7.862499952316284180e-01 1.363456613034941256e-05
7.897499799728393555e-01 1.094048457161989063e-05
7.932499647140502930e-01 1.759808583301492035e-05
7.967500090599060059e-01 1.099355722544714808e-05
8.002499938011169434e-01 1.290736508963163942e-05
8.037499785423278809e-01 1.116963449021568522e-05
8.072500228881835938e-01 1.181991592602571473e-05
8.107500076293945312e-01 1.181999687105417252e-05
8.142499923706054688e-01 1.022245305648539215e-05
8.177499771118164062e-01 1.402433554176241159e-05
8.212500214576721191e-01 1.176086789200780913e-05
8.247500061988830566e-01 7.746544724795967340e-06
8.282499909400939941e-01 1.103748218156397343e-05
8.317500352859497070e-01 1.012990105664357543e-05
8.352500200271606445e-01 1.063735271600307897e-05
8.387500047683715820e-01 1.038867139868671075e-05
8.422499895095825195e-01 8.283105671580415219e-06
8.457499742507934570e-01 9.300367310061119497e-06
8.492500185966491699e-01 7.030404049146454781e-06
8.527500033378601074e-01 7.580867077194852754e-06
8.562499880790710449e-01 6.505430974357295781e-06
8.597500324249267578e-01 7.724705028522294015e-06
8.632500171661376953e-01 8.563314622733741999e-06
8.667500019073486328e-01 5.763915396528318524e-06
8.702499866485595703e-01 7.201630523923086002e-06
8.737499713897705078e-01 8.748452273721341044e-06
8.772500157356262207e-01 7.113036645023385063e-06
8.807500004768371582e-01 4.961570994055364281e-06
8.842499852180480957e-01 5.417057764134369791e-06
8.877500295639038086e-01 8.460789103992283344e-06
8.912500143051147461e-01 7.188718427642015740e-06
8.947499990463256836e-01 7.647990059922449291e-06
8.982499837875366211e-01 6.644030236202524975e-06
9.017499685287475586e-01 5.348025297280400991e-06
9.052500128746032715e-01 5.329823579813819379e-06
9.087499976158142090e-01 1.253662867384264246e-05
9.122499823570251465e-01 6.897144885442685336e-06
9.157500267028808594e-01 8.692652045283466578e-06
9.192500114440917969e-01 4.755992449645418674e-06
9.227499961853027344e-01 6.852699243609094992e-06
9.262499809265136719e-01 5.214336397330043837e-06
9.297499656677246094e-01 8.907523806556127965e-06
9.332500100135803223e-01 8.562537914258427918e-06
9.367499947547912598e-01 6.826303433626890182e-06
9.402499794960021973e-01 6.387750090652843937e-06
9.437500238418579102e-01 7.153372735047014430e-06
9.472500085830688477e-01 6.643096639891155064e-06
9.507499933242797852e-01 9.260336810257285833e-06
9.542499780654907227e-01 6.536729415529407561e-06
9.577499628067016602e-01 9.281347956857644022e-06
9.612500071525573730e-01 1.173863438452826813e-05
9.647499918937683105e-01 1.068167421180987731e-05
9.682500362396240234e-01 1.092849652195582166e-05
9.717500209808349609e-01 9.622051038604695350e-06
9.752500057220458984e-01 8.839725524012465030e-06
9.787499904632568359e-01 1.529348082840442657e-05
9.822499752044677734e-01 1.608829006727319211e-05
9.857500195503234863e-01 1.194132710224948823e-05
9.892500042915344238e-01 1.146269278251565993e-05
9.927499890327453613e-01 1.358937242912361398e-05
9.962500333786010742e-01 1.092341517505701631e-05
9.997500181198120117e-01 8.220961717597674578e-06
1.003250002861022949e+00 9.548874913889449090e-06
1.006749987602233887e+00 1.039668768498813733e-05
1.010249972343444824e+00 1.091206559067359194e-05
1.013749957084655762e+00 1.202937437483342364e-05
1.017250061035156250e+00 1.152570985141210258e-05
1.020750045776367188e+00 1.177505237137665972e-05
1.024250030517578125e+00 1.185112341772764921e-05
1.027750015258789062e+00 1.338412675977451727e-05
1.031250000000000000e+00 1.483417872805148363e-05
1.034749984741210938e+00 1.620777402422390878e-05
1.038249969482421875e+00 7.421882855851436034e-06
1.041749954223632812e+00 1.173579858004814014e-05
1.045249938964843750e+00 8.403862011618912220e-06
1.048750042915344238e+00 8.177487870852928609e-06
1.052250027656555176e+00 1.125349263020325452e-05
1.055750012397766113e+00 8.393319149035960436e-06
1.059249997138977051e+00 1.174573026219150051e-05
1.062749981880187988e+00 8.739134500501677394e-06
1.066249966621398926e+00 8.573048944526817650e-06
1.069749951362609863e+00 1.038732352753868327e-05
1.073250055313110352e+00 9.808087270357646048e-06
1.076750040054321289e+00 1.215328575199237093e-05
1.080250024795532227e+00 8.235634595621377230e-06
1.083750009536743164e+00 1.312944368692114949e-05
1.087249994277954102e+00 7.675291271880269051e-06
1.090749979019165039e+00 8.033219273784197867e-06
1.094249963760375977e+00 8.252101906691677868e-06
1.097749948501586914e+00 8.764929589233361185e-06
1.101249933242797852e+00 1.029933901008917019e-05
1.104750037193298340e+00 9.605215382180176675e-06
1.108250021934509277e+00 9.173385478788986802e-06
1.111750006675720215e+00 1.328955659118946642e-05
1.115249991416931152e+00 1.485607663198607042e-05
1.118749976158142090e+00 1.147897728515090421e-05
1.122249960899353027e+00 1.570686799823306501e-05
1.125750064849853516e+00 1.450444597139721736e-05
1.129250049591064453e+00 1.271509790967684239e-05
1.132750034332275391e+00 1.369339952361769974e-05
1.136250019073486328e+00 1.477403202443383634e-05
1.139750003814697266e+00 1.295961556024849415e-05
1.143249988555908203e+00 1.817962947825435549e-05
1.146749973297119141e+00 1.634948057471774518e-05
1.150249958038330078e+00 1.754160439304541796e-05
1.153749942779541016e+00 1.949627039721235633e-05
1.157250046730041504e+00 2.035436955338809639e-05
1.160750031471252441e+00 2.003258305194322020e-05
1.164250016212463379e+00 2.042255255219060928e-05
1.167750000953674316e+00 2.140838296327274293e-05
1.171249985694885254e+00 2.275929728057235479e-05
1.174749970436096191e+00 2.868068440875504166e-05
1.178249955177307129e+00 2.770731771306600422e-05
1.181750059127807617e+00 2.659766869328450412e-05
1.185250043869018555e+00 2.797450360958464444e-05
1.188750028610229492e+00 3.061847746721468866e-05
1.192250013351440430e+00 3.180548083037137985e-05
1.195749998092651367e+00 3.077805013163015246e-05
1.199249982833862305e+00 3.267179272370412946e-05
1.202749967575073242e+00 3.391760037629865110e-05
1.206249952316284180e+00 3.357637251610867679e-05
1.209749937057495117e+00 3.351456689415499568e-05
1.213250041007995605e+00 3.980405745096504688e-05
1.216750025749206543e+00 4.065467874170280993e-05
1.220250010490417480e+00 4.285740578779950738e-05
1.223749995231628418e+00 4.037766120745800436e-05
1.227249979972839355e+00 4.086417175130918622e-05
1.230749964714050293e+00 4.453701330930925906e-05
1.234249949455261230e+00 4.308803909225389361e-05
1.237750053405761719e+00 4.533551691565662622e-05
1.241250038146972656e+00 5.049708124715834856e-05
1.244750022888183594e+00 4.721300138044171035e-05
1.248250007629394531e+00 5.289659020490944386e-05
1.251749992370605469e+00 5.061187766841612756e-05
1.255249977111816406e+00 5.443618283607065678e-05
1.258749961853027344e+00 5.447989678941667080e-05
1.262249946594238281e+00 5.712343045161105692e-05
1.265750050544738770e+00 6.595678132725879550e-05
1.269250035285949707e+00 6.085093264118768275e-05
1.272750020027160645e+00 6.190083513502031565e-05
1.276250004768371582e+00 6.344472785713151097e-05
1.279749989509582520e+00 6.446104816859588027e-05
1.283249974250793457e+00 6.821492570452392101e-05
1.286749958992004395e+00 6.522149487864226103e-05
1.290250062942504883e+00 8.116372191580012441e-05
1.293750047683715820e+00 6.682059756712988019e-05
1.297250032424926758e+00 7.672682113479822874e-05
1.300750017166137695e+00 8.423544204561039805e-05
1.304250001907348633e+00 8.314791921293362975e-05
1.307749986648559570e+00 8.171094668796285987e-05
1.311249971389770508e+00 8.759583579376339912e-05
1.314749956130981445e+00 8.232024265453219414e-05
1.318249940872192383e+00 9.722649701870977879e-05
1.321750044822692871e+00 8.625245391158387065e-05
1.325250029563903809e+00 8.836791676003485918e-05
1.328750014305114746e+00 9.196431346936151385e-05
1.332249999046325684e+00 8.968777547124773264e-05
1.335749983787536621e+00 1.009022817015647888e-04
1.339249968528747559e+00 9.651940490584820509e-05
1.342749953269958496e+00 1.022371434373781085e-04
1.346250057220458984e+00 1.076599655789323151e-04
1.349750041961669922e+00 1.101617162930779159e-04
1.353250026702880859e+00 1.099129367503337562e-04
1.356750011444091797e+00 1.082091694115661085e-04
1.360249996185302734e+00 9.816941746976226568e-05
1.363749980926513672e+00 1.132122342824004591e-04
1.367249965667724609e+00 1.141480461228638887e-04
1.370749950408935547e+00 1.260714197997003794e-04
1.374249935150146484e+00 1.074343090294860303e-04
1.377750039100646973e+00 1.243194419657811522e-04
1.381250023841857910e+00 1.211371418321505189e-04
1.384750008583068848e+00 1.341353490715846419e-04
1.388249993324279785e+00 1.329474325757473707e-04
1.391749978065490723e+00 1.161716209026053548e-04
1.395249962806701660e+00 1.460620405850932002e-04
1.398750066757202148e+00 1.231824280694127083e-04
1.402250051498413086e+00 1.288306812057271600e-04
1.405750036239624023e+00 1.436372840544208884e-04
1.409250020980834961e+00 1.324756594840437174e-04
1.412750005722045898e+00 1.284679456148296595e-04
1.416249990463256836e+00 1.316986163146793842e-04
1.419749975204467773e+00 1.177986996481195092e-04
1.423249959945678711e+00 1.313039974775165319e-04
1.426749944686889648e+00 1.168718081316910684e-04
1.430250048637390137e+00 1.164788118330761790e-04
1.433750033378601074e+00 9.969527309294790030e-05
1.437250018119812012e+00 1.060954746208153665e-04
1.440750002861022949e+00 1.018549592117778957e-04
1.444249987602233887e+00 9.952568507287651300e-05
1.447749972343444824e+00 1.049789643730036914e-04
1.451249957084655762e+00 1.114873230108059943e-04
1.454750061035156250e+00 8.472091576550155878e-05
1.458250045776367188e+00 8.564309973735362291e-05
1.461750030517578125e+00 8.687821537023410201e-05
1.465250015258789062e+00 7.469068805221468210e-05
1.468750000000000000e+00 6.407941691577434540e-05
1.472249984741210938e+00 6.509471131721511483e-05
1.475749969482421875e+00 5.514000440598465502e-05
1.479249954223632812e+00 6.910846423124894500e-05
1.482749938964843750e+00 6.361666601151227951e-05
1.486250042915344238e+00 5.493600110639818013e-05
1.489750027656555176e+00 6.640681385761126876e-05
1.493250012397766113e+00 5.392912134993821383e-05
1.496749997138977051e+00 5.213901386014185846e-05
1.500249981880187988e+00 4.439230178832076490e-05
1.503749966621398926e+00 4.677258039009757340e-05
1.507249951362609863e+00 4.191180778434500098e-05
1.510750055313110352e+00 3.934019696316681802e-05
1.514250040054321289e+00 2.781234798021614552e-05
1.517750024795532227e+00 4.202202399028465152e-05
1.521250009536743164e+00 3.610313797253184021e-05
1.524749994277954102e+00 3.579246913432143629e-05
1.528249979019165039e+00 2.819673500198405236e-05
1.531749963760375977e+00 3.130940604023635387e-05
1.535249948501586914e+00 2.483150637999642640e-05
1.538749933242797852e+00 2.233941086160484701e-05
1.542250037193298340e+00 2.104650593537371606e-05
1.545750021934509277e+00 1.811871334211900830e-05
1.549250006675720215e+00 2.520158159313723445e-05
1.552749991416931152e+00 2.643453990458510816e-05
1.556249976158142090e+00 2.702356505324132740e-05
1.559749960899353027e+00 2.802489325404167175e-05
1.563250064849853516e+00 2.321480860700830817e-05
1.566750049591064453e+00 2.231928556284401566e-05
1.570250034332275391e+00 1.419720865669660270e-05
1.573750019073486328e+00 1.328587313764728606e-05
1.577250003814697266e+00 2.376310476392973214e-05
1.580749988555908203e+00 9.279016921937000006e-06
1.584249973297119141e+00 1.694114507699850947e-05
1.587749958038330078e+00 1.925215110532008111e-05
1.591249942779541016e+00 1.611814514035359025e-05
1.594750046730041504e+00 1.502150098531274125e-05
1.598250031471252441e+00 1.151876585936406627e-05
1.601750016212463379e+00 1.394602622895035893e-05
1.605250000953674316e+00 1.427685037924675271e-05
1.608749985694885254e+00 1.041788436850765720e-05
1.612249970436096191e+00 6.556289918080437928e-06
1.615749955177307129e+00 7.605758582940325141e-06
1.619250059127807617e+00 5.570929715759120882e-06
1.622750043869018555e+00 1.572073961142450571e-05
1.626250028610229492e+00 1.089951456378912553e-05
1.629750013351440430e+00 6.497211415990022942e-06
1.633249998092651367e+00 9.981537914427462965e-06
1.636749982833862305e+00 4.508067831920925528e-06
1.640249967575073242e+00 1.010898631648160517e-05
1.643749952316284180e+00 8.507241545885335654e-06
1.647249937057495117e+00 1.529526707599870861e-05
1.650750041007995605e+00 6.571373887709341943e-06
1.654250025749206543e+00 1.198127938550896943e-05
1.657750010490417480e+00 7.221160558401606977e-06
1.661249995231628418e+00 8.853258805174846202e-06
1.664749979972839355e+00 6.045460395398549736e-06
1.668249964714050293e+00 8.942090971686411649e-06
1.671749949455261230e+00 5.701193913409952074e-06
1.675250053405761719e+00 3.068518935833708383e-06
1.678750038146972656e+00 1.032201998896198347e-05
1.682250022888183594e+00 5.794192475150339305e-06
1.685750007629394531e+00 7.606533017678884789e-06
1.689249992370605469e+00 3.841338184429332614e-06
1.692749977111816406e+00 7.093010481185046956e-06
1.696249961853027344e+00 3.809643430940923281e-06
1.699749946594238281e+00 5.698588665836723521e-06
1.703250050544738770e+00 7.735496183158829808e-06
1.706750035285949707e+00 1.067023094947217032e-05
1.710250020027160645e+00 4.343006821727612987e-06
1.713750004768371582e+00 6.324586138362064958e-06
1.717249989509582520e+00 0.000000000000000000e+00
1.720749974250793457e+00 7.832340997993014753e-06
1.724249958992004395e+00 4.472979981073876843e-06
1.727750062942504883e+00 3.592390157791669481e-06
1.731250047683715820e+00 3.499192189337918535e-06
1.734750032424926758e+00 5.194475761527428403e-06
1.738250017166137695e+00 1.071406950359232724e-05
1.741750001907348633e+00 1.750033902681025211e-06
1.745249986648559570e+00 5.055247129348572344e-06
1.748749971389770508e+00 5.396155302150873467e-06
1.752249956130981445e+00 4.745981641463004053e-06
1.755749940872192383e+00 0.000000000000000000e+00
1.759250044822692871e+00 3.246359028707956895e-06
1.762750029563903809e+00 1.938077502927626483e-06
1.766250014305114746e+00 5.511797553481301293e-06
1.769749999046325684e+00 2.917810434155398980e-06
1.773249983787536621e+00 3.866350198222789913e-06
1.776749968528747559e+00 2.033660848610452376e-06
1.780249953269958496e+00 5.907425020268419757e-06
1.783750057220458984e+00 1.851843308031675406e-06
1.787250041961669922e+00 4.180439191259210929e-06
1.790750026702880859e+00 4.213636202621273696e-06
1.794250011444091797e+00 2.152271235900116153e-06
1.797749996185302734e+00 0.000000000000000000e+00
1.801249980926513672e+00 0.000000000000000000e+00
1.804749965667724609e+00 6.172619123390177265e-06
1.808249950408935547e+00 6.604892860195832327e-06
1.811749935150146484e+00 4.348540642240550369e-06
1.815250039100646973e+00 2.215394943050341681e-06
1.818750023841857910e+00 4.273450031178072095e-06
1.822250008583068848e+00 6.838860826974269003e-06
1.825749993324279785e+00 0.000000000000000000e+00
1.829249978065490723e+00 4.659683781937928870e-06
1.832749962806701660e+00 2.268690195705858059e-06
1.836250066757202148e+00 0.000000000000000000e+00
1.839750051498413086e+00 1.733178919494093861e-06
1.843250036239624023e+00 0.000000000000000000e+00
1.846750020980834961e+00 9.396759196533821523e-06
1.850250005722045898e+00 4.765759967995109037e-06
1.853749990463256836e+00 2.477770294717629440e-06
1.857249975204467773e+00 9.895661605696659535e-06
1.860749959945678711e+00 0.000000000000000000e+00
1.864249944686889648e+00 2.517773282306734473e-06
1.867750048637390137e+00 2.478149554008268751e-06
1.871250033378601074e+00 2.579623924248153344e-06
1.874750018119812012e+00 0.000000000000000000e+00
1.878250002861022949e+00 5.208457878325134516e-06
1.881749987602233887e+00 0.000000000000000000e+00
1.885249972343444824e+00 2.607572696433635429e-06
1.888749957084655762e+00 2.131076826117350720e-06
1.892250061035156250e+00 2.639482772792689502e-06
1.895750045776367188e+00 0.000000000000000000e+00
1.899250030517578125e+00 0.000000000000000000e+00
1.902750015258789062e+00 0.000000000000000000e+00
1.906250000000000000e+00 0.000000000000000000e+00
1.909749984741210938e+00 0.000000000000000000e+00
1.913249969482421875e+00 0.000000000000000000e+00
1.916749954223632812e+00 0.000000000000000000e+00
1.920249938964843750e+00 5.704731847799848765e-06
1.923750042915344238e+00 2.907712087107938714e-06
1.927250027656555176e+00 0.000000000000000000e+00
1.930750012397766113e+00 2.858409061445854604e-06
1.934249997138977051e+00 0.000000000000000000e+00
1.937749981880187988e+00 0.000000000000000000e+00
1.941249966621398926e+00 0.000000000000000000e+00
1.944749951362609863e+00 0.000000000000000000e+00
1.948250055313110352e+00 0.000000000000000000e+00
1.951750040054321289e+00 0.000000000000000000e+00
1.955250024795532227e+00 0.000000000000000000e+00
1.958750009536743164e+00 0.000000000000000000e+00
1.962249994277954102e+00 3.116817651971359737e-06
1.965749979019165039e+00 0.000000000000000000e+00
1.969249963760375977e+00 0.000000000000000000e+00
1.972749948501586914e+00 0.000000000000000000e+00
1.976249933242797852e+00 0.000000000000000000e+00
1.979750037193298340e+00 6.520305760204792023e-06
1.983250021934509277e+00 3.226112539778114296e-06
1.986750006675720215e+00 3.271669811510946602e-06
1.990249991416931152e+00 0.000000000000000000e+00
1.993749976158142090e+00 0.000000000000000000e+00
1.997249960899353027e+00 0.000000000000000000e+00
2.000750064849853516e+00 0.000000000000000000e+00
2.004250049591064453e+00 0.000000000000000000e+00
2.007750034332275391e+00 0.000000000000000000e+00
2.011250019073486328e+00 0.000000000000000000e+00
2.014750003814697266e+00 0.000000000000000000e+00
2.018249988555908203e+00 0.000000000000000000e+00
2.021749973297119141e+00 3.505843551465659402e-06
2.025249958038330078e+00 3.571349679987179115e-06
2.028749942779541016e+00 3.397365617274772376e-06
2.032249927520751953e+00 0.000000000000000000e+00
2.035749912261962891e+00 0.000000000000000000e+00
2.039249897003173828e+00 0.000000000000000000e+00
2.042749881744384766e+00 0.000000000000000000e+00
2.046250104904174805e+00 3.583360012271441519e-06
2.049750089645385742e+00 0.000000000000000000e+00
2.053250074386596680e+00 0.000000000000000000e+00
2.056750059127807617e+00 0.000000000000000000e+00
2.060250043869018555e+00 0.000000000000000000e+00
2.063750028610229492e+00 3.826794454653281718e-06
2.067250013351440430e+00 3.825347448582760990e-06
2.070749998092651367e+00 7.660090886929538101e-06
2.074249982833862305e+00 0.000000000000000000e+00
2.077749967575073242e+00 0.000000000000000000e+00
2.081249952316284180e+00 3.989977813034784049e-06
2.084749937057495117e+00 0.000000000000000000e+00
2.088249921798706055e+00 0.000000000000000000e+00
2.091749906539916992e+00 0.000000000000000000e+00
2.095249891281127930e+00 0.000000000000000000e+00
2.098750114440917969e+00 0.000000000000000000e+00
2.102250099182128906e+00 4.136891675443621352e-06
2.105750083923339844e+00 0.000000000000000000e+00
2.109250068664550781e+00 4.172161425231024623e-06
2.112750053405761719e+00 4.181601980235427618e-06
2.116250038146972656e+00 8.251971848949324340e-06
2.119750022888183594e+00 0.000000000000000000e+00
2.123250007629394531e+00 0.000000000000000000e+00
2.126749992370605469e+00 8.190530024876352400e-06
2.130249977111816406e+00 0.000000000000000000e+00
2.133749961853027344e+00 0.000000000000000000e+00
2.137249946594238281e+00 0.000000000000000000e+00
2.140749931335449219e+00 0.000000000000000000e+00
2.144249916076660156e+00 4.418860044097527862e-06
2.147749900817871094e+00 0.000000000000000000e+00
2.151249885559082031e+00 0.000000000000000000e+00
2.154750108718872070e+00 4.511366569204255939e-06
2.158250093460083008e+00 4.455965608940459788e-06
2.161750078201293945e+00 4.578001608024351299e-06
2.165250062942504883e+00 4.578330390359042212e-06
2.168750047683715820e+00 0.000000000000000000e+00
2.172250032424926758e+00 0.000000000000000000e+00
2.175750017166137695e+00 0.000000000000000000e+00
2.179250001907348633e+00 4.521573828242253512e-06
2.182749986648559570e+00 0.000000000000000000e+00
2.186249971389770508e+00 4.698471457231789827e-06
2.189749956130981445e+00 0.000000000000000000e+00
2.193249940872192383e+00 4.789161721419077367e-06
2.196749925613403320e+00 4.828472356166457757e-06
2.200249910354614258e+00 0.000000000000000000e+00
2.203749895095825195e+00 0.000000000000000000e+00
2.207250118255615234e+00 0.000000000000000000e+00
2.210750102996826172e+00 0.000000000000000000e+00
2.214250087738037109e+00 0.000000000000000000e+00
2.217750072479248047e+00 4.335659468779340386e-06
2.221250057220458984e+00 0.000000000000000000e+00
2.224750041961669922e+00 5.083888027002103627e-06
2.228250026702880859e+00 4.812848146684700623e-06
2.231750011444091797e+00 0.000000000000000000e+00
2.235249996185302734e+00 0.000000000000000000e+00
2.238749980926513672e+00 0.000000000000000000e+00
2.242249965667724609e+00 9.216149010171648115e-06
2.245749950408935547e+00 5.282767233438789845e-06
2.249249935150146484e+00 5.315860562404850498e-06
2.252749919891357422e+00 0.000000000000000000e+00
2.256249904632568359e+00 0.000000000000000000e+00
2.259749889373779297e+00 0.000000000000000000e+00
2.263249874114990234e+00 5.432521902548614889e-06
2.266750097274780273e+00 0.000000000000000000e+00
2.270250082015991211e+00 0.000000000000000000e+00
2.273750066757202148e+00 0.000000000000000000e+00
2.277250051498413086e+00 9.897667951008770615e-06
2.280750036239624023e+00 5.415437499323161319e-06
2.284250020980834961e+00 0.000000000000000000e+00
2.287750005722045898e+00 5.601019893219927326e-06
2.291249990463256836e+00 0.000000000000000000e+00
2.294749975204467773e+00 0.000000000000000000e+00
2.298249959945678711e+00 0.000000000000000000e+00
2.301749944686889648e+00 0.000000000000000000e+00
2.305249929428100586e+00 0.000000000000000000e+00
2.308749914169311523e+00 0.000000000000000000e+00
2.312249898910522461e+00 5.623992819892009720e-06
2.315750122070312500e+00 0.000000000000000000e+00
2.319250106811523438e+00 0.000000000000000000e+00
2.322750091552734375e+00 0.000000000000000000e+00
2.326250076293945312e+00 5.939107268204679713e-06
2.329750061035156250e+00 0.000000000000000000e+00
2.333250045776367188e+00 0.000000000000000000e+00
2.336750030517578125e+00 6.080791990825673565e-06
2.340250015258789062e+00 1.215777047036681324e-05
2.343750000000000000e+00 1.225489540956914425e-05
2.347249984741210938e+00 6.034033503965474665e-06
2.350749969482421875e+00 0.000000000000000000e+00
2.354249954223632812e+00 0.000000000000000000e+00
2.357749938964843750e+00 0.000000000000000000e+00
2.361249923706054688e+00 0.000000000000000000e+00
2.364749908447265625e+00 0.000000000000000000e+00
2.368249893188476562e+00 6.319183285086182877e-06
2.371749877929687500e+00 0.000000000000000000e+00
2.375250101089477539e+00 0.000000000000000000e+00
2.378750085830688477e+00 0.000000000000000000e+00
2.382250070571899414e+00 6.493769433291163296e-06
2.385750055313110352e+00 0.000000000000000000e+00
2.389250040054321289e+00 6.531679900945164263e-06
2.392750024795532227e+00 0.000000000000000000e+00
2.396250009536743164e+00 0.000000000000000000e+00
2.399749994277954102e+00 1.294812136620748788e-05
2.403249979019165039e+00 6.669302820228040218e-06
2.406749963760375977e+00 6.711500191158847883e-06
2.410249948501586914e+00 0.000000000000000000e+00
2.413749933242797852e+00 6.812083938712021336e-06
2.417249917984008789e+00 0.000000000000000000e+00
2.420749902725219727e+00 0.000000000000000000e+00
2.424250125885009766e+00 0.000000000000000000e+00
2.427750110626220703e+00 6.922712145751575008e-06
2.431250095367431641e+00 2.772060179268009961e-05
2.434750080108642578e+00 6.467352704930817708e-06
2.438250064849853516e+00 0.000000000000000000e+00
2.441750049591064453e+00 0.000000000000000000e+00
2.445250034332275391e+00 0.000000000000000000e+00
2.448750019073486328e+00 0.000000000000000000e+00
2.452250003814697266e+00 6.641796971962321550e-06
2.455749988555908203e+00 0.000000000000000000e+00
2.459249973297119141e+00 0.000000000000000000e+00
2.462749958038330078e+00 0.000000000000000000e+00
2.466249942779541016e+00 6.515353561553638428e-06
2.469749927520751953e+00 0.000000000000000000e+00
2.473249912261962891e+00 0.000000000000000000e+00
2.476749897003173828e+00 0.000000000000000000e+00
2.480249881744384766e+00 0.000000000000000000e+00
2.483750104904174805e+00 7.509729130106279626e-06
2.487250089645385742e+00 7.471785011148313060e-06
2.490750074386596680e+00 0.000000000000000000e+00
2.494250059127807617e+00 0.000000000000000000e+00
2.497750043869018555e+00 0.000000000000000000e+00
2.501250028610229492e+00 7.651016858289949596e-06
2.504750013351440430e+00 0.000000000000000000e+00
2.508249998092651367e+00 0.000000000000000000e+00
2.511749982833862305e+00 0.000000000000000000e+00
2.515249967575073242e+00 7.811797331669367850e-06
2.518749952316284180e+00 0.000000000000000000e+00
2.522249937057495117e+00 0.000000000000000000e+00
2.525749921798706055e+00 0.000000000000000000e+00
2.529249906539916992e+00 7.949312021082732826e-06
2.532749891281127930e+00 7.965129043441265821e-06
2.536250114440917969e+00 0.000000000000000000e+00
2.539750099182128906e+00 0.000000000000000000e+00
2.543250083923339844e+00 0.000000000000000000e+00
2.546750068664550781e+00 0.000000000000000000e+00
2.550250053405761719e+00 0.000000000000000000e+00
2.553750038146972656e+00 0.000000000000000000e+00
2.557250022888183594e+00 0.000000000000000000e+00
2.560750007629394531e+00 0.000000000000000000e+00
2.564249992370605469e+00 8.012540092749986798e-06
2.567749977111816406e+00 0.000000000000000000e+00
2.571249961853027344e+00 0.000000000000000000e+00
2.574749946594238281e+00 0.000000000000000000e+00
2.578249931335449219e+00 8.463624908472411335e-06
2.581749916076660156e+00 0.000000000000000000e+00
2.585249900817871094e+00 8.533196705684531480e-06
2.588749885559082031e+00 0.000000000000000000e+00
2.592250108718872070e+00 8.571550097258295864e-06
2.595750093460083008e+00 8.640103260404430330e-06
2.599250078201293945e+00 0.000000000000000000e+00
2.602750062942504883e+00 8.723496648599393666e-06
2.606250047683715820e+00 0.000000000000000000e+00
2.609750032424926758e+00 0.000000000000000000e+00
2.613250017166137695e+00 0.000000000000000000e+00
2.616750001907348633e+00 0.000000000000000000e+00
2.620249986648559570e+00 8.802240699878893793e-06
2.623749971389770508e+00 0.000000000000000000e+00
2.627249956130981445e+00 0.000000000000000000e+00
2.630749940872192383e+00 0.000000000000000000e+00
2.634249925613403320e+00 0.000000000000000000e+00
2.637749910354614258e+00 0.000000000000000000e+00
2.641249895095825195e+00 1.830059409257955849e-05
2.644750118255615234e+00 0.000000000000000000e+00
2.648250102996826172e+00 0.000000000000000000e+00
2.651750087738037109e+00 0.000000000000000000e+00
2.655250072479248047e+00 0.000000000000000000e+00
2.658750057220458984e+00 0.000000000000000000e+00
2.662250041961669922e+00 0.000000000000000000e+00
2.665750026702880859e+00 8.399059879593551159e-06
2.669250011444091797e+00 9.457844498683698475e-06
2.672749996185302734e+00 0.000000000000000000e+00
2.676249980926513672e+00 9.541086910758167505e-06
2.679749965667724609e+00 0.000000000000000000e+00
2.683249950408935547e+00 0.000000000000000000e+00
2.686749935150146484e+00 0.000000000000000000e+00
2.690249919891357422e+00 0.000000000000000000e+00
2.693749904632568359e+00 0.000000000000000000e+00
2.697249889373779297e+00 0.000000000000000000e+00
2.700749874114990234e+00 0.000000000000000000e+00
2.704250097274780273e+00 0.000000000000000000e+00
2.707750082015991211e+00 0.000000000000000000e+00
2.711250066757202148e+00 0.000000000000000000e+00
2.714750051498413086e+00 9.988949386752210557e-06
2.718250036239624023e+00 0.000000000000000000e+00
2.721750020980834961e+00 0.000000000000000000e+00
2.725250005722045898e+00 0.000000000000000000e+00
2.728749990463256836e+00 0.000000000000000000e+00
2.732249975204467773e+00 0.000000000000000000e+00
2.735749959945678711e+00 0.000000000000000000e+00
2.739249944686889648e+00 0.000000000000000000e+00
2.742749929428100586e+00 1.032551972457440570e-05
2.746249914169311523e+00 0.000000000000000000e+00
2.749749898910522461e+00 0.000000000000000000e+00
2.753250122070312500e+00 0.000000000000000000e+00
2.756750106811523438e+00 9.600918019714299589e-06
2.760250091552734375e+00 0.000000000000000000e+00
2.763750076293945312e+00 0.000000000000000000e+00
2.767250061035156250e+00 1.059031001204857603e-05
2.770750045776367188e+00 0.000000000000000000e+00
2.774250030517578125e+00 0.000000000000000000e+00
2.777750015258789062e+00 1.076352236850652844e-05
2.781250000000000000e+00 0.000000000000000000e+00
2.784749984741210938e+00 0.000000000000000000e+00
2.788249969482421875e+00 0.000000000000000000e+00
2.791749954223632812e+00 0.000000000000000000e+00
2.795249938964843750e+00 1.098557549994438887e-05
2.798749923706054688e+00 0.000000000000000000e+00
2.802249908447265625e+00 0.000000000000000000e+00
2.805749893188476562e+00 0.000000000000000000e+00
2.809249877929687500e+00 1.078938748833024874e-05
2.812750101089477539e+00 0.000000000000000000e+00
2.816250085830688477e+00 0.000000000000000000e+00
2.819750070571899414e+00 0.000000000000000000e+00
2.823250055313110352e+00 0.000000000000000000e+00
2.826750040054321289e+00 0.000000000000000000e+00
2.830250024795532227e+00 2.278512693010270596e-05
2.833750009536743164e+00 0.000000000000000000e+00
2.837249994277954102e+00 0.000000000000000000e+00
2.840749979019165039e+00 0.000000000000000000e+00
2.844249963760375977e+00 0.000000000000000000e+00
2.847749948501586914e+00 0.000000000000000000e+00
2.851249933242797852e+00 0.000000000000000000e+00
2.854749917984008789e+00 0.000000000000000000e+00
2.858249902725219727e+00 0.000000000000000000e+00
2.861750125885009766e+00 0.000000000000000000e+00
2.865250110626220703e+00 0.000000000000000000e+00
2.868750095367431641e+00 0.000000000000000000e+00
2.872250080108642578e+00 0.000000000000000000e+00
2.875750064849853516e+00 0.000000000000000000e+00
2.879250049591064453e+00 0.000000000000000000e+00
2.882750034332275391e+00 0.000000000000000000e+00
2.886250019073486328e+00 0.000000000000000000e+00
2.889750003814697266e+00 0.000000000000000000e+00
2.893249988555908203e+00 0.000000000000000000e+00
2.896749973297119141e+00 0.000000000000000000e+00
2.900249958038330078e+00 0.000000000000000000e+00
2.903749942779541016e+00 0.000000000000000000e+00
2.907249927520751953e+00 0.000000000000000000e+00
2.910749912261962891e+00 0.000000000000000000e+00
2.914249897003173828e+00 1.238000822922913358e-05
2.917749881744384766e+00 0.000000000000000000e+00
2.921250104904174805e+00 0.000000000000000000e+00
2.924750089645385742e+00 0.000000000000000000e+00
2.928250074386596680e+00 0.000000000000000000e+00
2.931750059127807617e+00 0.000000000000000000e+00
2.935250043869018555e+00 0.000000000000000000e+00
2.938750028610229492e+00 0.000000000000000000e+00
2.942250013351440430e+00 0.000000000000000000e+00
2.945749998092651367e+00 0.000000000000000000e+00
2.949249982833862305e+00 0.000000000000000000e+00
2.952749967575073242e+00 0.000000000000000000e+00
2.956249952316284180e+00 0.000000000000000000e+00
2.959749937057495117e+00 0.000000000000000000e+00
2.963249921798706055e+00 0.000000000000000000e+00
2.966749906539916992e+00 0.000000000000000000e+00
2.970249891281127930e+00 0.000000000000000000e+00
2.973750114440917969e+00 0.000000000000000000e+00
2.977250099182128906e+00 0.000000000000000000e+00
2.980750083923339844e+00 0.000000000000000000e+00
2.984250068664550781e+00 0.000000000000000000e+00
2.987750053405761719e+00 0.000000000000000000e+00
2.991250038146972656e+00 0.000000000000000000e+00
2.994750022888183594e+00 0.000000000000000000e+00
2.998250007629394531e+00 0.000000000000000000e+00
