-4.982500076293945312e-01 0.000000000000000000e+00
-4.947499930858612061e-01 0.000000000000000000e+00
-4.912499785423278809e-01 0.000000000000000000e+00
-4.877499938011169434e-01 0.000000000000000000e+00
-4.842500090599060059e-01 0.000000000000000000e+00
-4.807499945163726807e-01 0.000000000000000000e+00
-4.772499799728393555e-01 0.000000000000000000e+00
-4.737499952316284180e-01 0.000000000000000000e+00
-4.702500104904174805e-01 0.000000000000000000e+00
-4.667499959468841553e-01 0.000000000000000000e+00
-4.632499814033508301e-01 0.000000000000000000e+00
-4.597499966621398926e-01 0.000000000000000000e+00
-4.562500119209289551e-01 0.000000000000000000e+00
-4.527499973773956299e-01 0.000000000000000000e+00
-4.492499828338623047e-01 0.000000000000000000e+00
-4.457499980926513672e-01 0.000000000000000000e+00
-4.422500133514404297e-01 0.000000000000000000e+00
-4.387499988079071045e-01 0.000000000000000000e+00
-4.352499842643737793e-01 0.000000000000000000e+00
-4.317499995231628418e-01 0.000000000000000000e+00
-4.282500147819519043e-01 0.000000000000000000e+00
-4.247500002384185791e-01 0.000000000000000000e+00
-4.212499856948852539e-01 0.000000000000000000e+00
-4.177500009536743164e-01 0.000000000000000000e+00
-4.142500162124633789e-01 0.000000000000000000e+00
-4.107500016689300537e-01 0.000000000000000000e+00
-4.072499871253967285e-01 0.000000000000000000e+00
-4.037500023841857910e-01 0.000000000000000000e+00
-4.002500176429748535e-01 0.000000000000000000e+00
-3.967500030994415283e-01 0.000000000000000000e+00
-3.932499885559082031e-01 0.000000000000000000e+00
-3.897500038146972656e-01 0.000000000000000000e+00
-3.862500190734863281e-01 0.000000000000000000e+00
-3.827500045299530029e-01 0.000000000000000000e+00
-3.792499899864196777e-01 0.000000000000000000e+00
-3.757500052452087402e-01 0.000000000000000000e+00
-3.722500205039978027e-01 0.000000000000000000e+00
-3.687500059604644775e-01 0.000000000000000000e+00
-3.652499914169311523e-01 0.000000000000000000e+00
-3.617500066757202148e-01 0.000000000000000000e+00
-3.582500219345092773e-01 0.000000000000000000e+00
-3.547499775886535645e-01 0.000000000000000000e+00
-3.512499928474426270e-01 0.000000000000000000e+00
-3.477500081062316895e-01 0.000000000000000000e+00
-3.442499935626983643e-01 0.000000000000000000e+00
-3.407499790191650391e-01 0.000000000000000000e+00
-3.372499942779541016e-01 0.000000000000000000e+00
-3.337500095367431641e-01 0.000000000000000000e+00
-3.302499949932098389e-01 0.000000000000000000e+00
-3.267499804496765137e-01 0.000000000000000000e+00
-3.232499957084655762e-01 0.000000000000000000e+00
-3.197500109672546387e-01 0.000000000000000000e+00
-3.162499964237213135e-01 0.000000000000000000e+00
-3.127499818801879883e-01 0.000000000000000000e+00
-3.092499971389770508e-01 0.000000000000000000e+00
-3.057500123977661133e-01 0.000000000000000000e+00
-3.022499978542327881e-01 0.000000000000000000e+00
-2.987499833106994629e-01 0.000000000000000000e+00
-2.952499985694885254e-01 0.000000000000000000e+00
-2.917500138282775879e-01 0.000000000000000000e+00
-2.882499992847442627e-01 0.000000000000000000e+00
-2.847499847412109375e-01 0.000000000000000000e+00
-2.812500000000000000e-01 0.000000000000000000e+00
-2.777500152587890625e-01 0.000000000000000000e+00
-2.742500007152557373e-01 0.000000000000000000e+00
-2.707499861717224121e-01 0.000000000000000000e+00
-2.672500014305114746e-01 0.000000000000000000e+00
-2.637500166893005371e-01 0.000000000000000000e+00
-2.602500021457672119e-01 0.000000000000000000e+00
-2.567499876022338867e-01 0.000000000000000000e+00
-2.532500028610229492e-01 0.000000000000000000e+00
-2.497500032186508179e-01 0.000000000000000000e+00
-2.462500035762786865e-01 0.000000000000000000e+00
-2.427499890327453613e-01 0.000000000000000000e+00
-2.392500042915344238e-01 0.000000000000000000e+00
-2.357499897480010986e-01 0.000000000000000000e+00
-2.322500050067901611e-01 0.000000000000000000e+00
-2.287499904632568359e-01 5.133866579853929579e-06
-2.252500057220458984e-01 5.102606337459292263e-06
-2.217499911785125732e-01 1.521901140222325921e-05
-2.182500064373016357e-01 4.538008215604349971e-05
-2.147499918937683105e-01 1.002942371997050941e-04
-2.112500071525573730e-01 1.245838211616501212e-04
-2.077499926090240479e-01 2.629229275044053793e-04
-2.042500078678131104e-01 4.435587034095078707e-04
-2.007499933242797852e-01 7.008555112406611443e-04
-1.972500085830688477e-01 1.145030139014124870e-03
-1.937499940395355225e-01 1.636739121749997139e-03
-1.902500092983245850e-01 2.744520548731088638e-03
-1.867499947547912598e-01 4.733581095933914185e-03
-1.832500100135803223e-01 7.032921072095632553e-03
-1.797499954700469971e-01 1.067045237869024277e-02
-1.762500107288360596e-01 1.492465659976005554e-02
-1.727499961853027344e-01 2.247720770537853241e-02
-1.692500114440917969e-01 3.082590177655220032e-02
-1.657499969005584717e-01 4.553310945630073547e-02
-1.622500121593475342e-01 6.255921721458435059e-02
-1.587499976158142090e-01 8.648481220006942749e-02
-1.552500128746032715e-01 1.163601130247116089e-01
-1.517499983310699463e-01 1.558869481086730957e-01
-1.482500135898590088e-01 2.062022238969802856e-01
-1.447499990463256836e-01 2.649300694465637207e-01
-1.412500143051147461e-01 3.386324346065521240e-01
-1.377499997615814209e-01 4.318899810314178467e-01
-1.342500001192092896e-01 5.380195975303649902e-01
-1.307500004768371582e-01 6.639044880867004395e-01
-1.272499859333038330e-01 8.097686171531677246e-01
-1.237500011920928955e-01 9.739426374435424805e-01
-1.202500015497207642e-01 1.160920739173889160e+00
-1.167500019073486328e-01 1.370421171188354492e+00
-1.132500022649765015e-01 1.599929213523864746e+00
-1.097500026226043701e-01 1.852934598922729492e+00
-1.062500029802322388e-01 2.127624034881591797e+00
-1.027500033378601074e-01 2.415336847305297852e+00
-9.925000369548797607e-02 2.718716382980346680e+00
-9.574999660253524780e-02 3.039013862609863281e+00
-9.224999696016311646e-02 3.364964723587036133e+00
-8.874999731779098511e-02 3.693964958190917969e+00
-8.524999767541885376e-02 4.023509025573730469e+00
-8.174999803304672241e-02 4.348983287811279297e+00
-7.824999839067459106e-02 4.664293289184570312e+00
-7.474999874830245972e-02 4.977562427520751953e+00
-7.124999910593032837e-02 5.270051002502441406e+00
-6.774999946355819702e-02 5.548535346984863281e+00
-6.424999982118606567e-02 5.809772491455078125e+00
-6.075000017881393433e-02 6.033360004425048828e+00
-5.725000053644180298e-02 6.244760036468505859e+00
-5.375000089406967163e-02 6.412701129913330078e+00
-5.025000125169754028e-02 6.572833538055419922e+00
-4.675000160932540894e-02 6.683816909790039062e+00
-4.325000196695327759e-02 6.772414207458496094e+00
-3.974999859929084778e-02 6.827586650848388672e+00
-3.624999895691871643e-02 6.863027572631835938e+00
-3.274999931454658508e-02 6.849134445190429688e+00
-2.924999967217445374e-02 6.821079254150390625e+00
-2.575000002980232239e-02 6.772358894348144531e+00
-2.225000038743019104e-02 6.693492412567138672e+00
-1.875000074505805969e-02 6.590967178344726562e+00
-1.525000110268592834e-02 6.471958637237548828e+00
-1.174999959766864777e-02 6.322691917419433594e+00
-8.249999955296516418e-03 6.168461322784423828e+00
-4.750000312924385071e-03 5.999357223510742188e+00
-1.249999972060322762e-03 5.818089485168457031e+00
2.250000135973095894e-03 5.630653858184814453e+00
5.750000011175870895e-03 5.433087825775146484e+00
9.250000119209289551e-03 5.224304199218750000e+00
1.274999976158142090e-02 5.012995243072509766e+00
1.624999940395355225e-02 4.808817863464355469e+00
1.974999904632568359e-02 4.599735736846923828e+00
2.325000055134296417e-02 4.395255565643310547e+00
2.675000019371509552e-02 4.188592433929443359e+00
3.025000169873237610e-02 3.986522912979125977e+00
3.375000134110450745e-02 3.783432006835937500e+00
3.725000098347663879e-02 3.586011409759521484e+00
4.075000062584877014e-02 3.410117626190185547e+00
4.425000026822090149e-02 3.216777801513671875e+00
4.774999991059303284e-02 3.034877538681030273e+00
5.124999955296516418e-02 2.871957302093505859e+00
5.474999919533729553e-02 2.706903457641601562e+00
5.824999883770942688e-02 2.546210527420043945e+00
6.175000220537185669e-02 2.391868829727172852e+00
6.525000184774398804e-02 2.252104759216308594e+00
6.875000149011611938e-02 2.113904237747192383e+00
7.225000113248825073e-02 1.982888221740722656e+00
7.575000077486038208e-02 1.860218644142150879e+00
7.925000041723251343e-02 1.744300246238708496e+00
8.275000005960464478e-02 1.634033918380737305e+00
8.624999970197677612e-02 1.528388142585754395e+00
8.974999934434890747e-02 1.431252479553222656e+00
9.324999898672103882e-02 1.336236715316772461e+00
9.674999862909317017e-02 1.251192569732666016e+00
1.002499982714653015e-01 1.169469714164733887e+00
1.037499979138374329e-01 1.094010472297668457e+00
1.072499975562095642e-01 1.023517131805419922e+00
1.107499971985816956e-01 9.540724158287048340e-01
1.142499968409538269e-01 8.925986886024475098e-01
1.177499964833259583e-01 8.333550095558166504e-01
1.212500035762786865e-01 7.776304483413696289e-01
1.247500032186508179e-01 7.260326743125915527e-01
1.282500028610229492e-01 6.786962747573852539e-01
1.317499876022338867e-01 6.313464641571044922e-01
1.352500021457672119e-01 5.929755568504333496e-01
1.387499868869781494e-01 5.509935021400451660e-01
1.422500014305114746e-01 5.150752067565917969e-01
1.457499861717224121e-01 4.831546247005462646e-01
1.492500007152557373e-01 4.499921798706054688e-01
1.527499854564666748e-01 4.191307127475738525e-01
1.562500000000000000e-01 3.922771513462066650e-01
1.597500145435333252e-01 3.670034706592559814e-01
1.632499992847442627e-01 3.411328494548797607e-01
1.667500138282775879e-01 3.193079531192779541e-01
1.702499985694885254e-01 2.976561188697814941e-01
1.737500131130218506e-01 2.802652120590209961e-01
1.772499978542327881e-01 2.601947486400604248e-01
1.807500123977661133e-01 2.446006387472152710e-01
1.842499971389770508e-01 2.293820530176162720e-01
1.877500116825103760e-01 2.147619277238845825e-01
1.912499964237213135e-01 1.985920220613479614e-01
1.947500109672546387e-01 1.871645599603652954e-01
1.982499957084655762e-01 1.756684631109237671e-01
2.017500102519989014e-01 1.638939827680587769e-01
2.052499949932098389e-01 1.537470519542694092e-01
2.087500095367431641e-01 1.446667164564132690e-01
2.122499942779541016e-01 1.353472471237182617e-01
2.157500088214874268e-01 1.262112557888031006e-01
2.192499935626983643e-01 1.187139376997947693e-01
2.227500081062316895e-01 1.109008491039276123e-01
2.262499928474426270e-01 1.042699143290519714e-01
2.297500073909759521e-01 9.775842726230621338e-02
2.332499921321868896e-01 9.180792421102523804e-02
2.367500066757202148e-01 8.654097467660903931e-02
2.402499914169311523e-01 8.095367252826690674e-02
2.437500059604644775e-01 7.563161849975585938e-02
2.472499907016754150e-01 7.105363905429840088e-02
2.507500052452087402e-01 6.739416718482971191e-02
2.542499899864196777e-01 6.343736499547958374e-02
2.577500045299530029e-01 5.983302742242813110e-02
2.612500190734863281e-01 5.604656040668487549e-02
2.647500038146972656e-01 5.214439705014228821e-02
2.682499885559082031e-01 4.953813552856445312e-02
2.717500030994415283e-01 4.656951129436492920e-02
2.752500176429748535e-01 4.345127195119857788e-02
2.787500023841857910e-01 4.144700989127159119e-02
2.822499871253967285e-01 3.899580612778663635e-02
2.857500016689300537e-01 3.691752627491950989e-02
2.892500162124633789e-01 3.494560718536376953e-02
2.927500009536743164e-01 3.290656208992004395e-02
2.962499856948852539e-01 3.057375550270080566e-02
2.997500002384185791e-01 2.930380590260028839e-02
3.032500147819519043e-01 2.753422036767005920e-02
3.067499995231628418e-01 2.562891133129596710e-02
3.102499842643737793e-01 2.410540170967578888e-02
3.137499988079071045e-01 2.314591780304908752e-02
3.172500133514404297e-01 2.187861502170562744e-02
3.207499980926513672e-01 2.046383731067180634e-02
3.242499828338623047e-01 1.939756236970424652e-02
3.277499973773956299e-01 1.845230348408222198e-02
3.312500119209289551e-01 1.736915297806262970e-02
3.347499966621398926e-01 1.642648689448833466e-02
3.382499814033508301e-01 1.548457518219947815e-02
3.417499959468841553e-01 1.467376016080379486e-02
3.452500104904174805e-01 1.412260159850120544e-02
3.487499952316284180e-01 1.311919465661048889e-02
3.522499799728393555e-01 1.230276282876729965e-02
3.557499945163726807e-01 1.173740252852439880e-02
3.592500090599060059e-01 1.113578397780656815e-02
3.627499938011169434e-01 1.051395758986473083e-02
3.662499785423278809e-01 9.780931286513805389e-03
3.697499930858612061e-01 9.521043859422206879e-03
3.732500076293945312e-01 8.943970315158367157e-03
3.767499923706054688e-01 8.342874236404895782e-03
3.802500069141387939e-01 7.837004959583282471e-03
3.837500214576721191e-01 7.637528702616691589e-03
3.872500061988830566e-01 7.230020128190517426e-03
3.907499909400939941e-01 6.816701963543891907e-03
3.942500054836273193e-01 6.379961036145687103e-03
3.977500200271606445e-01 6.134278140962123871e-03
4.012500047683715820e-01 5.871161818504333496e-03
4.047499895095825195e-01 5.423322785645723343e-03
4.082500040531158447e-01 5.356421228498220444e-03
4.117500185966491699e-01 5.128175020217895508e-03
4.152500033378601074e-01 4.590161610394716263e-03
4.187499880790710449e-01 4.443938843905925751e-03
4.222500026226043701e-01 4.214526154100894928e-03
4.257500171661376953e-01 4.044908098876476288e-03
4.292500019073486328e-01 3.805907443165779114e-03
4.327499866485595703e-01 3.607824910432100296e-03
4.362500011920928955e-01 3.429715754464268684e-03
4.397500157356262207e-01 3.278848482295870781e-03
4.432500004768371582e-01 3.030101768672466278e-03
4.467499852180480957e-01 2.998374169692397118e-03
4.502499997615814209e-01 2.796147949993610382e-03
4.537500143051147461e-01 2.653864212334156036e-03
4.572499990463256836e-01 2.479166025295853615e-03
4.607499837875366211e-01 2.422837540507316589e-03
4.642499983310699463e-01 2.262548077851533890e-03
4.677500128746032715e-01 2.163470489904284477e-03
4.712499976158142090e-01 2.018439117819070816e-03
4.747499823570251465e-01 1.895439345389604568e-03
4.782499969005584717e-01 1.841612043790519238e-03
4.817500114440917969e-01 1.680355053395032883e-03
4.852499961853027344e-01 1.621984760276973248e-03
4.887499809265136719e-01 1.552836387418210506e-03
4.922499954700469971e-01 1.452723518013954163e-03
4.957500100135803223e-01 1.388994511216878891e-03
4.992499947547912598e-01 1.344479154795408249e-03
5.027499794960021973e-01 1.266735605895519257e-03
5.062500238418579102e-01 1.201437902636826038e-03
5.097500085830688477e-01 1.167787006124854088e-03
5.132499933242797852e-01 1.038905000314116478e-03
5.167499780654907227e-01 9.993652347475290298e-04
5.202499628067016602e-01 9.536718134768307209e-04
5.237500071525573730e-01 9.034727117978036404e-04
5.272499918937683105e-01 8.580685243941843510e-04
5.307500362396240234e-01 7.820212049409747124e-04
5.342500209808349609e-01 8.016123902052640915e-04
5.377500057220458984e-01 7.256976095959544182e-04
5.412499904632568359e-01 7.029752014204859734e-04
5.447499752044677734e-01 6.450128275901079178e-04
5.482500195503234863e-01 6.269586156122386456e-04
5.517500042915344238e-01 6.114148418419063091e-04
5.552499890327453613e-01 5.572413792833685875e-04
5.587500333786010742e-01 5.157164996489882469e-04
5.622500181198120117e-01 4.992078174836933613e-04
5.657500028610229492e-01 4.694630915764719248e-04
5.692499876022338867e-01 4.680955898948013783e-04
5.727499723434448242e-01 4.342418105807155371e-04
5.762500166893005371e-01 4.053974698763340712e-04
5.797500014305114746e-01 4.108062130399048328e-04
5.832499861717224121e-01 3.567427338566631079e-04
5.867500305175781250e-01 3.455223049968481064e-04
5.902500152587890625e-01 3.331392072141170502e-04
5.937500000000000000e-01 3.028407518286257982e-04
5.972499847412109375e-01 3.055471461266279221e-04
6.007499694824218750e-01 2.835077757481485605e-04
6.042500138282775879e-01 2.603646134957671165e-04
6.077499985694885254e-01 2.302027423866093159e-04
6.112499833106994629e-01 2.474529319442808628e-04
6.147500276565551758e-01 2.368169662076979876e-04
6.182500123977661133e-01 2.113599766744300723e-04
6.217499971389770508e-01 2.098238910548388958e-04
6.252499818801879883e-01 1.827868109103292227e-04
6.287499666213989258e-01 1.826384250307455659e-04
6.322500109672546387e-01 1.653878280194476247e-04
6.357499957084655762e-01 1.605192519491538405e-04
6.392499804496765137e-01 1.606541482033208013e-04
6.427500247955322266e-01 1.501750230090692639e-04
6.462500095367431641e-01 1.299598516197875142e-04
6.497499942779541016e-01 1.188470268971286714e-04
6.532499790191650391e-01 1.319176517426967621e-04
6.567499637603759766e-01 1.152823388110846281e-04
6.602500081062316895e-01 1.167058871942572296e-04
6.637499928474426270e-01 9.779183892533183098e-05
6.672500371932983398e-01 9.106723882723599672e-05
6.707500219345092773e-01 9.533060801913961768e-05
6.742500066757202148e-01 8.541945862816646695e-05
6.777499914169311523e-01 7.781512249493971467e-05
6.812499761581420898e-01 6.832582585047930479e-05
6.847500205039978027e-01 7.148032455006614327e-05
6.882500052452087402e-01 6.807884346926584840e-05
6.917499899864196777e-01 6.985126674408093095e-05
6.952500343322753906e-01 6.249568832572549582e-05
6.987500190734863281e-01 5.925933874095790088e-05
7.022500038146972656e-01 5.617438000626862049e-05
7.057499885559082031e-01 5.229554153629578650e-05
7.092499732971191406e-01 5.100430644233711064e-05
7.127500176429748535e-01 4.337275822763331234e-05
7.162500023841857910e-01 4.484230157686397433e-05
7.197499871253967285e-01 3.901328091160394251e-05
7.232500314712524414e-01 3.960763206123374403e-05
7.267500162124633789e-01 3.895989721058867872e-05
7.302500009536743164e-01 3.832876245724037290e-05
7.337499856948852539e-01 3.390790516277775168e-05
7.372499704360961914e-01 3.099002424278296530e-05
7.407500147819519043e-01 3.256160562159493566e-05
7.442499995231628418e-01 2.890301948355045170e-05
7.477499842643737793e-01 3.178783663315698504e-05
7.512500286102294922e-01 2.944692823803052306e-05
7.547500133514404297e-01 2.721587043197359890e-05
7.582499980926513672e-01 2.524186129448935390e-05
7.617499828338623047e-01 2.376107659074477851e-05
7.652499675750732422e-01 2.621967360028065741e-05
7.687500119209289551e-01 2.061387931462377310e-05
7.722499966621398926e-01 2.028286326094530523e-05
7.757499814033508301e-01 2.257950291095767170e-05
7.792500257492065430e-01 1.959403380169533193e-05
7.827500104904174805e-01 2.223381125077139586e-05
7.862499952316284180e-01 1.873528344731312245e-05
7.897499799728393555e-01 1.849092768679838628e-05
7.932499647140502930e-01 1.367846653010929003e-05
7.967500090599060059e-01 1.817729207687079906e-05
8.002499938011169434e-01 1.585677819093689322e-05
8.037499785423278809e-01 1.480895571148721501e-05
8.072500228881835938e-01 1.691831675998400897e-05
8.107500076293945312e-01 1.815442010411061347e-05
8.142499923706054688e-01 1.818855707824695855e-05
8.177499771118164062e-01 1.507395700173219666e-05
8.212500214576721191e-01 1.125210019381484017e-05
8.247500061988830566e-01 1.750987394188996404e-05
8.282499909400939941e-01 1.224778225150657818e-05
8.317500352859497070e-01 1.191387491417117417e-05
8.352500200271606445e-01 1.418661940988386050e-05
8.387500047683715820e-01 1.238793174707097933e-05
8.422499895095825195e-01 1.313114171352935955e-05
8.457499742507934570e-01 1.213389441545587033e-05
8.492500185966491699e-01 1.028153565130196512e-05
8.527500033378601074e-01 1.610685467312578112e-05
8.562499880790710449e-01 1.443774090148508549e-05
8.597500324249267578e-01 1.376166073896456510e-05
8.632500171661376953e-01 1.547160900372546166e-05
8.667500019073486328e-01 9.705235243018250912e-06
8.702499866485595703e-01 1.321686613664496690e-05
8.737499713897705078e-01 1.112390600610524416e-05
8.772500157356262207e-01 1.183454969577724114e-05
8.807500004768371582e-01 1.298171355301747099e-05
8.842499852180480957e-01 1.324889763054670766e-05
8.877500295639038086e-01 9.930632586474530399e-06
8.912500143051147461e-01 1.168015933217247948e-05
8.947499990463256836e-01 9.608219443180132657e-06
8.982499837875366211e-01 1.149866875493898988e-05
9.017499685287475586e-01 1.143604367825901136e-05
9.052500128746032715e-01 1.309627805312629789e-05
9.087499976158142090e-01 1.061502189259044826e-05
9.122499823570251465e-01 1.233664988831151277e-05
9.157500267028808594e-01 1.044403325067833066e-05
9.192500114440917969e-01 8.685938155394978821e-06
9.227499961853027344e-01 1.333783256995957345e-05
9.262499809265136719e-01 9.786264854483306408e-06
9.297499656677246094e-01 7.563506187580060214e-06
9.332500100135803223e-01 8.512038220942486078e-06
9.367499947547912598e-01 1.044626878865528852e-05
9.402499794960021973e-01 1.006849106488516554e-05
9.437500238418579102e-01 1.190724651678465307e-05
9.472500085830688477e-01 6.846038104413310066e-06
9.507499933242797852e-01 7.401707534882007167e-06
9.542499780654907227e-01 1.227316079166484997e-05
9.577499628067016602e-01 7.643634489795658737e-06
9.612500071525573730e-01 1.010697542369598523e-05
9.647499918937683105e-01 6.633988050452899188e-06
9.682500362396240234e-01 1.078411878552287817e-05
9.717500209808349609e-01 8.665613677294459194e-06
9.752500057220458984e-01 7.619742973474785686e-06
9.787499904632568359e-01 1.183090171252842993e-05
9.822499752044677734e-01 7.990336598595604300e-06
9.857500195503234863e-01 8.138745215546805412e-06
9.892500042915344238e-01 6.392507202690467238e-06
9.927499890327453613e-01 8.509152394253760576e-06
9.962500333786010742e-01 5.327898179530166090e-06
9.997500181198120117e-01 8.264516509370878339e-06
1.003250002861022949e+00 6.652949195995461196e-06
1.006749987602233887e+00 9.664629033068194985e-06
1.010249972343444824e+00 8.267419616458937526e-06
1.013749957084655762e+00 1.053562027664156631e-05
1.017250061035156250e+00 5.880638127564452589e-06
1.020750045776367188e+00 7.704024028498679399e-06
1.024250030517578125e+00 7.700492460571695119e-06
1.027750015258789062e+00 5.721854904550127685e-06
1.031250000000000000e+00 3.831651611108100042e-06
1.034749984741210938e+00 5.110319762025028467e-06
1.038249969482421875e+00 5.954566404398065060e-06
1.041749954223632812e+00 6.178178409754764289e-06
1.045249938964843750e+00 6.638451395701849833e-06
1.048750042915344238e+00 4.773147793457610533e-06
1.052250027656555176e+00 7.643521712452638894e-06
1.055750012397766113e+00 7.239616934384685010e-06
1.059249997138977051e+00 6.105066404415993020e-06
1.062749981880187988e+00 5.342693839338608086e-06
1.066249966621398926e+00 4.965820608049398288e-06
1.069749951362609863e+00 5.004284503229428083e-06
1.073250055313110352e+00 2.810088744809036143e-06
1.076750040054321289e+00 5.622253411274868995e-06
1.080250024795532227e+00 1.811087145142664667e-06
1.083750009536743164e+00 2.089847157549229451e-06
1.087249994277954102e+00 4.031511252833297476e-06
1.090749979019165039e+00 1.394978312418970745e-06
1.094249963760375977e+00 4.618585535354213789e-06
1.097749948501586914e+00 4.007642928627319634e-06
1.101249933242797852e+00 4.648133199225412682e-06
1.104750037193298340e+00 4.907289621769450605e-06
1.108250021934509277e+00 4.626409008778864518e-06
1.111750006675720215e+00 2.684791979845613241e-06
1.115249991416931152e+00 2.351527882638038136e-06
1.118749976158142090e+00 4.390992216940503567e-06
1.122249960899353027e+00 5.223885636951308697e-06
1.125750064849853516e+00 2.365323780395556241e-06
1.129250049591064453e+00 1.739987965265754610e-06
1.132750034332275391e+00 3.593723249650793150e-06
1.136250019073486328e+00 2.379093530180398375e-06
1.139750003814697266e+00 1.724576463857374620e-06
1.143249988555908203e+00 4.140865712543018162e-06
1.146749973297119141e+00 2.373646339037804864e-06
1.150249958038330078e+00 2.970052491946262307e-06
1.153749942779541016e+00 4.549755431071389467e-06
1.157250046730041504e+00 3.276417373854201287e-06
1.160750031471252441e+00 1.696499111858429387e-06
1.164250016212463379e+00 1.974758106371155009e-06
1.167750000953674316e+00 2.247005568278837018e-06
1.171249985694885254e+00 2.762006374723569024e-07
1.174749970436096191e+00 7.609002636854711454e-07
1.178249955177307129e+00 1.387133579555666074e-06
1.181750059127807617e+00 2.545536972320405766e-06
1.185250043869018555e+00 2.379067609581397846e-06
1.188750028610229492e+00 6.881681429149466567e-07
1.192250013351440430e+00 1.900040842883754522e-06
1.195749998092651367e+00 1.393031766383501235e-06
1.199249982833862305e+00 2.263549276904086582e-06
1.202749967575073242e+00 1.178326556328102015e-06
1.206249952316284180e+00 9.441050679015461355e-07
1.209749937057495117e+00 1.644123813093756326e-06
1.213250041007995605e+00 1.901917016766674351e-06
1.216750025749206543e+00 2.168731953133828938e-06
1.220250010490417480e+00 2.429005917292670347e-06
1.223749995231628418e+00 1.407452941748488229e-06
1.227249979972839355e+00 1.021997945827024523e-06
1.230749964714050293e+00 1.242104076482064556e-06
1.234249949455261230e+00 1.709730327092984226e-06
1.237750053405761719e+00 6.700556696159765124e-07
1.241250038146972656e+00 9.353315704174747225e-07
1.244750022888183594e+00 8.215288858082203660e-07
1.248250007629394531e+00 9.149567290478444193e-07
1.251749992370605469e+00 2.791727865769644268e-06
1.255249977111816406e+00 2.014493929891614243e-06
1.258749961853027344e+00 9.151009408014942892e-07
1.262249946594238281e+00 9.206880235979042482e-07
1.265750050544738770e+00 8.300238505398738198e-07
1.269250035285949707e+00 5.557207600759284105e-07
1.272750020027160645e+00 1.337353296548826620e-06
1.276250004768371582e+00 1.731118004499876406e-07
1.279749989509582520e+00 5.407572416515904479e-07
1.283249974250793457e+00 1.654560264796600677e-06
1.286749958992004395e+00 9.924596042765188031e-07
1.290250062942504883e+00 1.245083694811910391e-06
1.293750047683715820e+00 3.664339942588412669e-07
1.297250032424926758e+00 1.581436208653030917e-06
1.300750017166137695e+00 1.035668219628860243e-06
1.304250001907348633e+00 4.652984273434412898e-07
1.307749986648559570e+00 1.493013769504614174e-06
1.311249971389770508e+00 7.657743026356911287e-07
1.314749956130981445e+00 2.057293926327474765e-07
1.318249940872192383e+00 1.913046617119107395e-06
1.321750044822692871e+00 1.247843556484440342e-06
1.325250029563903809e+00 3.695645318657625467e-07
1.328750014305114746e+00 8.162930384969513398e-07
1.332249999046325684e+00 3.871564047130959807e-07
1.335749983787536621e+00 7.631790595041820779e-07
1.339249968528747559e+00 5.368099209590582177e-07
1.342749953269958496e+00 1.310523543907038402e-06
1.346250057220458984e+00 4.746581225845147856e-07
1.349750041961669922e+00 0.000000000000000000e+00
1.353250026702880859e+00 6.406461920960282441e-07
1.356750011444091797e+00 1.680197215137013700e-06
1.360249996185302734e+00 7.117607196960307192e-07
1.363749980926513672e+00 3.044791299089411041e-07
1.367249965667724609e+00 1.251984940608963370e-06
1.370749950408935547e+00 2.031766221932684857e-08
1.374249935150146484e+00 9.695933158582192846e-07
1.377750039100646973e+00 1.941794209869840415e-07
1.381250023841857910e+00 5.651114065585716162e-07
1.384750008583068848e+00 4.091102709935512394e-07
1.388249993324279785e+00 1.232415911545103882e-06
1.391749978065490723e+00 6.075289888940460514e-07
1.395249962806701660e+00 1.101853740692604333e-06
1.398750066757202148e+00 7.068643412821984384e-07
1.402250051498413086e+00 7.796833756401611026e-07
1.405750036239624023e+00 5.227297492638172116e-07
1.409250020980834961e+00 1.215270913235144690e-06
1.412750005722045898e+00 0.000000000000000000e+00
1.416249990463256836e+00 1.679912884355871938e-06
1.419749975204467773e+00 7.647460051884991117e-07
1.423249959945678711e+00 0.000000000000000000e+00
1.426749944686889648e+00 1.141735651799535844e-06
1.430250048637390137e+00 8.666972348692070227e-07
1.433750033378601074e+00 1.760764689606730826e-06
1.437250018119812012e+00 1.133963110078184400e-06
1.440750002861022949e+00 6.191423267409845721e-07
1.444249987602233887e+00 1.021619709717924707e-06
1.447749972343444824e+00 9.093852781916211825e-07
1.451249957084655762e+00 5.052751816947420593e-07
1.454750061035156250e+00 1.882451442725141533e-06
1.458250045776367188e+00 7.860728032937913667e-07
1.461750030517578125e+00 3.675422419746610103e-07
1.465250015258789062e+00 1.835810053307795897e-06
1.468750000000000000e+00 1.215292257938926923e-07
1.472249984741210938e+00 8.519297978182294173e-08
1.475749969482421875e+00 2.649570888024754822e-06
1.479249954223632812e+00 2.436831664454075508e-06
1.482749938964843750e+00 7.810464808244432788e-07
1.486250042915344238e+00 1.669183120611705817e-07
1.489750027656555176e+00 7.519135465372528415e-07
1.493250012397766113e+00 1.045318299475184176e-06
1.496749997138977051e+00 1.548678369545086753e-06
1.500249981880187988e+00 1.357316477879066952e-06
1.503749966621398926e+00 1.866549581563958782e-08
1.507249951362609863e+00 2.077748746387442225e-07
1.510750055313110352e+00 8.757364184930338524e-07
1.514250040054321289e+00 0.000000000000000000e+00
1.517750024795532227e+00 1.314879796154855285e-07
1.521250009536743164e+00 9.656793054091394879e-07
1.524749994277954102e+00 1.600565838089096360e-06
1.528249979019165039e+00 0.000000000000000000e+00
1.531749963760375977e+00 7.466036322512081824e-08
1.535249948501586914e+00 9.085307510758866556e-07
1.538749933242797852e+00 5.369016662370995618e-07
1.542250037193298340e+00 0.000000000000000000e+00
1.545750021934509277e+00 9.051669280779606197e-07
1.549250006675720215e+00 8.620040148343832698e-07
1.552749991416931152e+00 0.000000000000000000e+00
1.556249976158142090e+00 1.465185846427630167e-06
1.559749960899353027e+00 1.034699948831985239e-06
1.563250064849853516e+00 0.000000000000000000e+00
1.566750049591064453e+00 0.000000000000000000e+00
1.570250034332275391e+00 4.541616362985223532e-06
1.573750019073486328e+00 0.000000000000000000e+00
1.577250003814697266e+00 1.618437181605258957e-06
1.580749988555908203e+00 1.934379270096542314e-06
1.584249973297119141e+00 7.274484232766553760e-07
1.587749958038330078e+00 8.243766274063091259e-07
1.591249942779541016e+00 1.097737140298704617e-06
1.594750046730041504e+00 1.002025783236604184e-06
1.598250031471252441e+00 9.746611340233357623e-07
1.601750016212463379e+00 3.062979658352560364e-06
1.605250000953674316e+00 1.198824406856147107e-06
1.608749985694885254e+00 2.437657940390636213e-06
1.612249970436096191e+00 1.171850612990965601e-06
1.615749955177307129e+00 0.000000000000000000e+00
1.619250059127807617e+00 2.099592848026077263e-06
1.622750043869018555e+00 2.412162075415835716e-06
1.626250028610229492e+00 0.000000000000000000e+00
1.629750013351440430e+00 0.000000000000000000e+00
1.633249998092651367e+00 7.647886377526447177e-07
1.636749982833862305e+00 0.000000000000000000e+00
1.640249967575073242e+00 1.241254039996420033e-06
1.643749952316284180e+00 1.828889935495681129e-06
1.647249937057495117e+00 3.840974841295974329e-06
1.650750041007995605e+00 0.000000000000000000e+00
1.654250025749206543e+00 0.000000000000000000e+00
1.657750010490417480e+00 0.000000000000000000e+00
1.661249995231628418e+00 1.245708290298352949e-06
1.664749979972839355e+00 2.781124294415349141e-06
1.668249964714050293e+00 0.000000000000000000e+00
1.671749949455261230e+00 0.000000000000000000e+00
1.675250053405761719e+00 0.000000000000000000e+00
1.678750038146972656e+00 3.332909727760124952e-06
1.682250022888183594e+00 1.467482661610119976e-06
1.685750007629394531e+00 0.000000000000000000e+00
1.689249992370605469e+00 0.000000000000000000e+00
1.692749977111816406e+00 4.176818492851452902e-06
1.696249961853027344e+00 1.340983658337790985e-06
1.699749946594238281e+00 0.000000000000000000e+00
1.703250050544738770e+00 2.403748112556058913e-06
1.706750035285949707e+00 0.000000000000000000e+00
1.710250020027160645e+00 3.273958554927958176e-06
1.713750004768371582e+00 1.335284991910157260e-06
1.717249989509582520e+00 3.241078502469463274e-06
1.720749974250793457e+00 0.000000000000000000e+00
1.724249958992004395e+00 1.668286131462082267e-06
1.727750062942504883e+00 0.000000000000000000e+00
1.731250047683715820e+00 0.000000000000000000e+00
1.734750032424926758e+00 3.296666591268149205e-06
1.738250017166137695e+00 0.000000000000000000e+00
1.741750001907348633e+00 0.000000000000000000e+00
1.745249986648559570e+00 1.195886738969420549e-06
1.748749971389770508e+00 1.511339746684825514e-06
1.752249956130981445e+00 1.746819862091797404e-06
1.755749940872192383e+00 0.000000000000000000e+00
1.759250044822692871e+00 1.946561496879439801e-06
1.762750029563903809e+00 4.945126420352607965e-06
1.766250014305114746e+00 1.992775651160627604e-06
1.769749999046325684e+00 2.860946551663801074e-06
1.773249983787536621e+00 0.000000000000000000e+00
1.776749968528747559e+00 3.875427864841185510e-06
1.780249953269958496e+00 0.000000000000000000e+00
1.783750057220458984e+00 1.722866159070690628e-06
1.787250041961669922e+00 1.506771241110982373e-06
1.790750026702880859e+00 0.000000000000000000e+00
1.794250011444091797e+00 5.859209068148629740e-06
1.797749996185302734e+00 0.000000000000000000e+00
1.801249980926513672e+00 1.661212991166394204e-06
1.804749965667724609e+00 4.177715709374751896e-06
1.808249950408935547e+00 2.150569116565748118e-06
1.811749935150146484e+00 2.163443241443019360e-06
1.815250039100646973e+00 0.000000000000000000e+00
1.818750023841857910e+00 1.847642693064699415e-06
1.822250008583068848e+00 0.000000000000000000e+00
1.825749993324279785e+00 2.159267296519828960e-06
1.829249978065490723e+00 0.000000000000000000e+00
1.832749962806701660e+00 4.471440206543775275e-06
1.836250066757202148e+00 0.000000000000000000e+00
1.839750051498413086e+00 0.000000000000000000e+00
1.843250036239624023e+00 4.412892849359195679e-06
1.846750020980834961e+00 0.000000000000000000e+00
1.850250005722045898e+00 0.000000000000000000e+00
1.853749990463256836e+00 0.000000000000000000e+00
1.857249975204467773e+00 0.000000000000000000e+00
1.860749959945678711e+00 2.356161985517246649e-06
1.864249944686889648e+00 2.497826244507450610e-06
1.867750048637390137e+00 4.823558811040129513e-06
1.871250033378601074e+00 1.917823965413845144e-06
1.874750018119812012e+00 0.000000000000000000e+00
1.878250002861022949e+00 4.720542165159713477e-06
1.881749987602233887e+00 0.000000000000000000e+00
1.885249972343444824e+00 0.000000000000000000e+00
1.888749957084655762e+00 0.000000000000000000e+00
1.892250061035156250e+00 5.229408998275175691e-06
1.895750045776367188e+00 1.028463702823501080e-05
1.899250030517578125e+00 0.000000000000000000e+00
1.902750015258789062e+00 0.000000000000000000e+00
1.906250000000000000e+00 0.000000000000000000e+00
1.909749984741210938e+00 2.353006948396796361e-06
1.913249969482421875e+00 0.000000000000000000e+00
1.916749954223632812e+00 2.551465968281263486e-06
1.920249938964843750e+00 0.000000000000000000e+00
1.923750042915344238e+00 0.000000000000000000e+00
1.927250027656555176e+00 2.794930878735613078e-06
1.930750012397766113e+00 0.000000000000000000e+00
1.934249997138977051e+00 0.000000000000000000e+00
1.937749981880187988e+00 5.589265583694214001e-06
1.941249966621398926e+00 2.960497567983111367e-06
1.944749951362609863e+00 0.000000000000000000e+00
1.948250055313110352e+00 0.000000000000000000e+00
1.951750040054321289e+00 2.874257233997923322e-06
1.955250024795532227e+00 0.000000000000000000e+00
1.958750009536743164e+00 0.000000000000000000e+00
1.962249994277954102e+00 0.000000000000000000e+00
1.965749979019165039e+00 0.000000000000000000e+00
1.969249963760375977e+00 0.000000000000000000e+00
1.972749948501586914e+00 0.000000000000000000e+00
1.976249933242797852e+00 2.283022013216395862e-06
1.979750037193298340e+00 5.890091870242031291e-06
1.983250021934509277e+00 0.000000000000000000e+00
1.986750006675720215e+00 0.000000000000000000e+00
1.990249991416931152e+00 0.000000000000000000e+00
1.993749976158142090e+00 0.000000000000000000e+00
1.997249960899353027e+00 0.000000000000000000e+00
2.000750064849853516e+00 0.000000000000000000e+00
2.004250049591064453e+00 0.000000000000000000e+00
2.007750034332275391e+00 0.000000000000000000e+00
2.011250019073486328e+00 3.106496023974614218e-06
2.014750003814697266e+00 0.000000000000000000e+00
2.018249988555908203e+00 0.000000000000000000e+00
2.021749973297119141e+00 0.000000000000000000e+00
2.025249958038330078e+00 6.877206942590419203e-06
2.028749942779541016e+00 0.000000000000000000e+00
2.032249927520751953e+00 3.450215899647446349e-06
2.035749912261962891e+00 3.450472831900697201e-06
2.039249897003173828e+00 0.000000000000000000e+00
2.042749881744384766e+00 3.415882929402869195e-06
2.046250104904174805e+00 3.555942384991794825e-06
2.049750089645385742e+00 0.000000000000000000e+00
2.053250074386596680e+00 3.612288537624408491e-06
2.056750059127807617e+00 0.000000000000000000e+00
2.060250043869018555e+00 0.000000000000000000e+00
2.063750028610229492e+00 0.000000000000000000e+00
2.067250013351440430e+00 3.594719373722909950e-06
2.070749998092651367e+00 0.000000000000000000e+00
2.074249982833862305e+00 0.000000000000000000e+00
2.077749967575073242e+00 0.000000000000000000e+00
2.081249952316284180e+00 0.000000000000000000e+00
2.084749937057495117e+00 0.000000000000000000e+00
2.088249921798706055e+00 3.446996970524196513e-06
2.091749906539916992e+00 0.000000000000000000e+00
2.095249891281127930e+00 0.000000000000000000e+00
2.098750114440917969e+00 0.000000000000000000e+00
2.102250099182128906e+00 0.000000000000000000e+00
2.105750083923339844e+00 0.000000000000000000e+00
2.109250068664550781e+00 0.000000000000000000e+00
2.112750053405761719e+00 0.000000000000000000e+00
2.116250038146972656e+00 4.228475518175400794e-06
2.119750022888183594e+00 0.000000000000000000e+00
2.123250007629394531e+00 0.000000000000000000e+00
2.126749992370605469e+00 4.083832664036890492e-06
2.130249977111816406e+00 0.000000000000000000e+00
2.133749961853027344e+00 4.046828962600557134e-06
2.137249946594238281e+00 0.000000000000000000e+00
2.140749931335449219e+00 4.359830199973657727e-06
2.144249916076660156e+00 4.451871973287779838e-06
2.147749900817871094e+00 0.000000000000000000e+00
2.151249885559082031e+00 1.295881611440563574e-05
2.154750108718872070e+00 0.000000000000000000e+00
2.158250093460083008e+00 0.000000000000000000e+00
2.161750078201293945e+00 3.983745500590885058e-06
2.165250062942504883e+00 0.000000000000000000e+00
2.168750047683715820e+00 0.000000000000000000e+00
2.172250032424926758e+00 0.000000000000000000e+00
2.175750017166137695e+00 0.000000000000000000e+00
2.179250001907348633e+00 0.000000000000000000e+00
2.182749986648559570e+00 0.000000000000000000e+00
2.186249971389770508e+00 4.751303094963077456e-06
2.189749956130981445e+00 4.389693003759020939e-06
2.193249940872192383e+00 0.000000000000000000e+00
2.196749925613403320e+00 0.000000000000000000e+00
2.200249910354614258e+00 0.000000000000000000e+00
2.203749895095825195e+00 0.000000000000000000e+00
2.207250118255615234e+00 4.862470177613431588e-06
2.210750102996826172e+00 0.000000000000000000e+00
2.214250087738037109e+00 0.000000000000000000e+00
2.217750072479248047e+00 0.000000000000000000e+00
2.221250057220458984e+00 0.000000000000000000e+00
2.224750041961669922e+00 0.000000000000000000e+00
2.228250026702880859e+00 0.000000000000000000e+00
2.231750011444091797e+00 5.043523287895368412e-06
2.235249996185302734e+00 0.000000000000000000e+00
2.238749980926513672e+00 0.000000000000000000e+00
2.242249965667724609e+00 0.000000000000000000e+00
2.245749950408935547e+00 0.000000000000000000e+00
2.249249935150146484e+00 0.000000000000000000e+00
2.252749919891357422e+00 0.000000000000000000e+00
2.256249904632568359e+00 0.000000000000000000e+00
2.259749889373779297e+00 0.000000000000000000e+00
2.263249874114990234e+00 0.000000000000000000e+00
2.266750097274780273e+00 0.000000000000000000e+00
2.270250082015991211e+00 0.000000000000000000e+00
2.273750066757202148e+00 0.000000000000000000e+00
2.277250051498413086e+00 0.000000000000000000e+00
2.280750036239624023e+00 0.000000000000000000e+00
2.284250020980834961e+00 0.000000000000000000e+00
2.287750005722045898e+00 0.000000000000000000e+00
2.291249990463256836e+00 0.000000000000000000e+00
2.294749975204467773e+00 0.000000000000000000e+00
2.298249959945678711e+00 0.000000000000000000e+00
2.301749944686889648e+00 0.000000000000000000e+00
2.305249929428100586e+00 5.726720246457261965e-06
2.308749914169311523e+00 0.000000000000000000e+00
2.312249898910522461e+00 0.000000000000000000e+00
2.315750122070312500e+00 0.000000000000000000e+00
2.319250106811523438e+00 0.000000000000000000e+00
2.322750091552734375e+00 0.000000000000000000e+00
2.326250076293945312e+00 0.000000000000000000e+00
2.329750061035156250e+00 0.000000000000000000e+00
2.333250045776367188e+00 1.189161775982938707e-05
2.336750030517578125e+00 0.000000000000000000e+00
2.340250015258789062e+00 0.000000000000000000e+00
2.343750000000000000e+00 0.000000000000000000e+00
2.347249984741210938e+00 0.000000000000000000e+00
2.350749969482421875e+00 0.000000000000000000e+00
2.354249954223632812e+00 0.000000000000000000e+00
2.357749938964843750e+00 5.873214377061231062e-06
2.361249923706054688e+00 0.000000000000000000e+00
2.364749908447265625e+00 0.000000000000000000e+00
2.368249893188476562e+00 0.000000000000000000e+00
2.371749877929687500e+00 0.000000000000000000e+00
2.375250101089477539e+00 6.431117981264833361e-06
2.378750085830688477e+00 0.000000000000000000e+00
2.382250070571899414e+00 6.050390766176860780e-06
2.385750055313110352e+00 0.000000000000000000e+00
2.389250040054321289e+00 0.000000000000000000e+00
2.392750024795532227e+00 0.000000000000000000e+00
2.396250009536743164e+00 0.000000000000000000e+00
2.399749994277954102e+00 0.000000000000000000e+00
2.403249979019165039e+00 0.000000000000000000e+00
2.406749963760375977e+00 0.000000000000000000e+00
2.410249948501586914e+00 0.000000000000000000e+00
2.413749933242797852e+00 0.000000000000000000e+00
2.417249917984008789e+00 0.000000000000000000e+00
2.420749902725219727e+00 6.764690169802634045e-06
2.424250125885009766e+00 0.000000000000000000e+00
2.427750110626220703e+00 0.000000000000000000e+00
2.431250095367431641e+00 0.000000000000000000e+00
2.434750080108642578e+00 0.000000000000000000e+00
2.438250064849853516e+00 0.000000000000000000e+00
2.441750049591064453e+00 0.000000000000000000e+00
2.445250034332275391e+00 0.000000000000000000e+00
2.448750019073486328e+00 0.000000000000000000e+00
2.452250003814697266e+00 0.000000000000000000e+00
2.455749988555908203e+00 0.000000000000000000e+00
2.459249973297119141e+00 0.000000000000000000e+00
2.462749958038330078e+00 0.000000000000000000e+00
2.466249942779541016e+00 0.000000000000000000e+00
2.469749927520751953e+00 0.000000000000000000e+00
2.473249912261962891e+00 0.000000000000000000e+00
2.476749897003173828e+00 7.297322099475422874e-06
2.480249881744384766e+00 0.000000000000000000e+00
2.483750104904174805e+00 0.000000000000000000e+00
2.487250089645385742e+00 0.000000000000000000e+00
2.490750074386596680e+00 0.000000000000000000e+00
2.494250059127807617e+00 7.385870958387386054e-06
2.497750043869018555e+00 0.000000000000000000e+00
2.501250028610229492e+00 0.000000000000000000e+00
2.504750013351440430e+00 0.000000000000000000e+00
2.508249998092651367e+00 0.000000000000000000e+00
2.511749982833862305e+00 0.000000000000000000e+00
2.515249967575073242e+00 0.000000000000000000e+00
2.518749952316284180e+00 0.000000000000000000e+00
2.522249937057495117e+00 0.000000000000000000e+00
2.525749921798706055e+00 0.000000000000000000e+00
2.529249906539916992e+00 0.000000000000000000e+00
2.532749891281127930e+00 0.000000000000000000e+00
2.536250114440917969e+00 0.000000000000000000e+00
2.539750099182128906e+00 0.000000000000000000e+00
2.543250083923339844e+00 0.000000000000000000e+00
2.546750068664550781e+00 0.000000000000000000e+00
2.550250053405761719e+00 0.000000000000000000e+00
2.553750038146972656e+00 0.000000000000000000e+00
2.557250022888183594e+00 0.000000000000000000e+00
2.560750007629394531e+00 0.000000000000000000e+00
2.564249992370605469e+00 0.000000000000000000e+00
2.567749977111816406e+00 0.000000000000000000e+00
2.571249961853027344e+00 0.000000000000000000e+00
2.574749946594238281e+00 0.000000000000000000e+00
2.578249931335449219e+00 0.000000000000000000e+00
2.581749916076660156e+00 0.000000000000000000e+00
2.585249900817871094e+00 1.697800871625076979e-05
2.588749885559082031e+00 0.000000000000000000e+00
2.592250108718872070e+00 0.000000000000000000e+00
2.595750093460083008e+00 0.000000000000000000e+00
2.599250078201293945e+00 0.000000000000000000e+00
2.602750062942504883e+00 0.000000000000000000e+00
2.606250047683715820e+00 0.000000000000000000e+00
2.609750032424926758e+00 0.000000000000000000e+00
2.613250017166137695e+00 0.000000000000000000e+00
2.616750001907348633e+00 0.000000000000000000e+00
2.620249986648559570e+00 0.000000000000000000e+00
2.623749971389770508e+00 0.000000000000000000e+00
2.627249956130981445e+00 0.000000000000000000e+00
2.630749940872192383e+00 0.000000000000000000e+00
2.634249925613403320e+00 0.000000000000000000e+00
2.637749910354614258e+00 0.000000000000000000e+00
2.641249895095825195e+00 0.000000000000000000e+00
2.644750118255615234e+00 0.000000000000000000e+00
2.648250102996826172e+00 0.000000000000000000e+00
2.651750087738037109e+00 0.000000000000000000e+00
2.655250072479248047e+00 0.000000000000000000e+00
2.658750057220458984e+00 0.000000000000000000e+00
2.662250041961669922e+00 0.000000000000000000e+00
2.665750026702880859e+00 0.000000000000000000e+00
2.669250011444091797e+00 0.000000000000000000e+00
2.672749996185302734e+00 0.000000000000000000e+00
2.676249980926513672e+00 0.000000000000000000e+00
2.679749965667724609e+00 0.000000000000000000e+00
2.683249950408935547e+00 0.000000000000000000e+00
2.686749935150146484e+00 0.000000000000000000e+00
2.690249919891357422e+00 0.000000000000000000e+00
2.693749904632568359e+00 0.000000000000000000e+00
2.697249889373779297e+00 0.000000000000000000e+00
2.700749874114990234e+00 0.000000000000000000e+00
2.704250097274780273e+00 0.000000000000000000e+00
2.707750082015991211e+00 0.000000000000000000e+00
2.711250066757202148e+00 0.000000000000000000e+00
2.714750051498413086e+00 0.000000000000000000e+00
2.718250036239624023e+00 0.000000000000000000e+00
2.721750020980834961e+00 0.000000000000000000e+00
2.725250005722045898e+00 0.000000000000000000e+00
2.728749990463256836e+00 0.000000000000000000e+00
2.732249975204467773e+00 0.000000000000000000e+00
2.735749959945678711e+00 0.000000000000000000e+00
2.739249944686889648e+00 0.000000000000000000e+00
2.742749929428100586e+00 0.000000000000000000e+00
2.746249914169311523e+00 0.000000000000000000e+00
2.749749898910522461e+00 0.000000000000000000e+00
2.753250122070312500e+00 0.000000000000000000e+00
2.756750106811523438e+00 0.000000000000000000e+00
2.760250091552734375e+00 0.000000000000000000e+00
2.763750076293945312e+00 0.000000000000000000e+00
2.767250061035156250e+00 0.000000000000000000e+00
2.770750045776367188e+00 0.000000000000000000e+00
2.774250030517578125e+00 0.000000000000000000e+00
2.777750015258789062e+00 0.000000000000000000e+00
2.781250000000000000e+00 0.000000000000000000e+00
2.784749984741210938e+00 0.000000000000000000e+00
2.788249969482421875e+00 0.000000000000000000e+00
2.791749954223632812e+00 0.000000000000000000e+00
2.795249938964843750e+00 0.000000000000000000e+00
2.798749923706054688e+00 0.000000000000000000e+00
2.802249908447265625e+00 0.000000000000000000e+00
2.805749893188476562e+00 0.000000000000000000e+00
2.809249877929687500e+00 0.000000000000000000e+00
2.812750101089477539e+00 0.000000000000000000e+00
2.816250085830688477e+00 0.000000000000000000e+00
2.819750070571899414e+00 0.000000000000000000e+00
2.823250055313110352e+00 0.000000000000000000e+00
2.826750040054321289e+00 0.000000000000000000e+00
2.830250024795532227e+00 0.000000000000000000e+00
2.833750009536743164e+00 0.000000000000000000e+00
2.837249994277954102e+00 0.000000000000000000e+00
2.840749979019165039e+00 0.000000000000000000e+00
2.844249963760375977e+00 0.000000000000000000e+00
2.847749948501586914e+00 0.000000000000000000e+00
2.851249933242797852e+00 0.000000000000000000e+00
2.854749917984008789e+00 0.000000000000000000e+00
2.858249902725219727e+00 0.000000000000000000e+00
2.861750125885009766e+00 0.000000000000000000e+00
2.865250110626220703e+00 0.000000000000000000e+00
2.868750095367431641e+00 0.000000000000000000e+00
2.872250080108642578e+00 0.000000000000000000e+00
2.875750064849853516e+00 0.000000000000000000e+00
2.879250049591064453e+00 0.000000000000000000e+00
2.882750034332275391e+00 0.000000000000000000e+00
2.886250019073486328e+00 0.000000000000000000e+00
2.889750003814697266e+00 0.000000000000000000e+00
2.893249988555908203e+00 0.000000000000000000e+00
2.896749973297119141e+00 0.000000000000000000e+00
2.900249958038330078e+00 0.000000000000000000e+00
2.903749942779541016e+00 0.000000000000000000e+00
2.907249927520751953e+00 0.000000000000000000e+00
2.910749912261962891e+00 0.000000000000000000e+00
2.914249897003173828e+00 0.000000000000000000e+00
2.917749881744384766e+00 0.000000000000000000e+00
2.921250104904174805e+00 0.000000000000000000e+00
2.924750089645385742e+00 0.000000000000000000e+00
2.928250074386596680e+00 0.000000000000000000e+00
2.931750059127807617e+00 0.000000000000000000e+00
2.935250043869018555e+00 0.000000000000000000e+00
2.938750028610229492e+00 0.000000000000000000e+00
2.942250013351440430e+00 0.000000000000000000e+00
2.945749998092651367e+00 0.000000000000000000e+00
2.949249982833862305e+00 0.000000000000000000e+00
2.952749967575073242e+00 0.000000000000000000e+00
2.956249952316284180e+00 0.000000000000000000e+00
2.959749937057495117e+00 0.000000000000000000e+00
2.963249921798706055e+00 0.000000000000000000e+00
2.966749906539916992e+00 0.000000000000000000e+00
2.970249891281127930e+00 0.000000000000000000e+00
2.973750114440917969e+00 0.000000000000000000e+00
2.977250099182128906e+00 0.000000000000000000e+00
2.980750083923339844e+00 0.000000000000000000e+00
2.984250068664550781e+00 0.000000000000000000e+00
2.987750053405761719e+00 0.000000000000000000e+00
2.991250038146972656e+00 0.000000000000000000e+00
2.994750022888183594e+00 0.000000000000000000e+00
2.998250007629394531e+00 0.000000000000000000e+00
