-4.982500076293945312e-01 0.000000000000000000e+00
-4.947499930858612061e-01 0.000000000000000000e+00
-4.912499785423278809e-01 0.000000000000000000e+00
-4.877499938011169434e-01 0.000000000000000000e+00
-4.842500090599060059e-01 0.000000000000000000e+00
-4.807499945163726807e-01 0.000000000000000000e+00
-4.772499799728393555e-01 0.000000000000000000e+00
-4.737499952316284180e-01 0.000000000000000000e+00
-4.702500104904174805e-01 0.000000000000000000e+00
-4.667499959468841553e-01 0.000000000000000000e+00
-4.632499814033508301e-01 0.000000000000000000e+00
-4.597499966621398926e-01 0.000000000000000000e+00
-4.562500119209289551e-01 0.000000000000000000e+00
-4.527499973773956299e-01 0.000000000000000000e+00
-4.492499828338623047e-01 0.000000000000000000e+00
-4.457499980926513672e-01 0.000000000000000000e+00
-4.422500133514404297e-01 0.000000000000000000e+00
-4.387499988079071045e-01 0.000000000000000000e+00
-4.352499842643737793e-01 0.000000000000000000e+00
-4.317499995231628418e-01 0.000000000000000000e+00
-4.282500147819519043e-01 0.000000000000000000e+00
-4.247500002384185791e-01 0.000000000000000000e+00
-4.212499856948852539e-01 0.000000000000000000e+00
-4.177500009536743164e-01 0.000000000000000000e+00
-4.142500162124633789e-01 0.000000000000000000e+00
-4.107500016689300537e-01 0.000000000000000000e+00
-4.072499871253967285e-01 0.000000000000000000e+00
-4.037500023841857910e-01 0.000000000000000000e+00
-4.002500176429748535e-01 0.000000000000000000e+00
-3.967500030994415283e-01 0.000000000000000000e+00
-3.932499885559082031e-01 0.000000000000000000e+00
-3.897500038146972656e-01 0.000000000000000000e+00
-3.862500190734863281e-01 0.000000000000000000e+00
-3.827500045299530029e-01 0.000000000000000000e+00
-3.792499899864196777e-01 0.000000000000000000e+00
-3.757500052452087402e-01 0.000000000000000000e+00
-3.722500205039978027e-01 0.000000000000000000e+00
-3.687500059604644775e-01 0.000000000000000000e+00
-3.652499914169311523e-01 0.000000000000000000e+00
-3.617500066757202148e-01 0.000000000000000000e+00
-3.582500219345092773e-01 0.000000000000000000e+00
-3.547499775886535645e-01 0.000000000000000000e+00
-3.512499928474426270e-01 0.000000000000000000e+00
-3.477500081062316895e-01 0.000000000000000000e+00
-3.442499935626983643e-01 0.000000000000000000e+00
-3.407499790191650391e-01 0.000000000000000000e+00
-3.372499942779541016e-01 0.000000000000000000e+00
-3.337500095367431641e-01 0.000000000000000000e+00
-3.302499949932098389e-01 0.000000000000000000e+00
-3.267499804496765137e-01 0.000000000000000000e+00
-3.232499957084655762e-01 0.000000000000000000e+00
-3.197500109672546387e-01 0.000000000000000000e+00
-3.162499964237213135e-01 0.000000000000000000e+00
-3.127499818801879883e-01 0.000000000000000000e+00
-3.092499971389770508e-01 0.000000000000000000e+00
-3.057500123977661133e-01 0.000000000000000000e+00
-3.022499978542327881e-01 0.000000000000000000e+00
-2.987499833106994629e-01 0.000000000000000000e+00
-2.952499985694885254e-01 0.000000000000000000e+00
-2.917500138282775879e-01 0.000000000000000000e+00
-2.882499992847442627e-01 0.000000000000000000e+00
-2.847499847412109375e-01 0.000000000000000000e+00
-2.812500000000000000e-01 0.000000000000000000e+00
-2.777500152587890625e-01 0.000000000000000000e+00
-2.742500007152557373e-01 0.000000000000000000e+00
-2.707499861717224121e-01 0.000000000000000000e+00
-2.672500014305114746e-01 0.000000000000000000e+00
-2.637500166893005371e-01 0.000000000000000000e+00
-2.602500021457672119e-01 0.000000000000000000e+00
-2.567499876022338867e-01 0.000000000000000000e+00
-2.532500028610229492e-01 0.000000000000000000e+00
-2.497500032186508179e-01 0.000000000000000000e+00
-2.462500035762786865e-01 0.000000000000000000e+00
-2.427499890327453613e-01 0.000000000000000000e+00
-2.392500042915344238e-01 0.000000000000000000e+00
-2.357499897480010986e-01 0.000000000000000000e+00
-2.322500050067901611e-01 0.000000000000000000e+00
-2.287499904632568359e-01 0.000000000000000000e+00
-2.252500057220458984e-01 0.000000000000000000e+00
-2.217499911785125732e-01 0.000000000000000000e+00
-2.182500064373016357e-01 0.000000000000000000e+00
-2.147499918937683105e-01 0.000000000000000000e+00
-2.112500071525573730e-01 0.000000000000000000e+00
-2.077499926090240479e-01 0.000000000000000000e+00
-2.042500078678131104e-01 0.000000000000000000e+00
-2.007499933242797852e-01 0.000000000000000000e+00
-1.972500085830688477e-01 0.000000000000000000e+00
-1.937499940395355225e-01 0.000000000000000000e+00
-1.902500092983245850e-01 0.000000000000000000e+00
-1.867499947547912598e-01 0.000000000000000000e+00
-1.832500100135803223e-01 0.000000000000000000e+00
-1.797499954700469971e-01 0.000000000000000000e+00
-1.762500107288360596e-01 0.000000000000000000e+00
-1.727499961853027344e-01 0.000000000000000000e+00
-1.692500114440917969e-01 3.405979881379653139e-06
-1.657499969005584717e-01 1.021793964413895857e-05
-1.622500121593475342e-01 2.724783905103722511e-05
-1.587499976158142090e-01 5.449567810207445022e-05
-1.552500128746032715e-01 1.464571348993250655e-04
-1.517499983310699463e-01 4.325594449352158986e-04
-1.482500135898590088e-01 8.106232117683574148e-04
-1.447499990463256836e-01 1.975468331200198532e-03
-1.412500143051147461e-01 3.828321386670729704e-03
-1.377499997615814209e-01 7.237707247931762268e-03
-1.342500001192092896e-01 1.303468500603993142e-02
-1.307500004768371582e-01 2.303804791765197077e-02
-1.272499859333038330e-01 4.008838320383851378e-02
-1.237500011920928955e-01 6.432874201961751026e-02
-1.202500015497207642e-01 1.045976421571691434e-01
-1.167500019073486328e-01 1.603739686946423493e-01
-1.132500022649765015e-01 2.416202127850725911e-01
-1.097500026226043701e-01 3.479514987018639816e-01
-1.062500029802322388e-01 4.900830391518368745e-01
-1.027500033378601074e-01 6.742341533983905455e-01
-9.925000369548797607e-02 8.992502142617373462e-01
-9.574999660253524780e-02 1.170025614831419647e+00
-9.224999696016311646e-02 1.494281711498525400e+00
-8.874999731779098511e-02 1.858919105639268432e+00
-8.524999767541885376e-02 2.271696619423431152e+00
-8.174999803304672241e-02 2.728162637146050784e+00
-7.824999839067459106e-02 3.215694597366734353e+00
-7.474999874830245972e-02 3.727068416757075564e+00
-7.124999910593032837e-02 4.242280775473731502e+00
-6.774999946355819702e-02 4.770759425828360989e+00
-6.424999982118606567e-02 5.289149563774344642e+00
-6.075000017881393433e-02 5.793759107120265206e+00
-5.725000053644180298e-02 6.255289816926496549e+00
-5.375000089406967163e-02 6.689705520897065050e+00
-5.025000125169754028e-02 7.065773383519717399e+00
-4.675000160932540894e-02 7.394661612825499830e+00
-4.325000196695327759e-02 7.676625657305514494e+00
-3.974999859929084778e-02 7.903242528713109394e+00
-3.624999895691871643e-02 8.051542298728261216e+00
-3.274999931454658508e-02 8.141845043323279185e+00
-2.924999967217445374e-02 8.193915663749811173e+00
-2.575000002980232239e-02 8.178353741671788413e+00
-2.225000038743019104e-02 8.128527661987085651e+00
-1.875000074505805969e-02 8.020353740954467625e+00
-1.525000110268592834e-02 7.880957202349242685e+00
-1.174999959766864777e-02 7.695181435699270267e+00
-8.249999955296516418e-03 7.490601254124201525e+00
-4.750000312924385071e-03 7.254110447040487131e+00
-1.249999972060322762e-03 7.003222562998180578e+00
2.250000135973095894e-03 6.737140602705038894e+00
5.750000011175870895e-03 6.469008242523306862e+00
9.250000119209289551e-03 6.173532675853859786e+00
1.274999976158142090e-02 5.877747165015206221e+00
1.624999940395355225e-02 5.588770207959431247e+00
1.974999904632568359e-02 5.312139927973657194e+00
2.325000055134296417e-02 5.018398005063831491e+00
2.675000019371509552e-02 4.743841966825818268e+00
3.025000169873237610e-02 4.473373104445459880e+00
3.375000134110450745e-02 4.216947097116030108e+00
3.725000098347663879e-02 3.968160702660534334e+00
4.075000062584877014e-02 3.725682182945353915e+00
4.425000026822090149e-02 3.491783326551369360e+00
4.774999991059303284e-02 3.268783605777799028e+00
5.124999955296516418e-02 3.067602592124347272e+00
5.474999919533729553e-02 2.860808523626381383e+00
5.824999883770942688e-02 2.669865885496356839e+00
6.175000220537185669e-02 2.503119328443653036e+00
6.525000184774398804e-02 2.336444296968458456e+00
6.875000149011611938e-02 2.175280140941336260e+00
7.225000113248825073e-02 2.034977611687664112e+00
7.575000077486038208e-02 1.895560637203150600e+00
7.925000041723251343e-02 1.772260759517325868e+00
8.275000005960464478e-02 1.653879116780213154e+00
8.624999970197677612e-02 1.540269251856913657e+00
8.974999934434890747e-02 1.438256748429711518e+00
9.324999898672103882e-02 1.344292575462209705e+00
9.674999862909317017e-02 1.249030724159902128e+00
1.002499982714653015e-01 1.166026994450680032e+00
1.037499979138374329e-01 1.086262351608650034e+00
1.072499975562095642e-01 1.016749708209572667e+00
1.107499971985816956e-01 9.478807950080759825e-01
1.142499968409538269e-01 8.892672872294136166e-01
1.177499964833259583e-01 8.329425979310383088e-01
1.212500035762786865e-01 7.776465145568396409e-01
1.247500032186508179e-01 7.274151232662524613e-01
1.282500028610229492e-01 6.802457078890257192e-01
1.317499876022338867e-01 6.346260133578266460e-01
1.352500021457672119e-01 5.948782281421260976e-01
1.387499868869781494e-01 5.583831537131430656e-01
1.422500014305114746e-01 5.211864474285958782e-01
1.457499861717224121e-01 4.876681994159386968e-01
1.492500007152557373e-01 4.587820840419578605e-01
1.527499854564666748e-01 4.305226689661508788e-01
1.562500000000000000e-01 4.042932178996461734e-01
1.597500145435333252e-01 3.799983634057650939e-01
1.632499992847442627e-01 3.554174066018481737e-01
1.667500138282775879e-01 3.339903871680887648e-01
1.702499985694885254e-01 3.146342035022082206e-01
1.737500131130218506e-01 2.957207972209069946e-01
1.772499978542327881e-01 2.790689615808418789e-01
1.807500123977661133e-01 2.620731219727573946e-01
1.842499971389770508e-01 2.449819149279942876e-01
1.877500116825103760e-01 2.331018571017420549e-01
1.912499964237213135e-01 2.209595388246236025e-01
1.947500109672546387e-01 2.059085137288069189e-01
1.982499957084655762e-01 1.969201328218460056e-01
2.017500102519989014e-01 1.843077893210971485e-01
2.052499949932098389e-01 1.730169660143236199e-01
2.087500095367431641e-01 1.654386607782538932e-01
2.122499942779541016e-01 1.545735849566527986e-01
2.157500088214874268e-01 1.466478697726823488e-01
2.192499935626983643e-01 1.383202489627090859e-01
2.227500081062316895e-01 1.320634639206146599e-01
2.262499928474426270e-01 1.246520516987325439e-01
2.297500073909759521e-01 1.188005782625222995e-01
2.332499921321868896e-01 1.119545587009491971e-01
2.367500066757202148e-01 1.055104447653788940e-01
2.402499914169311523e-01 1.000336291161204039e-01
2.437500059604644775e-01 9.561607320997099480e-02
2.472499907016754150e-01 9.114402162571950961e-02
2.507500052452087402e-01 8.665153416217974414e-02
2.542499899864196777e-01 8.133139358746473146e-02
2.577500045299530029e-01 7.792200772620369587e-02
2.612500190734863281e-01 7.456711754304473638e-02
2.647500038146972656e-01 7.068430047827194140e-02
2.682499885559082031e-01 6.776196974004819462e-02
2.717500030994415283e-01 6.338869157235671459e-02
2.752500176429748535e-01 6.160395811451378073e-02
2.787500023841857910e-01 5.867140943664590075e-02
2.822499871253967285e-01 5.638259095635877322e-02
2.857500016689300537e-01 5.388941368318887065e-02
2.892500162124633789e-01 5.096708294496512387e-02
2.927500009536743164e-01 4.857608506823660882e-02
2.962499856948852539e-01 4.593645066016737583e-02
2.997500002384185791e-01 4.494871649456728263e-02
3.032500147819519043e-01 4.154273661318762939e-02
3.067499995231628418e-01 4.069805360260547039e-02
3.102499842643737793e-01 3.854547431757353315e-02
3.137499988079071045e-01 3.707749698869890198e-02
3.172500133514404297e-01 3.458431971552899248e-02
3.207499980926513672e-01 3.350462409313164497e-02
3.242499828338623047e-01 3.265312912278673513e-02
3.277499973773956299e-01 3.126689531106521119e-02
3.312500119209289551e-01 2.991472129815749004e-02
3.347499966621398926e-01 2.808911608173799909e-02
3.382499814033508301e-01 2.761568487822622583e-02
3.417499959468841553e-01 2.610683579077504105e-02
3.452500104904174805e-01 2.510207172576804299e-02
3.487499952316284180e-01 2.429826047376244455e-02
3.522499799728393555e-01 2.308573163599128911e-02
3.557499945163726807e-01 2.200944199347531702e-02
3.592500090599060059e-01 2.154963470948906279e-02
3.627499938011169434e-01 2.022130255575100080e-02
3.662499785423278809e-01 1.976830723152750435e-02
3.697499930858612061e-01 1.860686809197704267e-02
3.732500076293945312e-01 1.790523623641283521e-02
3.767499923706054688e-01 1.712526684357689594e-02
3.802500069141387939e-01 1.728875387788311735e-02
3.837500214576721191e-01 1.577309283066917131e-02
3.872500061988830566e-01 1.604897720106092385e-02
3.907499909400939941e-01 1.469680318815320269e-02
3.942500054836273193e-01 1.463890153016974768e-02
3.977500200271606445e-01 1.393386369472415960e-02
4.012500047683715820e-01 1.293250560959854217e-02
4.047499895095825195e-01 1.257147174217229831e-02
4.082500040531158447e-01 1.238073686881503883e-02
4.117500185966491699e-01 1.165526315408117221e-02
4.152500033378601074e-01 1.137256682392666189e-02
4.187499880790710449e-01 1.092978943934730558e-02
4.222500026226043701e-01 1.090594758017764815e-02
4.257500171661376953e-01 1.055172567251416553e-02
4.292500019073486328e-01 1.043592235654725725e-02
4.327499866485595703e-01 9.584427386202343940e-03
4.362500011920928955e-01 9.325572915217489323e-03
4.397500157356262207e-01 8.756774275027088064e-03
4.432500004768371582e-01 8.549009502262928939e-03
4.467499852180480957e-01 8.194787594599444586e-03
4.502499997615814209e-01 8.027894580411842548e-03
4.537500143051147461e-01 7.765634129545609041e-03
4.572499990463256836e-01 7.711138451443534658e-03
4.607499837875366211e-01 7.452283980458680908e-03
4.642499983310699463e-01 7.077626193506918878e-03
4.677500128746032715e-01 6.835801621928963047e-03
4.712499976158142090e-01 6.764276044419990745e-03
4.747499823570251465e-01 6.396430217230988230e-03
4.782499969005584717e-01 6.035396349804745229e-03
4.817500114440917969e-01 6.403242176993747745e-03
4.852499961853027344e-01 5.916187053956457192e-03
4.887499809265136719e-01 5.568777106055732354e-03
4.922499954700469971e-01 5.425725951037786883e-03
4.957500100135803223e-01 5.265644896612943493e-03
4.992499947547912598e-01 4.962512687170154632e-03
5.027499794960021973e-01 4.754747914405995507e-03
5.062500238418579102e-01 4.744529974761856235e-03
5.097500085830688477e-01 4.448209725081826889e-03
5.132499933242797852e-01 4.468645604370104565e-03
5.167499780654907227e-01 4.529953242234938462e-03
5.202499628067016602e-01 4.111017716825241322e-03
5.237500071525573730e-01 3.841945306196248300e-03
5.272499918937683105e-01 3.950936662400397065e-03
5.307500362396240234e-01 3.787449628094173917e-03
5.342500209808349609e-01 3.773825708568655322e-03
5.377500057220458984e-01 3.801073547619692513e-03
5.412499904632568359e-01 3.320830384345161475e-03
5.447499752044677734e-01 3.143719430513419733e-03
5.482500195503234863e-01 3.402573901498273483e-03
5.517500042915344238e-01 3.194809128734114358e-03
5.552499890327453613e-01 2.929142697986501526e-03
5.587500333786010742e-01 3.119877571343762299e-03
5.622500181198120117e-01 2.881458979647186225e-03
5.657500028610229492e-01 2.687318126408546129e-03
5.692499876022338867e-01 2.707754005696824239e-03
5.727499723434448242e-01 2.779279583205796975e-03
5.762500166893005371e-01 2.629416468425091989e-03
5.797500014305114746e-01 2.547672951271980415e-03
5.832499861717224121e-01 2.677100186764407291e-03
5.867500305175781250e-01 2.302442399812645261e-03
5.902500152587890625e-01 2.190045063727116739e-03
5.937500000000000000e-01 2.190045063727116739e-03
5.972499847412109375e-01 2.098083606929866327e-03
6.007499694824218750e-01 2.135549385625042356e-03
6.042500138282775879e-01 1.995904210488476643e-03
6.077499985694885254e-01 2.057211848353310540e-03
6.112499833106994629e-01 1.938002552505022503e-03
6.147500276565551758e-01 1.723425819978104297e-03
6.182500123977661133e-01 1.716613860215344999e-03
6.217499971389770508e-01 1.764297578554660300e-03
6.252499818801879883e-01 1.835823156063633036e-03
6.287499666213989258e-01 1.628058383299474127e-03
6.322500109672546387e-01 1.685960041282928267e-03
6.357499957084655762e-01 1.559938785671881149e-03
6.392499804496765137e-01 1.583780644841538583e-03
6.427500247955322266e-01 1.495225167925667712e-03
6.462500095367431641e-01 1.413481650772555921e-03
6.497499942779541016e-01 1.372609892196000134e-03
6.532499790191650391e-01 1.396451751365657785e-03
6.567499637603759766e-01 1.437323509942213572e-03
6.602500081062316895e-01 1.376015872077379892e-03
6.637499928474426270e-01 1.287460395161508803e-03
6.672500371932983398e-01 1.256806576229091855e-03
6.707500219345092773e-01 1.205716878008397230e-03
6.742500066757202148e-01 1.192092958482878634e-03
6.777499914169311523e-01 1.127379340736665196e-03
6.812499761581420898e-01 1.049041803464933163e-03
6.847500205039978027e-01 1.086507582160109193e-03
6.882500052452087402e-01 9.843281857187197257e-04
6.917499899864196777e-01 9.945461253628585640e-04
6.952500343322753906e-01 1.025199944295275513e-03
6.987500190734863281e-01 1.011576024769756917e-03
7.022500038146972656e-01 9.128026082097469903e-04
7.057499885559082031e-01 1.008170044888377376e-03
7.092499732971191406e-01 8.991786886842283947e-04
7.127500176429748535e-01 9.400504472607841815e-04
7.162500023841857910e-01 8.583069301076724994e-04
7.197499871253967285e-01 9.025846685656080436e-04
7.232500314712524414e-01 7.833753727173202236e-04
7.267500162124633789e-01 7.322856744966253816e-04
7.302500009536743164e-01 7.390976342593846794e-04
7.337499856948852539e-01 6.777899963945508907e-04
7.372499704360961914e-01 7.118497952083474882e-04
7.407500147819519043e-01 7.765634129545608173e-04
7.442499995231628418e-01 6.675720567504119440e-04
7.477499842643737793e-01 6.743840165131712418e-04
7.512500286102294922e-01 5.960464792414393170e-04
7.547500133514404297e-01 7.118497952083474882e-04
7.582499980926513672e-01 6.232943182924765083e-04
7.617499828338623047e-01 6.267002981738561572e-04
7.652499675750732422e-01 5.994524591228189659e-04
7.687500119209289551e-01 6.130763786483375615e-04
7.722499966621398926e-01 6.028584390041986148e-04
7.757499814033508301e-01 5.960464792414393170e-04
7.792500257492065430e-01 5.585807005462630707e-04
7.827500104904174805e-01 4.870551230372903895e-04
7.862499952316284180e-01 5.211149218510869327e-04
7.897499799728393555e-01 5.653926603090223685e-04
7.932499647140502930e-01 5.279268816138462305e-04
7.967500090599060059e-01 4.836491431559107406e-04
8.002499938011169434e-01 4.734312035117717397e-04
8.037499785423278809e-01 4.564013041048734952e-04
8.072500228881835938e-01 4.053116058841787074e-04
8.107500076293945312e-01 5.074910023255683371e-04
8.142499923706054688e-01 4.427773845793548995e-04
8.177499771118164062e-01 3.780637668331414620e-04
8.212500214576721191e-01 3.746577869517618131e-04
8.247500061988830566e-01 3.508159277821042707e-04
8.282499909400939941e-01 3.610338674262432174e-04
8.317500352859497070e-01 3.508159277821042707e-04
8.352500200271606445e-01 3.712518070703821641e-04
8.387500047683715820e-01 3.474099479007246218e-04
8.422499895095825195e-01 3.337860283752059720e-04
8.457499742507934570e-01 2.963202496800297799e-04
8.492500185966491699e-01 3.542219076634839196e-04
8.527500033378601074e-01 2.895082899172704820e-04
8.562499880790710449e-01 2.895082899172704820e-04
8.597500324249267578e-01 3.746577869517618131e-04
8.632500171661376953e-01 3.371920082565856209e-04
8.667500019073486328e-01 2.963202496800297799e-04
8.702499866485595703e-01 2.826963301545111842e-04
8.737499713897705078e-01 3.133501490869280786e-04
8.772500157356262207e-01 2.588544709848536419e-04
8.807500004768371582e-01 2.350126118151960454e-04
8.842499852180480957e-01 2.861023100358908331e-04
8.877500295639038086e-01 2.554484911034739930e-04
8.912500143051147461e-01 2.554484911034739930e-04
8.947499990463256836e-01 2.622604508662332908e-04
8.982499837875366211e-01 2.690724106289925886e-04
9.017499685287475586e-01 1.805169337131216087e-04
9.052500128746032715e-01 2.247946721710570987e-04
9.087499976158142090e-01 2.690724106289925886e-04
9.122499823570251465e-01 2.213886922896774498e-04
9.157500267028808594e-01 2.418245715779553703e-04
9.192500114440917969e-01 2.043587928827791781e-04
9.227499961853027344e-01 2.179827124082978009e-04
9.262499809265136719e-01 1.737049739503623109e-04
9.297499656677246094e-01 1.907348733572605554e-04
9.332500100135803223e-01 2.043587928827791781e-04
9.367499947547912598e-01 1.941408532386402043e-04
9.402499794960021973e-01 1.737049739503623109e-04
9.437500238418579102e-01 1.600810544248436882e-04
9.472500085830688477e-01 1.532690946620843904e-04
9.507499933242797852e-01 1.805169337131216087e-04
9.542499780654907227e-01 1.873288934758809065e-04
9.577499628067016602e-01 1.668930141876029860e-04
9.612500071525573730e-01 1.600810544248436882e-04
9.647499918937683105e-01 1.737049739503623109e-04
9.682500362396240234e-01 1.668930141876029860e-04
9.717500209808349609e-01 2.043587928827791781e-04
9.752500057220458984e-01 1.873288934758809065e-04
9.787499904632568359e-01 1.566750745434640393e-04
9.822499752044677734e-01 1.600810544248436882e-04
9.857500195503234863e-01 9.536743667863027771e-05
9.892500042915344238e-01 1.260212556110471721e-04
9.927499890327453613e-01 1.294272354924268210e-04
9.962500333786010742e-01 1.260212556110471721e-04
9.997500181198120117e-01 1.634870343062233371e-04
1.003250002861022949e+00 1.362391952551861188e-04
1.006749987602233887e+00 1.123973360855285493e-04
1.010249972343444824e+00 9.877341656000994017e-05
1.013749957084655762e+00 1.260212556110471721e-04
1.017250061035156250e+00 1.089913562041489004e-04
1.020750045776367188e+00 1.328332153738064699e-04
1.024250030517578125e+00 1.123973360855285493e-04
1.027750015258789062e+00 1.055853763227692380e-04
1.031250000000000000e+00 1.430511550179454166e-04
1.034749984741210938e+00 8.514949703449131745e-05
1.038249969482421875e+00 1.055853763227692380e-04
1.041749954223632812e+00 7.833753727173201965e-05
1.045249938964843750e+00 1.021793964413895891e-04
1.048750042915344238e+00 8.174351715311166855e-05
1.052250027656555176e+00 8.855547691587097991e-05
1.055750012397766113e+00 8.514949703449131745e-05
1.059249997138977051e+00 9.536743667863027771e-05
1.062749981880187988e+00 8.174351715311166855e-05
1.066249966621398926e+00 8.174351715311166855e-05
1.069749951362609863e+00 7.833753727173201965e-05
1.073250055313110352e+00 8.174351715311166855e-05
1.076750040054321289e+00 1.021793964413895891e-04
1.080250024795532227e+00 5.790165798345409912e-05
1.083750009536743164e+00 5.449567810207445022e-05
1.087249994277954102e+00 3.746577869517618537e-05
1.090749979019165039e+00 9.196145679725062881e-05
1.094249963760375977e+00 8.514949703449131745e-05
1.097749948501586914e+00 5.449567810207445022e-05
1.101249933242797852e+00 8.855547691587097991e-05
1.104750037193298340e+00 5.108969822069479454e-05
1.108250021934509277e+00 8.174351715311166855e-05
1.111750006675720215e+00 9.877341656000994017e-05
1.115249991416931152e+00 6.811959762759305938e-05
1.118749976158142090e+00 8.855547691587097991e-05
1.122249960899353027e+00 5.449567810207445022e-05
1.125750064849853516e+00 3.405979881379652969e-05
1.129250049591064453e+00 5.449567810207445022e-05
1.132750034332275391e+00 6.471361774621341048e-05
1.136250019073486328e+00 5.449567810207445022e-05
1.139750003814697266e+00 6.811959762759305938e-05
1.143249988555908203e+00 3.746577869517618537e-05
1.146749973297119141e+00 5.790165798345409912e-05
1.150249958038330078e+00 5.449567810207445022e-05
1.153749942779541016e+00 6.471361774621341048e-05
1.157250046730041504e+00 5.108969822069479454e-05
1.160750031471252441e+00 4.768371833931513886e-05
1.164250016212463379e+00 4.427773845793548995e-05
1.167750000953674316e+00 4.768371833931513886e-05
1.171249985694885254e+00 4.427773845793548995e-05
1.174749970436096191e+00 4.087175857655583427e-05
1.178249955177307129e+00 6.811959762759305938e-05
1.181750059127807617e+00 4.087175857655583427e-05
1.185250043869018555e+00 2.384185916965756943e-05
1.188750028610229492e+00 2.724783905103722511e-05
1.192250013351440430e+00 3.405979881379652969e-05
1.195749998092651367e+00 2.724783905103722511e-05
1.199249982833862305e+00 6.811959762759305938e-05
1.202749967575073242e+00 2.043587928827791714e-05
1.206249952316284180e+00 3.405979881379652969e-05
1.209749937057495117e+00 1.021793964413895857e-05
1.213250041007995605e+00 4.087175857655583427e-05
1.216750025749206543e+00 2.724783905103722511e-05
1.220250010490417480e+00 3.065381893241687401e-05
1.223749995231628418e+00 1.702989940689826485e-05
1.227249979972839355e+00 2.043587928827791714e-05
1.230749964714050293e+00 2.043587928827791714e-05
1.234249949455261230e+00 4.427773845793548995e-05
1.237750053405761719e+00 3.405979881379652969e-05
1.241250038146972656e+00 3.746577869517618537e-05
1.244750022888183594e+00 6.471361774621341048e-05
1.248250007629394531e+00 4.087175857655583427e-05
1.251749992370605469e+00 4.087175857655583427e-05
1.255249977111816406e+00 2.043587928827791714e-05
1.258749961853027344e+00 3.746577869517618537e-05
1.262249946594238281e+00 2.724783905103722511e-05
1.265750050544738770e+00 2.384185916965756943e-05
1.269250035285949707e+00 2.724783905103722511e-05
1.272750020027160645e+00 1.702989940689826485e-05
1.276250004768371582e+00 1.702989940689826485e-05
1.279749989509582520e+00 3.065381893241687401e-05
1.283249974250793457e+00 1.021793964413895857e-05
1.286749958992004395e+00 2.384185916965756943e-05
1.290250062942504883e+00 3.065381893241687401e-05
1.293750047683715820e+00 6.811959762759306277e-06
1.297250032424926758e+00 2.043587928827791714e-05
1.300750017166137695e+00 2.043587928827791714e-05
1.304250001907348633e+00 2.724783905103722511e-05
1.307749986648559570e+00 2.384185916965756943e-05
1.311249971389770508e+00 2.724783905103722511e-05
1.314749956130981445e+00 3.065381893241687401e-05
1.318249940872192383e+00 2.043587928827791714e-05
1.321750044822692871e+00 3.065381893241687401e-05
1.325250029563903809e+00 1.362391952551861255e-05
1.328750014305114746e+00 2.384185916965756943e-05
1.332249999046325684e+00 1.702989940689826485e-05
1.335749983787536621e+00 1.362391952551861255e-05
1.339249968528747559e+00 6.811959762759306277e-06
1.342749953269958496e+00 1.702989940689826485e-05
1.346250057220458984e+00 1.021793964413895857e-05
1.349750041961669922e+00 1.362391952551861255e-05
1.353250026702880859e+00 1.362391952551861255e-05
1.356750011444091797e+00 3.405979881379653139e-06
1.360249996185302734e+00 1.702989940689826485e-05
1.363749980926513672e+00 1.702989940689826485e-05
1.367249965667724609e+00 2.384185916965756943e-05
1.370749950408935547e+00 1.021793964413895857e-05
1.374249935150146484e+00 1.362391952551861255e-05
1.377750039100646973e+00 6.811959762759306277e-06
1.381250023841857910e+00 1.702989940689826485e-05
1.384750008583068848e+00 1.021793964413895857e-05
1.388249993324279785e+00 2.043587928827791714e-05
1.391749978065490723e+00 2.384185916965756943e-05
1.395249962806701660e+00 0.000000000000000000e+00
1.398750066757202148e+00 1.702989940689826485e-05
1.402250051498413086e+00 1.021793964413895857e-05
1.405750036239624023e+00 2.043587928827791714e-05
1.409250020980834961e+00 1.702989940689826485e-05
1.412750005722045898e+00 1.702989940689826485e-05
1.416249990463256836e+00 1.702989940689826485e-05
1.419749975204467773e+00 3.405979881379653139e-06
1.423249959945678711e+00 1.362391952551861255e-05
1.426749944686889648e+00 1.362391952551861255e-05
1.430250048637390137e+00 2.043587928827791714e-05
1.433750033378601074e+00 1.362391952551861255e-05
1.437250018119812012e+00 3.405979881379653139e-06
1.440750002861022949e+00 3.405979881379653139e-06
1.444249987602233887e+00 1.362391952551861255e-05
1.447749972343444824e+00 1.021793964413895857e-05
1.451249957084655762e+00 2.043587928827791714e-05
1.454750061035156250e+00 1.021793964413895857e-05
1.458250045776367188e+00 6.811959762759306277e-06
1.461750030517578125e+00 1.362391952551861255e-05
1.465250015258789062e+00 3.405979881379653139e-06
1.468750000000000000e+00 1.021793964413895857e-05
1.472249984741210938e+00 1.021793964413895857e-05
1.475749969482421875e+00 6.811959762759306277e-06
1.479249954223632812e+00 1.021793964413895857e-05
1.482749938964843750e+00 6.811959762759306277e-06
1.486250042915344238e+00 1.021793964413895857e-05
1.489750027656555176e+00 3.405979881379653139e-06
1.493250012397766113e+00 6.811959762759306277e-06
1.496749997138977051e+00 6.811959762759306277e-06
1.500249981880187988e+00 1.021793964413895857e-05
1.503749966621398926e+00 1.021793964413895857e-05
1.507249951362609863e+00 6.811959762759306277e-06
1.510750055313110352e+00 3.405979881379653139e-06
1.514250040054321289e+00 1.021793964413895857e-05
1.517750024795532227e+00 6.811959762759306277e-06
1.521250009536743164e+00 3.405979881379653139e-06
1.524749994277954102e+00 1.021793964413895857e-05
1.528249979019165039e+00 1.021793964413895857e-05
1.531749963760375977e+00 3.405979881379653139e-06
1.535249948501586914e+00 6.811959762759306277e-06
1.538749933242797852e+00 3.405979881379653139e-06
1.542250037193298340e+00 0.000000000000000000e+00
1.545750021934509277e+00 3.405979881379653139e-06
1.549250006675720215e+00 6.811959762759306277e-06
1.552749991416931152e+00 1.021793964413895857e-05
1.556249976158142090e+00 6.811959762759306277e-06
1.559749960899353027e+00 3.405979881379653139e-06
1.563250064849853516e+00 6.811959762759306277e-06
1.566750049591064453e+00 1.021793964413895857e-05
1.570250034332275391e+00 1.021793964413895857e-05
1.573750019073486328e+00 1.362391952551861255e-05
1.577250003814697266e+00 1.702989940689826485e-05
1.580749988555908203e+00 0.000000000000000000e+00
1.584249973297119141e+00 6.811959762759306277e-06
1.587749958038330078e+00 0.000000000000000000e+00
1.591249942779541016e+00 6.811959762759306277e-06
1.594750046730041504e+00 3.405979881379653139e-06
1.598250031471252441e+00 3.405979881379653139e-06
1.601750016212463379e+00 0.000000000000000000e+00
1.605250000953674316e+00 0.000000000000000000e+00
1.608749985694885254e+00 3.405979881379653139e-06
1.612249970436096191e+00 3.405979881379653139e-06
1.615749955177307129e+00 3.405979881379653139e-06
1.619250059127807617e+00 3.405979881379653139e-06
1.622750043869018555e+00 6.811959762759306277e-06
1.626250028610229492e+00 3.405979881379653139e-06
1.629750013351440430e+00 6.811959762759306277e-06
1.633249998092651367e+00 3.405979881379653139e-06
1.636749982833862305e+00 1.021793964413895857e-05
1.640249967575073242e+00 6.811959762759306277e-06
1.643749952316284180e+00 3.405979881379653139e-06
1.647249937057495117e+00 3.405979881379653139e-06
1.650750041007995605e+00 3.405979881379653139e-06
1.654250025749206543e+00 1.021793964413895857e-05
1.657750010490417480e+00 3.405979881379653139e-06
1.661249995231628418e+00 0.000000000000000000e+00
1.664749979972839355e+00 6.811959762759306277e-06
1.668249964714050293e+00 1.021793964413895857e-05
1.671749949455261230e+00 0.000000000000000000e+00
1.675250053405761719e+00 1.021793964413895857e-05
1.678750038146972656e+00 6.811959762759306277e-06
1.682250022888183594e+00 1.021793964413895857e-05
1.685750007629394531e+00 3.405979881379653139e-06
1.689249992370605469e+00 0.000000000000000000e+00
1.692749977111816406e+00 3.405979881379653139e-06
1.696249961853027344e+00 3.405979881379653139e-06
1.699749946594238281e+00 6.811959762759306277e-06
1.703250050544738770e+00 6.811959762759306277e-06
1.706750035285949707e+00 3.405979881379653139e-06
1.710250020027160645e+00 6.811959762759306277e-06
1.713750004768371582e+00 3.405979881379653139e-06
1.717249989509582520e+00 0.000000000000000000e+00
1.720749974250793457e+00 0.000000000000000000e+00
1.724249958992004395e+00 3.405979881379653139e-06
1.727750062942504883e+00 6.811959762759306277e-06
1.731250047683715820e+00 6.811959762759306277e-06
1.734750032424926758e+00 1.021793964413895857e-05
1.738250017166137695e+00 1.021793964413895857e-05
1.741750001907348633e+00 0.000000000000000000e+00
1.745249986648559570e+00 0.000000000000000000e+00
1.748749971389770508e+00 3.405979881379653139e-06
1.752249956130981445e+00 3.405979881379653139e-06
1.755749940872192383e+00 0.000000000000000000e+00
1.759250044822692871e+00 0.000000000000000000e+00
1.762750029563903809e+00 2.043587928827791714e-05
1.766250014305114746e+00 6.811959762759306277e-06
1.769749999046325684e+00 3.405979881379653139e-06
1.773249983787536621e+00 3.405979881379653139e-06
1.776749968528747559e+00 6.811959762759306277e-06
1.780249953269958496e+00 3.405979881379653139e-06
1.783750057220458984e+00 0.000000000000000000e+00
1.787250041961669922e+00 0.000000000000000000e+00
1.790750026702880859e+00 3.405979881379653139e-06
1.794250011444091797e+00 3.405979881379653139e-06
1.797749996185302734e+00 0.000000000000000000e+00
1.801249980926513672e+00 6.811959762759306277e-06
1.804749965667724609e+00 3.405979881379653139e-06
1.808249950408935547e+00 3.405979881379653139e-06
1.811749935150146484e+00 6.811959762759306277e-06
1.815250039100646973e+00 0.000000000000000000e+00
1.818750023841857910e+00 3.405979881379653139e-06
1.822250008583068848e+00 3.405979881379653139e-06
1.825749993324279785e+00 0.000000000000000000e+00
1.829249978065490723e+00 0.000000000000000000e+00
1.832749962806701660e+00 0.000000000000000000e+00
1.836250066757202148e+00 3.405979881379653139e-06
1.839750051498413086e+00 3.405979881379653139e-06
1.843250036239624023e+00 3.405979881379653139e-06
1.846750020980834961e+00 0.000000000000000000e+00
1.850250005722045898e+00 3.405979881379653139e-06
1.853749990463256836e+00 3.405979881379653139e-06
1.857249975204467773e+00 0.000000000000000000e+00
1.860749959945678711e+00 3.405979881379653139e-06
1.864249944686889648e+00 0.000000000000000000e+00
1.867750048637390137e+00 3.405979881379653139e-06
1.871250033378601074e+00 0.000000000000000000e+00
1.874750018119812012e+00 3.405979881379653139e-06
1.878250002861022949e+00 0.000000000000000000e+00
1.881749987602233887e+00 3.405979881379653139e-06
1.885249972343444824e+00 0.000000000000000000e+00
1.888749957084655762e+00 0.000000000000000000e+00
1.892250061035156250e+00 3.405979881379653139e-06
1.895750045776367188e+00 0.000000000000000000e+00
1.899250030517578125e+00 0.000000000000000000e+00
1.902750015258789062e+00 3.405979881379653139e-06
1.906250000000000000e+00 0.000000000000000000e+00
1.909749984741210938e+00 0.000000000000000000e+00
1.913249969482421875e+00 0.000000000000000000e+00
1.916749954223632812e+00 0.000000000000000000e+00
1.920249938964843750e+00 3.405979881379653139e-06
1.923750042915344238e+00 3.405979881379653139e-06
1.927250027656555176e+00 0.000000000000000000e+00
1.930750012397766113e+00 3.405979881379653139e-06
1.934249997138977051e+00 3.405979881379653139e-06
1.937749981880187988e+00 0.000000000000000000e+00
1.941249966621398926e+00 0.000000000000000000e+00
1.944749951362609863e+00 0.000000000000000000e+00
1.948250055313110352e+00 3.405979881379653139e-06
1.951750040054321289e+00 0.000000000000000000e+00
1.955250024795532227e+00 0.000000000000000000e+00
1.958750009536743164e+00 3.405979881379653139e-06
1.962249994277954102e+00 0.000000000000000000e+00
1.965749979019165039e+00 0.000000000000000000e+00
1.969249963760375977e+00 3.405979881379653139e-06
1.972749948501586914e+00 0.000000000000000000e+00
1.976249933242797852e+00 3.405979881379653139e-06
1.979750037193298340e+00 3.405979881379653139e-06
1.983250021934509277e+00 0.000000000000000000e+00
1.986750006675720215e+00 0.000000000000000000e+00
1.990249991416931152e+00 3.405979881379653139e-06
1.993749976158142090e+00 3.405979881379653139e-06
1.997249960899353027e+00 0.000000000000000000e+00
2.000750064849853516e+00 3.405979881379653139e-06
2.004250049591064453e+00 0.000000000000000000e+00
2.007750034332275391e+00 0.000000000000000000e+00
2.011250019073486328e+00 0.000000000000000000e+00
2.014750003814697266e+00 0.000000000000000000e+00
2.018249988555908203e+00 0.000000000000000000e+00
2.021749973297119141e+00 3.405979881379653139e-06
2.025249958038330078e+00 0.000000000000000000e+00
2.028749942779541016e+00 0.000000000000000000e+00
2.032249927520751953e+00 0.000000000000000000e+00
2.035749912261962891e+00 0.000000000000000000e+00
2.039249897003173828e+00 0.000000000000000000e+00
2.042749881744384766e+00 0.000000000000000000e+00
2.046250104904174805e+00 3.405979881379653139e-06
2.049750089645385742e+00 0.000000000000000000e+00
2.053250074386596680e+00 3.405979881379653139e-06
2.056750059127807617e+00 0.000000000000000000e+00
2.060250043869018555e+00 0.000000000000000000e+00
2.063750028610229492e+00 0.000000000000000000e+00
2.067250013351440430e+00 0.000000000000000000e+00
2.070749998092651367e+00 3.405979881379653139e-06
2.074249982833862305e+00 0.000000000000000000e+00
2.077749967575073242e+00 0.000000000000000000e+00
2.081249952316284180e+00 3.405979881379653139e-06
2.084749937057495117e+00 0.000000000000000000e+00
2.088249921798706055e+00 3.405979881379653139e-06
2.091749906539916992e+00 0.000000000000000000e+00
2.095249891281127930e+00 6.811959762759306277e-06
2.098750114440917969e+00 0.000000000000000000e+00
2.102250099182128906e+00 3.405979881379653139e-06
2.105750083923339844e+00 6.811959762759306277e-06
2.109250068664550781e+00 0.000000000000000000e+00
2.112750053405761719e+00 0.000000000000000000e+00
2.116250038146972656e+00 0.000000000000000000e+00
2.119750022888183594e+00 0.000000000000000000e+00
2.123250007629394531e+00 3.405979881379653139e-06
2.126749992370605469e+00 0.000000000000000000e+00
2.130249977111816406e+00 3.405979881379653139e-06
2.133749961853027344e+00 0.000000000000000000e+00
2.137249946594238281e+00 0.000000000000000000e+00
2.140749931335449219e+00 0.000000000000000000e+00
2.144249916076660156e+00 0.000000000000000000e+00
2.147749900817871094e+00 0.000000000000000000e+00
2.151249885559082031e+00 0.000000000000000000e+00
2.154750108718872070e+00 0.000000000000000000e+00
2.158250093460083008e+00 0.000000000000000000e+00
2.161750078201293945e+00 0.000000000000000000e+00
2.165250062942504883e+00 0.000000000000000000e+00
2.168750047683715820e+00 0.000000000000000000e+00
2.172250032424926758e+00 0.000000000000000000e+00
2.175750017166137695e+00 0.000000000000000000e+00
2.179250001907348633e+00 0.000000000000000000e+00
2.182749986648559570e+00 0.000000000000000000e+00
2.186249971389770508e+00 6.811959762759306277e-06
2.189749956130981445e+00 0.000000000000000000e+00
2.193249940872192383e+00 0.000000000000000000e+00
2.196749925613403320e+00 0.000000000000000000e+00
2.200249910354614258e+00 0.000000000000000000e+00
2.203749895095825195e+00 0.000000000000000000e+00
2.207250118255615234e+00 0.000000000000000000e+00
2.210750102996826172e+00 0.000000000000000000e+00
2.214250087738037109e+00 3.405979881379653139e-06
2.217750072479248047e+00 0.000000000000000000e+00
2.221250057220458984e+00 0.000000000000000000e+00
2.224750041961669922e+00 0.000000000000000000e+00
2.228250026702880859e+00 0.000000000000000000e+00
2.231750011444091797e+00 0.000000000000000000e+00
2.235249996185302734e+00 0.000000000000000000e+00
2.238749980926513672e+00 3.405979881379653139e-06
2.242249965667724609e+00 0.000000000000000000e+00
2.245749950408935547e+00 0.000000000000000000e+00
2.249249935150146484e+00 0.000000000000000000e+00
2.252749919891357422e+00 0.000000000000000000e+00
2.256249904632568359e+00 0.000000000000000000e+00
2.259749889373779297e+00 0.000000000000000000e+00
2.263249874114990234e+00 0.000000000000000000e+00
2.266750097274780273e+00 0.000000000000000000e+00
2.270250082015991211e+00 0.000000000000000000e+00
2.273750066757202148e+00 0.000000000000000000e+00
2.277250051498413086e+00 0.000000000000000000e+00
2.280750036239624023e+00 0.000000000000000000e+00
2.284250020980834961e+00 0.000000000000000000e+00
2.287750005722045898e+00 0.000000000000000000e+00
2.291249990463256836e+00 0.000000000000000000e+00
2.294749975204467773e+00 0.000000000000000000e+00
2.298249959945678711e+00 0.000000000000000000e+00
2.301749944686889648e+00 3.405979881379653139e-06
2.305249929428100586e+00 3.405979881379653139e-06
2.308749914169311523e+00 0.000000000000000000e+00
2.312249898910522461e+00 0.000000000000000000e+00
2.315750122070312500e+00 0.000000000000000000e+00
2.319250106811523438e+00 3.405979881379653139e-06
2.322750091552734375e+00 0.000000000000000000e+00
2.326250076293945312e+00 0.000000000000000000e+00
2.329750061035156250e+00 0.000000000000000000e+00
2.333250045776367188e+00 0.000000000000000000e+00
2.336750030517578125e+00 0.000000000000000000e+00
2.340250015258789062e+00 0.000000000000000000e+00
2.343750000000000000e+00 0.000000000000000000e+00
2.347249984741210938e+00 0.000000000000000000e+00
2.350749969482421875e+00 0.000000000000000000e+00
2.354249954223632812e+00 0.000000000000000000e+00
2.357749938964843750e+00 0.000000000000000000e+00
2.361249923706054688e+00 0.000000000000000000e+00
2.364749908447265625e+00 0.000000000000000000e+00
2.368249893188476562e+00 0.000000000000000000e+00
2.371749877929687500e+00 0.000000000000000000e+00
2.375250101089477539e+00 0.000000000000000000e+00
2.378750085830688477e+00 0.000000000000000000e+00
2.382250070571899414e+00 0.000000000000000000e+00
2.385750055313110352e+00 3.405979881379653139e-06
2.389250040054321289e+00 0.000000000000000000e+00
2.392750024795532227e+00 0.000000000000000000e+00
2.396250009536743164e+00 3.405979881379653139e-06
2.399749994277954102e+00 0.000000000000000000e+00
2.403249979019165039e+00 0.000000000000000000e+00
2.406749963760375977e+00 0.000000000000000000e+00
2.410249948501586914e+00 0.000000000000000000e+00
2.413749933242797852e+00 0.000000000000000000e+00
2.417249917984008789e+00 0.000000000000000000e+00
2.420749902725219727e+00 0.000000000000000000e+00
2.424250125885009766e+00 0.000000000000000000e+00
2.427750110626220703e+00 0.000000000000000000e+00
2.431250095367431641e+00 0.000000000000000000e+00
2.434750080108642578e+00 0.000000000000000000e+00
2.438250064849853516e+00 0.000000000000000000e+00
2.441750049591064453e+00 3.405979881379653139e-06
2.445250034332275391e+00 0.000000000000000000e+00
2.448750019073486328e+00 0.000000000000000000e+00
2.452250003814697266e+00 0.000000000000000000e+00
2.455749988555908203e+00 0.000000000000000000e+00
2.459249973297119141e+00 0.000000000000000000e+00
2.462749958038330078e+00 0.000000000000000000e+00
2.466249942779541016e+00 0.000000000000000000e+00
2.469749927520751953e+00 0.000000000000000000e+00
2.473249912261962891e+00 0.000000000000000000e+00
2.476749897003173828e+00 3.405979881379653139e-06
2.480249881744384766e+00 0.000000000000000000e+00
2.483750104904174805e+00 0.000000000000000000e+00
2.487250089645385742e+00 0.000000000000000000e+00
2.490750074386596680e+00 0.000000000000000000e+00
2.494250059127807617e+00 0.000000000000000000e+00
2.497750043869018555e+00 0.000000000000000000e+00
2.501250028610229492e+00 0.000000000000000000e+00
2.504750013351440430e+00 0.000000000000000000e+00
2.508249998092651367e+00 3.405979881379653139e-06
2.511749982833862305e+00 0.000000000000000000e+00
2.515249967575073242e+00 0.000000000000000000e+00
2.518749952316284180e+00 0.000000000000000000e+00
2.522249937057495117e+00 0.000000000000000000e+00
2.525749921798706055e+00 0.000000000000000000e+00
2.529249906539916992e+00 0.000000000000000000e+00
2.532749891281127930e+00 0.000000000000000000e+00
2.536250114440917969e+00 0.000000000000000000e+00
2.539750099182128906e+00 0.000000000000000000e+00
2.543250083923339844e+00 0.000000000000000000e+00
2.546750068664550781e+00 0.000000000000000000e+00
2.550250053405761719e+00 0.000000000000000000e+00
2.553750038146972656e+00 0.000000000000000000e+00
2.557250022888183594e+00 0.000000000000000000e+00
2.560750007629394531e+00 0.000000000000000000e+00
2.564249992370605469e+00 0.000000000000000000e+00
2.567749977111816406e+00 3.405979881379653139e-06
2.571249961853027344e+00 0.000000000000000000e+00
2.574749946594238281e+00 0.000000000000000000e+00
2.578249931335449219e+00 0.000000000000000000e+00
2.581749916076660156e+00 0.000000000000000000e+00
2.585249900817871094e+00 0.000000000000000000e+00
2.588749885559082031e+00 0.000000000000000000e+00
2.592250108718872070e+00 0.000000000000000000e+00
2.595750093460083008e+00 0.000000000000000000e+00
2.599250078201293945e+00 0.000000000000000000e+00
2.602750062942504883e+00 0.000000000000000000e+00
2.606250047683715820e+00 0.000000000000000000e+00
2.609750032424926758e+00 0.000000000000000000e+00
2.613250017166137695e+00 0.000000000000000000e+00
2.616750001907348633e+00 0.000000000000000000e+00
2.620249986648559570e+00 0.000000000000000000e+00
2.623749971389770508e+00 0.000000000000000000e+00
2.627249956130981445e+00 3.405979881379653139e-06
2.630749940872192383e+00 0.000000000000000000e+00
2.634249925613403320e+00 0.000000000000000000e+00
2.637749910354614258e+00 3.405979881379653139e-06
2.641249895095825195e+00 0.000000000000000000e+00
2.644750118255615234e+00 0.000000000000000000e+00
2.648250102996826172e+00 0.000000000000000000e+00
2.651750087738037109e+00 0.000000000000000000e+00
2.655250072479248047e+00 3.405979881379653139e-06
2.658750057220458984e+00 0.000000000000000000e+00
2.662250041961669922e+00 0.000000000000000000e+00
2.665750026702880859e+00 0.000000000000000000e+00
2.669250011444091797e+00 0.000000000000000000e+00
2.672749996185302734e+00 0.000000000000000000e+00
2.676249980926513672e+00 0.000000000000000000e+00
2.679749965667724609e+00 0.000000000000000000e+00
2.683249950408935547e+00 0.000000000000000000e+00
2.686749935150146484e+00 0.000000000000000000e+00
2.690249919891357422e+00 0.000000000000000000e+00
2.693749904632568359e+00 0.000000000000000000e+00
2.697249889373779297e+00 0.000000000000000000e+00
2.700749874114990234e+00 0.000000000000000000e+00
2.704250097274780273e+00 0.000000000000000000e+00
2.707750082015991211e+00 0.000000000000000000e+00
2.711250066757202148e+00 0.000000000000000000e+00
2.714750051498413086e+00 0.000000000000000000e+00
2.718250036239624023e+00 0.000000000000000000e+00
2.721750020980834961e+00 0.000000000000000000e+00
2.725250005722045898e+00 0.000000000000000000e+00
2.728749990463256836e+00 0.000000000000000000e+00
2.732249975204467773e+00 0.000000000000000000e+00
2.735749959945678711e+00 0.000000000000000000e+00
2.739249944686889648e+00 0.000000000000000000e+00
2.742749929428100586e+00 0.000000000000000000e+00
2.746249914169311523e+00 3.405979881379653139e-06
2.749749898910522461e+00 0.000000000000000000e+00
2.753250122070312500e+00 0.000000000000000000e+00
2.756750106811523438e+00 0.000000000000000000e+00
2.760250091552734375e+00 0.000000000000000000e+00
2.763750076293945312e+00 0.000000000000000000e+00
2.767250061035156250e+00 0.000000000000000000e+00
2.770750045776367188e+00 0.000000000000000000e+00
2.774250030517578125e+00 3.405979881379653139e-06
2.777750015258789062e+00 0.000000000000000000e+00
2.781250000000000000e+00 0.000000000000000000e+00
2.784749984741210938e+00 0.000000000000000000e+00
2.788249969482421875e+00 0.000000000000000000e+00
2.791749954223632812e+00 0.000000000000000000e+00
2.795249938964843750e+00 0.000000000000000000e+00
2.798749923706054688e+00 0.000000000000000000e+00
2.802249908447265625e+00 0.000000000000000000e+00
2.805749893188476562e+00 0.000000000000000000e+00
2.809249877929687500e+00 0.000000000000000000e+00
2.812750101089477539e+00 0.000000000000000000e+00
2.816250085830688477e+00 0.000000000000000000e+00
2.819750070571899414e+00 0.000000000000000000e+00
2.823250055313110352e+00 0.000000000000000000e+00
2.826750040054321289e+00 0.000000000000000000e+00
2.830250024795532227e+00 0.000000000000000000e+00
2.833750009536743164e+00 0.000000000000000000e+00
2.837249994277954102e+00 0.000000000000000000e+00
2.840749979019165039e+00 0.000000000000000000e+00
2.844249963760375977e+00 0.000000000000000000e+00
2.847749948501586914e+00 0.000000000000000000e+00
2.851249933242797852e+00 0.000000000000000000e+00
2.854749917984008789e+00 0.000000000000000000e+00
2.858249902725219727e+00 0.000000000000000000e+00
2.861750125885009766e+00 0.000000000000000000e+00
2.865250110626220703e+00 0.000000000000000000e+00
2.868750095367431641e+00 0.000000000000000000e+00
2.872250080108642578e+00 0.000000000000000000e+00
2.875750064849853516e+00 0.000000000000000000e+00
2.879250049591064453e+00 3.405979881379653139e-06
2.882750034332275391e+00 0.000000000000000000e+00
2.886250019073486328e+00 0.000000000000000000e+00
2.889750003814697266e+00 0.000000000000000000e+00
2.893249988555908203e+00 0.000000000000000000e+00
2.896749973297119141e+00 0.000000000000000000e+00
2.900249958038330078e+00 0.000000000000000000e+00
2.903749942779541016e+00 0.000000000000000000e+00
2.907249927520751953e+00 0.000000000000000000e+00
2.910749912261962891e+00 0.000000000000000000e+00
2.914249897003173828e+00 0.000000000000000000e+00
2.917749881744384766e+00 0.000000000000000000e+00
2.921250104904174805e+00 0.000000000000000000e+00
2.924750089645385742e+00 0.000000000000000000e+00
2.928250074386596680e+00 0.000000000000000000e+00
2.931750059127807617e+00 0.000000000000000000e+00
2.935250043869018555e+00 0.000000000000000000e+00
2.938750028610229492e+00 0.000000000000000000e+00
2.942250013351440430e+00 0.000000000000000000e+00
2.945749998092651367e+00 0.000000000000000000e+00
2.949249982833862305e+00 0.000000000000000000e+00
2.952749967575073242e+00 0.000000000000000000e+00
2.956249952316284180e+00 0.000000000000000000e+00
2.959749937057495117e+00 0.000000000000000000e+00
2.963249921798706055e+00 0.000000000000000000e+00
2.966749906539916992e+00 0.000000000000000000e+00
2.970249891281127930e+00 0.000000000000000000e+00
2.973750114440917969e+00 0.000000000000000000e+00
2.977250099182128906e+00 0.000000000000000000e+00
2.980750083923339844e+00 0.000000000000000000e+00
2.984250068664550781e+00 0.000000000000000000e+00
2.987750053405761719e+00 0.000000000000000000e+00
2.991250038146972656e+00 0.000000000000000000e+00
2.994750022888183594e+00 0.000000000000000000e+00
2.998250007629394531e+00 0.000000000000000000e+00
