-4.982500076293945312e-01 0.000000000000000000e+00
-4.947499930858612061e-01 0.000000000000000000e+00
-4.912499785423278809e-01 0.000000000000000000e+00
-4.877499938011169434e-01 0.000000000000000000e+00
-4.842500090599060059e-01 0.000000000000000000e+00
-4.807499945163726807e-01 0.000000000000000000e+00
-4.772499799728393555e-01 0.000000000000000000e+00
-4.737499952316284180e-01 0.000000000000000000e+00
-4.702500104904174805e-01 0.000000000000000000e+00
-4.667499959468841553e-01 0.000000000000000000e+00
-4.632499814033508301e-01 0.000000000000000000e+00
-4.597499966621398926e-01 0.000000000000000000e+00
-4.562500119209289551e-01 0.000000000000000000e+00
-4.527499973773956299e-01 0.000000000000000000e+00
-4.492499828338623047e-01 0.000000000000000000e+00
-4.457499980926513672e-01 0.000000000000000000e+00
-4.422500133514404297e-01 0.000000000000000000e+00
-4.387499988079071045e-01 0.000000000000000000e+00
-4.352499842643737793e-01 0.000000000000000000e+00
-4.317499995231628418e-01 0.000000000000000000e+00
-4.282500147819519043e-01 0.000000000000000000e+00
-4.247500002384185791e-01 0.000000000000000000e+00
-4.212499856948852539e-01 0.000000000000000000e+00
-4.177500009536743164e-01 0.000000000000000000e+00
-4.142500162124633789e-01 0.000000000000000000e+00
-4.107500016689300537e-01 0.000000000000000000e+00
-4.072499871253967285e-01 0.000000000000000000e+00
-4.037500023841857910e-01 0.000000000000000000e+00
-4.002500176429748535e-01 0.000000000000000000e+00
-3.967500030994415283e-01 0.000000000000000000e+00
-3.932499885559082031e-01 0.000000000000000000e+00
-3.897500038146972656e-01 0.000000000000000000e+00
-3.862500190734863281e-01 0.000000000000000000e+00
-3.827500045299530029e-01 0.000000000000000000e+00
-3.792499899864196777e-01 0.000000000000000000e+00
-3.757500052452087402e-01 0.000000000000000000e+00
-3.722500205039978027e-01 0.000000000000000000e+00
-3.687500059604644775e-01 0.000000000000000000e+00
-3.652499914169311523e-01 0.000000000000000000e+00
-3.617500066757202148e-01 0.000000000000000000e+00
-3.582500219345092773e-01 0.000000000000000000e+00
-3.547499775886535645e-01 0.000000000000000000e+00
-3.512499928474426270e-01 0.000000000000000000e+00
-3.477500081062316895e-01 0.000000000000000000e+00
-3.442499935626983643e-01 0.000000000000000000e+00
-3.407499790191650391e-01 0.000000000000000000e+00
-3.372499942779541016e-01 0.000000000000000000e+00
-3.337500095367431641e-01 0.000000000000000000e+00
-3.302499949932098389e-01 0.000000000000000000e+00
-3.267499804496765137e-01 0.000000000000000000e+00
-3.232499957084655762e-01 0.000000000000000000e+00
-3.197500109672546387e-01 0.000000000000000000e+00
-3.162499964237213135e-01 0.000000000000000000e+00
-3.127499818801879883e-01 0.000000000000000000e+00
-3.092499971389770508e-01 0.000000000000000000e+00
-3.057500123977661133e-01 0.000000000000000000e+00
-3.022499978542327881e-01 0.000000000000000000e+00
-2.987499833106994629e-01 0.000000000000000000e+00
-2.952499985694885254e-01 0.000000000000000000e+00
-2.917500138282775879e-01 0.000000000000000000e+00
-2.882499992847442627e-01 0.000000000000000000e+00
-2.847499847412109375e-01 0.000000000000000000e+00
-2.812500000000000000e-01 0.000000000000000000e+00
-2.777500152587890625e-01 0.000000000000000000e+00
-2.742500007152557373e-01 0.000000000000000000e+00
-2.707499861717224121e-01 0.000000000000000000e+00
-2.672500014305114746e-01 0.000000000000000000e+00
-2.637500166893005371e-01 0.000000000000000000e+00
-2.602500021457672119e-01 0.000000000000000000e+00
-2.567499876022338867e-01 0.000000000000000000e+00
-2.532500028610229492e-01 0.000000000000000000e+00
-2.497500032186508179e-01 0.000000000000000000e+00
-2.462500035762786865e-01 0.000000000000000000e+00
-2.427499890327453613e-01 0.000000000000000000e+00
-2.392500042915344238e-01 0.000000000000000000e+00
-2.357499897480010986e-01 0.000000000000000000e+00
-2.322500050067901611e-01 0.000000000000000000e+00
-2.287499904632568359e-01 0.000000000000000000e+00
-2.252500057220458984e-01 0.000000000000000000e+00
-2.217499911785125732e-01 0.000000000000000000e+00
-2.182500064373016357e-01 0.000000000000000000e+00
-2.147499918937683105e-01 0.000000000000000000e+00
-2.112500071525573730e-01 0.000000000000000000e+00
-2.077499926090240479e-01 0.000000000000000000e+00
-2.042500078678131104e-01 0.000000000000000000e+00
-2.007499933242797852e-01 0.000000000000000000e+00
-1.972500085830688477e-01 0.000000000000000000e+00
-1.937499940395355225e-01 2.905505717966559644e-05
-1.902500092983245850e-01 2.120387780121891564e-04
-1.867499947547912598e-01 3.401109702694650005e-04
-1.832500100135803223e-01 5.762860488047048162e-04
-1.797499954700469971e-01 1.045920085923109869e-03
-1.762500107288360596e-01 1.823822245944210644e-03
-1.727499961853027344e-01 3.237857019289932300e-03
-1.692500114440917969e-01 5.101586673282047270e-03
-1.657499969005584717e-01 7.294279214333300107e-03
-1.622500121593475342e-01 1.152113337067392669e-02
-1.587499976158142090e-01 1.643978376426647250e-02
-1.552500128746032715e-01 2.416129309841361789e-02
-1.517499983310699463e-01 3.714987137802972655e-02
-1.482500135898590088e-01 5.444900285113356969e-02
-1.447499990463256836e-01 7.644253173494222620e-02
-1.412500143051147461e-01 1.076107293207645976e-01
-1.377499997615814209e-01 1.529965983789836059e-01
-1.342500001192092896e-01 2.092822736612708623e-01
-1.307500004768371582e-01 2.812471523465769896e-01
-1.272499859333038330e-01 3.732859149894879325e-01
-1.237500011920928955e-01 4.867538770841607909e-01
-1.202500015497207642e-01 6.297642562102656605e-01
-1.167500019073486328e-01 7.920999587208794601e-01
-1.132500022649765015e-01 9.784763091331407647e-01
-1.097500026226043701e-01 1.191474969818249408e+00
-1.062500029802322388e-01 1.442039634100474421e+00
-1.027500033378601074e-01 1.730847518030554921e+00
-9.925000369548797607e-02 2.040315176339331682e+00
-9.574999660253524780e-02 2.375920327302886825e+00
-9.224999696016311646e-02 2.735074393244444568e+00
-8.874999731779098511e-02 3.103025972967942359e+00
-8.524999767541885376e-02 3.492243085178274864e+00
-8.174999803304672241e-02 3.884663281483056174e+00
-7.824999839067459106e-02 4.282837136649755294e+00
-7.474999874830245972e-02 4.679375851442847178e+00
-7.124999910593032837e-02 5.064654349343912898e+00
-6.774999946355819702e-02 5.443116983303764478e+00
-6.424999982118606567e-02 5.808770522464818953e+00
-6.075000017881393433e-02 6.142893166853851561e+00
-5.725000053644180298e-02 6.437002672313361984e+00
-5.375000089406967163e-02 6.718089305136921929e+00
-5.025000125169754028e-02 6.955529632480985214e+00
-4.675000160932540894e-02 7.146003453960446450e+00
-4.325000196695327759e-02 7.288500409259374813e+00
-3.974999859929084778e-02 7.405928526574367510e+00
-3.624999895691871643e-02 7.477430376354053720e+00
-3.274999931454658508e-02 7.514897337735207294e+00
-2.924999967217445374e-02 7.514056468578218073e+00
-2.575000002980232239e-02 7.470860606333822318e+00
-2.225000038743019104e-02 7.392671280051010818e+00
-1.875000074505805969e-02 7.289272997496133222e+00
-1.525000110268592834e-02 7.165408736004057033e+00
-1.174999959766864777e-02 7.003472753812632234e+00
-8.249999955296516418e-03 6.828327734094135515e+00
-4.750000312924385071e-03 6.619102332800482102e+00
-1.249999972060322762e-03 6.411338181903496469e+00
2.250000135973095894e-03 6.184499166415141858e+00
5.750000011175870895e-03 5.945747068622896592e+00
9.250000119209289551e-03 5.716284079445863142e+00
1.274999976158142090e-02 5.450811235880282268e+00
1.624999940395355225e-02 5.210104460248989433e+00
1.974999904632568359e-02 4.962224579513526912e+00
2.325000055134296417e-02 4.708193722675978243e+00
2.675000019371509552e-02 4.463193117965565726e+00
3.025000169873237610e-02 4.229459727340213249e+00
3.375000134110450745e-02 3.985677410465094717e+00
3.725000098347663879e-02 3.762956145639976047e+00
4.075000062584877014e-02 3.542452663767374776e+00
4.425000026822090149e-02 3.327699636464485966e+00
4.774999991059303284e-02 3.125412041622209092e+00
5.124999955296516418e-02 2.933459559620773316e+00
5.474999919533729553e-02 2.743738308393399716e+00
5.824999883770942688e-02 2.563857891033354708e+00
6.175000220537185669e-02 2.395637316741321854e+00
6.525000184774398804e-02 2.235685665423594592e+00
6.875000149011611938e-02 2.082034837197277888e+00
7.225000113248825073e-02 1.939934220433580769e+00
7.575000077486038208e-02 1.813125760603649272e+00
7.925000041723251343e-02 1.685711927247077524e+00
8.275000005960464478e-02 1.566328838516830579e+00
8.624999970197677612e-02 1.455883522322104495e+00
8.974999934434890747e-02 1.356969580476594883e+00
9.324999898672103882e-02 1.259881555481522808e+00
9.674999862909317017e-02 1.172610221763307203e+00
1.002499982714653015e-01 1.091939769408986738e+00
1.037499979138374329e-01 1.010235890277793702e+00
1.072499975562095642e-01 9.403239533481503321e-01
1.107499971985816956e-01 8.723617044495030060e-01
1.142499968409538269e-01 8.112107216628132722e-01
1.177499964833259583e-01 7.528705491782859971e-01
1.212500035762786865e-01 6.973111102597067124e-01
1.247500032186508179e-01 6.455605165864671813e-01
1.282500028610229492e-01 6.007444975497979733e-01
1.317499876022338867e-01 5.570941395418741449e-01
1.352500021457672119e-01 5.175492497749085707e-01
1.387499868869781494e-01 4.802229112097382568e-01
1.422500014305114746e-01 4.468840264537817242e-01
1.457499861717224121e-01 4.131225246082678715e-01
1.492500007152557373e-01 3.864831926115897542e-01
1.527499854564666748e-01 3.599385707038463833e-01
1.562500000000000000e-01 3.323570361850841093e-01
1.597500145435333252e-01 3.090478897405329883e-01
1.632499992847442627e-01 2.880375225328185573e-01
1.667500138282775879e-01 2.684872137897139632e-01
1.702499985694885254e-01 2.497207666416692284e-01
1.737500131130218506e-01 2.329559727643091827e-01
1.772499978542327881e-01 2.163275509419645970e-01
1.807500123977661133e-01 2.016518277872633158e-01
1.842499971389770508e-01 1.878975160236860953e-01
1.877500116825103760e-01 1.758649052797278678e-01
1.912499964237213135e-01 1.625641397272714617e-01
1.947500109672546387e-01 1.515816223589327993e-01
1.982499957084655762e-01 1.422057472240215170e-01
2.017500102519989014e-01 1.323707276137806865e-01
2.052499949932098389e-01 1.231065390771154261e-01
2.087500095367431641e-01 1.148369048329933306e-01
2.122499942779541016e-01 1.063261149076364237e-01
2.157500088214874268e-01 1.004531763569073421e-01
2.192499935626983643e-01 9.321364565536446878e-02
2.227500081062316895e-01 8.742851495460851607e-02
2.262499928474426270e-01 8.143967733016557742e-02
2.297500073909759521e-01 7.694769510578561289e-02
2.332499921321868896e-01 7.136346580569381814e-02
2.367500066757202148e-01 6.616021818831727130e-02
2.402499914169311523e-01 6.222249151439539216e-02
2.437500059604644775e-01 5.825358633140528125e-02
2.472499907016754150e-01 5.449019940466245243e-02
2.507500052452087402e-01 5.124521021922508884e-02
2.542499899864196777e-01 4.807635540034775612e-02
2.577500045299530029e-01 4.448095484033420116e-02
2.612500190734863281e-01 4.209604888353984942e-02
2.647500038146972656e-01 4.004196793361076978e-02
2.682499885559082031e-01 3.726943079389802294e-02
2.717500030994415283e-01 3.478336013607824517e-02
2.752500176429748535e-01 3.238855140457133630e-02
2.787500023841857910e-01 3.074974652010907181e-02
2.822499871253967285e-01 2.839553626288807142e-02
2.857500016689300537e-01 2.688659955196343390e-02
2.892500162124633789e-01 2.486982051093012194e-02
2.927500009536743164e-01 2.383654480176102333e-02
2.962499856948852539e-01 2.237403278353522831e-02
2.997500002384185791e-01 2.109173664945220711e-02
3.032500147819519043e-01 1.954061369432604639e-02
3.067499995231628418e-01 1.859901638453699546e-02
3.102499842643737793e-01 1.744403491585440683e-02
3.137499988079071045e-01 1.651079175784224071e-02
3.172500133514404297e-01 1.559172558720064300e-02
3.207499980926513672e-01 1.513880179855231836e-02
3.242499828338623047e-01 1.394971950901698586e-02
3.277499973773956299e-01 1.320177584104604770e-02
3.312500119209289551e-01 1.231775666537093458e-02
3.347499966621398926e-01 1.143315481598748858e-02
3.382499814033508301e-01 1.078946310305158897e-02
3.417499959468841553e-01 1.008999104440047936e-02
3.452500104904174805e-01 9.981876596027004431e-03
3.487499952316284180e-01 9.011132119538366875e-03
3.522499799728393555e-01 8.676683303799946276e-03
3.557499945163726807e-01 7.956366488281352289e-03
3.592500090599060059e-01 7.712757070922004153e-03
3.627499938011169434e-01 7.180531122673917445e-03
3.662499785423278809e-01 6.851699376308792444e-03
3.697499930858612061e-01 6.307769391912684993e-03
3.732500076293945312e-01 6.174445165441934218e-03
3.767499923706054688e-01 5.587465749268429212e-03
3.802500069141387939e-01 5.501607918368132781e-03
3.837500214576721191e-01 5.161956323061499090e-03
3.872500061988830566e-01 4.862355380459413602e-03
3.907499909400939941e-01 4.547133170282520800e-03
3.942500054836273193e-01 4.262355600059599021e-03
3.977500200271606445e-01 4.092711028843259123e-03
4.012500047683715820e-01 3.925435778899063859e-03
4.047499895095825195e-01 3.565916698462442101e-03
4.082500040531158447e-01 3.421901050639130672e-03
4.117500185966491699e-01 3.137746738043182843e-03
4.152500033378601074e-01 2.966880283336435775e-03
4.187499880790710449e-01 2.926245755221761058e-03
4.222500026226043701e-01 2.701626939882977377e-03
4.257500171661376953e-01 2.596173668396466877e-03
4.292500019073486328e-01 2.392338939195215886e-03
4.327499866485595703e-01 2.238672846177549615e-03
4.362500011920928955e-01 2.140664506987408240e-03
4.397500157356262207e-01 2.117909845829743336e-03
4.432500004768371582e-01 1.950042001289397546e-03
4.467499852180480957e-01 1.821149414686115946e-03
4.502499997615814209e-01 1.697429764524889658e-03
4.537500143051147461e-01 1.670904728654346244e-03
4.572499990463256836e-01 1.545133870083943229e-03
4.607499837875366211e-01 1.389151916455113765e-03
4.642499983310699463e-01 1.388549345444065270e-03
4.677500128746032715e-01 1.337942831787869219e-03
4.712499976158142090e-01 1.278961924177382525e-03
4.747499823570251465e-01 1.129816111323478280e-03
4.782499969005584717e-01 1.082413644012943403e-03
4.817500114440917969e-01 1.063421874261860980e-03
4.852499961853027344e-01 9.754720738980891597e-04
4.887499809265136719e-01 9.805430297118158597e-04
4.922499954700469971e-01 9.150236719194468913e-04
4.957500100135803223e-01 8.586167605853929326e-04
4.992499947547912598e-01 7.828097700798275754e-04
5.027499794960021973e-01 7.819253922450668769e-04
5.062500238418579102e-01 7.356056004461802595e-04
5.097500085830688477e-01 6.526502704087237946e-04
5.132499933242797852e-01 6.360906464993824200e-04
5.167499780654907227e-01 5.698040971510703184e-04
5.202499628067016602e-01 5.235702108905236889e-04
5.237500071525573730e-01 5.525129421204453628e-04
5.272499918937683105e-01 5.330148944988990535e-04
5.307500362396240234e-01 4.885173767694533627e-04
5.342500209808349609e-01 4.651975633162505641e-04
5.377500057220458984e-01 4.482607599510474790e-04
5.412499904632568359e-01 3.862161504853088827e-04
5.447499752044677734e-01 3.844952776378219640e-04
5.482500195503234863e-01 3.662462757003112981e-04
5.517500042915344238e-01 3.452475525201247281e-04
5.552499890327453613e-01 3.275090940310570000e-04
5.587500333786010742e-01 2.995037186347141367e-04
5.622500181198120117e-01 2.745907600297524702e-04
5.657500028610229492e-01 2.865887533431943053e-04
5.692499876022338867e-01 2.665853666943559337e-04
5.727499723434448242e-01 2.333557291394943107e-04
5.762500166893005371e-01 2.493944858893840165e-04
5.797500014305114746e-01 2.189829808064748539e-04
5.832499861717224121e-01 2.079764144742050544e-04
5.867500305175781250e-01 1.868414249775518022e-04
5.902500152587890625e-01 1.965538931101729482e-04
5.937500000000000000e-01 2.002229931023232856e-04
5.972499847412109375e-01 1.638511880656500083e-04
6.007499694824218750e-01 1.756690591282783790e-04
6.042500138282775879e-01 1.417336437170388808e-04
6.077499985694885254e-01 1.467529157166587439e-04
6.112499833106994629e-01 1.282704074513893499e-04
6.147500276565551758e-01 1.301563324813567691e-04
6.182500123977661133e-01 1.201392308458107519e-04
6.217499971389770508e-01 1.073953451189311385e-04
6.252499818801879883e-01 9.652977206941265804e-05
6.287499666213989258e-01 9.714759500708565866e-05
6.322500109672546387e-01 8.722089274704792640e-05
6.357499957084655762e-01 9.770154271818315710e-05
6.392499804496765137e-01 8.008907475042852879e-05
6.427500247955322266e-01 7.365987007734907063e-05
6.462500095367431641e-01 7.864827909465685991e-05
6.497499942779541016e-01 6.359888207419157110e-05
6.532499790191650391e-01 6.646916107256658362e-05
6.567499637603759766e-01 5.910663200467943868e-05
6.602500081062316895e-01 6.591154738072012309e-05
6.637499928474426270e-01 5.811890384916162749e-05
6.672500371932983398e-01 5.713088876867602925e-05
6.707500219345092773e-01 4.566075842535939378e-05
6.742500066757202148e-01 5.143291809633910428e-05
6.777499914169311523e-01 4.226149509251922839e-05
6.812499761581420898e-01 3.835452874883664475e-05
6.847500205039978027e-01 3.694840905813629416e-05
6.882500052452087402e-01 3.646343336080894149e-05
6.917499899864196777e-01 3.649593756803938170e-05
6.952500343322753906e-01 3.473764363391854484e-05
6.987500190734863281e-01 2.842269144022087154e-05
7.022500038146972656e-01 2.956195674210174902e-05
7.057499885559082031e-01 2.752343692667616872e-05
7.092499732971191406e-01 2.232548906710811465e-05
7.127500176429748535e-01 2.202746930795644351e-05
7.162500023841857910e-01 2.428210877150260705e-05
7.197499871253967285e-01 1.948896632723347915e-05
7.232500314712524414e-01 2.219584796440120402e-05
7.267500162124633789e-01 1.517603242057748538e-05
7.302500009536743164e-01 1.874394398534349644e-05
7.337499856948852539e-01 1.468586932968871263e-05
7.372499704360961914e-01 1.706434387213091587e-05
7.407500147819519043e-01 1.313242127756268381e-05
7.442499995231628418e-01 1.304175186433216237e-05
7.477499842643737793e-01 1.222601056546484196e-05
7.512500286102294922e-01 1.134942632857896557e-05
7.547500133514404297e-01 1.049514954896528495e-05
7.582499980926513672e-01 1.092327639720514537e-05
7.617499828338623047e-01 1.017993454481820385e-05
7.652499675750732422e-01 1.191079133567648199e-05
7.687500119209289551e-01 5.821947780245732097e-06
7.722499966621398926e-01 9.022218134892906260e-06
7.757499814033508301e-01 8.191492708412482666e-06
7.792500257492065430e-01 6.370256669689404419e-06
7.827500104904174805e-01 7.209556446625511972e-06
7.862499952316284180e-01 6.259568905783842945e-06
7.897499799728393555e-01 4.763297605868275142e-06
7.932499647140502930e-01 6.885149313131498474e-06
7.967500090599060059e-01 6.692516410892805658e-06
8.002499938011169434e-01 5.129519306086087473e-06
8.037499785423278809e-01 6.536461397243307308e-06
8.072500228881835938e-01 6.228139763648075136e-06
8.107500076293945312e-01 7.801978490057900328e-06
8.142499923706054688e-01 6.773577345837314217e-06
8.177499771118164062e-01 5.266377135012037876e-06
8.212500214576721191e-01 5.597544899497330006e-06
8.247500061988830566e-01 3.888594989834160435e-06
8.282499909400939941e-01 5.535098903742469797e-06
8.317500352859497070e-01 4.734730607588587444e-06
8.352500200271606445e-01 6.583109834434070092e-06
8.387500047683715820e-01 2.464208154007044973e-06
8.422499895095825195e-01 3.330693444894126366e-06
8.457499742507934570e-01 3.283205236096716452e-06
8.492500185966491699e-01 2.970041201152682983e-06
8.527500033378601074e-01 3.085252541083696624e-06
8.562499880790710449e-01 3.044263257123717030e-06
8.597500324249267578e-01 3.179882583773573025e-06
8.632500171661376953e-01 4.062669292467140439e-06
8.667500019073486328e-01 2.996025131101363150e-06
8.702499866485595703e-01 2.449072601041961176e-06
8.737499713897705078e-01 4.607025894571028336e-06
8.772500157356262207e-01 2.377225806200079868e-06
8.807500004768371582e-01 3.554705215004374077e-06
8.842499852180480957e-01 3.050798781966477087e-06
8.877500295639038086e-01 2.951945282758236999e-06
8.912500143051147461e-01 1.920108654912205244e-06
8.947499990463256836e-01 3.645980811938597068e-06
8.982499837875366211e-01 3.997385026463611353e-06
9.017499685287475586e-01 4.351978584318028931e-06
9.052500128746032715e-01 3.923833551556148143e-06
9.087499976158142090e-01 2.712348923329802835e-06
9.122499823570251465e-01 2.140384798556123710e-06
9.157500267028808594e-01 3.484743049548948134e-06
9.192500114440917969e-01 2.607527294628295299e-06
9.227499961853027344e-01 3.175421889088887861e-06
9.262499809265136719e-01 2.221753175864324836e-06
9.297499656677246094e-01 2.198112536739099266e-06
9.332500100135803223e-01 2.816809845054841892e-06
9.367499947547912598e-01 8.879213749823647054e-07
9.402499794960021973e-01 3.051965771921633458e-06
9.437500238418579102e-01 2.109523036518836487e-06
9.472500085830688477e-01 1.273768226827894159e-06
9.507499933242797852e-01 2.214061337818967299e-06
9.542499780654907227e-01 1.710318840982189871e-06
9.577499628067016602e-01 2.885210561107604957e-06
9.612500071525573730e-01 2.304661481664777785e-06
9.647499918937683105e-01 8.842248713383790218e-07
9.682500362396240234e-01 2.304354705572595786e-06
9.717500209808349609e-01 2.090764923720044371e-06
9.752500057220458984e-01 1.771991465862722533e-06
9.787499904632568359e-01 7.466481933867863609e-07
9.822499752044677734e-01 1.263207893101828581e-06
9.857500195503234863e-01 1.391497602513005421e-06
9.892500042915344238e-01 1.679606740656805305e-06
9.927499890327453613e-01 2.248034417795397953e-06
9.962500333786010742e-01 2.034862784409078253e-06
9.997500181198120117e-01 9.072841543052351941e-07
1.003250002861022949e+00 1.504594342799471812e-06
1.006749987602233887e+00 1.690478552212845902e-06
1.010249972343444824e+00 2.003233456376595046e-06
1.013749957084655762e+00 2.528088073195573792e-06
1.017250061035156250e+00 9.441833037893929828e-07
1.020750045776367188e+00 1.364240206992006817e-06
1.024250030517578125e+00 3.164960496003679126e-06
1.027750015258789062e+00 9.724799029491588084e-07
1.031250000000000000e+00 1.212134617077325752e-06
1.034749984741210938e+00 6.778624120133783801e-07
1.038249969482421875e+00 9.326239434861239665e-07
1.041749954223632812e+00 1.892280113503350216e-06
1.045249938964843750e+00 1.499412877593498210e-06
1.048750042915344238e+00 1.767350774061270931e-06
1.052250027656555176e+00 7.697210452711352649e-07
1.055750012397766113e+00 1.110086063119749622e-06
1.059249997138977051e+00 3.436233558475349168e-07
1.062749981880187988e+00 5.171703322553779501e-07
1.066249966621398926e+00 8.526634598238701041e-07
1.069749951362609863e+00 7.637495837489579298e-07
1.073250055313110352e+00 5.871240348228589458e-07
1.076750040054321289e+00 3.831145395870367615e-07
1.080250024795532227e+00 3.086482887247923663e-07
1.083750009536743164e+00 1.128953561453101331e-06
1.087249994277954102e+00 3.695411671143255295e-07
1.090749979019165039e+00 5.822603149097989901e-07
1.094249963760375977e+00 6.649099795875995333e-07
1.097749948501586914e+00 2.481392997229636858e-07
1.101249933242797852e+00 1.093044715398916364e-06
1.104750037193298340e+00 5.931068720114183389e-08
1.108250021934509277e+00 2.507119316515750288e-07
1.111750006675720215e+00 3.665365706410706893e-07
1.115249991416931152e+00 4.271491857093121315e-07
1.118749976158142090e+00 9.184260682252904118e-07
1.122249960899353027e+00 1.151773072597560432e-06
1.125750064849853516e+00 4.991811017112938767e-07
1.129250049591064453e+00 4.396223387956861005e-07
1.132750034332275391e+00 1.029683523403215252e-07
1.136250019073486328e+00 1.659373120787153069e-07
1.139750003814697266e+00 4.914706092502068409e-07
1.143249988555908203e+00 1.299104760829955699e-08
1.146749973297119141e+00 7.951801294575811167e-07
1.150249958038330078e+00 4.105667812794571460e-08
1.153749942779541016e+00 3.311577849132776640e-07
1.157250046730041504e+00 7.728194674255978783e-07
1.160750031471252441e+00 9.671411821337320130e-07
1.164250016212463379e+00 9.682839181943815781e-07
1.167750000953674316e+00 9.919979173842447472e-08
1.171249985694885254e+00 3.878070681248591497e-07
1.174749970436096191e+00 6.937207453762792428e-07
1.178249955177307129e+00 7.748804215159037397e-07
1.181750059127807617e+00 2.276685450320080938e-07
1.185250043869018555e+00 6.959783730077484357e-07
1.188750028610229492e+00 3.609067604061962579e-07
1.192250013351440430e+00 9.432988425077088662e-07
1.195749998092651367e+00 5.373637352876196574e-07
1.199249982833862305e+00 3.020868413359019823e-07
1.202749967575073242e+00 5.981136393901253419e-07
1.206249952316284180e+00 4.390275903389675248e-07
1.209749937057495117e+00 1.011088964813802479e-07
1.213250041007995605e+00 2.974621708307837335e-07
1.216750025749206543e+00 1.470026051332442972e-07
1.220250010490417480e+00 2.742480345304811435e-07
1.223749995231628418e+00 2.703443700521001967e-07
1.227249979972839355e+00 3.474704778864252836e-07
1.230749964714050293e+00 3.220886862654468302e-07
1.234249949455261230e+00 5.240103566252500353e-07
1.237750053405761719e+00 3.011724417328409980e-07
1.241250038146972656e+00 3.017123499265735935e-07
1.244750022888183594e+00 2.060146755321435732e-07
1.248250007629394531e+00 5.457316824158369195e-07
1.251749992370605469e+00 6.027483930736932045e-07
1.255249977111816406e+00 1.906274108735150438e-07
1.258749961853027344e+00 3.260528703905254598e-07
1.262249946594238281e+00 7.481589241249489651e-07
1.265750050544738770e+00 0.000000000000000000e+00
1.269250035285949707e+00 1.316486514485195042e-07
1.272750020027160645e+00 6.014407657740154646e-07
1.276250004768371582e+00 0.000000000000000000e+00
1.279749989509582520e+00 9.954132223906574508e-07
1.283249974250793457e+00 2.115523385136421251e-07
1.286749958992004395e+00 1.175380493137756643e-06
1.290250062942504883e+00 6.135826529508028519e-07
1.293750047683715820e+00 5.325729507366247613e-07
1.297250032424926758e+00 7.586976975365044696e-07
1.300750017166137695e+00 5.741281384118525540e-07
1.304250001907348633e+00 6.568487984302930444e-07
1.307749986648559570e+00 4.481779938578203412e-07
1.311249971389770508e+00 0.000000000000000000e+00
1.314749956130981445e+00 9.717674549224155458e-07
1.318249940872192383e+00 5.412336163388007623e-07
1.321750044822692871e+00 1.754340350108175660e-07
1.325250029563903809e+00 9.983545943459999142e-07
1.328750014305114746e+00 8.763649082152204409e-07
1.332249999046325684e+00 0.000000000000000000e+00
1.335749983787536621e+00 7.762382192337291259e-07
1.339249968528747559e+00 3.897068945325402774e-07
1.342749953269958496e+00 1.221254805413282959e-06
1.346250057220458984e+00 1.020929996921920622e-06
1.349750041961669922e+00 4.139763087957299678e-07
1.353250026702880859e+00 1.059960460411450222e-06
1.356750011444091797e+00 7.332501076875634265e-07
1.360249996185302734e+00 1.240316369088126991e-06
1.363749980926513672e+00 8.830880954771725962e-07
1.367249965667724609e+00 3.110632723287248096e-08
1.370749950408935547e+00 1.968119826812154223e-06
1.374249935150146484e+00 1.292810209115220844e-06
1.377750039100646973e+00 1.718061474341261653e-06
1.381250023841857910e+00 4.428757164086107354e-07
1.384750008583068848e+00 1.136422961425659045e-06
1.388249993324279785e+00 3.787640637452972026e-07
1.391749978065490723e+00 4.649278246656070821e-07
1.395249962806701660e+00 0.000000000000000000e+00
1.398750066757202148e+00 8.601588677653367390e-07
1.402250051498413086e+00 3.523525322481870874e-07
1.405750036239624023e+00 0.000000000000000000e+00
1.409250020980834961e+00 1.292789471869996816e-06
1.412750005722045898e+00 1.116384905022322706e-06
1.416249990463256836e+00 3.301645646626114006e-07
1.419749975204467773e+00 5.423342490066379004e-07
1.423249959945678711e+00 0.000000000000000000e+00
1.426749944686889648e+00 6.029602222588599443e-07
1.430250048637390137e+00 1.773364760278109611e-06
1.433750033378601074e+00 9.576938677122287587e-07
1.437250018119812012e+00 0.000000000000000000e+00
1.440750002861022949e+00 6.308899550918867186e-07
1.444249987602233887e+00 0.000000000000000000e+00
1.447749972343444824e+00 1.313780491689371830e-06
1.451249957084655762e+00 0.000000000000000000e+00
1.454750061035156250e+00 0.000000000000000000e+00
1.458250045776367188e+00 1.246813603159428302e-06
1.461750030517578125e+00 1.272988054749379578e-06
1.465250015258789062e+00 0.000000000000000000e+00
1.468750000000000000e+00 1.200397567390681179e-06
1.472249984741210938e+00 2.055231418328125393e-06
1.475749969482421875e+00 7.415975152325255875e-07
1.479249954223632812e+00 1.513450659435998190e-06
1.482749938964843750e+00 5.814484278113500632e-07
1.486250042915344238e+00 1.099449839097821360e-06
1.489750027656555176e+00 0.000000000000000000e+00
1.493250012397766113e+00 7.333025147099527838e-07
1.496749997138977051e+00 0.000000000000000000e+00
1.500249981880187988e+00 8.567333543753136945e-07
1.503749966621398926e+00 0.000000000000000000e+00
1.507249951362609863e+00 0.000000000000000000e+00
1.510750055313110352e+00 0.000000000000000000e+00
1.514250040054321289e+00 8.709432983781075018e-07
1.517750024795532227e+00 1.588307707513101226e-06
1.521250009536743164e+00 0.000000000000000000e+00
1.524749994277954102e+00 0.000000000000000000e+00
1.528249979019165039e+00 0.000000000000000000e+00
1.531749963760375977e+00 1.599332393850359841e-06
1.535249948501586914e+00 3.349749602972701323e-06
1.538749933242797852e+00 9.746131782488046031e-07
1.542250037193298340e+00 1.005952705698414714e-06
1.545750021934509277e+00 0.000000000000000000e+00
1.549250006675720215e+00 1.913546867932056258e-06
1.552749991416931152e+00 2.983010780713532295e-06
1.556249976158142090e+00 0.000000000000000000e+00
1.559749960899353027e+00 6.421242805684527542e-07
1.563250064849853516e+00 1.052288585763150702e-06
1.566750049591064453e+00 1.064886157613598328e-06
1.570250034332275391e+00 1.820139376661874567e-06
1.573750019073486328e+00 0.000000000000000000e+00
1.577250003814697266e+00 1.976852251969916447e-06
1.580749988555908203e+00 1.082217664720464952e-06
1.584249973297119141e+00 0.000000000000000000e+00
1.587749958038330078e+00 0.000000000000000000e+00
1.591249942779541016e+00 0.000000000000000000e+00
1.594750046730041504e+00 1.149690486820541128e-06
1.598250031471252441e+00 1.219516823628705620e-06
1.601750016212463379e+00 2.418020409734077925e-06
1.605250000953674316e+00 0.000000000000000000e+00
1.608749985694885254e+00 0.000000000000000000e+00
1.612249970436096191e+00 0.000000000000000000e+00
1.615749955177307129e+00 1.153736239105185315e-06
1.619250059127807617e+00 1.198107537016726927e-06
1.622750043869018555e+00 0.000000000000000000e+00
1.626250028610229492e+00 0.000000000000000000e+00
1.629750013351440430e+00 0.000000000000000000e+00
1.633249998092651367e+00 1.267816222093702318e-06
1.636749982833862305e+00 0.000000000000000000e+00
1.640249967575073242e+00 0.000000000000000000e+00
1.643749952316284180e+00 0.000000000000000000e+00
1.647249937057495117e+00 0.000000000000000000e+00
1.650750041007995605e+00 0.000000000000000000e+00
1.654250025749206543e+00 0.000000000000000000e+00
1.657750010490417480e+00 0.000000000000000000e+00
1.661249995231628418e+00 0.000000000000000000e+00
1.664749979972839355e+00 2.732155694412011515e-06
1.668249964714050293e+00 0.000000000000000000e+00
1.671749949455261230e+00 0.000000000000000000e+00
1.675250053405761719e+00 0.000000000000000000e+00
1.678750038146972656e+00 0.000000000000000000e+00
1.682250022888183594e+00 1.324366965112371304e-06
1.685750007629394531e+00 1.545529340626266711e-06
1.689249992370605469e+00 0.000000000000000000e+00
1.692749977111816406e+00 0.000000000000000000e+00
1.696249961853027344e+00 0.000000000000000000e+00
1.699749946594238281e+00 0.000000000000000000e+00
1.703250050544738770e+00 0.000000000000000000e+00
1.706750035285949707e+00 0.000000000000000000e+00
1.710250020027160645e+00 3.387086940255755028e-06
1.713750004768371582e+00 0.000000000000000000e+00
1.717249989509582520e+00 0.000000000000000000e+00
1.720749974250793457e+00 1.438473691739873576e-06
1.724249958992004395e+00 1.504826035873346316e-06
1.727750062942504883e+00 0.000000000000000000e+00
1.731250047683715820e+00 0.000000000000000000e+00
1.734750032424926758e+00 0.000000000000000000e+00
1.738250017166137695e+00 0.000000000000000000e+00
1.741750001907348633e+00 0.000000000000000000e+00
1.745249986648559570e+00 0.000000000000000000e+00
1.748749971389770508e+00 1.643562293052257844e-06
1.752249956130981445e+00 0.000000000000000000e+00
1.755749940872192383e+00 1.917744086415425103e-06
1.759250044822692871e+00 0.000000000000000000e+00
1.762750029563903809e+00 0.000000000000000000e+00
1.766250014305114746e+00 1.933442172630538180e-06
1.769749999046325684e+00 0.000000000000000000e+00
1.773249983787536621e+00 0.000000000000000000e+00
1.776749968528747559e+00 0.000000000000000000e+00
1.780249953269958496e+00 0.000000000000000000e+00
1.783750057220458984e+00 0.000000000000000000e+00
1.787250041961669922e+00 0.000000000000000000e+00
1.790750026702880859e+00 0.000000000000000000e+00
1.794250011444091797e+00 0.000000000000000000e+00
1.797749996185302734e+00 1.819236496770040112e-06
1.801249980926513672e+00 0.000000000000000000e+00
1.804749965667724609e+00 0.000000000000000000e+00
1.808249950408935547e+00 0.000000000000000000e+00
1.811749935150146484e+00 0.000000000000000000e+00
1.815250039100646973e+00 2.048870219414771338e-06
1.818750023841857910e+00 0.000000000000000000e+00
1.822250008583068848e+00 0.000000000000000000e+00
1.825749993324279785e+00 0.000000000000000000e+00
1.829249978065490723e+00 0.000000000000000000e+00
1.832749962806701660e+00 0.000000000000000000e+00
1.836250066757202148e+00 0.000000000000000000e+00
1.839750051498413086e+00 0.000000000000000000e+00
1.843250036239624023e+00 0.000000000000000000e+00
1.846750020980834961e+00 0.000000000000000000e+00
1.850250005722045898e+00 0.000000000000000000e+00
1.853749990463256836e+00 0.000000000000000000e+00
1.857249975204467773e+00 0.000000000000000000e+00
1.860749959945678711e+00 0.000000000000000000e+00
1.864249944686889648e+00 0.000000000000000000e+00
1.867750048637390137e+00 0.000000000000000000e+00
1.871250033378601074e+00 0.000000000000000000e+00
1.874750018119812012e+00 2.304916448048188659e-06
1.878250002861022949e+00 2.528738652386618505e-06
1.881749987602233887e+00 2.602369881523182785e-06
1.885249972343444824e+00 0.000000000000000000e+00
1.888749957084655762e+00 0.000000000000000000e+00
1.892250061035156250e+00 0.000000000000000000e+00
1.895750045776367188e+00 0.000000000000000000e+00
1.899250030517578125e+00 0.000000000000000000e+00
1.902750015258789062e+00 0.000000000000000000e+00
1.906250000000000000e+00 0.000000000000000000e+00
1.909749984741210938e+00 0.000000000000000000e+00
1.913249969482421875e+00 0.000000000000000000e+00
1.916749954223632812e+00 0.000000000000000000e+00
1.920249938964843750e+00 0.000000000000000000e+00
1.923750042915344238e+00 0.000000000000000000e+00
1.927250027656555176e+00 0.000000000000000000e+00
1.930750012397766113e+00 0.000000000000000000e+00
1.934249997138977051e+00 0.000000000000000000e+00
1.937749981880187988e+00 0.000000000000000000e+00
1.941249966621398926e+00 0.000000000000000000e+00
1.944749951362609863e+00 0.000000000000000000e+00
1.948250055313110352e+00 0.000000000000000000e+00
1.951750040054321289e+00 2.892977174197593385e-06
1.955250024795532227e+00 0.000000000000000000e+00
1.958750009536743164e+00 3.016627699862794376e-06
1.962249994277954102e+00 0.000000000000000000e+00
1.965749979019165039e+00 0.000000000000000000e+00
1.969249963760375977e+00 0.000000000000000000e+00
1.972749948501586914e+00 0.000000000000000000e+00
1.976249933242797852e+00 0.000000000000000000e+00
1.979750037193298340e+00 0.000000000000000000e+00
1.983250021934509277e+00 0.000000000000000000e+00
1.986750006675720215e+00 0.000000000000000000e+00
1.990249991416931152e+00 0.000000000000000000e+00
1.993749976158142090e+00 0.000000000000000000e+00
1.997249960899353027e+00 0.000000000000000000e+00
2.000750064849853516e+00 0.000000000000000000e+00
2.004250049591064453e+00 0.000000000000000000e+00
2.007750034332275391e+00 0.000000000000000000e+00
2.011250019073486328e+00 0.000000000000000000e+00
2.014750003814697266e+00 0.000000000000000000e+00
2.018249988555908203e+00 0.000000000000000000e+00
2.021749973297119141e+00 0.000000000000000000e+00
2.025249958038330078e+00 0.000000000000000000e+00
2.028749942779541016e+00 0.000000000000000000e+00
2.032249927520751953e+00 0.000000000000000000e+00
2.035749912261962891e+00 0.000000000000000000e+00
2.039249897003173828e+00 0.000000000000000000e+00
2.042749881744384766e+00 0.000000000000000000e+00
2.046250104904174805e+00 0.000000000000000000e+00
2.049750089645385742e+00 0.000000000000000000e+00
2.053250074386596680e+00 0.000000000000000000e+00
2.056750059127807617e+00 0.000000000000000000e+00
2.060250043869018555e+00 0.000000000000000000e+00
2.063750028610229492e+00 0.000000000000000000e+00
2.067250013351440430e+00 0.000000000000000000e+00
2.070749998092651367e+00 0.000000000000000000e+00
2.074249982833862305e+00 0.000000000000000000e+00
2.077749967575073242e+00 0.000000000000000000e+00
2.081249952316284180e+00 0.000000000000000000e+00
2.084749937057495117e+00 0.000000000000000000e+00
2.088249921798706055e+00 0.000000000000000000e+00
2.091749906539916992e+00 0.000000000000000000e+00
2.095249891281127930e+00 0.000000000000000000e+00
2.098750114440917969e+00 0.000000000000000000e+00
2.102250099182128906e+00 0.000000000000000000e+00
2.105750083923339844e+00 0.000000000000000000e+00
2.109250068664550781e+00 0.000000000000000000e+00
2.112750053405761719e+00 0.000000000000000000e+00
2.116250038146972656e+00 0.000000000000000000e+00
2.119750022888183594e+00 0.000000000000000000e+00
2.123250007629394531e+00 0.000000000000000000e+00
2.126749992370605469e+00 0.000000000000000000e+00
2.130249977111816406e+00 0.000000000000000000e+00
2.133749961853027344e+00 0.000000000000000000e+00
2.137249946594238281e+00 0.000000000000000000e+00
2.140749931335449219e+00 0.000000000000000000e+00
2.144249916076660156e+00 0.000000000000000000e+00
2.147749900817871094e+00 0.000000000000000000e+00
2.151249885559082031e+00 0.000000000000000000e+00
2.154750108718872070e+00 0.000000000000000000e+00
2.158250093460083008e+00 0.000000000000000000e+00
2.161750078201293945e+00 0.000000000000000000e+00
2.165250062942504883e+00 0.000000000000000000e+00
2.168750047683715820e+00 0.000000000000000000e+00
2.172250032424926758e+00 0.000000000000000000e+00
2.175750017166137695e+00 0.000000000000000000e+00
2.179250001907348633e+00 0.000000000000000000e+00
2.182749986648559570e+00 0.000000000000000000e+00
2.186249971389770508e+00 0.000000000000000000e+00
2.189749956130981445e+00 0.000000000000000000e+00
2.193249940872192383e+00 0.000000000000000000e+00
2.196749925613403320e+00 0.000000000000000000e+00
2.200249910354614258e+00 0.000000000000000000e+00
2.203749895095825195e+00 0.000000000000000000e+00
2.207250118255615234e+00 0.000000000000000000e+00
2.210750102996826172e+00 0.000000000000000000e+00
2.214250087738037109e+00 0.000000000000000000e+00
2.217750072479248047e+00 0.000000000000000000e+00
2.221250057220458984e+00 0.000000000000000000e+00
2.224750041961669922e+00 0.000000000000000000e+00
2.228250026702880859e+00 0.000000000000000000e+00
2.231750011444091797e+00 0.000000000000000000e+00
2.235249996185302734e+00 0.000000000000000000e+00
2.238749980926513672e+00 0.000000000000000000e+00
2.242249965667724609e+00 0.000000000000000000e+00
2.245749950408935547e+00 0.000000000000000000e+00
2.249249935150146484e+00 0.000000000000000000e+00
2.252749919891357422e+00 0.000000000000000000e+00
2.256249904632568359e+00 0.000000000000000000e+00
2.259749889373779297e+00 0.000000000000000000e+00
2.263249874114990234e+00 0.000000000000000000e+00
2.266750097274780273e+00 0.000000000000000000e+00
2.270250082015991211e+00 0.000000000000000000e+00
2.273750066757202148e+00 0.000000000000000000e+00
2.277250051498413086e+00 0.000000000000000000e+00
2.280750036239624023e+00 0.000000000000000000e+00
2.284250020980834961e+00 0.000000000000000000e+00
2.287750005722045898e+00 0.000000000000000000e+00
2.291249990463256836e+00 0.000000000000000000e+00
2.294749975204467773e+00 0.000000000000000000e+00
2.298249959945678711e+00 0.000000000000000000e+00
2.301749944686889648e+00 0.000000000000000000e+00
2.305249929428100586e+00 0.000000000000000000e+00
2.308749914169311523e+00 0.000000000000000000e+00
2.312249898910522461e+00 0.000000000000000000e+00
2.315750122070312500e+00 0.000000000000000000e+00
2.319250106811523438e+00 0.000000000000000000e+00
2.322750091552734375e+00 0.000000000000000000e+00
2.326250076293945312e+00 0.000000000000000000e+00
2.329750061035156250e+00 0.000000000000000000e+00
2.333250045776367188e+00 0.000000000000000000e+00
2.336750030517578125e+00 0.000000000000000000e+00
2.340250015258789062e+00 0.000000000000000000e+00
2.343750000000000000e+00 0.000000000000000000e+00
2.347249984741210938e+00 0.000000000000000000e+00
2.350749969482421875e+00 0.000000000000000000e+00
2.354249954223632812e+00 0.000000000000000000e+00
2.357749938964843750e+00 0.000000000000000000e+00
2.361249923706054688e+00 0.000000000000000000e+00
2.364749908447265625e+00 0.000000000000000000e+00
2.368249893188476562e+00 0.000000000000000000e+00
2.371749877929687500e+00 0.000000000000000000e+00
2.375250101089477539e+00 0.000000000000000000e+00
2.378750085830688477e+00 0.000000000000000000e+00
2.382250070571899414e+00 0.000000000000000000e+00
2.385750055313110352e+00 0.000000000000000000e+00
2.389250040054321289e+00 0.000000000000000000e+00
2.392750024795532227e+00 0.000000000000000000e+00
2.396250009536743164e+00 0.000000000000000000e+00
2.399749994277954102e+00 0.000000000000000000e+00
2.403249979019165039e+00 0.000000000000000000e+00
2.406749963760375977e+00 0.000000000000000000e+00
2.410249948501586914e+00 0.000000000000000000e+00
2.413749933242797852e+00 0.000000000000000000e+00
2.417249917984008789e+00 0.000000000000000000e+00
2.420749902725219727e+00 0.000000000000000000e+00
2.424250125885009766e+00 0.000000000000000000e+00
2.427750110626220703e+00 0.000000000000000000e+00
2.431250095367431641e+00 0.000000000000000000e+00
2.434750080108642578e+00 0.000000000000000000e+00
2.438250064849853516e+00 0.000000000000000000e+00
2.441750049591064453e+00 0.000000000000000000e+00
2.445250034332275391e+00 0.000000000000000000e+00
2.448750019073486328e+00 0.000000000000000000e+00
2.452250003814697266e+00 0.000000000000000000e+00
2.455749988555908203e+00 0.000000000000000000e+00
2.459249973297119141e+00 0.000000000000000000e+00
2.462749958038330078e+00 0.000000000000000000e+00
2.466249942779541016e+00 0.000000000000000000e+00
2.469749927520751953e+00 0.000000000000000000e+00
2.473249912261962891e+00 0.000000000000000000e+00
2.476749897003173828e+00 0.000000000000000000e+00
2.480249881744384766e+00 0.000000000000000000e+00
2.483750104904174805e+00 0.000000000000000000e+00
2.487250089645385742e+00 0.000000000000000000e+00
2.490750074386596680e+00 0.000000000000000000e+00
2.494250059127807617e+00 0.000000000000000000e+00
2.497750043869018555e+00 0.000000000000000000e+00
2.501250028610229492e+00 0.000000000000000000e+00
2.504750013351440430e+00 0.000000000000000000e+00
2.508249998092651367e+00 0.000000000000000000e+00
2.511749982833862305e+00 0.000000000000000000e+00
2.515249967575073242e+00 0.000000000000000000e+00
2.518749952316284180e+00 0.000000000000000000e+00
2.522249937057495117e+00 0.000000000000000000e+00
2.525749921798706055e+00 0.000000000000000000e+00
2.529249906539916992e+00 0.000000000000000000e+00
2.532749891281127930e+00 0.000000000000000000e+00
2.536250114440917969e+00 0.000000000000000000e+00
2.539750099182128906e+00 0.000000000000000000e+00
2.543250083923339844e+00 0.000000000000000000e+00
2.546750068664550781e+00 0.000000000000000000e+00
2.550250053405761719e+00 0.000000000000000000e+00
2.553750038146972656e+00 0.000000000000000000e+00
2.557250022888183594e+00 0.000000000000000000e+00
2.560750007629394531e+00 0.000000000000000000e+00
2.564249992370605469e+00 0.000000000000000000e+00
2.567749977111816406e+00 0.000000000000000000e+00
2.571249961853027344e+00 0.000000000000000000e+00
2.574749946594238281e+00 0.000000000000000000e+00
2.578249931335449219e+00 0.000000000000000000e+00
2.581749916076660156e+00 0.000000000000000000e+00
2.585249900817871094e+00 0.000000000000000000e+00
2.588749885559082031e+00 0.000000000000000000e+00
2.592250108718872070e+00 0.000000000000000000e+00
2.595750093460083008e+00 0.000000000000000000e+00
2.599250078201293945e+00 0.000000000000000000e+00
2.602750062942504883e+00 0.000000000000000000e+00
2.606250047683715820e+00 0.000000000000000000e+00
2.609750032424926758e+00 0.000000000000000000e+00
2.613250017166137695e+00 0.000000000000000000e+00
2.616750001907348633e+00 0.000000000000000000e+00
2.620249986648559570e+00 0.000000000000000000e+00
2.623749971389770508e+00 0.000000000000000000e+00
2.627249956130981445e+00 0.000000000000000000e+00
2.630749940872192383e+00 0.000000000000000000e+00
2.634249925613403320e+00 0.000000000000000000e+00
2.637749910354614258e+00 0.000000000000000000e+00
2.641249895095825195e+00 0.000000000000000000e+00
2.644750118255615234e+00 0.000000000000000000e+00
2.648250102996826172e+00 0.000000000000000000e+00
2.651750087738037109e+00 0.000000000000000000e+00
2.655250072479248047e+00 0.000000000000000000e+00
2.658750057220458984e+00 0.000000000000000000e+00
2.662250041961669922e+00 0.000000000000000000e+00
2.665750026702880859e+00 0.000000000000000000e+00
2.669250011444091797e+00 0.000000000000000000e+00
2.672749996185302734e+00 0.000000000000000000e+00
2.676249980926513672e+00 0.000000000000000000e+00
2.679749965667724609e+00 0.000000000000000000e+00
2.683249950408935547e+00 0.000000000000000000e+00
2.686749935150146484e+00 0.000000000000000000e+00
2.690249919891357422e+00 0.000000000000000000e+00
2.693749904632568359e+00 0.000000000000000000e+00
2.697249889373779297e+00 0.000000000000000000e+00
2.700749874114990234e+00 0.000000000000000000e+00
2.704250097274780273e+00 0.000000000000000000e+00
2.707750082015991211e+00 0.000000000000000000e+00
2.711250066757202148e+00 0.000000000000000000e+00
2.714750051498413086e+00 0.000000000000000000e+00
2.718250036239624023e+00 0.000000000000000000e+00
2.721750020980834961e+00 0.000000000000000000e+00
2.725250005722045898e+00 0.000000000000000000e+00
2.728749990463256836e+00 0.000000000000000000e+00
2.732249975204467773e+00 0.000000000000000000e+00
2.735749959945678711e+00 0.000000000000000000e+00
2.739249944686889648e+00 0.000000000000000000e+00
2.742749929428100586e+00 0.000000000000000000e+00
2.746249914169311523e+00 0.000000000000000000e+00
2.749749898910522461e+00 0.000000000000000000e+00
2.753250122070312500e+00 0.000000000000000000e+00
2.756750106811523438e+00 0.000000000000000000e+00
2.760250091552734375e+00 0.000000000000000000e+00
2.763750076293945312e+00 0.000000000000000000e+00
2.767250061035156250e+00 0.000000000000000000e+00
2.770750045776367188e+00 0.000000000000000000e+00
2.774250030517578125e+00 0.000000000000000000e+00
2.777750015258789062e+00 0.000000000000000000e+00
2.781250000000000000e+00 0.000000000000000000e+00
2.784749984741210938e+00 0.000000000000000000e+00
2.788249969482421875e+00 0.000000000000000000e+00
2.791749954223632812e+00 0.000000000000000000e+00
2.795249938964843750e+00 0.000000000000000000e+00
2.798749923706054688e+00 0.000000000000000000e+00
2.802249908447265625e+00 0.000000000000000000e+00
2.805749893188476562e+00 0.000000000000000000e+00
2.809249877929687500e+00 0.000000000000000000e+00
2.812750101089477539e+00 0.000000000000000000e+00
2.816250085830688477e+00 0.000000000000000000e+00
2.819750070571899414e+00 0.000000000000000000e+00
2.823250055313110352e+00 0.000000000000000000e+00
2.826750040054321289e+00 0.000000000000000000e+00
2.830250024795532227e+00 0.000000000000000000e+00
2.833750009536743164e+00 0.000000000000000000e+00
2.837249994277954102e+00 0.000000000000000000e+00
2.840749979019165039e+00 0.000000000000000000e+00
2.844249963760375977e+00 0.000000000000000000e+00
2.847749948501586914e+00 0.000000000000000000e+00
2.851249933242797852e+00 0.000000000000000000e+00
2.854749917984008789e+00 0.000000000000000000e+00
2.858249902725219727e+00 0.000000000000000000e+00
2.861750125885009766e+00 0.000000000000000000e+00
2.865250110626220703e+00 0.000000000000000000e+00
2.868750095367431641e+00 0.000000000000000000e+00
2.872250080108642578e+00 0.000000000000000000e+00
2.875750064849853516e+00 0.000000000000000000e+00
2.879250049591064453e+00 0.000000000000000000e+00
2.882750034332275391e+00 0.000000000000000000e+00
2.886250019073486328e+00 0.000000000000000000e+00
2.889750003814697266e+00 0.000000000000000000e+00
2.893249988555908203e+00 0.000000000000000000e+00
2.896749973297119141e+00 0.000000000000000000e+00
2.900249958038330078e+00 0.000000000000000000e+00
2.903749942779541016e+00 0.000000000000000000e+00
2.907249927520751953e+00 0.000000000000000000e+00
2.910749912261962891e+00 0.000000000000000000e+00
2.914249897003173828e+00 0.000000000000000000e+00
2.917749881744384766e+00 0.000000000000000000e+00
2.921250104904174805e+00 0.000000000000000000e+00
2.924750089645385742e+00 0.000000000000000000e+00
2.928250074386596680e+00 0.000000000000000000e+00
2.931750059127807617e+00 0.000000000000000000e+00
2.935250043869018555e+00 0.000000000000000000e+00
2.938750028610229492e+00 0.000000000000000000e+00
2.942250013351440430e+00 0.000000000000000000e+00
2.945749998092651367e+00 0.000000000000000000e+00
2.949249982833862305e+00 0.000000000000000000e+00
2.952749967575073242e+00 0.000000000000000000e+00
2.956249952316284180e+00 0.000000000000000000e+00
2.959749937057495117e+00 0.000000000000000000e+00
2.963249921798706055e+00 0.000000000000000000e+00
2.966749906539916992e+00 0.000000000000000000e+00
2.970249891281127930e+00 0.000000000000000000e+00
2.973750114440917969e+00 0.000000000000000000e+00
2.977250099182128906e+00 0.000000000000000000e+00
2.980750083923339844e+00 0.000000000000000000e+00
2.984250068664550781e+00 0.000000000000000000e+00
2.987750053405761719e+00 0.000000000000000000e+00
2.991250038146972656e+00 0.000000000000000000e+00
2.994750022888183594e+00 0.000000000000000000e+00
2.998250007629394531e+00 0.000000000000000000e+00
