-4.982500076293945312e-01 0.000000000000000000e+00
-4.947499930858612061e-01 0.000000000000000000e+00
-4.912499785423278809e-01 0.000000000000000000e+00
-4.877499938011169434e-01 0.000000000000000000e+00
-4.842500090599060059e-01 0.000000000000000000e+00
-4.807499945163726807e-01 0.000000000000000000e+00
-4.772499799728393555e-01 0.000000000000000000e+00
-4.737499952316284180e-01 0.000000000000000000e+00
-4.702500104904174805e-01 0.000000000000000000e+00
-4.667499959468841553e-01 0.000000000000000000e+00
-4.632499814033508301e-01 0.000000000000000000e+00
-4.597499966621398926e-01 0.000000000000000000e+00
-4.562500119209289551e-01 0.000000000000000000e+00
-4.527499973773956299e-01 0.000000000000000000e+00
-4.492499828338623047e-01 0.000000000000000000e+00
-4.457499980926513672e-01 0.000000000000000000e+00
-4.422500133514404297e-01 0.000000000000000000e+00
-4.387499988079071045e-01 0.000000000000000000e+00
-4.352499842643737793e-01 0.000000000000000000e+00
-4.317499995231628418e-01 0.000000000000000000e+00
-4.282500147819519043e-01 0.000000000000000000e+00
-4.247500002384185791e-01 0.000000000000000000e+00
-4.212499856948852539e-01 0.000000000000000000e+00
-4.177500009536743164e-01 0.000000000000000000e+00
-4.142500162124633789e-01 0.000000000000000000e+00
-4.107500016689300537e-01 0.000000000000000000e+00
-4.072499871253967285e-01 0.000000000000000000e+00
-4.037500023841857910e-01 0.000000000000000000e+00
-4.002500176429748535e-01 0.000000000000000000e+00
-3.967500030994415283e-01 0.000000000000000000e+00
-3.932499885559082031e-01 0.000000000000000000e+00
-3.897500038146972656e-01 0.000000000000000000e+00
-3.862500190734863281e-01 0.000000000000000000e+00
-3.827500045299530029e-01 0.000000000000000000e+00
-3.792499899864196777e-01 0.000000000000000000e+00
-3.757500052452087402e-01 0.000000000000000000e+00
-3.722500205039978027e-01 0.000000000000000000e+00
-3.687500059604644775e-01 0.000000000000000000e+00
-3.652499914169311523e-01 0.000000000000000000e+00
-3.617500066757202148e-01 0.000000000000000000e+00
-3.582500219345092773e-01 0.000000000000000000e+00
-3.547499775886535645e-01 0.000000000000000000e+00
-3.512499928474426270e-01 0.000000000000000000e+00
-3.477500081062316895e-01 0.000000000000000000e+00
-3.442499935626983643e-01 0.000000000000000000e+00
-3.407499790191650391e-01 0.000000000000000000e+00
-3.372499942779541016e-01 0.000000000000000000e+00
-3.337500095367431641e-01 0.000000000000000000e+00
-3.302499949932098389e-01 0.000000000000000000e+00
-3.267499804496765137e-01 0.000000000000000000e+00
-3.232499957084655762e-01 0.000000000000000000e+00
-3.197500109672546387e-01 0.000000000000000000e+00
-3.162499964237213135e-01 0.000000000000000000e+00
-3.127499818801879883e-01 0.000000000000000000e+00
-3.092499971389770508e-01 0.000000000000000000e+00
-3.057500123977661133e-01 0.000000000000000000e+00
-3.022499978542327881e-01 0.000000000000000000e+00
-2.987499833106994629e-01 0.000000000000000000e+00
-2.952499985694885254e-01 0.000000000000000000e+00
-2.917500138282775879e-01 0.000000000000000000e+00
-2.882499992847442627e-01 0.000000000000000000e+00
-2.847499847412109375e-01 0.000000000000000000e+00
-2.812500000000000000e-01 0.000000000000000000e+00
-2.777500152587890625e-01 0.000000000000000000e+00
-2.742500007152557373e-01 0.000000000000000000e+00
-2.707499861717224121e-01 0.000000000000000000e+00
-2.672500014305114746e-01 0.000000000000000000e+00
-2.637500166893005371e-01 0.000000000000000000e+00
-2.602500021457672119e-01 0.000000000000000000e+00
-2.567499876022338867e-01 0.000000000000000000e+00
-2.532500028610229492e-01 0.000000000000000000e+00
-2.497500032186508179e-01 0.000000000000000000e+00
-2.462500035762786865e-01 0.000000000000000000e+00
-2.427499890327453613e-01 0.000000000000000000e+00
-2.392500042915344238e-01 0.000000000000000000e+00
-2.357499897480010986e-01 0.000000000000000000e+00
-2.322500050067901611e-01 0.000000000000000000e+00
-2.287499904632568359e-01 0.000000000000000000e+00
-2.252500057220458984e-01 0.000000000000000000e+00
-2.217499911785125732e-01 0.000000000000000000e+00
-2.182500064373016357e-01 0.000000000000000000e+00
-2.147499918937683105e-01 0.000000000000000000e+00
-2.112500071525573730e-01 0.000000000000000000e+00
-2.077499926090240479e-01 0.000000000000000000e+00
-2.042500078678131104e-01 0.000000000000000000e+00
-2.007499933242797852e-01 0.000000000000000000e+00
-1.972500085830688477e-01 0.000000000000000000e+00
-1.937499940395355225e-01 0.000000000000000000e+00
-1.902500092983245850e-01 0.000000000000000000e+00
-1.867499947547912598e-01 0.000000000000000000e+00
-1.832500100135803223e-01 0.000000000000000000e+00
-1.797499954700469971e-01 0.000000000000000000e+00
-1.762500107288360596e-01 0.000000000000000000e+00
-1.727499961853027344e-01 0.000000000000000000e+00
-1.692500114440917969e-01 0.000000000000000000e+00
-1.657499969005584717e-01 0.000000000000000000e+00
-1.622500121593475342e-01 0.000000000000000000e+00
-1.587499976158142090e-01 0.000000000000000000e+00
-1.552500128746032715e-01 0.000000000000000000e+00
-1.517499983310699463e-01 0.000000000000000000e+00
-1.482500135898590088e-01 0.000000000000000000e+00
-1.447499990463256836e-01 0.000000000000000000e+00
-1.412500143051147461e-01 0.000000000000000000e+00
-1.377499997615814209e-01 0.000000000000000000e+00
-1.342500001192092896e-01 0.000000000000000000e+00
-1.307500004768371582e-01 0.000000000000000000e+00
-1.272499859333038330e-01 0.000000000000000000e+00
-1.237500011920928955e-01 0.000000000000000000e+00
-1.202500015497207642e-01 0.000000000000000000e+00
-1.167500019073486328e-01 0.000000000000000000e+00
-1.132500022649765015e-01 0.000000000000000000e+00
-1.097500026226043701e-01 0.000000000000000000e+00
-1.062500029802322388e-01 0.000000000000000000e+00
-1.027500033378601074e-01 0.000000000000000000e+00
-9.925000369548797607e-02 0.000000000000000000e+00
-9.574999660253524780e-02 0.000000000000000000e+00
-9.224999696016311646e-02 0.000000000000000000e+00
-8.874999731779098511e-02 0.000000000000000000e+00
-8.524999767541885376e-02 0.000000000000000000e+00
-8.174999803304672241e-02 0.000000000000000000e+00
-7.824999839067459106e-02 0.000000000000000000e+00
-7.474999874830245972e-02 0.000000000000000000e+00
-7.124999910593032837e-02 0.000000000000000000e+00
-6.774999946355819702e-02 0.000000000000000000e+00
-6.424999982118606567e-02 0.000000000000000000e+00
-6.075000017881393433e-02 0.000000000000000000e+00
-5.725000053644180298e-02 0.000000000000000000e+00
-5.375000089406967163e-02 0.000000000000000000e+00
-5.025000125169754028e-02 0.000000000000000000e+00
-4.675000160932540894e-02 0.000000000000000000e+00
-4.325000196695327759e-02 0.000000000000000000e+00
-3.974999859929084778e-02 0.000000000000000000e+00
-3.624999895691871643e-02 0.000000000000000000e+00
-3.274999931454658508e-02 0.000000000000000000e+00
-2.924999967217445374e-02 0.000000000000000000e+00
-2.575000002980232239e-02 0.000000000000000000e+00
-2.225000038743019104e-02 0.000000000000000000e+00
-1.875000074505805969e-02 0.000000000000000000e+00
-1.525000110268592834e-02 0.000000000000000000e+00
-1.174999959766864777e-02 0.000000000000000000e+00
-8.249999955296516418e-03 0.000000000000000000e+00
-4.750000312924385071e-03 0.000000000000000000e+00
-1.249999972060322762e-03 0.000000000000000000e+00
2.250000135973095894e-03 0.000000000000000000e+00
5.750000011175870895e-03 0.000000000000000000e+00
9.250000119209289551e-03 0.000000000000000000e+00
1.274999976158142090e-02 0.000000000000000000e+00
1.624999940395355225e-02 0.000000000000000000e+00
1.974999904632568359e-02 0.000000000000000000e+00
2.325000055134296417e-02 0.000000000000000000e+00
2.675000019371509552e-02 0.000000000000000000e+00
3.025000169873237610e-02 0.000000000000000000e+00
3.375000134110450745e-02 0.000000000000000000e+00
3.725000098347663879e-02 0.000000000000000000e+00
4.075000062584877014e-02 0.000000000000000000e+00
4.425000026822090149e-02 0.000000000000000000e+00
4.774999991059303284e-02 0.000000000000000000e+00
5.124999955296516418e-02 0.000000000000000000e+00
5.474999919533729553e-02 0.000000000000000000e+00
5.824999883770942688e-02 0.000000000000000000e+00
6.175000220537185669e-02 0.000000000000000000e+00
6.525000184774398804e-02 0.000000000000000000e+00
6.875000149011611938e-02 0.000000000000000000e+00
7.225000113248825073e-02 0.000000000000000000e+00
7.575000077486038208e-02 0.000000000000000000e+00
7.925000041723251343e-02 0.000000000000000000e+00
8.275000005960464478e-02 0.000000000000000000e+00
8.624999970197677612e-02 0.000000000000000000e+00
8.974999934434890747e-02 0.000000000000000000e+00
9.324999898672103882e-02 0.000000000000000000e+00
9.674999862909317017e-02 0.000000000000000000e+00
1.002499982714653015e-01 0.000000000000000000e+00
1.037499979138374329e-01 0.000000000000000000e+00
1.072499975562095642e-01 0.000000000000000000e+00
1.107499971985816956e-01 0.000000000000000000e+00
1.142499968409538269e-01 0.000000000000000000e+00
1.177499964833259583e-01 0.000000000000000000e+00
1.212500035762786865e-01 0.000000000000000000e+00
1.247500032186508179e-01 0.000000000000000000e+00
1.282500028610229492e-01 0.000000000000000000e+00
1.317499876022338867e-01 0.000000000000000000e+00
1.352500021457672119e-01 0.000000000000000000e+00
1.387499868869781494e-01 0.000000000000000000e+00
1.422500014305114746e-01 0.000000000000000000e+00
1.457499861717224121e-01 0.000000000000000000e+00
1.492500007152557373e-01 0.000000000000000000e+00
1.527499854564666748e-01 0.000000000000000000e+00
1.562500000000000000e-01 0.000000000000000000e+00
1.597500145435333252e-01 0.000000000000000000e+00
1.632499992847442627e-01 0.000000000000000000e+00
1.667500138282775879e-01 0.000000000000000000e+00
1.702499985694885254e-01 0.000000000000000000e+00
1.737500131130218506e-01 0.000000000000000000e+00
1.772499978542327881e-01 0.000000000000000000e+00
1.807500123977661133e-01 0.000000000000000000e+00
1.842499971389770508e-01 0.000000000000000000e+00
1.877500116825103760e-01 0.000000000000000000e+00
1.912499964237213135e-01 0.000000000000000000e+00
1.947500109672546387e-01 0.000000000000000000e+00
1.982499957084655762e-01 0.000000000000000000e+00
2.017500102519989014e-01 0.000000000000000000e+00
2.052499949932098389e-01 0.000000000000000000e+00
2.087500095367431641e-01 0.000000000000000000e+00
2.122499942779541016e-01 0.000000000000000000e+00
2.157500088214874268e-01 0.000000000000000000e+00
2.192499935626983643e-01 0.000000000000000000e+00
2.227500081062316895e-01 0.000000000000000000e+00
2.262499928474426270e-01 0.000000000000000000e+00
2.297500073909759521e-01 0.000000000000000000e+00
2.332499921321868896e-01 0.000000000000000000e+00
2.367500066757202148e-01 0.000000000000000000e+00
2.402499914169311523e-01 0.000000000000000000e+00
2.437500059604644775e-01 0.000000000000000000e+00
2.472499907016754150e-01 0.000000000000000000e+00
2.507500052452087402e-01 0.000000000000000000e+00
2.542499899864196777e-01 0.000000000000000000e+00
2.577500045299530029e-01 0.000000000000000000e+00
2.612500190734863281e-01 0.000000000000000000e+00
2.647500038146972656e-01 0.000000000000000000e+00
2.682499885559082031e-01 0.000000000000000000e+00
2.717500030994415283e-01 0.000000000000000000e+00
2.752500176429748535e-01 0.000000000000000000e+00
2.787500023841857910e-01 0.000000000000000000e+00
2.822499871253967285e-01 0.000000000000000000e+00
2.857500016689300537e-01 0.000000000000000000e+00
2.892500162124633789e-01 0.000000000000000000e+00
2.927500009536743164e-01 0.000000000000000000e+00
2.962499856948852539e-01 0.000000000000000000e+00
2.997500002384185791e-01 0.000000000000000000e+00
3.032500147819519043e-01 0.000000000000000000e+00
3.067499995231628418e-01 0.000000000000000000e+00
3.102499842643737793e-01 0.000000000000000000e+00
3.137499988079071045e-01 0.000000000000000000e+00
3.172500133514404297e-01 0.000000000000000000e+00
3.207499980926513672e-01 0.000000000000000000e+00
3.242499828338623047e-01 0.000000000000000000e+00
3.277499973773956299e-01 0.000000000000000000e+00
3.312500119209289551e-01 0.000000000000000000e+00
3.347499966621398926e-01 0.000000000000000000e+00
3.382499814033508301e-01 0.000000000000000000e+00
3.417499959468841553e-01 0.000000000000000000e+00
3.452500104904174805e-01 0.000000000000000000e+00
3.487499952316284180e-01 0.000000000000000000e+00
3.522499799728393555e-01 0.000000000000000000e+00
3.557499945163726807e-01 0.000000000000000000e+00
3.592500090599060059e-01 0.000000000000000000e+00
3.627499938011169434e-01 0.000000000000000000e+00
3.662499785423278809e-01 0.000000000000000000e+00
3.697499930858612061e-01 0.000000000000000000e+00
3.732500076293945312e-01 0.000000000000000000e+00
3.767499923706054688e-01 0.000000000000000000e+00
3.802500069141387939e-01 0.000000000000000000e+00
3.837500214576721191e-01 0.000000000000000000e+00
3.872500061988830566e-01 0.000000000000000000e+00
3.907499909400939941e-01 0.000000000000000000e+00
3.942500054836273193e-01 0.000000000000000000e+00
3.977500200271606445e-01 0.000000000000000000e+00
4.012500047683715820e-01 0.000000000000000000e+00
4.047499895095825195e-01 0.000000000000000000e+00
4.082500040531158447e-01 0.000000000000000000e+00
4.117500185966491699e-01 2.705292501704886280e-07
4.152500033378601074e-01 0.000000000000000000e+00
4.187499880790710449e-01 0.000000000000000000e+00
4.222500026226043701e-01 1.166569936559009269e-07
4.257500171661376953e-01 0.000000000000000000e+00
4.292500019073486328e-01 0.000000000000000000e+00
4.327499866485595703e-01 0.000000000000000000e+00
4.362500011920928955e-01 0.000000000000000000e+00
4.397500157356262207e-01 0.000000000000000000e+00
4.432500004768371582e-01 2.420672827087373322e-07
4.467499852180480957e-01 0.000000000000000000e+00
4.502499997615814209e-01 9.460110522357978424e-08
4.537500143051147461e-01 0.000000000000000000e+00
4.572499990463256836e-01 0.000000000000000000e+00
4.607499837875366211e-01 3.144019672348045189e-08
4.642499983310699463e-01 2.924668329383442309e-07
4.677500128746032715e-01 0.000000000000000000e+00
4.712499976158142090e-01 0.000000000000000000e+00
4.747499823570251465e-01 1.842338153953711879e-09
4.782499969005584717e-01 0.000000000000000000e+00
4.817500114440917969e-01 3.130486740910672467e-08
4.852499961853027344e-01 2.269703861589074217e-08
4.887499809265136719e-01 1.055368282297601970e-08
4.922499954700469971e-01 2.197974805826290057e-07
4.957500100135803223e-01 5.783403808213283342e-07
4.992499947547912598e-01 3.710324246642775019e-07
5.027499794960021973e-01 5.171039113737342206e-07
5.062500238418579102e-01 7.103462583362726985e-07
5.097500085830688477e-01 5.434533685529688374e-07
5.132499933242797852e-01 9.638165916756825554e-07
5.167499780654907227e-01 1.547401582616789031e-07
5.202499628067016602e-01 5.842803588802598956e-07
5.237500071525573730e-01 9.696569047525664938e-07
5.272499918937683105e-01 8.288180890731620299e-07
5.307500362396240234e-01 1.527258123471748858e-06
5.342500209808349609e-01 7.901508030668807877e-07
5.377500057220458984e-01 7.796333781604982102e-07
5.412499904632568359e-01 1.347563552801382687e-06
5.447499752044677734e-01 1.995340281447194524e-06
5.482500195503234863e-01 1.938522816290292082e-06
5.517500042915344238e-01 2.002543494829643261e-06
5.552499890327453613e-01 2.731266522589012638e-06
5.587500333786010742e-01 3.335916526038819653e-06
5.622500181198120117e-01 1.899571829928267192e-06
5.657500028610229492e-01 3.259585710135931565e-06
5.692499876022338867e-01 4.453888153163026259e-06
5.727499723434448242e-01 4.896471382940536274e-06
5.762500166893005371e-01 3.003799106397726309e-06
5.797500014305114746e-01 2.222340270629247283e-06
5.832499861717224121e-01 5.050865695665628948e-06
5.867500305175781250e-01 4.814607000089764754e-06
5.902500152587890625e-01 6.546898260578879245e-06
5.937500000000000000e-01 5.574903596196252134e-06
5.972499847412109375e-01 7.464102673389841080e-06
6.007499694824218750e-01 5.003164144269376984e-06
6.042500138282775879e-01 5.111084081545460662e-06
6.077499985694885254e-01 5.617105082877198740e-06
6.112499833106994629e-01 5.963207877717271332e-06
6.147500276565551758e-01 8.345179933039334624e-06
6.182500123977661133e-01 6.868723766221032409e-06
6.217499971389770508e-01 9.497925901963184017e-06
6.252499818801879883e-01 1.101003755538556220e-05
6.287499666213989258e-01 1.065192607374096204e-05
6.322500109672546387e-01 1.182715244528175894e-05
6.357499957084655762e-01 9.626812882628680375e-06
6.392499804496765137e-01 1.187065634053350215e-05
6.427500247955322266e-01 1.234317854934622879e-05
6.462500095367431641e-01 1.149035304163115172e-05
6.497499942779541016e-01 1.635703483757483415e-05
6.532499790191650391e-01 9.320925205398489021e-06
6.567499637603759766e-01 1.371955432833591742e-05
6.602500081062316895e-01 1.755772558896974824e-05
6.637499928474426270e-01 1.898300027548035029e-05
6.672500371932983398e-01 1.536772500490032309e-05
6.707500219345092773e-01 1.551046676641226017e-05
6.742500066757202148e-01 1.943797694421884142e-05
6.777499914169311523e-01 1.885020388867169721e-05
6.812499761581420898e-01 2.192635757695404210e-05
6.847500205039978027e-01 1.980658381963038911e-05
6.882500052452087402e-01 1.969381417278741577e-05
6.917499899864196777e-01 2.007442182309343757e-05
6.952500343322753906e-01 2.221842950966562640e-05
6.987500190734863281e-01 2.479742450241748062e-05
7.022500038146972656e-01 2.495949812013937040e-05
7.057499885559082031e-01 3.068315975931395004e-05
7.092499732971191406e-01 2.323233581226368156e-05
7.127500176429748535e-01 2.199942314576413914e-05
7.162500023841857910e-01 2.727764672335196137e-05
7.197499871253967285e-01 3.193203457888220268e-05
7.232500314712524414e-01 2.973446662475809336e-05
7.267500162124633789e-01 2.611521070567509928e-05
7.302500009536743164e-01 3.236187008404005832e-05
7.337499856948852539e-01 2.319561343366812711e-05
7.372499704360961914e-01 3.249816734826845493e-05
7.407500147819519043e-01 2.991240186394615675e-05
7.442499995231628418e-01 2.910393030584194679e-05
7.477499842643737793e-01 3.077730323483765095e-05
7.512500286102294922e-01 4.166546962006179337e-05
7.547500133514404297e-01 3.245211120060894266e-05
7.582499980926513672e-01 3.327702309284798709e-05
7.617499828338623047e-01 3.068176714468575462e-05
7.652499675750732422e-01 3.353392879678939652e-05
7.687500119209289551e-01 3.116830918482167668e-05
7.722499966621398926e-01 3.662260812846482424e-05
7.757499814033508301e-01 3.753440480315368131e-05
7.792500257492065430e-01 3.253158277045953858e-05
7.827500104904174805e-01 4.185734672293075088e-05
7.862499952316284180e-01 4.222137212700055451e-05
7.897499799728393555e-01 3.029534037272169387e-05
7.932499647140502930e-01 3.028581222813280682e-05
7.967500090599060059e-01 4.045411855549995356e-05
8.002499938011169434e-01 4.400099385301510919e-05
8.037499785423278809e-01 4.186180079133132838e-05
8.072500228881835938e-01 3.476129377187228123e-05
8.107500076293945312e-01 4.037334122601065104e-05
8.142499923706054688e-01 3.979695492611304720e-05
8.177499771118164062e-01 3.599360552231686394e-05
8.212500214576721191e-01 3.811508537636354129e-05
8.247500061988830566e-01 3.748602119664173855e-05
8.282499909400939941e-01 3.812202887789506212e-05
8.317500352859497070e-01 4.627139766907892527e-05
8.352500200271606445e-01 4.769189011329593120e-05
8.387500047683715820e-01 4.276616198607123434e-05
8.422499895095825195e-01 4.024008738103094655e-05
8.457499742507934570e-01 4.047658051802982950e-05
8.492500185966491699e-01 3.675441641855335396e-05
8.527500033378601074e-01 2.903672156177860024e-05
8.562499880790710449e-01 3.947743724360429417e-05
8.597500324249267578e-01 4.054366283634738827e-05
8.632500171661376953e-01 4.071000831273987518e-05
8.667500019073486328e-01 4.073126496572542681e-05
8.702499866485595703e-01 4.103991719909330502e-05
8.737499713897705078e-01 3.619297875152420609e-05
8.772500157356262207e-01 4.334972144791668760e-05
8.807500004768371582e-01 3.674295403257561785e-05
8.842499852180480957e-01 3.787642748992930069e-05
8.877500295639038086e-01 3.889256432483949593e-05
8.912500143051147461e-01 3.104868287402396770e-05
8.947499990463256836e-01 3.860860756818626624e-05
8.982499837875366211e-01 4.090332743318845051e-05
9.017499685287475586e-01 3.540139898016090968e-05
9.052500128746032715e-01 3.078803463099996250e-05
9.087499976158142090e-01 3.603042835079956559e-05
9.122499823570251465e-01 3.245890039804109228e-05
9.157500267028808594e-01 4.076657672219921488e-05
9.192500114440917969e-01 3.339915071303472047e-05
9.227499961853027344e-01 3.630240483155623655e-05
9.262499809265136719e-01 3.594562813179823186e-05
9.297499656677246094e-01 3.306924065574002377e-05
9.332500100135803223e-01 3.713793478373925253e-05
9.367499947547912598e-01 4.010795964617321644e-05
9.402499794960021973e-01 3.452123153773640227e-05
9.437500238418579102e-01 3.463179047717966527e-05
9.472500085830688477e-01 2.539330187758687818e-05
9.507499933242797852e-01 2.651166849962399136e-05
9.542499780654907227e-01 4.008327550243206120e-05
9.577499628067016602e-01 2.907939704621114273e-05
9.612500071525573730e-01 3.578360815732002149e-05
9.647499918937683105e-01 1.996969744654759901e-05
9.682500362396240234e-01 3.120586558701101342e-05
9.717500209808349609e-01 3.141798882571928444e-05
9.752500057220458984e-01 2.665809348648901167e-05
9.787499904632568359e-01 3.412199697492828695e-05
9.822499752044677734e-01 2.774026665605851339e-05
9.857500195503234863e-01 3.295192987403622689e-05
9.892500042915344238e-01 3.153433168784004244e-05
9.927499890327453613e-01 2.487078454028526989e-05
9.962500333786010742e-01 2.014380083767461062e-05
9.997500181198120117e-01 3.160192229931248854e-05
1.003250002861022949e+00 1.945461903610406823e-05
1.006749987602233887e+00 3.349292245418290776e-05
1.010249972343444824e+00 2.246253686304926521e-05
1.013749957084655762e+00 2.927971505882985469e-05
1.017250061035156250e+00 1.516593091633435255e-05
1.020750045776367188e+00 2.336340749968674127e-05
1.024250030517578125e+00 1.873868906404409397e-05
1.027750015258789062e+00 1.810767118644322413e-05
1.031250000000000000e+00 1.397902714221332345e-05
1.034749984741210938e+00 2.041634415393651187e-05
1.038249969482421875e+00 1.980406189936408844e-05
1.041749954223632812e+00 2.201121330657121450e-05
1.045249938964843750e+00 2.338958932946059047e-05
1.048750042915344238e+00 1.568744812998715965e-05
1.052250027656555176e+00 2.047997608030178434e-05
1.055750012397766113e+00 1.665346970625974847e-05
1.059249997138977051e+00 2.133873069014727159e-05
1.062749981880187988e+00 1.786522677898937176e-05
1.066249966621398926e+00 1.205624196048391208e-05
1.069749951362609863e+00 1.799186034827371383e-05
1.073250055313110352e+00 1.518624730646907228e-05
1.076750040054321289e+00 1.858483122606157073e-05
1.080250024795532227e+00 2.224581411181274140e-05
1.083750009536743164e+00 2.160118195193575904e-05
1.087249994277954102e+00 1.754449684606497177e-05
1.090749979019165039e+00 1.720077582638264110e-05
1.094249963760375977e+00 1.574950570615433860e-05
1.097749948501586914e+00 1.589791220774219123e-05
1.101249933242797852e+00 1.693609953860007812e-05
1.104750037193298340e+00 1.403717967978813591e-05
1.108250021934509277e+00 1.557265372562004649e-05
1.111750006675720215e+00 7.982641769287844482e-06
1.115249991416931152e+00 1.774042450502498987e-05
1.118749976158142090e+00 1.395159269893233674e-05
1.122249960899353027e+00 1.164532553139629420e-05
1.125750064849853516e+00 8.030958893545760822e-06
1.129250049591064453e+00 1.766021634220714965e-05
1.132750034332275391e+00 1.359228260626929812e-05
1.136250019073486328e+00 1.329931654839029095e-05
1.139750003814697266e+00 1.216497101814865185e-05
1.143249988555908203e+00 8.058045440348027473e-06
1.146749973297119141e+00 6.290180232473019418e-06
1.150249958038330078e+00 1.701672113263614722e-05
1.153749942779541016e+00 1.046044262472326055e-05
1.157250046730041504e+00 8.990545124114688620e-06
1.160750031471252441e+00 1.145806198720791091e-05
1.164250016212463379e+00 9.676282826128778828e-06
1.167750000953674316e+00 8.807752091430228085e-06
1.171249985694885254e+00 1.111855323523813275e-05
1.174749970436096191e+00 8.908300229585679018e-06
1.178249955177307129e+00 4.338286181999550747e-06
1.181750059127807617e+00 1.264851255193165620e-05
1.185250043869018555e+00 8.654035521175368920e-06
1.188750028610229492e+00 6.663207139760155066e-06
1.192250013351440430e+00 1.001110275675477158e-05
1.195749998092651367e+00 8.735803397911272568e-06
1.199249982833862305e+00 7.885907049694272050e-06
1.202749967575073242e+00 8.730673106653888011e-06
1.206249952316284180e+00 7.236340004269120499e-06
1.209749937057495117e+00 3.871586494177328725e-06
1.213250041007995605e+00 9.540058600287874417e-06
1.216750025749206543e+00 5.589896408917365627e-06
1.220250010490417480e+00 3.299322201227566277e-06
1.223749995231628418e+00 7.244346844038328587e-06
1.227249979972839355e+00 6.851885959787805848e-06
1.230749964714050293e+00 7.360229896318845526e-06
1.234249949455261230e+00 4.420715781249439607e-06
1.237750053405761719e+00 2.213868676626575231e-06
1.241250038146972656e+00 4.794350315195059483e-06
1.244750022888183594e+00 3.409509182147139562e-06
1.248250007629394531e+00 8.238045625881992073e-06
1.251749992370605469e+00 7.971847172569733071e-06
1.255249977111816406e+00 3.442818396722722940e-06
1.258749961853027344e+00 6.577773847421156259e-06
1.262249946594238281e+00 2.635726618768509835e-06
1.265750050544738770e+00 5.740299115263143685e-06
1.269250035285949707e+00 2.438916501449752145e-06
1.272750020027160645e+00 1.313722094362103316e-06
1.276250004768371582e+00 6.038096838360808522e-06
1.279749989509582520e+00 4.342248225626939518e-06
1.283249974250793457e+00 3.398892685281582778e-06
1.286749958992004395e+00 1.546723532529507794e-06
1.290250062942504883e+00 4.941905256383215145e-06
1.293750047683715820e+00 2.637552816694378024e-06
1.297250032424926758e+00 2.179271145752125317e-06
1.300750017166137695e+00 3.935407947440008811e-06
1.304250001907348633e+00 5.623614098606858381e-06
1.307749986648559570e+00 5.289683977183992652e-06
1.311249971389770508e+00 8.920971657032974786e-07
1.314749956130981445e+00 1.495881582549888118e-06
1.318249940872192383e+00 3.324224527157059821e-06
1.321750044822692871e+00 7.899567502218196951e-07
1.325250029563903809e+00 1.442250782591962864e-06
1.328750014305114746e+00 3.353406425592626877e-06
1.332249999046325684e+00 1.462621501365299419e-06
1.335749983787536621e+00 1.803136694754172576e-06
1.339249968528747559e+00 9.147145916066456262e-07
1.342749953269958496e+00 2.884897962673251986e-06
1.346250057220458984e+00 2.202507998816742292e-06
1.349750041961669922e+00 3.808665752322212518e-06
1.353250026702880859e+00 2.042573390627903374e-06
1.356750011444091797e+00 2.340237031096024128e-06
1.360249996185302734e+00 5.455396349424859541e-06
1.363749980926513672e+00 3.399500528046708709e-07
1.367249965667724609e+00 9.035254746439044786e-07
1.370749950408935547e+00 3.264600719537534531e-06
1.374249935150146484e+00 1.047501986426870864e-06
1.377750039100646973e+00 5.871655207290045549e-07
1.381250023841857910e+00 3.682311103508572585e-06
1.384750008583068848e+00 6.853240303769566136e-07
1.388249993324279785e+00 1.753869376359984695e-06
1.391749978065490723e+00 8.409056813285402908e-07
1.395249962806701660e+00 1.407569000796505178e-06
1.398750066757202148e+00 1.724105424694587473e-06
1.402250051498413086e+00 2.886911403974176207e-07
1.405750036239624023e+00 2.587343954619181272e-06
1.409250020980834961e+00 1.040812924708599315e-06
1.412750005722045898e+00 1.625168563156017449e-06
1.416249990463256836e+00 2.319691786426776076e-07
1.419749975204467773e+00 0.000000000000000000e+00
1.423249959945678711e+00 7.891397934936623700e-07
1.426749944686889648e+00 1.562856224919021980e-06
1.430250048637390137e+00 2.214476887071488573e-06
1.433750033378601074e+00 1.392433725063873532e-06
1.437250018119812012e+00 3.216464991847521464e-06
1.440750002861022949e+00 1.351799138087135938e-06
1.444249987602233887e+00 6.989382797292423630e-07
1.447749972343444824e+00 1.125853431617473722e-06
1.451249957084655762e+00 9.752033944382989197e-07
1.454750061035156250e+00 1.697796017568415991e-06
1.458250045776367188e+00 3.175364733230333792e-08
1.461750030517578125e+00 0.000000000000000000e+00
1.465250015258789062e+00 6.479261889990280282e-07
1.468750000000000000e+00 3.838256095289202210e-09
1.472249984741210938e+00 7.993417599100327014e-07
1.475749969482421875e+00 2.673016834787849848e-06
1.479249954223632812e+00 1.640269887425066197e-07
1.482749938964843750e+00 3.131886849575164885e-07
1.486250042915344238e+00 1.074180486532107755e-06
1.489750027656555176e+00 1.181728264545806124e-08
1.493250012397766113e+00 2.596815427842035470e-06
1.496749997138977051e+00 2.277134052496653154e-06
1.500249981880187988e+00 1.081521752074495557e-06
1.503749966621398926e+00 0.000000000000000000e+00
1.507249951362609863e+00 8.446704008420840788e-07
1.510750055313110352e+00 4.841708461020999473e-07
1.514250040054321289e+00 1.569632581025338461e-06
1.517750024795532227e+00 5.612284427301789982e-07
1.521250009536743164e+00 0.000000000000000000e+00
1.524749994277954102e+00 0.000000000000000000e+00
1.528249979019165039e+00 1.242785514548106503e-06
1.531749963760375977e+00 0.000000000000000000e+00
1.535249948501586914e+00 2.789461146167245616e-07
1.538749933242797852e+00 2.417390750630326811e-06
1.542250037193298340e+00 1.293044145650972604e-07
1.545750021934509277e+00 6.869752629519851136e-09
1.549250006675720215e+00 0.000000000000000000e+00
1.552749991416931152e+00 4.330526568618758922e-08
1.556249976158142090e+00 9.081866651783284475e-07
1.559749960899353027e+00 2.736264933538515933e-08
1.563250064849853516e+00 3.631281057309614065e-08
1.566750049591064453e+00 1.516703086227472174e-06
1.570250034332275391e+00 0.000000000000000000e+00
1.573750019073486328e+00 0.000000000000000000e+00
1.577250003814697266e+00 0.000000000000000000e+00
1.580749988555908203e+00 0.000000000000000000e+00
1.584249973297119141e+00 2.097045306567800232e-08
1.587749958038330078e+00 6.553561259346183632e-08
1.591249942779541016e+00 5.651844331443304664e-07
1.594750046730041504e+00 1.813750747094791889e-07
1.598250031471252441e+00 0.000000000000000000e+00
1.601750016212463379e+00 0.000000000000000000e+00
1.605250000953674316e+00 0.000000000000000000e+00
1.608749985694885254e+00 0.000000000000000000e+00
1.612249970436096191e+00 0.000000000000000000e+00
1.615749955177307129e+00 0.000000000000000000e+00
1.619250059127807617e+00 0.000000000000000000e+00
1.622750043869018555e+00 1.860187413870070836e-07
1.626250028610229492e+00 0.000000000000000000e+00
1.629750013351440430e+00 0.000000000000000000e+00
1.633249998092651367e+00 0.000000000000000000e+00
1.636749982833862305e+00 0.000000000000000000e+00
1.640249967575073242e+00 0.000000000000000000e+00
1.643749952316284180e+00 0.000000000000000000e+00
1.647249937057495117e+00 0.000000000000000000e+00
1.650750041007995605e+00 0.000000000000000000e+00
1.654250025749206543e+00 0.000000000000000000e+00
1.657750010490417480e+00 0.000000000000000000e+00
1.661249995231628418e+00 2.598009573932882113e-07
1.664749979972839355e+00 0.000000000000000000e+00
1.668249964714050293e+00 0.000000000000000000e+00
1.671749949455261230e+00 0.000000000000000000e+00
1.675250053405761719e+00 6.510495391260323799e-07
1.678750038146972656e+00 0.000000000000000000e+00
1.682250022888183594e+00 0.000000000000000000e+00
1.685750007629394531e+00 0.000000000000000000e+00
1.689249992370605469e+00 0.000000000000000000e+00
1.692749977111816406e+00 0.000000000000000000e+00
1.696249961853027344e+00 0.000000000000000000e+00
1.699749946594238281e+00 0.000000000000000000e+00
1.703250050544738770e+00 0.000000000000000000e+00
1.706750035285949707e+00 0.000000000000000000e+00
1.710250020027160645e+00 0.000000000000000000e+00
1.713750004768371582e+00 0.000000000000000000e+00
1.717249989509582520e+00 0.000000000000000000e+00
1.720749974250793457e+00 0.000000000000000000e+00
1.724249958992004395e+00 9.346707540846456169e-07
1.727750062942504883e+00 5.643680584639524636e-07
1.731250047683715820e+00 0.000000000000000000e+00
1.734750032424926758e+00 0.000000000000000000e+00
1.738250017166137695e+00 0.000000000000000000e+00
1.741750001907348633e+00 0.000000000000000000e+00
1.745249986648559570e+00 0.000000000000000000e+00
1.748749971389770508e+00 0.000000000000000000e+00
1.752249956130981445e+00 0.000000000000000000e+00
1.755749940872192383e+00 0.000000000000000000e+00
1.759250044822692871e+00 0.000000000000000000e+00
1.762750029563903809e+00 0.000000000000000000e+00
1.766250014305114746e+00 0.000000000000000000e+00
1.769749999046325684e+00 0.000000000000000000e+00
1.773249983787536621e+00 0.000000000000000000e+00
1.776749968528747559e+00 0.000000000000000000e+00
1.780249953269958496e+00 0.000000000000000000e+00
1.783750057220458984e+00 0.000000000000000000e+00
1.787250041961669922e+00 0.000000000000000000e+00
1.790750026702880859e+00 0.000000000000000000e+00
1.794250011444091797e+00 0.000000000000000000e+00
1.797749996185302734e+00 0.000000000000000000e+00
1.801249980926513672e+00 0.000000000000000000e+00
1.804749965667724609e+00 0.000000000000000000e+00
1.808249950408935547e+00 0.000000000000000000e+00
1.811749935150146484e+00 0.000000000000000000e+00
1.815250039100646973e+00 0.000000000000000000e+00
1.818750023841857910e+00 0.000000000000000000e+00
1.822250008583068848e+00 0.000000000000000000e+00
1.825749993324279785e+00 0.000000000000000000e+00
1.829249978065490723e+00 0.000000000000000000e+00
1.832749962806701660e+00 0.000000000000000000e+00
1.836250066757202148e+00 0.000000000000000000e+00
1.839750051498413086e+00 0.000000000000000000e+00
1.843250036239624023e+00 0.000000000000000000e+00
1.846750020980834961e+00 0.000000000000000000e+00
1.850250005722045898e+00 0.000000000000000000e+00
1.853749990463256836e+00 0.000000000000000000e+00
1.857249975204467773e+00 0.000000000000000000e+00
1.860749959945678711e+00 0.000000000000000000e+00
1.864249944686889648e+00 0.000000000000000000e+00
1.867750048637390137e+00 0.000000000000000000e+00
1.871250033378601074e+00 0.000000000000000000e+00
1.874750018119812012e+00 0.000000000000000000e+00
1.878250002861022949e+00 0.000000000000000000e+00
1.881749987602233887e+00 0.000000000000000000e+00
1.885249972343444824e+00 0.000000000000000000e+00
1.888749957084655762e+00 0.000000000000000000e+00
1.892250061035156250e+00 0.000000000000000000e+00
1.895750045776367188e+00 0.000000000000000000e+00
1.899250030517578125e+00 0.000000000000000000e+00
1.902750015258789062e+00 0.000000000000000000e+00
1.906250000000000000e+00 0.000000000000000000e+00
1.909749984741210938e+00 0.000000000000000000e+00
1.913249969482421875e+00 0.000000000000000000e+00
1.916749954223632812e+00 0.000000000000000000e+00
1.920249938964843750e+00 0.000000000000000000e+00
1.923750042915344238e+00 0.000000000000000000e+00
1.927250027656555176e+00 0.000000000000000000e+00
1.930750012397766113e+00 0.000000000000000000e+00
1.934249997138977051e+00 0.000000000000000000e+00
1.937749981880187988e+00 0.000000000000000000e+00
1.941249966621398926e+00 0.000000000000000000e+00
1.944749951362609863e+00 0.000000000000000000e+00
1.948250055313110352e+00 0.000000000000000000e+00
1.951750040054321289e+00 0.000000000000000000e+00
1.955250024795532227e+00 0.000000000000000000e+00
1.958750009536743164e+00 0.000000000000000000e+00
1.962249994277954102e+00 0.000000000000000000e+00
1.965749979019165039e+00 0.000000000000000000e+00
1.969249963760375977e+00 0.000000000000000000e+00
1.972749948501586914e+00 0.000000000000000000e+00
1.976249933242797852e+00 0.000000000000000000e+00
1.979750037193298340e+00 0.000000000000000000e+00
1.983250021934509277e+00 0.000000000000000000e+00
1.986750006675720215e+00 0.000000000000000000e+00
1.990249991416931152e+00 0.000000000000000000e+00
1.993749976158142090e+00 0.000000000000000000e+00
1.997249960899353027e+00 0.000000000000000000e+00
2.000750064849853516e+00 0.000000000000000000e+00
2.004250049591064453e+00 0.000000000000000000e+00
2.007750034332275391e+00 0.000000000000000000e+00
2.011250019073486328e+00 0.000000000000000000e+00
2.014750003814697266e+00 0.000000000000000000e+00
2.018249988555908203e+00 0.000000000000000000e+00
2.021749973297119141e+00 0.000000000000000000e+00
2.025249958038330078e+00 0.000000000000000000e+00
2.028749942779541016e+00 0.000000000000000000e+00
2.032249927520751953e+00 0.000000000000000000e+00
2.035749912261962891e+00 0.000000000000000000e+00
2.039249897003173828e+00 0.000000000000000000e+00
2.042749881744384766e+00 0.000000000000000000e+00
2.046250104904174805e+00 0.000000000000000000e+00
2.049750089645385742e+00 0.000000000000000000e+00
2.053250074386596680e+00 0.000000000000000000e+00
2.056750059127807617e+00 0.000000000000000000e+00
2.060250043869018555e+00 0.000000000000000000e+00
2.063750028610229492e+00 0.000000000000000000e+00
2.067250013351440430e+00 0.000000000000000000e+00
2.070749998092651367e+00 0.000000000000000000e+00
2.074249982833862305e+00 0.000000000000000000e+00
2.077749967575073242e+00 0.000000000000000000e+00
2.081249952316284180e+00 0.000000000000000000e+00
2.084749937057495117e+00 0.000000000000000000e+00
2.088249921798706055e+00 0.000000000000000000e+00
2.091749906539916992e+00 0.000000000000000000e+00
2.095249891281127930e+00 0.000000000000000000e+00
2.098750114440917969e+00 0.000000000000000000e+00
2.102250099182128906e+00 0.000000000000000000e+00
2.105750083923339844e+00 0.000000000000000000e+00
2.109250068664550781e+00 0.000000000000000000e+00
2.112750053405761719e+00 0.000000000000000000e+00
2.116250038146972656e+00 0.000000000000000000e+00
2.119750022888183594e+00 0.000000000000000000e+00
2.123250007629394531e+00 0.000000000000000000e+00
2.126749992370605469e+00 0.000000000000000000e+00
2.130249977111816406e+00 0.000000000000000000e+00
2.133749961853027344e+00 0.000000000000000000e+00
2.137249946594238281e+00 0.000000000000000000e+00
2.140749931335449219e+00 0.000000000000000000e+00
2.144249916076660156e+00 0.000000000000000000e+00
2.147749900817871094e+00 0.000000000000000000e+00
2.151249885559082031e+00 0.000000000000000000e+00
2.154750108718872070e+00 0.000000000000000000e+00
2.158250093460083008e+00 0.000000000000000000e+00
2.161750078201293945e+00 0.000000000000000000e+00
2.165250062942504883e+00 0.000000000000000000e+00
2.168750047683715820e+00 0.000000000000000000e+00
2.172250032424926758e+00 0.000000000000000000e+00
2.175750017166137695e+00 0.000000000000000000e+00
2.179250001907348633e+00 0.000000000000000000e+00
2.182749986648559570e+00 0.000000000000000000e+00
2.186249971389770508e+00 0.000000000000000000e+00
2.189749956130981445e+00 0.000000000000000000e+00
2.193249940872192383e+00 0.000000000000000000e+00
2.196749925613403320e+00 0.000000000000000000e+00
2.200249910354614258e+00 0.000000000000000000e+00
2.203749895095825195e+00 0.000000000000000000e+00
2.207250118255615234e+00 0.000000000000000000e+00
2.210750102996826172e+00 0.000000000000000000e+00
2.214250087738037109e+00 0.000000000000000000e+00
2.217750072479248047e+00 0.000000000000000000e+00
2.221250057220458984e+00 0.000000000000000000e+00
2.224750041961669922e+00 0.000000000000000000e+00
2.228250026702880859e+00 0.000000000000000000e+00
2.231750011444091797e+00 0.000000000000000000e+00
2.235249996185302734e+00 0.000000000000000000e+00
2.238749980926513672e+00 0.000000000000000000e+00
2.242249965667724609e+00 0.000000000000000000e+00
2.245749950408935547e+00 0.000000000000000000e+00
2.249249935150146484e+00 0.000000000000000000e+00
2.252749919891357422e+00 0.000000000000000000e+00
2.256249904632568359e+00 0.000000000000000000e+00
2.259749889373779297e+00 0.000000000000000000e+00
2.263249874114990234e+00 0.000000000000000000e+00
2.266750097274780273e+00 0.000000000000000000e+00
2.270250082015991211e+00 0.000000000000000000e+00
2.273750066757202148e+00 0.000000000000000000e+00
2.277250051498413086e+00 0.000000000000000000e+00
2.280750036239624023e+00 0.000000000000000000e+00
2.284250020980834961e+00 0.000000000000000000e+00
2.287750005722045898e+00 0.000000000000000000e+00
2.291249990463256836e+00 0.000000000000000000e+00
2.294749975204467773e+00 0.000000000000000000e+00
2.298249959945678711e+00 0.000000000000000000e+00
2.301749944686889648e+00 0.000000000000000000e+00
2.305249929428100586e+00 0.000000000000000000e+00
2.308749914169311523e+00 0.000000000000000000e+00
2.312249898910522461e+00 0.000000000000000000e+00
2.315750122070312500e+00 0.000000000000000000e+00
2.319250106811523438e+00 0.000000000000000000e+00
2.322750091552734375e+00 0.000000000000000000e+00
2.326250076293945312e+00 0.000000000000000000e+00
2.329750061035156250e+00 0.000000000000000000e+00
2.333250045776367188e+00 0.000000000000000000e+00
2.336750030517578125e+00 0.000000000000000000e+00
2.340250015258789062e+00 0.000000000000000000e+00
2.343750000000000000e+00 0.000000000000000000e+00
2.347249984741210938e+00 0.000000000000000000e+00
2.350749969482421875e+00 0.000000000000000000e+00
2.354249954223632812e+00 0.000000000000000000e+00
2.357749938964843750e+00 0.000000000000000000e+00
2.361249923706054688e+00 0.000000000000000000e+00
2.364749908447265625e+00 0.000000000000000000e+00
2.368249893188476562e+00 0.000000000000000000e+00
2.371749877929687500e+00 0.000000000000000000e+00
2.375250101089477539e+00 0.000000000000000000e+00
2.378750085830688477e+00 0.000000000000000000e+00
2.382250070571899414e+00 0.000000000000000000e+00
2.385750055313110352e+00 0.000000000000000000e+00
2.389250040054321289e+00 0.000000000000000000e+00
2.392750024795532227e+00 0.000000000000000000e+00
2.396250009536743164e+00 0.000000000000000000e+00
2.399749994277954102e+00 0.000000000000000000e+00
2.403249979019165039e+00 0.000000000000000000e+00
2.406749963760375977e+00 0.000000000000000000e+00
2.410249948501586914e+00 0.000000000000000000e+00
2.413749933242797852e+00 0.000000000000000000e+00
2.417249917984008789e+00 0.000000000000000000e+00
2.420749902725219727e+00 0.000000000000000000e+00
2.424250125885009766e+00 0.000000000000000000e+00
2.427750110626220703e+00 0.000000000000000000e+00
2.431250095367431641e+00 0.000000000000000000e+00
2.434750080108642578e+00 0.000000000000000000e+00
2.438250064849853516e+00 0.000000000000000000e+00
2.441750049591064453e+00 0.000000000000000000e+00
2.445250034332275391e+00 0.000000000000000000e+00
2.448750019073486328e+00 0.000000000000000000e+00
2.452250003814697266e+00 0.000000000000000000e+00
2.455749988555908203e+00 0.000000000000000000e+00
2.459249973297119141e+00 0.000000000000000000e+00
2.462749958038330078e+00 0.000000000000000000e+00
2.466249942779541016e+00 0.000000000000000000e+00
2.469749927520751953e+00 0.000000000000000000e+00
2.473249912261962891e+00 0.000000000000000000e+00
2.476749897003173828e+00 0.000000000000000000e+00
2.480249881744384766e+00 0.000000000000000000e+00
2.483750104904174805e+00 0.000000000000000000e+00
2.487250089645385742e+00 0.000000000000000000e+00
2.490750074386596680e+00 0.000000000000000000e+00
2.494250059127807617e+00 0.000000000000000000e+00
2.497750043869018555e+00 0.000000000000000000e+00
2.501250028610229492e+00 0.000000000000000000e+00
2.504750013351440430e+00 0.000000000000000000e+00
2.508249998092651367e+00 0.000000000000000000e+00
2.511749982833862305e+00 0.000000000000000000e+00
2.515249967575073242e+00 0.000000000000000000e+00
2.518749952316284180e+00 0.000000000000000000e+00
2.522249937057495117e+00 0.000000000000000000e+00
2.525749921798706055e+00 0.000000000000000000e+00
2.529249906539916992e+00 0.000000000000000000e+00
2.532749891281127930e+00 0.000000000000000000e+00
2.536250114440917969e+00 0.000000000000000000e+00
2.539750099182128906e+00 0.000000000000000000e+00
2.543250083923339844e+00 0.000000000000000000e+00
2.546750068664550781e+00 0.000000000000000000e+00
2.550250053405761719e+00 0.000000000000000000e+00
2.553750038146972656e+00 0.000000000000000000e+00
2.557250022888183594e+00 0.000000000000000000e+00
2.560750007629394531e+00 0.000000000000000000e+00
2.564249992370605469e+00 0.000000000000000000e+00
2.567749977111816406e+00 0.000000000000000000e+00
2.571249961853027344e+00 0.000000000000000000e+00
2.574749946594238281e+00 0.000000000000000000e+00
2.578249931335449219e+00 0.000000000000000000e+00
2.581749916076660156e+00 0.000000000000000000e+00
2.585249900817871094e+00 0.000000000000000000e+00
2.588749885559082031e+00 0.000000000000000000e+00
2.592250108718872070e+00 0.000000000000000000e+00
2.595750093460083008e+00 0.000000000000000000e+00
2.599250078201293945e+00 0.000000000000000000e+00
2.602750062942504883e+00 0.000000000000000000e+00
2.606250047683715820e+00 0.000000000000000000e+00
2.609750032424926758e+00 0.000000000000000000e+00
2.613250017166137695e+00 0.000000000000000000e+00
2.616750001907348633e+00 0.000000000000000000e+00
2.620249986648559570e+00 0.000000000000000000e+00
2.623749971389770508e+00 0.000000000000000000e+00
2.627249956130981445e+00 0.000000000000000000e+00
2.630749940872192383e+00 0.000000000000000000e+00
2.634249925613403320e+00 0.000000000000000000e+00
2.637749910354614258e+00 0.000000000000000000e+00
2.641249895095825195e+00 0.000000000000000000e+00
2.644750118255615234e+00 0.000000000000000000e+00
2.648250102996826172e+00 0.000000000000000000e+00
2.651750087738037109e+00 0.000000000000000000e+00
2.655250072479248047e+00 0.000000000000000000e+00
2.658750057220458984e+00 0.000000000000000000e+00
2.662250041961669922e+00 0.000000000000000000e+00
2.665750026702880859e+00 0.000000000000000000e+00
2.669250011444091797e+00 0.000000000000000000e+00
2.672749996185302734e+00 0.000000000000000000e+00
2.676249980926513672e+00 0.000000000000000000e+00
2.679749965667724609e+00 0.000000000000000000e+00
2.683249950408935547e+00 0.000000000000000000e+00
2.686749935150146484e+00 0.000000000000000000e+00
2.690249919891357422e+00 0.000000000000000000e+00
2.693749904632568359e+00 0.000000000000000000e+00
2.697249889373779297e+00 0.000000000000000000e+00
2.700749874114990234e+00 0.000000000000000000e+00
2.704250097274780273e+00 0.000000000000000000e+00
2.707750082015991211e+00 0.000000000000000000e+00
2.711250066757202148e+00 0.000000000000000000e+00
2.714750051498413086e+00 0.000000000000000000e+00
2.718250036239624023e+00 0.000000000000000000e+00
2.721750020980834961e+00 0.000000000000000000e+00
2.725250005722045898e+00 0.000000000000000000e+00
2.728749990463256836e+00 0.000000000000000000e+00
2.732249975204467773e+00 0.000000000000000000e+00
2.735749959945678711e+00 0.000000000000000000e+00
2.739249944686889648e+00 0.000000000000000000e+00
2.742749929428100586e+00 0.000000000000000000e+00
2.746249914169311523e+00 0.000000000000000000e+00
2.749749898910522461e+00 0.000000000000000000e+00
2.753250122070312500e+00 0.000000000000000000e+00
2.756750106811523438e+00 0.000000000000000000e+00
2.760250091552734375e+00 0.000000000000000000e+00
2.763750076293945312e+00 0.000000000000000000e+00
2.767250061035156250e+00 0.000000000000000000e+00
2.770750045776367188e+00 0.000000000000000000e+00
2.774250030517578125e+00 0.000000000000000000e+00
2.777750015258789062e+00 0.000000000000000000e+00
2.781250000000000000e+00 0.000000000000000000e+00
2.784749984741210938e+00 0.000000000000000000e+00
2.788249969482421875e+00 0.000000000000000000e+00
2.791749954223632812e+00 0.000000000000000000e+00
2.795249938964843750e+00 0.000000000000000000e+00
2.798749923706054688e+00 0.000000000000000000e+00
2.802249908447265625e+00 0.000000000000000000e+00
2.805749893188476562e+00 0.000000000000000000e+00
2.809249877929687500e+00 0.000000000000000000e+00
2.812750101089477539e+00 0.000000000000000000e+00
2.816250085830688477e+00 0.000000000000000000e+00
2.819750070571899414e+00 0.000000000000000000e+00
2.823250055313110352e+00 0.000000000000000000e+00
2.826750040054321289e+00 0.000000000000000000e+00
2.830250024795532227e+00 0.000000000000000000e+00
2.833750009536743164e+00 0.000000000000000000e+00
2.837249994277954102e+00 0.000000000000000000e+00
2.840749979019165039e+00 0.000000000000000000e+00
2.844249963760375977e+00 0.000000000000000000e+00
2.847749948501586914e+00 0.000000000000000000e+00
2.851249933242797852e+00 0.000000000000000000e+00
2.854749917984008789e+00 0.000000000000000000e+00
2.858249902725219727e+00 0.000000000000000000e+00
2.861750125885009766e+00 0.000000000000000000e+00
2.865250110626220703e+00 0.000000000000000000e+00
2.868750095367431641e+00 0.000000000000000000e+00
2.872250080108642578e+00 0.000000000000000000e+00
2.875750064849853516e+00 0.000000000000000000e+00
2.879250049591064453e+00 0.000000000000000000e+00
2.882750034332275391e+00 0.000000000000000000e+00
2.886250019073486328e+00 0.000000000000000000e+00
2.889750003814697266e+00 0.000000000000000000e+00
2.893249988555908203e+00 0.000000000000000000e+00
2.896749973297119141e+00 0.000000000000000000e+00
2.900249958038330078e+00 0.000000000000000000e+00
2.903749942779541016e+00 0.000000000000000000e+00
2.907249927520751953e+00 0.000000000000000000e+00
2.910749912261962891e+00 0.000000000000000000e+00
2.914249897003173828e+00 0.000000000000000000e+00
2.917749881744384766e+00 0.000000000000000000e+00
2.921250104904174805e+00 0.000000000000000000e+00
2.924750089645385742e+00 0.000000000000000000e+00
2.928250074386596680e+00 0.000000000000000000e+00
2.931750059127807617e+00 0.000000000000000000e+00
2.935250043869018555e+00 0.000000000000000000e+00
2.938750028610229492e+00 0.000000000000000000e+00
2.942250013351440430e+00 0.000000000000000000e+00
2.945749998092651367e+00 0.000000000000000000e+00
2.949249982833862305e+00 0.000000000000000000e+00
2.952749967575073242e+00 0.000000000000000000e+00
2.956249952316284180e+00 0.000000000000000000e+00
2.959749937057495117e+00 0.000000000000000000e+00
2.963249921798706055e+00 0.000000000000000000e+00
2.966749906539916992e+00 0.000000000000000000e+00
2.970249891281127930e+00 0.000000000000000000e+00
2.973750114440917969e+00 0.000000000000000000e+00
2.977250099182128906e+00 0.000000000000000000e+00
2.980750083923339844e+00 0.000000000000000000e+00
2.984250068664550781e+00 0.000000000000000000e+00
2.987750053405761719e+00 0.000000000000000000e+00
2.991250038146972656e+00 0.000000000000000000e+00
2.994750022888183594e+00 0.000000000000000000e+00
2.998250007629394531e+00 0.000000000000000000e+00
