-4.982500076293945312e-01 0.000000000000000000e+00
-4.947499930858612061e-01 0.000000000000000000e+00
-4.912499785423278809e-01 0.000000000000000000e+00
-4.877499938011169434e-01 0.000000000000000000e+00
-4.842500090599060059e-01 0.000000000000000000e+00
-4.807499945163726807e-01 0.000000000000000000e+00
-4.772499799728393555e-01 0.000000000000000000e+00
-4.737499952316284180e-01 0.000000000000000000e+00
-4.702500104904174805e-01 0.000000000000000000e+00
-4.667499959468841553e-01 0.000000000000000000e+00
-4.632499814033508301e-01 0.000000000000000000e+00
-4.597499966621398926e-01 0.000000000000000000e+00
-4.562500119209289551e-01 0.000000000000000000e+00
-4.527499973773956299e-01 0.000000000000000000e+00
-4.492499828338623047e-01 0.000000000000000000e+00
-4.457499980926513672e-01 0.000000000000000000e+00
-4.422500133514404297e-01 0.000000000000000000e+00
-4.387499988079071045e-01 0.000000000000000000e+00
-4.352499842643737793e-01 0.000000000000000000e+00
-4.317499995231628418e-01 0.000000000000000000e+00
-4.282500147819519043e-01 0.000000000000000000e+00
-4.247500002384185791e-01 0.000000000000000000e+00
-4.212499856948852539e-01 0.000000000000000000e+00
-4.177500009536743164e-01 0.000000000000000000e+00
-4.142500162124633789e-01 0.000000000000000000e+00
-4.107500016689300537e-01 0.000000000000000000e+00
-4.072499871253967285e-01 0.000000000000000000e+00
-4.037500023841857910e-01 0.000000000000000000e+00
-4.002500176429748535e-01 0.000000000000000000e+00
-3.967500030994415283e-01 0.000000000000000000e+00
-3.932499885559082031e-01 0.000000000000000000e+00
-3.897500038146972656e-01 0.000000000000000000e+00
-3.862500190734863281e-01 0.000000000000000000e+00
-3.827500045299530029e-01 0.000000000000000000e+00
-3.792499899864196777e-01 0.000000000000000000e+00
-3.757500052452087402e-01 0.000000000000000000e+00
-3.722500205039978027e-01 0.000000000000000000e+00
-3.687500059604644775e-01 0.000000000000000000e+00
-3.652499914169311523e-01 0.000000000000000000e+00
-3.617500066757202148e-01 0.000000000000000000e+00
-3.582500219345092773e-01 0.000000000000000000e+00
-3.547499775886535645e-01 0.000000000000000000e+00
-3.512499928474426270e-01 0.000000000000000000e+00
-3.477500081062316895e-01 0.000000000000000000e+00
-3.442499935626983643e-01 0.000000000000000000e+00
-3.407499790191650391e-01 0.000000000000000000e+00
-3.372499942779541016e-01 0.000000000000000000e+00
-3.337500095367431641e-01 0.000000000000000000e+00
-3.302499949932098389e-01 0.000000000000000000e+00
-3.267499804496765137e-01 0.000000000000000000e+00
-3.232499957084655762e-01 0.000000000000000000e+00
-3.197500109672546387e-01 0.000000000000000000e+00
-3.162499964237213135e-01 0.000000000000000000e+00
-3.127499818801879883e-01 0.000000000000000000e+00
-3.092499971389770508e-01 0.000000000000000000e+00
-3.057500123977661133e-01 0.000000000000000000e+00
-3.022499978542327881e-01 0.000000000000000000e+00
-2.987499833106994629e-01 0.000000000000000000e+00
-2.952499985694885254e-01 0.000000000000000000e+00
-2.917500138282775879e-01 0.000000000000000000e+00
-2.882499992847442627e-01 0.000000000000000000e+00
-2.847499847412109375e-01 0.000000000000000000e+00
-2.812500000000000000e-01 0.000000000000000000e+00
-2.777500152587890625e-01 0.000000000000000000e+00
-2.742500007152557373e-01 0.000000000000000000e+00
-2.707499861717224121e-01 0.000000000000000000e+00
-2.672500014305114746e-01 0.000000000000000000e+00
-2.637500166893005371e-01 0.000000000000000000e+00
-2.602500021457672119e-01 0.000000000000000000e+00
-2.567499876022338867e-01 0.000000000000000000e+00
-2.532500028610229492e-01 0.000000000000000000e+00
-2.497500032186508179e-01 0.000000000000000000e+00
-2.462500035762786865e-01 0.000000000000000000e+00
-2.427499890327453613e-01 0.000000000000000000e+00
-2.392500042915344238e-01 0.000000000000000000e+00
-2.357499897480010986e-01 0.000000000000000000e+00
-2.322500050067901611e-01 0.000000000000000000e+00
-2.287499904632568359e-01 0.000000000000000000e+00
-2.252500057220458984e-01 0.000000000000000000e+00
-2.217499911785125732e-01 0.000000000000000000e+00
-2.182500064373016357e-01 0.000000000000000000e+00
-2.147499918937683105e-01 0.000000000000000000e+00
-2.112500071525573730e-01 0.000000000000000000e+00
-2.077499926090240479e-01 0.000000000000000000e+00
-2.042500078678131104e-01 0.000000000000000000e+00
-2.007499933242797852e-01 0.000000000000000000e+00
-1.972500085830688477e-01 0.000000000000000000e+00
-1.937499940395355225e-01 0.000000000000000000e+00
-1.902500092983245850e-01 0.000000000000000000e+00
-1.867499947547912598e-01 0.000000000000000000e+00
-1.832500100135803223e-01 0.000000000000000000e+00
-1.797499954700469971e-01 0.000000000000000000e+00
-1.762500107288360596e-01 0.000000000000000000e+00
-1.727499961853027344e-01 0.000000000000000000e+00
-1.692500114440917969e-01 0.000000000000000000e+00
-1.657499969005584717e-01 0.000000000000000000e+00
-1.622500121593475342e-01 0.000000000000000000e+00
-1.587499976158142090e-01 0.000000000000000000e+00
-1.552500128746032715e-01 0.000000000000000000e+00
-1.517499983310699463e-01 0.000000000000000000e+00
-1.482500135898590088e-01 0.000000000000000000e+00
-1.447499990463256836e-01 0.000000000000000000e+00
-1.412500143051147461e-01 0.000000000000000000e+00
-1.377499997615814209e-01 0.000000000000000000e+00
-1.342500001192092896e-01 0.000000000000000000e+00
-1.307500004768371582e-01 0.000000000000000000e+00
-1.272499859333038330e-01 0.000000000000000000e+00
-1.237500011920928955e-01 0.000000000000000000e+00
-1.202500015497207642e-01 0.000000000000000000e+00
-1.167500019073486328e-01 0.000000000000000000e+00
-1.132500022649765015e-01 0.000000000000000000e+00
-1.097500026226043701e-01 0.000000000000000000e+00
-1.062500029802322388e-01 0.000000000000000000e+00
-1.027500033378601074e-01 0.000000000000000000e+00
-9.925000369548797607e-02 0.000000000000000000e+00
-9.574999660253524780e-02 0.000000000000000000e+00
-9.224999696016311646e-02 0.000000000000000000e+00
-8.874999731779098511e-02 0.000000000000000000e+00
-8.524999767541885376e-02 0.000000000000000000e+00
-8.174999803304672241e-02 0.000000000000000000e+00
-7.824999839067459106e-02 0.000000000000000000e+00
-7.474999874830245972e-02 0.000000000000000000e+00
-7.124999910593032837e-02 0.000000000000000000e+00
-6.774999946355819702e-02 0.000000000000000000e+00
-6.424999982118606567e-02 3.071910989314093232e+00
-6.075000017881393433e-02 8.295304420923816480e+00
-5.725000053644180298e-02 1.080817152688494254e+01
-5.375000089406967163e-02 1.202352385576438465e+01
-5.025000125169754028e-02 1.255725790399771924e+01
-4.675000160932540894e-02 1.259942393263195903e+01
-4.325000196695327759e-02 1.244001045894884250e+01
-3.974999859929084778e-02 1.202981129428286522e+01
-3.624999895691871643e-02 1.160918301978829170e+01
-3.274999931454658508e-02 1.108860286514020999e+01
-2.924999967217445374e-02 1.057060784908125584e+01
-2.575000002980232239e-02 1.004122323691948182e+01
-2.225000038743019104e-02 9.508466704858845375e+00
-1.875000074505805969e-02 9.016520621513516076e+00
-1.525000110268592834e-02 8.511567101709852423e+00
-1.174999959766864777e-02 8.021678230100796725e+00
-8.249999955296516418e-03 7.562320560485063403e+00
-4.750000312924385071e-03 7.115656977195647492e+00
-1.249999972060322762e-03 6.685512395430955657e+00
2.250000135973095894e-03 6.274274406957754735e+00
5.750000011175870895e-03 5.892521984711260430e+00
9.250000119209289551e-03 5.526001103664468950e+00
1.274999976158142090e-02 5.180842527269855502e+00
1.624999940395355225e-02 4.846838534379049435e+00
1.974999904632568359e-02 4.539247914029320263e+00
2.325000055134296417e-02 4.263986852952306172e+00
2.675000019371509552e-02 3.993545253144876739e+00
3.025000169873237610e-02 3.740034778405363802e+00
3.375000134110450745e-02 3.492379182762963552e+00
3.725000098347663879e-02 3.264760965671067883e+00
4.075000062584877014e-02 3.062765933830819076e+00
4.425000026822090149e-02 2.873107360448827308e+00
4.774999991059303284e-02 2.702110149820228013e+00
5.124999955296516418e-02 2.531988275973454883e+00
5.474999919533729553e-02 2.365388185132158316e+00
5.824999883770942688e-02 2.209697447256570690e+00
6.175000220537185669e-02 2.069830891047758303e+00
6.525000184774398804e-02 1.932883259438263224e+00
6.875000149011611938e-02 1.807165142885883702e+00
7.225000113248825073e-02 1.701303887960129657e+00
7.575000077486038208e-02 1.600415363390271350e+00
7.925000041723251343e-02 1.503474369287867596e+00
8.275000005960464478e-02 1.412374630363793626e+00
8.624999970197677612e-02 1.322303497307856901e+00
8.974999934434890747e-02 1.237661495887055985e+00
9.324999898672103882e-02 1.158356664649603740e+00
9.674999862909317017e-02 1.085724147636260906e+00
1.002499982714653015e-01 1.013541219942766247e+00
1.037499979138374329e-01 9.499924507781731808e-01
1.072499975562095642e-01 8.955751131780710361e-01
1.107499971985816956e-01 8.385522011106674167e-01
1.142499968409538269e-01 7.891995553182483691e-01
1.177499964833259583e-01 7.414375020437767860e-01
1.212500035762786865e-01 6.968361979270254469e-01
1.247500032186508179e-01 6.613084237199361448e-01
1.282500028610229492e-01 6.240470058476750292e-01
1.317499876022338867e-01 5.881922575897871042e-01
1.352500021457672119e-01 5.548851821443719912e-01
1.387499868869781494e-01 5.211762010948500778e-01
1.422500014305114746e-01 4.891770218526295122e-01
1.457499861717224121e-01 4.596437719101819086e-01
1.492500007152557373e-01 4.314218241506246887e-01
1.527499854564666748e-01 4.054784768075704315e-01
1.562500000000000000e-01 3.810031067134142524e-01
1.597500145435333252e-01 3.589425762235937678e-01
1.632499992847442627e-01 3.374031606272336892e-01
1.667500138282775879e-01 3.161907190816721780e-01
1.702499985694885254e-01 2.995082305315501237e-01
1.737500131130218506e-01 2.832106176870556324e-01
1.772499978542327881e-01 2.667154580202036329e-01
1.807500123977661133e-01 2.518449506682574057e-01
1.842499971389770508e-01 2.387625826566161513e-01
1.877500116825103760e-01 2.262626371729599684e-01
1.912499964237213135e-01 2.139091488162240262e-01
1.947500109672546387e-01 2.032450263886143582e-01
1.982499957084655762e-01 1.937593729357580952e-01
2.017500102519989014e-01 1.838650019194035534e-01
2.052499949932098389e-01 1.755510054819090782e-01
2.087500095367431641e-01 1.670701160393194828e-01
2.122499942779541016e-01 1.599243706374909590e-01
2.157500088214874268e-01 1.538276669819747533e-01
2.192499935626983643e-01 1.466853275598420381e-01
2.227500081062316895e-01 1.377139770410544806e-01
2.262499928474426270e-01 1.303400309996060880e-01
2.297500073909759521e-01 1.246622628466756144e-01
2.332499921321868896e-01 1.173189706224895962e-01
2.367500066757202148e-01 1.106602803171632121e-01
2.402499914169311523e-01 1.045329228443846181e-01
2.437500059604644775e-01 9.902885965594092343e-02
2.472499907016754150e-01 9.374618514772546651e-02
2.507500052452087402e-01 8.722714000992766448e-02
2.542499899864196777e-01 8.300372518711195136e-02
2.577500045299530029e-01 7.902213492269941075e-02
2.612500190734863281e-01 7.496561310497883157e-02
2.647500038146972656e-01 7.128374905379836202e-02
2.682499885559082031e-01 6.819111948999460882e-02
2.717500030994415283e-01 6.466252452512599724e-02
2.752500176429748535e-01 6.126335678869851420e-02
2.787500023841857910e-01 5.948543538748093246e-02
2.822499871253967285e-01 5.632809220945660805e-02
2.857500016689300537e-01 5.367824000610933038e-02
2.892500162124633789e-01 5.116122101089900370e-02
2.927500009536743164e-01 4.913125711219080982e-02
2.962499856948852539e-01 4.803112567044123121e-02
2.997500002384185791e-01 4.588195248237936924e-02
3.032500147819519043e-01 4.386220652275862886e-02
3.067499995231628418e-01 4.237038741598985608e-02
3.102499842643737793e-01 4.026208598427782198e-02
3.137499988079071045e-01 3.857272005515153396e-02
3.172500133514404297e-01 3.803116928351629733e-02
3.207499980926513672e-01 3.616809838990323739e-02
3.242499828338623047e-01 3.520761211568224774e-02
3.277499973773956299e-01 3.370216909013019208e-02
3.312500119209289551e-01 3.306525088701201681e-02
3.347499966621398926e-01 3.238064896815237570e-02
3.382499814033508301e-01 3.141675671423556360e-02
3.417499959468841553e-01 3.078324449081320732e-02
3.452500104904174805e-01 2.923692970891132725e-02
3.487499952316284180e-01 2.864088326214297986e-02
3.522499799728393555e-01 2.780982421636311527e-02
3.557499945163726807e-01 2.736704685590662933e-02
3.592500090599060059e-01 2.733639303864425843e-02
3.627499938011169434e-01 2.611364632784519274e-02
3.662499785423278809e-01 2.560956133286396499e-02
3.697499930858612061e-01 2.458095546472658863e-02
3.732500076293945312e-01 2.414158408396592168e-02
3.767499923706054688e-01 2.392360138343349943e-02
3.802500069141387939e-01 2.336842669301498338e-02
3.837500214576721191e-01 2.260548724115149857e-02
3.872500061988830566e-01 2.231597896700687408e-02
3.907499909400939941e-01 2.211843214464936577e-02
3.942500054836273193e-01 2.165862488571378489e-02
3.977500200271606445e-01 2.083097181962973929e-02
4.012500047683715820e-01 2.110345019529526883e-02
4.047499895095825195e-01 2.076966418510499401e-02
4.082500040531158447e-01 2.044950209369799862e-02
4.117500185966491699e-01 1.978874203270908697e-02
4.152500033378601074e-01 1.953669953521847136e-02
4.187499880790710449e-01 1.936980653012333742e-02
4.222500026226043701e-01 1.912798197172017878e-02
4.257500171661376953e-01 1.796313691575003937e-02
4.292500019073486328e-01 1.736027850959005400e-02
4.327499866485595703e-01 1.602854044852478066e-02
4.362500011920928955e-01 1.576968599164252707e-02
4.397500157356262207e-01 1.498290468190830935e-02
4.432500004768371582e-01 1.385893138228799955e-02
4.467499852180480957e-01 1.321520121977818631e-02
4.502499997615814209e-01 1.244204382882724627e-02
4.537500143051147461e-01 1.179831366631743129e-02
4.572499990463256836e-01 1.133850640738185041e-02
4.607499837875366211e-01 1.076289583878842042e-02
4.642499983310699463e-01 1.003061020418730825e-02
4.677500128746032715e-01 9.516307270118621806e-03
4.712499976158142090e-01 8.770397716734233684e-03
4.747499823570251465e-01 8.692060183730395198e-03
4.782499969005584717e-01 8.296966539015376840e-03
4.817500114440917969e-01 7.588522762284999335e-03
4.852499961853027344e-01 7.166181280003429063e-03
4.887499809265136719e-01 6.651878345934741747e-03
4.922499954700469971e-01 6.563322873843444559e-03
4.957500100135803223e-01 6.021772102208204462e-03
4.992499947547912598e-01 5.831037239242333262e-03
5.027499794960021973e-01 5.289486467607093165e-03
5.062500238418579102e-01 5.085127685857946007e-03
5.097500085830688477e-01 5.074909746770489040e-03
5.132499933242797852e-01 4.311970294907005972e-03
5.167499780654907227e-01 4.111017492853677804e-03
5.202499628067016602e-01 3.865786954754701476e-03
5.237500071525573730e-01 3.967966345629275055e-03
5.272499918937683105e-01 3.610338477568267312e-03
5.307500362396240234e-01 3.222056792244887800e-03
5.342500209808349609e-01 3.106253482587037398e-03
5.377500057220458984e-01 2.823557167834050453e-03
5.412499904632568359e-01 2.864428924183880058e-03
5.447499752044677734e-01 2.639634264259818099e-03
5.482500195503234863e-01 2.571514670343435713e-03
5.517500042915344238e-01 2.350125990115192742e-03
5.552499890327453613e-01 2.125331330191130783e-03
5.587500333786010742e-01 2.142361228670226596e-03
5.622500181198120117e-01 2.104895452016216414e-03
5.657500028610229492e-01 1.958438325095994241e-03
5.692499876022338867e-01 1.893724710875430844e-03
5.727499723434448242e-01 1.794951299696676255e-03
5.762500166893005371e-01 1.679147990038826286e-03
5.797500014305114746e-01 1.403263634677477537e-03
5.832499861717224121e-01 1.403263634677477537e-03
5.867500305175781250e-01 1.474789208289678912e-03
5.902500152587890625e-01 1.270430426540531755e-03
5.937500000000000000e-01 1.229558670190702366e-03
5.972499847412109375e-01 1.355579918936009737e-03
6.007499694824218750e-01 1.141003198099405178e-03
6.042500138282775879e-01 1.008169989962459613e-03
6.077499985694885254e-01 1.042229786920650806e-03
6.112499833106994629e-01 9.468623554377154222e-04
6.147500276565551758e-01 8.719308021296947328e-04
6.182500123977661133e-01 8.310590457798653448e-04
6.217499971389770508e-01 9.196145178711624246e-04
6.252499818801879883e-01 7.901872894300358482e-04
6.287499666213989258e-01 6.743839797721857708e-04
6.322500109672546387e-01 6.914138782512813672e-04
6.357499957084655762e-01 7.016318173387387684e-04
6.392499804496765137e-01 6.743839797721857708e-04
6.427500247955322266e-01 5.790165482892503874e-04
6.462500095367431641e-01 6.267002640307180791e-04
6.497499942779541016e-01 5.211148934603254028e-04
6.532499790191650391e-01 6.267002640307180791e-04
6.567499637603759766e-01 5.483627310268782921e-04
6.602500081062316895e-01 5.619866498101547909e-04
6.637499928474426270e-01 5.381447919394209993e-04
6.672500371932983398e-01 5.790165482892503874e-04
6.707500219345092773e-01 4.495893198481238653e-04
6.742500066757202148e-01 4.598072589355812123e-04
6.777499914169311523e-01 4.870550965021341557e-04
6.812499761581420898e-01 4.461833401523047134e-04
6.847500205039978027e-01 4.427773604564856158e-04
6.882500052452087402e-01 4.393713807606665182e-04
6.917499899864196777e-01 4.393713807606665182e-04
6.952500343322753906e-01 4.529952995439429629e-04
6.987500190734863281e-01 4.155295228899326724e-04
7.022500038146972656e-01 4.564012792397621147e-04
7.057499885559082031e-01 4.359654010648473664e-04
7.092499732971191406e-01 3.848757056275605771e-04
7.127500176429748535e-01 4.087175634982944230e-04
7.162500023841857910e-01 3.678458071484649807e-04
7.197499871253967285e-01 2.792903350571678467e-04
7.232500314712524414e-01 4.257474619773900194e-04
7.267500162124633789e-01 3.644398274526458288e-04
7.302500009536743164e-01 3.576278680610076336e-04
7.337499856948852539e-01 3.508159086693693842e-04
7.372499704360961914e-01 3.848757056275605771e-04
7.407500147819519043e-01 3.508159086693693842e-04
7.442499995231628418e-01 3.610338477568267312e-04
7.477499842643737793e-01 3.474099289735502324e-04
7.512500286102294922e-01 3.474099289735502324e-04
7.547500133514404297e-01 3.337860101902737878e-04
7.582499980926513672e-01 3.371919898860928854e-04
7.617499828338623047e-01 3.474099289735502324e-04
7.652499675750732422e-01 3.508159086693693842e-04
7.687500119209289551e-01 3.269740507986355384e-04
7.722499966621398926e-01 4.087175634982944230e-04
7.757499814033508301e-01 3.576278680610076336e-04
7.792500257492065430e-01 3.542218883651884818e-04
7.827500104904174805e-01 3.542218883651884818e-04
7.862499952316284180e-01 3.474099289735502324e-04
7.897499799728393555e-01 2.690723959697104996e-04
7.932499647140502930e-01 4.257474619773900194e-04
7.967500090599060059e-01 3.474099289735502324e-04
8.002499938011169434e-01 3.814697259317414795e-04
8.037499785423278809e-01 3.610338477568267312e-04
8.072500228881835938e-01 3.848757056275605771e-04
8.107500076293945312e-01 3.780637462359223277e-04
8.142499923706054688e-01 3.269740507986355384e-04
8.177499771118164062e-01 3.814697259317414795e-04
8.212500214576721191e-01 3.848757056275605771e-04
8.247500061988830566e-01 3.235680711028163866e-04
8.282499909400939941e-01 4.666192183272194617e-04
8.317500352859497070e-01 4.325594213690282688e-04
8.352500200271606445e-01 4.598072589355812123e-04
8.387500047683715820e-01 3.950936447150179241e-04
8.422499895095825195e-01 4.802431371104959605e-04
8.457499742507934570e-01 4.291534416732091170e-04
8.492500185966491699e-01 4.257474619773900194e-04
8.527500033378601074e-01 3.610338477568267312e-04
8.562499880790710449e-01 3.882816853233796747e-04
8.597500324249267578e-01 4.529952995439429629e-04
8.632500171661376953e-01 4.019056041066561735e-04
8.667500019073486328e-01 4.495893198481238653e-04
8.702499866485595703e-01 5.074909746770489040e-04
8.737499713897705078e-01 4.121235431941135206e-04
8.772500157356262207e-01 4.938670558937724052e-04
8.807500004768371582e-01 4.802431371104959605e-04
8.842499852180480957e-01 4.359654010648473664e-04
8.877500295639038086e-01 5.006790152854107088e-04
8.912500143051147461e-01 5.279268528519635980e-04
8.947499990463256836e-01 5.279268528519635980e-04
8.982499837875366211e-01 4.836491168063150581e-04
9.017499685287475586e-01 4.734311777188577111e-04
9.052500128746032715e-01 6.267002640307180791e-04
9.087499976158142090e-01 5.108969543728680016e-04
9.122499823570251465e-01 5.415507716352400969e-04
9.157500267028808594e-01 5.858285076808886910e-04
9.192500114440917969e-01 5.994524264641651898e-04
9.227499961853027344e-01 5.926404670725268862e-04
9.262499809265136719e-01 6.675720203805475756e-04
9.297499656677246094e-01 7.595334721676637530e-04
9.332500100135803223e-01 7.493155330802064602e-04
9.367499947547912598e-01 6.982258376429196708e-04
9.402499794960021973e-01 6.573540812930901743e-04
9.437500238418579102e-01 6.403241828139945779e-04
9.472500085830688477e-01 7.765633706467593494e-04
9.507499933242797852e-01 7.833753300383976530e-04
9.542499780654907227e-01 7.152557361220152673e-04
9.577499628067016602e-01 8.072171879091314447e-04
9.612500071525573730e-01 8.140291473007697483e-04
9.647499918937683105e-01 8.514949239547800388e-04
9.682500362396240234e-01 7.493155330802064602e-04
9.717500209808349609e-01 8.412769848673226376e-04
9.752500057220458984e-01 7.765633706467593494e-04
9.787499904632568359e-01 8.889607006087903293e-04
9.822499752044677734e-01 9.298324569586198258e-04
9.857500195503234863e-01 8.991786396962477305e-04
9.892500042915344238e-01 8.276530660840461387e-04
9.927499890327453613e-01 8.821487412171521341e-04
9.962500333786010742e-01 8.753367818255138304e-04
9.997500181198120117e-01 8.242470863882270411e-04
1.003250002861022949e+00 8.991786396962477305e-04
1.006749987602233887e+00 8.378710051715035400e-04
1.010249972343444824e+00 8.549009036505991364e-04
1.013749957084655762e+00 9.128025584795242293e-04
1.017250061035156250e+00 8.889607006087903293e-04
1.020750045776367188e+00 8.719308021296947328e-04
1.024250030517578125e+00 8.821487412171521341e-04
1.027750015258789062e+00 9.809221523959066151e-04
1.031250000000000000e+00 9.707042133084492139e-04
1.034749984741210938e+00 1.059259685399746402e-03
1.038249969482421875e+00 8.480889442589609412e-04
1.041749954223632812e+00 9.536743148293536174e-04
1.045249938964843750e+00 8.446829645631417352e-04
1.048750042915344238e+00 9.298324569586198258e-04
1.052250027656555176e+00 9.502683351335345198e-04
1.055750012397766113e+00 8.412769848673226376e-04
1.059249997138977051e+00 9.843281320917256043e-04
1.062749981880187988e+00 9.196145178711624246e-04
1.066249966621398926e+00 9.298324569586198258e-04
1.069749951362609863e+00 9.638922539168110187e-04
1.073250055313110352e+00 9.741101930042683115e-04
1.076750040054321289e+00 9.400503960460771186e-04
1.080250024795532227e+00 1.059259685399746402e-03
1.083750009536743164e+00 1.011575969658278602e-03
1.087249994277954102e+00 8.957726600004286329e-04
1.090749979019165039e+00 8.923666803046094269e-04
1.094249963760375977e+00 9.877341117875448103e-04
1.097749948501586914e+00 8.651188427380565376e-04
1.101249933242797852e+00 9.366444163502580210e-04
1.104750037193298340e+00 9.298324569586198258e-04
1.108250021934509277e+00 9.128025584795242293e-04
1.111750006675720215e+00 9.230204975669815222e-04
1.115249991416931152e+00 8.787427615213330365e-04
1.118749976158142090e+00 9.843281320917256043e-04
1.122249960899353027e+00 1.001358030570821418e-03
1.125750064849853516e+00 1.028605868137374198e-03
1.129250049591064453e+00 8.651188427380565376e-04
1.132750034332275391e+00 9.502683351335345198e-04
1.136250019073486328e+00 8.514949239547800388e-04
1.139750003814697266e+00 8.821487412171521341e-04
1.143249988555908203e+00 8.787427615213330365e-04
1.146749973297119141e+00 9.741101930042683115e-04
1.150249958038330078e+00 9.638922539168110187e-04
1.153749942779541016e+00 9.230204975669815222e-04
1.157250046730041504e+00 8.957726600004286329e-04
1.160750031471252441e+00 8.685248224338756352e-04
1.164250016212463379e+00 9.025846193920668281e-04
1.167750000953674316e+00 9.196145178711624246e-04
1.171249985694885254e+00 9.672982336126301163e-04
1.174749970436096191e+00 9.059905990878859257e-04
1.178249955177307129e+00 9.196145178711624246e-04
1.181750059127807617e+00 9.672982336126301163e-04
1.185250043869018555e+00 9.809221523959066151e-04
1.188750028610229492e+00 9.741101930042683115e-04
1.192250013351440430e+00 9.196145178711624246e-04
1.195749998092651367e+00 9.366444163502580210e-04
1.199249982833862305e+00 9.366444163502580210e-04
1.202749967575073242e+00 8.685248224338756352e-04
1.206249952316284180e+00 8.685248224338756352e-04
1.209749937057495117e+00 8.617128630422374400e-04
1.213250041007995605e+00 9.502683351335345198e-04
1.216750025749206543e+00 9.434563757418963246e-04
1.220250010490417480e+00 9.809221523959066151e-04
1.223749995231628418e+00 9.025846193920668281e-04
1.227249979972839355e+00 8.514949239547800388e-04
1.230749964714050293e+00 9.025846193920668281e-04
1.234249949455261230e+00 8.719308021296947328e-04
1.237750053405761719e+00 8.821487412171521341e-04
1.241250038146972656e+00 9.400503960460771186e-04
1.244750022888183594e+00 8.549009036505991364e-04
1.248250007629394531e+00 9.196145178711624246e-04
1.251749992370605469e+00 8.378710051715035400e-04
1.255249977111816406e+00 8.855547209129712317e-04
1.258749961853027344e+00 8.855547209129712317e-04
1.262249946594238281e+00 8.889607006087903293e-04
1.265750050544738770e+00 9.741101930042683115e-04
1.269250035285949707e+00 9.162085381753433269e-04
1.272750020027160645e+00 9.196145178711624246e-04
1.276250004768371582e+00 9.025846193920668281e-04
1.279749989509582520e+00 8.719308021296947328e-04
1.283249974250793457e+00 9.264264772628006198e-04
1.286749958992004395e+00 8.583068833464182340e-04
1.290250062942504883e+00 1.018387929049917014e-03
1.293750047683715820e+00 8.344650254756844424e-04
1.297250032424926758e+00 9.230204975669815222e-04
1.300750017166137695e+00 9.570802945251727150e-04
1.304250001907348633e+00 9.536743148293536174e-04
1.307749986648559570e+00 9.162085381753433269e-04
1.311249971389770508e+00 9.604862742209919211e-04
1.314749956130981445e+00 8.923666803046094269e-04
1.318249940872192383e+00 1.028605868137374198e-03
1.321750044822692871e+00 8.923666803046094269e-04
1.325250029563903809e+00 8.923666803046094269e-04
1.328750014305114746e+00 8.991786396962477305e-04
1.332249999046325684e+00 8.514949239547800388e-04
1.335749983787536621e+00 9.468623554377154222e-04
1.339249968528747559e+00 8.821487412171521341e-04
1.342749953269958496e+00 9.264264772628006198e-04
1.346250057220458984e+00 9.502683351335345198e-04
1.349750041961669922e+00 9.468623554377154222e-04
1.353250026702880859e+00 9.400503960460771186e-04
1.356750011444091797e+00 9.093965787837050233e-04
1.360249996185302734e+00 7.935932691258549459e-04
1.363749980926513672e+00 9.093965787837050233e-04
1.367249965667724609e+00 8.889607006087903293e-04
1.370749950408935547e+00 9.638922539168110187e-04
1.374249935150146484e+00 8.106231676049505423e-04
1.377750039100646973e+00 9.162085381753433269e-04
1.381250023841857910e+00 8.821487412171521341e-04
1.384750008583068848e+00 9.604862742209919211e-04
1.388249993324279785e+00 9.264264772628006198e-04
1.391749978065490723e+00 7.935932691258549459e-04
1.395249962806701660e+00 9.809221523959066151e-04
1.398750066757202148e+00 8.174351269965888459e-04
1.402250051498413086e+00 8.446829645631417352e-04
1.405750036239624023e+00 9.196145178711624246e-04
1.409250020980834961e+00 8.344650254756844424e-04
1.412750005722045898e+00 7.935932691258549459e-04
1.416249990463256836e+00 7.833753300383976530e-04
1.419749975204467773e+00 7.016318173387387684e-04
1.423249959945678711e+00 7.697514112551211542e-04
1.426749944686889648e+00 6.641660406847283695e-04
1.430250048637390137e+00 6.505421219014519791e-04
1.433750033378601074e+00 5.687986092017930945e-04
1.437250018119812012e+00 5.824225279850694850e-04
1.440750002861022949e+00 5.517687107226974981e-04
1.444249987602233887e+00 5.347388122436019017e-04
1.447749972343444824e+00 5.585806701143356933e-04
1.451249957084655762e+00 5.722045888976121921e-04
1.454750061035156250e+00 4.393713807606665182e-04
1.458250045776367188e+00 4.291534416732091170e-04
1.461750030517578125e+00 4.257474619773900194e-04
1.465250015258789062e+00 3.576278680610076336e-04
1.468750000000000000e+00 3.133501320153590395e-04
1.472249984741210938e+00 2.997262132320825949e-04
1.475749969482421875e+00 2.588544568822531526e-04
1.479249954223632812e+00 3.201620914069972889e-04
1.482749938964843750e+00 2.963202335362634431e-04
1.486250042915344238e+00 2.486365177947957514e-04
1.489750027656555176e+00 3.031321929279016925e-04
1.493250012397766113e+00 2.316066193157001549e-04
1.496749997138977051e+00 2.213886802282428079e-04
1.500249981880187988e+00 1.873288832700516150e-04
1.503749966621398926e+00 1.907348629658707397e-04
1.507249951362609863e+00 1.805169238784133656e-04
1.510750055313110352e+00 1.566750660076795198e-04
1.514250040054321289e+00 1.123973299620309663e-04
1.517750024795532227e+00 1.668930050951368939e-04
1.521250009536743164e+00 1.396451675285839233e-04
1.524749994277954102e+00 1.396451675285839233e-04
1.528249979019165039e+00 1.123973299620309663e-04
1.531749963760375977e+00 1.260212487453074516e-04
1.535249948501586914e+00 9.536743148293536987e-05
1.538749933242797852e+00 7.833753300383975988e-05
1.542250037193298340e+00 7.493155330802064873e-05
1.545750021934509277e+00 6.811959391638239931e-05
1.549250006675720215e+00 8.855547209129712046e-05
1.552749991416931152e+00 9.536743148293536987e-05
1.556249976158142090e+00 9.196145178711624517e-05
1.559749960899353027e+00 9.536743148293536987e-05
1.563250064849853516e+00 7.833753300383975988e-05
1.566750049591064453e+00 7.152557361220152402e-05
1.570250034332275391e+00 4.427773604564856023e-05
1.573750019073486328e+00 4.427773604564856023e-05
1.577250003814697266e+00 7.493155330802064873e-05
1.580749988555908203e+00 3.746577665401032436e-05
1.584249973297119141e+00 5.449567513310592080e-05
1.587749958038330078e+00 6.811959391638239931e-05
1.591249942779541016e+00 4.768371574146768494e-05
1.594750046730041504e+00 4.427773604564856023e-05
1.598250031471252441e+00 3.405979695819119965e-05
1.601750016212463379e+00 4.768371574146768494e-05
1.605250000953674316e+00 4.427773604564856023e-05
1.608749985694885254e+00 3.065381726237208172e-05
1.612249970436096191e+00 2.384185787073384247e-05
1.615749955177307129e+00 2.043587817491472115e-05
1.619250059127807617e+00 2.043587817491472115e-05
1.622750043869018555e+00 4.427773604564856023e-05
1.626250028610229492e+00 3.065381726237208172e-05
1.629750013351440430e+00 1.702989847909559983e-05
1.633249998092651367e+00 2.724783756655296040e-05
1.636749982833862305e+00 1.362391878327648020e-05
1.640249967575073242e+00 3.065381726237208172e-05
1.643749952316284180e+00 2.384185787073384247e-05
1.647249937057495117e+00 3.746577665401032436e-05
1.650750041007995605e+00 1.702989847909559983e-05
1.654250025749206543e+00 3.065381726237208172e-05
1.657750010490417480e+00 1.702989847909559983e-05
1.661249995231628418e+00 2.043587817491472115e-05
1.664749979972839355e+00 1.702989847909559983e-05
1.668249964714050293e+00 2.384185787073384247e-05
1.671749949455261230e+00 1.362391878327648020e-05
1.675250053405761719e+00 6.811959391638240100e-06
1.678750038146972656e+00 2.384185787073384247e-05
1.682250022888183594e+00 1.362391878327648020e-05
1.685750007629394531e+00 1.702989847909559983e-05
1.689249992370605469e+00 1.021793908745736057e-05
1.692749977111816406e+00 1.702989847909559983e-05
1.696249961853027344e+00 1.021793908745736057e-05
1.699749946594238281e+00 1.362391878327648020e-05
1.703250050544738770e+00 2.043587817491472115e-05
1.706750035285949707e+00 2.384185787073384247e-05
1.710250020027160645e+00 1.362391878327648020e-05
1.713750004768371582e+00 1.362391878327648020e-05
1.717249989509582520e+00 0.000000000000000000e+00
1.720749974250793457e+00 1.702989847909559983e-05
1.724249958992004395e+00 1.021793908745736057e-05
1.727750062942504883e+00 6.811959391638240100e-06
1.731250047683715820e+00 6.811959391638240100e-06
1.734750032424926758e+00 1.021793908745736057e-05
1.738250017166137695e+00 2.043587817491472115e-05
1.741750001907348633e+00 3.405979695819120050e-06
1.745249986648559570e+00 1.021793908745736057e-05
1.748749971389770508e+00 1.021793908745736057e-05
1.752249956130981445e+00 1.021793908745736057e-05
1.755749940872192383e+00 0.000000000000000000e+00
1.759250044822692871e+00 6.811959391638240100e-06
1.762750029563903809e+00 3.405979695819120050e-06
1.766250014305114746e+00 1.021793908745736057e-05
1.769749999046325684e+00 6.811959391638240100e-06
1.773249983787536621e+00 6.811959391638240100e-06
1.776749968528747559e+00 3.405979695819120050e-06
1.780249953269958496e+00 1.021793908745736057e-05
1.783750057220458984e+00 3.405979695819120050e-06
1.787250041961669922e+00 6.811959391638240100e-06
1.790750026702880859e+00 6.811959391638240100e-06
1.794250011444091797e+00 3.405979695819120050e-06
1.797749996185302734e+00 0.000000000000000000e+00
1.801249980926513672e+00 0.000000000000000000e+00
1.804749965667724609e+00 1.021793908745736057e-05
1.808249950408935547e+00 1.021793908745736057e-05
1.811749935150146484e+00 6.811959391638240100e-06
1.815250039100646973e+00 3.405979695819120050e-06
1.818750023841857910e+00 6.811959391638240100e-06
1.822250008583068848e+00 1.021793908745736057e-05
1.825749993324279785e+00 0.000000000000000000e+00
1.829249978065490723e+00 6.811959391638240100e-06
1.832749962806701660e+00 3.405979695819120050e-06
1.836250066757202148e+00 0.000000000000000000e+00
1.839750051498413086e+00 3.405979695819120050e-06
1.843250036239624023e+00 0.000000000000000000e+00
1.846750020980834961e+00 1.362391878327648020e-05
1.850250005722045898e+00 6.811959391638240100e-06
1.853749990463256836e+00 3.405979695819120050e-06
1.857249975204467773e+00 1.362391878327648020e-05
1.860749959945678711e+00 0.000000000000000000e+00
1.864249944686889648e+00 3.405979695819120050e-06
1.867750048637390137e+00 3.405979695819120050e-06
1.871250033378601074e+00 3.405979695819120050e-06
1.874750018119812012e+00 0.000000000000000000e+00
1.878250002861022949e+00 6.811959391638240100e-06
1.881749987602233887e+00 0.000000000000000000e+00
1.885249972343444824e+00 3.405979695819120050e-06
1.888749957084655762e+00 3.405979695819120050e-06
1.892250061035156250e+00 3.405979695819120050e-06
1.895750045776367188e+00 0.000000000000000000e+00
1.899250030517578125e+00 0.000000000000000000e+00
1.902750015258789062e+00 0.000000000000000000e+00
1.906250000000000000e+00 0.000000000000000000e+00
1.909749984741210938e+00 0.000000000000000000e+00
1.913249969482421875e+00 0.000000000000000000e+00
1.916749954223632812e+00 0.000000000000000000e+00
1.920249938964843750e+00 6.811959391638240100e-06
1.923750042915344238e+00 3.405979695819120050e-06
1.927250027656555176e+00 0.000000000000000000e+00
1.930750012397766113e+00 3.405979695819120050e-06
1.934249997138977051e+00 0.000000000000000000e+00
1.937749981880187988e+00 0.000000000000000000e+00
1.941249966621398926e+00 0.000000000000000000e+00
1.944749951362609863e+00 0.000000000000000000e+00
1.948250055313110352e+00 0.000000000000000000e+00
1.951750040054321289e+00 0.000000000000000000e+00
1.955250024795532227e+00 0.000000000000000000e+00
1.958750009536743164e+00 0.000000000000000000e+00
1.962249994277954102e+00 3.405979695819120050e-06
1.965749979019165039e+00 0.000000000000000000e+00
1.969249963760375977e+00 0.000000000000000000e+00
1.972749948501586914e+00 0.000000000000000000e+00
1.976249933242797852e+00 0.000000000000000000e+00
1.979750037193298340e+00 6.811959391638240100e-06
1.983250021934509277e+00 3.405979695819120050e-06
1.986750006675720215e+00 3.405979695819120050e-06
1.990249991416931152e+00 0.000000000000000000e+00
1.993749976158142090e+00 0.000000000000000000e+00
1.997249960899353027e+00 0.000000000000000000e+00
2.000750064849853516e+00 0.000000000000000000e+00
2.004250049591064453e+00 0.000000000000000000e+00
2.007750034332275391e+00 0.000000000000000000e+00
2.011250019073486328e+00 0.000000000000000000e+00
2.014750003814697266e+00 0.000000000000000000e+00
2.018249988555908203e+00 0.000000000000000000e+00
2.021749973297119141e+00 3.405979695819120050e-06
2.025249958038330078e+00 3.405979695819120050e-06
2.028749942779541016e+00 3.405979695819120050e-06
2.032249927520751953e+00 0.000000000000000000e+00
2.035749912261962891e+00 0.000000000000000000e+00
2.039249897003173828e+00 0.000000000000000000e+00
2.042749881744384766e+00 0.000000000000000000e+00
2.046250104904174805e+00 3.405979695819120050e-06
2.049750089645385742e+00 0.000000000000000000e+00
2.053250074386596680e+00 0.000000000000000000e+00
2.056750059127807617e+00 0.000000000000000000e+00
2.060250043869018555e+00 0.000000000000000000e+00
2.063750028610229492e+00 3.405979695819120050e-06
2.067250013351440430e+00 3.405979695819120050e-06
2.070749998092651367e+00 6.811959391638240100e-06
2.074249982833862305e+00 0.000000000000000000e+00
2.077749967575073242e+00 0.000000000000000000e+00
2.081249952316284180e+00 3.405979695819120050e-06
2.084749937057495117e+00 0.000000000000000000e+00
2.088249921798706055e+00 0.000000000000000000e+00
2.091749906539916992e+00 0.000000000000000000e+00
2.095249891281127930e+00 0.000000000000000000e+00
2.098750114440917969e+00 0.000000000000000000e+00
2.102250099182128906e+00 3.405979695819120050e-06
2.105750083923339844e+00 0.000000000000000000e+00
2.109250068664550781e+00 3.405979695819120050e-06
2.112750053405761719e+00 3.405979695819120050e-06
2.116250038146972656e+00 6.811959391638240100e-06
2.119750022888183594e+00 0.000000000000000000e+00
2.123250007629394531e+00 0.000000000000000000e+00
2.126749992370605469e+00 6.811959391638240100e-06
2.130249977111816406e+00 0.000000000000000000e+00
2.133749961853027344e+00 0.000000000000000000e+00
2.137249946594238281e+00 0.000000000000000000e+00
2.140749931335449219e+00 0.000000000000000000e+00
2.144249916076660156e+00 3.405979695819120050e-06
2.147749900817871094e+00 0.000000000000000000e+00
2.151249885559082031e+00 0.000000000000000000e+00
2.154750108718872070e+00 3.405979695819120050e-06
2.158250093460083008e+00 3.405979695819120050e-06
2.161750078201293945e+00 3.405979695819120050e-06
2.165250062942504883e+00 3.405979695819120050e-06
2.168750047683715820e+00 0.000000000000000000e+00
2.172250032424926758e+00 0.000000000000000000e+00
2.175750017166137695e+00 0.000000000000000000e+00
2.179250001907348633e+00 3.405979695819120050e-06
2.182749986648559570e+00 0.000000000000000000e+00
2.186249971389770508e+00 3.405979695819120050e-06
2.189749956130981445e+00 0.000000000000000000e+00
2.193249940872192383e+00 3.405979695819120050e-06
2.196749925613403320e+00 3.405979695819120050e-06
2.200249910354614258e+00 0.000000000000000000e+00
2.203749895095825195e+00 0.000000000000000000e+00
2.207250118255615234e+00 0.000000000000000000e+00
2.210750102996826172e+00 0.000000000000000000e+00
2.214250087738037109e+00 0.000000000000000000e+00
2.217750072479248047e+00 3.405979695819120050e-06
2.221250057220458984e+00 0.000000000000000000e+00
2.224750041961669922e+00 3.405979695819120050e-06
2.228250026702880859e+00 3.405979695819120050e-06
2.231750011444091797e+00 0.000000000000000000e+00
2.235249996185302734e+00 0.000000000000000000e+00
2.238749980926513672e+00 0.000000000000000000e+00
2.242249965667724609e+00 6.811959391638240100e-06
2.245749950408935547e+00 3.405979695819120050e-06
2.249249935150146484e+00 3.405979695819120050e-06
2.252749919891357422e+00 0.000000000000000000e+00
2.256249904632568359e+00 0.000000000000000000e+00
2.259749889373779297e+00 0.000000000000000000e+00
2.263249874114990234e+00 3.405979695819120050e-06
2.266750097274780273e+00 0.000000000000000000e+00
2.270250082015991211e+00 0.000000000000000000e+00
2.273750066757202148e+00 0.000000000000000000e+00
2.277250051498413086e+00 6.811959391638240100e-06
2.280750036239624023e+00 3.405979695819120050e-06
2.284250020980834961e+00 0.000000000000000000e+00
2.287750005722045898e+00 3.405979695819120050e-06
2.291249990463256836e+00 0.000000000000000000e+00
2.294749975204467773e+00 0.000000000000000000e+00
2.298249959945678711e+00 0.000000000000000000e+00
2.301749944686889648e+00 0.000000000000000000e+00
2.305249929428100586e+00 0.000000000000000000e+00
2.308749914169311523e+00 0.000000000000000000e+00
2.312249898910522461e+00 3.405979695819120050e-06
2.315750122070312500e+00 0.000000000000000000e+00
2.319250106811523438e+00 0.000000000000000000e+00
2.322750091552734375e+00 0.000000000000000000e+00
2.326250076293945312e+00 3.405979695819120050e-06
2.329750061035156250e+00 0.000000000000000000e+00
2.333250045776367188e+00 0.000000000000000000e+00
2.336750030517578125e+00 3.405979695819120050e-06
2.340250015258789062e+00 6.811959391638240100e-06
2.343750000000000000e+00 6.811959391638240100e-06
2.347249984741210938e+00 3.405979695819120050e-06
2.350749969482421875e+00 0.000000000000000000e+00
2.354249954223632812e+00 0.000000000000000000e+00
2.357749938964843750e+00 0.000000000000000000e+00
2.361249923706054688e+00 0.000000000000000000e+00
2.364749908447265625e+00 0.000000000000000000e+00
2.368249893188476562e+00 3.405979695819120050e-06
2.371749877929687500e+00 0.000000000000000000e+00
2.375250101089477539e+00 0.000000000000000000e+00
2.378750085830688477e+00 0.000000000000000000e+00
2.382250070571899414e+00 3.405979695819120050e-06
2.385750055313110352e+00 0.000000000000000000e+00
2.389250040054321289e+00 3.405979695819120050e-06
2.392750024795532227e+00 0.000000000000000000e+00
2.396250009536743164e+00 0.000000000000000000e+00
2.399749994277954102e+00 6.811959391638240100e-06
2.403249979019165039e+00 3.405979695819120050e-06
2.406749963760375977e+00 3.405979695819120050e-06
2.410249948501586914e+00 0.000000000000000000e+00
2.413749933242797852e+00 3.405979695819120050e-06
2.417249917984008789e+00 0.000000000000000000e+00
2.420749902725219727e+00 0.000000000000000000e+00
2.424250125885009766e+00 0.000000000000000000e+00
2.427750110626220703e+00 3.405979695819120050e-06
2.431250095367431641e+00 1.362391878327648020e-05
2.434750080108642578e+00 3.405979695819120050e-06
2.438250064849853516e+00 0.000000000000000000e+00
2.441750049591064453e+00 0.000000000000000000e+00
2.445250034332275391e+00 0.000000000000000000e+00
2.448750019073486328e+00 0.000000000000000000e+00
2.452250003814697266e+00 3.405979695819120050e-06
2.455749988555908203e+00 0.000000000000000000e+00
2.459249973297119141e+00 0.000000000000000000e+00
2.462749958038330078e+00 0.000000000000000000e+00
2.466249942779541016e+00 3.405979695819120050e-06
2.469749927520751953e+00 0.000000000000000000e+00
2.473249912261962891e+00 0.000000000000000000e+00
2.476749897003173828e+00 0.000000000000000000e+00
2.480249881744384766e+00 0.000000000000000000e+00
2.483750104904174805e+00 3.405979695819120050e-06
2.487250089645385742e+00 3.405979695819120050e-06
2.490750074386596680e+00 0.000000000000000000e+00
2.494250059127807617e+00 0.000000000000000000e+00
2.497750043869018555e+00 0.000000000000000000e+00
2.501250028610229492e+00 3.405979695819120050e-06
2.504750013351440430e+00 0.000000000000000000e+00
2.508249998092651367e+00 0.000000000000000000e+00
2.511749982833862305e+00 0.000000000000000000e+00
2.515249967575073242e+00 3.405979695819120050e-06
2.518749952316284180e+00 0.000000000000000000e+00
2.522249937057495117e+00 0.000000000000000000e+00
2.525749921798706055e+00 0.000000000000000000e+00
2.529249906539916992e+00 3.405979695819120050e-06
2.532749891281127930e+00 3.405979695819120050e-06
2.536250114440917969e+00 0.000000000000000000e+00
2.539750099182128906e+00 0.000000000000000000e+00
2.543250083923339844e+00 0.000000000000000000e+00
2.546750068664550781e+00 0.000000000000000000e+00
2.550250053405761719e+00 0.000000000000000000e+00
2.553750038146972656e+00 0.000000000000000000e+00
2.557250022888183594e+00 0.000000000000000000e+00
2.560750007629394531e+00 0.000000000000000000e+00
2.564249992370605469e+00 3.405979695819120050e-06
2.567749977111816406e+00 0.000000000000000000e+00
2.571249961853027344e+00 0.000000000000000000e+00
2.574749946594238281e+00 0.000000000000000000e+00
2.578249931335449219e+00 3.405979695819120050e-06
2.581749916076660156e+00 0.000000000000000000e+00
2.585249900817871094e+00 3.405979695819120050e-06
2.588749885559082031e+00 0.000000000000000000e+00
2.592250108718872070e+00 3.405979695819120050e-06
2.595750093460083008e+00 3.405979695819120050e-06
2.599250078201293945e+00 0.000000000000000000e+00
2.602750062942504883e+00 3.405979695819120050e-06
2.606250047683715820e+00 0.000000000000000000e+00
2.609750032424926758e+00 0.000000000000000000e+00
2.613250017166137695e+00 0.000000000000000000e+00
2.616750001907348633e+00 0.000000000000000000e+00
2.620249986648559570e+00 3.405979695819120050e-06
2.623749971389770508e+00 0.000000000000000000e+00
2.627249956130981445e+00 0.000000000000000000e+00
2.630749940872192383e+00 0.000000000000000000e+00
2.634249925613403320e+00 0.000000000000000000e+00
2.637749910354614258e+00 0.000000000000000000e+00
2.641249895095825195e+00 6.811959391638240100e-06
2.644750118255615234e+00 0.000000000000000000e+00
2.648250102996826172e+00 0.000000000000000000e+00
2.651750087738037109e+00 0.000000000000000000e+00
2.655250072479248047e+00 0.000000000000000000e+00
2.658750057220458984e+00 0.000000000000000000e+00
2.662250041961669922e+00 0.000000000000000000e+00
2.665750026702880859e+00 3.405979695819120050e-06
2.669250011444091797e+00 3.405979695819120050e-06
2.672749996185302734e+00 0.000000000000000000e+00
2.676249980926513672e+00 3.405979695819120050e-06
2.679749965667724609e+00 0.000000000000000000e+00
2.683249950408935547e+00 0.000000000000000000e+00
2.686749935150146484e+00 0.000000000000000000e+00
2.690249919891357422e+00 0.000000000000000000e+00
2.693749904632568359e+00 0.000000000000000000e+00
2.697249889373779297e+00 0.000000000000000000e+00
2.700749874114990234e+00 0.000000000000000000e+00
2.704250097274780273e+00 0.000000000000000000e+00
2.707750082015991211e+00 0.000000000000000000e+00
2.711250066757202148e+00 0.000000000000000000e+00
2.714750051498413086e+00 3.405979695819120050e-06
2.718250036239624023e+00 0.000000000000000000e+00
2.721750020980834961e+00 0.000000000000000000e+00
2.725250005722045898e+00 0.000000000000000000e+00
2.728749990463256836e+00 0.000000000000000000e+00
2.732249975204467773e+00 0.000000000000000000e+00
2.735749959945678711e+00 0.000000000000000000e+00
2.739249944686889648e+00 0.000000000000000000e+00
2.742749929428100586e+00 3.405979695819120050e-06
2.746249914169311523e+00 0.000000000000000000e+00
2.749749898910522461e+00 0.000000000000000000e+00
2.753250122070312500e+00 0.000000000000000000e+00
2.756750106811523438e+00 3.405979695819120050e-06
2.760250091552734375e+00 0.000000000000000000e+00
2.763750076293945312e+00 0.000000000000000000e+00
2.767250061035156250e+00 3.405979695819120050e-06
2.770750045776367188e+00 0.000000000000000000e+00
2.774250030517578125e+00 0.000000000000000000e+00
2.777750015258789062e+00 3.405979695819120050e-06
2.781250000000000000e+00 0.000000000000000000e+00
2.784749984741210938e+00 0.000000000000000000e+00
2.788249969482421875e+00 0.000000000000000000e+00
2.791749954223632812e+00 0.000000000000000000e+00
2.795249938964843750e+00 3.405979695819120050e-06
2.798749923706054688e+00 0.000000000000000000e+00
2.802249908447265625e+00 0.000000000000000000e+00
2.805749893188476562e+00 0.000000000000000000e+00
2.809249877929687500e+00 3.405979695819120050e-06
2.812750101089477539e+00 0.000000000000000000e+00
2.816250085830688477e+00 0.000000000000000000e+00
2.819750070571899414e+00 0.000000000000000000e+00
2.823250055313110352e+00 0.000000000000000000e+00
2.826750040054321289e+00 0.000000000000000000e+00
2.830250024795532227e+00 6.811959391638240100e-06
2.833750009536743164e+00 0.000000000000000000e+00
2.837249994277954102e+00 0.000000000000000000e+00
2.840749979019165039e+00 0.000000000000000000e+00
2.844249963760375977e+00 0.000000000000000000e+00
2.847749948501586914e+00 0.000000000000000000e+00
2.851249933242797852e+00 0.000000000000000000e+00
2.854749917984008789e+00 0.000000000000000000e+00
2.858249902725219727e+00 0.000000000000000000e+00
2.861750125885009766e+00 0.000000000000000000e+00
2.865250110626220703e+00 0.000000000000000000e+00
2.868750095367431641e+00 0.000000000000000000e+00
2.872250080108642578e+00 0.000000000000000000e+00
2.875750064849853516e+00 0.000000000000000000e+00
2.879250049591064453e+00 0.000000000000000000e+00
2.882750034332275391e+00 0.000000000000000000e+00
2.886250019073486328e+00 0.000000000000000000e+00
2.889750003814697266e+00 0.000000000000000000e+00
2.893249988555908203e+00 0.000000000000000000e+00
2.896749973297119141e+00 0.000000000000000000e+00
2.900249958038330078e+00 0.000000000000000000e+00
2.903749942779541016e+00 0.000000000000000000e+00
2.907249927520751953e+00 0.000000000000000000e+00
2.910749912261962891e+00 0.000000000000000000e+00
2.914249897003173828e+00 3.405979695819120050e-06
2.917749881744384766e+00 0.000000000000000000e+00
2.921250104904174805e+00 0.000000000000000000e+00
2.924750089645385742e+00 0.000000000000000000e+00
2.928250074386596680e+00 0.000000000000000000e+00
2.931750059127807617e+00 0.000000000000000000e+00
2.935250043869018555e+00 0.000000000000000000e+00
2.938750028610229492e+00 0.000000000000000000e+00
2.942250013351440430e+00 0.000000000000000000e+00
2.945749998092651367e+00 0.000000000000000000e+00
2.949249982833862305e+00 0.000000000000000000e+00
2.952749967575073242e+00 0.000000000000000000e+00
2.956249952316284180e+00 0.000000000000000000e+00
2.959749937057495117e+00 0.000000000000000000e+00
2.963249921798706055e+00 0.000000000000000000e+00
2.966749906539916992e+00 0.000000000000000000e+00
2.970249891281127930e+00 0.000000000000000000e+00
2.973750114440917969e+00 0.000000000000000000e+00
2.977250099182128906e+00 0.000000000000000000e+00
2.980750083923339844e+00 0.000000000000000000e+00
2.984250068664550781e+00 0.000000000000000000e+00
2.987750053405761719e+00 0.000000000000000000e+00
2.991250038146972656e+00 0.000000000000000000e+00
2.994750022888183594e+00 0.000000000000000000e+00
2.998250007629394531e+00 0.000000000000000000e+00
