-4.982500076293945312e-01 0.000000000000000000e+00
-4.947499930858612061e-01 0.000000000000000000e+00
-4.912499785423278809e-01 0.000000000000000000e+00
-4.877499938011169434e-01 0.000000000000000000e+00
-4.842500090599060059e-01 0.000000000000000000e+00
-4.807499945163726807e-01 0.000000000000000000e+00
-4.772499799728393555e-01 0.000000000000000000e+00
-4.737499952316284180e-01 0.000000000000000000e+00
-4.702500104904174805e-01 0.000000000000000000e+00
-4.667499959468841553e-01 0.000000000000000000e+00
-4.632499814033508301e-01 0.000000000000000000e+00
-4.597499966621398926e-01 0.000000000000000000e+00
-4.562500119209289551e-01 0.000000000000000000e+00
-4.527499973773956299e-01 0.000000000000000000e+00
-4.492499828338623047e-01 0.000000000000000000e+00
-4.457499980926513672e-01 0.000000000000000000e+00
-4.422500133514404297e-01 0.000000000000000000e+00
-4.387499988079071045e-01 0.000000000000000000e+00
-4.352499842643737793e-01 0.000000000000000000e+00
-4.317499995231628418e-01 0.000000000000000000e+00
-4.282500147819519043e-01 0.000000000000000000e+00
-4.247500002384185791e-01 0.000000000000000000e+00
-4.212499856948852539e-01 0.000000000000000000e+00
-4.177500009536743164e-01 0.000000000000000000e+00
-4.142500162124633789e-01 0.000000000000000000e+00
-4.107500016689300537e-01 0.000000000000000000e+00
-4.072499871253967285e-01 0.000000000000000000e+00
-4.037500023841857910e-01 0.000000000000000000e+00
-4.002500176429748535e-01 0.000000000000000000e+00
-3.967500030994415283e-01 0.000000000000000000e+00
-3.932499885559082031e-01 0.000000000000000000e+00
-3.897500038146972656e-01 0.000000000000000000e+00
-3.862500190734863281e-01 0.000000000000000000e+00
-3.827500045299530029e-01 0.000000000000000000e+00
-3.792499899864196777e-01 0.000000000000000000e+00
-3.757500052452087402e-01 0.000000000000000000e+00
-3.722500205039978027e-01 0.000000000000000000e+00
-3.687500059604644775e-01 0.000000000000000000e+00
-3.652499914169311523e-01 0.000000000000000000e+00
-3.617500066757202148e-01 0.000000000000000000e+00
-3.582500219345092773e-01 0.000000000000000000e+00
-3.547499775886535645e-01 0.000000000000000000e+00
-3.512499928474426270e-01 0.000000000000000000e+00
-3.477500081062316895e-01 0.000000000000000000e+00
-3.442499935626983643e-01 0.000000000000000000e+00
-3.407499790191650391e-01 0.000000000000000000e+00
-3.372499942779541016e-01 0.000000000000000000e+00
-3.337500095367431641e-01 0.000000000000000000e+00
-3.302499949932098389e-01 0.000000000000000000e+00
-3.267499804496765137e-01 0.000000000000000000e+00
-3.232499957084655762e-01 0.000000000000000000e+00
-3.197500109672546387e-01 0.000000000000000000e+00
-3.162499964237213135e-01 0.000000000000000000e+00
-3.127499818801879883e-01 0.000000000000000000e+00
-3.092499971389770508e-01 0.000000000000000000e+00
-3.057500123977661133e-01 0.000000000000000000e+00
-3.022499978542327881e-01 0.000000000000000000e+00
-2.987499833106994629e-01 0.000000000000000000e+00
-2.952499985694885254e-01 0.000000000000000000e+00
-2.917500138282775879e-01 0.000000000000000000e+00
-2.882499992847442627e-01 0.000000000000000000e+00
-2.847499847412109375e-01 0.000000000000000000e+00
-2.812500000000000000e-01 0.000000000000000000e+00
-2.777500152587890625e-01 0.000000000000000000e+00
-2.742500007152557373e-01 0.000000000000000000e+00
-2.707499861717224121e-01 0.000000000000000000e+00
-2.672500014305114746e-01 0.000000000000000000e+00
-2.637500166893005371e-01 0.000000000000000000e+00
-2.602500021457672119e-01 0.000000000000000000e+00
-2.567499876022338867e-01 0.000000000000000000e+00
-2.532500028610229492e-01 0.000000000000000000e+00
-2.497500032186508179e-01 0.000000000000000000e+00
-2.462500035762786865e-01 0.000000000000000000e+00
-2.427499890327453613e-01 0.000000000000000000e+00
-2.392500042915344238e-01 0.000000000000000000e+00
-2.357499897480010986e-01 0.000000000000000000e+00
-2.322500050067901611e-01 0.000000000000000000e+00
-2.287499904632568359e-01 0.000000000000000000e+00
-2.252500057220458984e-01 0.000000000000000000e+00
-2.217499911785125732e-01 0.000000000000000000e+00
-2.182500064373016357e-01 0.000000000000000000e+00
-2.147499918937683105e-01 0.000000000000000000e+00
-2.112500071525573730e-01 0.000000000000000000e+00
-2.077499926090240479e-01 0.000000000000000000e+00
-2.042500078678131104e-01 0.000000000000000000e+00
-2.007499933242797852e-01 0.000000000000000000e+00
-1.972500085830688477e-01 0.000000000000000000e+00
-1.937499940395355225e-01 0.000000000000000000e+00
-1.902500092983245850e-01 0.000000000000000000e+00
-1.867499947547912598e-01 0.000000000000000000e+00
-1.832500100135803223e-01 0.000000000000000000e+00
-1.797499954700469971e-01 0.000000000000000000e+00
-1.762500107288360596e-01 0.000000000000000000e+00
-1.727499961853027344e-01 0.000000000000000000e+00
-1.692500114440917969e-01 4.655597657930404941e-06
-1.657499969005584717e-01 1.384902029655330122e-05
-1.622500121593475342e-01 3.673566045639799302e-05
-1.587499976158142090e-01 7.310310796725417721e-05
-1.552500128746032715e-01 1.951491903697528236e-04
-1.517499983310699463e-01 5.728562944618461336e-04
-1.482500135898590088e-01 1.067314364102750317e-03
-1.447499990463256836e-01 2.584908455318565747e-03
-1.412500143051147461e-01 4.978952871894946897e-03
-1.377499997615814209e-01 9.354748714318215225e-03
-1.342500001192092896e-01 1.674333318102504825e-02
-1.307500004768371582e-01 2.940959520038532657e-02
-1.272499859333038330e-01 5.085788742464086853e-02
-1.237500011920928955e-01 8.110293401598615837e-02
-1.202500015497207642e-01 1.310470815333217853e-01
-1.167500019073486328e-01 1.996672282281297950e-01
-1.132500022649765015e-01 2.989330275742744236e-01
-1.097500026226043701e-01 4.277669746918030258e-01
-1.062500029802322388e-01 5.986869992480655656e-01
-1.027500033378601074e-01 8.184188431381372864e-01
-9.925000369548797607e-02 1.084586319599315285e+00
-9.574999660253524780e-02 1.402152496535082227e+00
-9.224999696016311646e-02 1.779260195077411622e+00
-8.874999731779098511e-02 2.199178521572489942e+00
-8.524999767541885376e-02 2.670144493870707514e+00
-8.174999803304672241e-02 3.185841014567725171e+00
-7.824999839067459106e-02 3.730738740152379052e+00
-7.474999874830245972e-02 4.295769938927382015e+00
-7.124999910593032837e-02 4.857531357872256095e+00
-6.774999946355819702e-02 5.426685654192453079e+00
-6.424999982118606567e-02 5.976643490734415032e+00
-6.075000017881393433e-02 6.503388006189286585e+00
-5.725000053644180298e-02 6.974743202524429364e+00
-5.375000089406967163e-02 7.409322360076116887e+00
-5.025000125169754028e-02 7.773407700703190315e+00
-4.675000160932540894e-02 8.080500812544359590e+00
-4.325000196695327759e-02 8.331964677466212166e+00
-3.974999859929084778e-02 8.519754042708360231e+00
-3.624999895691871643e-02 8.620576592520786008e+00
-3.274999931454658508e-02 8.657763659510937515e+00
-2.924999967217445374e-02 8.653391064461793292e+00
-2.575000002980232239e-02 8.577499979940277797e+00
-2.225000038743019104e-02 8.466373929008319976e+00
-1.875000074505805969e-02 8.295762643737489839e+00
-1.525000110268592834e-02 8.094845075236625220e+00
-1.174999959766864777e-02 7.848834445047253361e+00
-8.249999955296516418e-03 7.586553922508610270e+00
-4.750000312924385071e-03 7.295306295644053307e+00
-1.249999972060322762e-03 6.993238626682605208e+00
2.250000135973095894e-03 6.679778531439176881e+00
5.750000011175870895e-03 6.368229142475370530e+00
9.250000119209289551e-03 6.033879086300479422e+00
1.274999976158142090e-02 5.703547976472092884e+00
1.624999940395355225e-02 5.384021200837859844e+00
1.974999904632568359e-02 5.080493616069579055e+00
2.325000055134296417e-02 4.764641408158163394e+00
2.675000019371509552e-02 4.471092547186822586e+00
3.025000169873237610e-02 4.185272746399927968e+00
3.375000134110450745e-02 3.916310064271667279e+00
3.725000098347663879e-02 3.658045937631813516e+00
4.075000062584877014e-02 3.409022578265707093e+00
4.425000026822090149e-02 3.171182777513227968e+00
4.774999991059303284e-02 2.946426405257200898e+00
5.124999955296516418e-02 2.744338290789108292e+00
5.474999919533729553e-02 2.540008559449935976e+00
5.824999883770942688e-02 2.352510223436799386e+00
6.175000220537185669e-02 2.188766872308131273e+00
6.525000184774398804e-02 2.027440259935203493e+00
6.875000149011611938e-02 1.873101819306723703e+00
7.225000113248825073e-02 1.738784998279263805e+00
7.575000077486038208e-02 1.607105043310761872e+00
7.925000041723251343e-02 1.490887704767266175e+00
8.275000005960464478e-02 1.380391892182107672e+00
8.624999970197677612e-02 1.275494811119762151e+00
8.974999934434890747e-02 1.181631586507575937e+00
9.324999898672103882e-02 1.095687234269716814e+00
9.674999862909317017e-02 1.009936191728516341e+00
1.002499982714653015e-01 9.353053475236871028e-01
1.037499979138374329e-01 8.643154019120427023e-01
1.072499975562095642e-01 8.024571369397373033e-01
1.107499971985816956e-01 7.420464443911468644e-01
1.142499968409538269e-01 6.905193223334705754e-01
1.177499964833259583e-01 6.414864396613113584e-01
1.212500035762786865e-01 5.939767764601630029e-01
1.247500032186508179e-01 5.510492982540136087e-01
1.282500028610229492e-01 5.110379627886805221e-01
1.317499876022338867e-01 4.727469028473290646e-01
1.352500021457672119e-01 4.394464337122236941e-01
1.387499868869781494e-01 4.090467822200531955e-01
1.422500014305114746e-01 3.785570654017207382e-01
1.457499861717224121e-01 3.511917771552534040e-01
1.492500007152557373e-01 3.275597908194595731e-01
1.527499854564666748e-01 3.047636099403318033e-01
1.562500000000000000e-01 2.837073962702805763e-01
1.597500145435333252e-01 2.643485273019003379e-01
1.632499992847442627e-01 2.451354972629055384e-01
1.667500138282775879e-01 2.283154796439460787e-01
1.702499985694885254e-01 2.132060087954031347e-01
1.737500131130218506e-01 1.986294258772082766e-01
1.772499978542327881e-01 1.857521841641187887e-01
1.807500123977661133e-01 1.728997198247347322e-01
1.842499971389770508e-01 1.601681588903258180e-01
1.877500116825103760e-01 1.510292882546441784e-01
1.912499964237213135e-01 1.418746618975028351e-01
1.947500109672546387e-01 1.310138164897816093e-01
1.982499957084655762e-01 1.241298934608877635e-01
2.017500102519989014e-01 1.151171291053837559e-01
2.052499949932098389e-01 1.070444013978123082e-01
2.087500095367431641e-01 1.013994449852552576e-01
2.122499942779541016e-01 9.388757151287262237e-02
2.157500088214874268e-01 8.822147887749236250e-02
2.192499935626983643e-01 8.242233814812667536e-02
2.227500081062316895e-01 7.794145837920740671e-02
2.262499928474426270e-01 7.287776492175951359e-02
2.297500073909759521e-01 6.879472997579287596e-02
2.332499921321868896e-01 6.420769697924053054e-02
2.367500066757202148e-01 5.990673926940441596e-02
2.402499914169311523e-01 5.624301062258619394e-02
2.437500059604644775e-01 5.322503411794005795e-02
2.472499907016754150e-01 5.023165188848933288e-02
2.507500052452087402e-01 4.730095895066701445e-02
2.542499899864196777e-01 4.393302700062125948e-02
2.577500045299530029e-01 4.167986195232147723e-02
2.612500190734863281e-01 3.947323639936899803e-02
2.647500038146972656e-01 3.703007381739674420e-02
2.682499885559082031e-01 3.514770220104523196e-02
2.717500030994415283e-01 3.254101990909673281e-02
2.752500176429748535e-01 3.129435535957418579e-02
2.787500023841857910e-01 2.948187765039267730e-02
2.822499871253967285e-01 2.803828315304125046e-02
2.857500016689300537e-01 2.652663052162824303e-02
2.892500162124633789e-01 2.482212863206148534e-02
2.927500009536743164e-01 2.340905678632835066e-02
2.962499856948852539e-01 2.190914158070702764e-02
2.997500002384185791e-01 2.118646818451410882e-02
3.032500147819519043e-01 1.937156732352527180e-02
3.067499995231628418e-01 1.875861579154922132e-02
3.102499842643737793e-01 1.758117658741202571e-02
3.137499988079071045e-01 1.672556841164343777e-02
3.172500133514404297e-01 1.542574339006441524e-02
3.207499980926513672e-01 1.476653466693033691e-02
3.242499828338623047e-01 1.422643458209838473e-02
3.277499973773956299e-01 1.347407527871973681e-02
3.312500119209289551e-01 1.272755638422807568e-02
3.347499966621398926e-01 1.182669036342788235e-02
3.382499814033508301e-01 1.149788050681570077e-02
3.417499959468841553e-01 1.072437185691944850e-02
3.452500104904174805e-01 1.020413132711323577e-02
3.487499952316284180e-01 9.771638594203801639e-03
3.522499799728393555e-01 9.155243160776028316e-03
3.557499945163726807e-01 8.626051752554483171e-03
3.592500090599060059e-01 8.345518995351552602e-03
3.627499938011169434e-01 7.730964899479088326e-03
3.662499785423278809e-01 7.475136931176564088e-03
3.697499930858612061e-01 6.951818080977145362e-03
3.732500076293945312e-01 6.579676392860999389e-03
3.767499923706054688e-01 6.230487440513496171e-03
3.802500069141387939e-01 6.218729431378695015e-03
3.837500214576721191e-01 5.588011551100343678e-03
3.872500061988830566e-01 5.616667863337519197e-03
3.907499909400939941e-01 5.084995256251370957e-03
3.942500054836273193e-01 5.002495813259357459e-03
3.977500200271606445e-01 4.687679958043538750e-03
4.012500047683715820e-01 4.285870933642159028e-03
4.047499895095825195e-01 4.119889570791446069e-03
4.082500040531158447e-01 3.997851363176395389e-03
4.117500185966491699e-01 3.713448220510607873e-03
4.152500033378601074e-01 3.573799574847969906e-03
4.187499880790710449e-01 3.394789156792641857e-03
4.222500026226043701e-01 3.332033726279490411e-03
4.257500171661376953e-01 3.176908422744543787e-03
4.292500019073486328e-01 3.104813489565057434e-03
4.327499866485595703e-01 2.802749537548895366e-03
4.362500011920928955e-01 2.685338650909412095e-03
4.397500157356262207e-01 2.488409711136228917e-03
4.432500004768371582e-01 2.397158753725200236e-03
4.467499852180480957e-01 2.256132978161616478e-03
4.502499997615814209e-01 2.180713889037235245e-03
4.537500143051147461e-01 2.078759676351927058e-03
4.572499990463256836e-01 2.032546470383326566e-03
4.607499837875366211e-01 1.933792127855914374e-03
4.642499983310699463e-01 1.808863548307800819e-03
4.677500128746032715e-01 1.720054736391263012e-03
4.712499976158142090e-01 1.675689043281202361e-03
4.747499823570251465e-01 1.557072805992347573e-03
4.782499969005584717e-01 1.449843468127006265e-03
4.817500114440917969e-01 1.513237187271836235e-03
4.852499961853027344e-01 1.379736852612008452e-03
4.887499809265136719e-01 1.270179887246769730e-03
4.922499954700469971e-01 1.211834211042120586e-03
4.957500100135803223e-01 1.160058920632281833e-03
4.992499947547912598e-01 1.074040177331931321e-03
5.027499794960021973e-01 1.011262096603459141e-03
5.062500238418579102e-01 9.862466875042118480e-04
5.097500085830688477e-01 9.093133731704306725e-04
5.132499933242797852e-01 8.960273872968236046e-04
5.167499780654907227e-01 8.942730000723104382e-04
5.202499628067016602e-01 7.927032579171971105e-04
5.237500071525573730e-01 7.323201893289159976e-04
5.272499918937683105e-01 7.449095919723196669e-04
5.307500362396240234e-01 6.925132609041392915e-04
5.342500209808349609e-01 6.794039920897366157e-04
5.377500057220458984e-01 6.603379079248844616e-04
5.412499904632568359e-01 5.724754426662081834e-04
5.447499752044677734e-01 5.276793058250547072e-04
5.482500195503234863e-01 5.634410791871542583e-04
5.517500042915344238e-01 5.172767747143992931e-04
5.552499890327453613e-01 4.574125193871186315e-04
5.587500333786010742e-01 4.802514007539553640e-04
5.622500181198120117e-01 4.387044932386820412e-04
5.657500028610229492e-01 3.959336656500092393e-04
5.692499876022338867e-01 3.897812291578244578e-04
5.727499723434448242e-01 3.970045819375567458e-04
5.762500166893005371e-01 3.625334154789264978e-04
5.797500014305114746e-01 3.482692129450548277e-04
5.832499861717224121e-01 3.581028260356006600e-04
5.867500305175781250e-01 2.958468235004278963e-04
5.902500152587890625e-01 2.768749981272964505e-04
5.937500000000000000e-01 2.695298405155429765e-04
5.972499847412109375e-01 2.577754464976404736e-04
6.007499694824218750e-01 2.517482348467486451e-04
6.042500138282775879e-01 2.245863947960097750e-04
6.077499985694885254e-01 2.307704453723439185e-04
6.112499833106994629e-01 2.136628655094519654e-04
6.147500276565551758e-01 1.795747166355444709e-04
6.182500123977661133e-01 1.737043661889282767e-04
6.217499971389770508e-01 1.750518364073563133e-04
6.252499818801879883e-01 1.792398293359595085e-04
6.287499666213989258e-01 1.581145446988135579e-04
6.322500109672546387e-01 1.543291509990030207e-04
6.357499957084655762e-01 1.387468231193474241e-04
6.392499804496765137e-01 1.376665514594725345e-04
6.427500247955322266e-01 1.222750962220780797e-04
6.462500095367431641e-01 1.183395003857972978e-04
6.497499942779541016e-01 1.093253286631007778e-04
6.532499790191650391e-01 1.079147986332674932e-04
6.567499637603759766e-01 1.091642993576422182e-04
6.602500081062316895e-01 1.025676008391259391e-04
6.637499928474426270e-01 8.844936089688937883e-05
6.672500371932983398e-01 8.796620789573124713e-05
6.707500219345092773e-01 8.160357464648452879e-05
6.742500066757202148e-01 8.092811268963357981e-05
6.777499914169311523e-01 7.008573064078117091e-05
6.812499761581420898e-01 6.552674076771251984e-05
6.847500205039978027e-01 6.516932752900959588e-05
6.882500052452087402e-01 6.044757453553828441e-05
6.917499899864196777e-01 5.641886319128070198e-05
6.952500343322753906e-01 5.982710813618946437e-05
6.987500190734863281e-01 5.512796135984993133e-05
7.022500038146972656e-01 4.856445790091646166e-05
7.057499885559082031e-01 5.209531783276981598e-05
7.092499732971191406e-01 4.715052226728109282e-05
7.127500176429748535e-01 4.942530870796538845e-05
7.162500023841857910e-01 4.330126965013071980e-05
7.197499871253967285e-01 3.942205447693233373e-05
7.232500314712524414e-01 3.632070924733384829e-05
7.267500162124633789e-01 3.324616624588507289e-05
7.302500009536743164e-01 3.108503519324803981e-05
7.337499856948852539e-01 3.060458396652372437e-05
7.372499704360961914e-01 3.246914339527304244e-05
7.407500147819519043e-01 3.282077178363542114e-05
7.442499995231628418e-01 2.819001129281464090e-05
7.477499842643737793e-01 3.159215141237346194e-05
7.512500286102294922e-01 2.559037555145442699e-05
7.547500133514404297e-01 2.871841174749881318e-05
7.582499980926513672e-01 2.658839049931611417e-05
7.617499828338623047e-01 2.286538278216841141e-05
7.652499675750732422e-01 2.505089492709356756e-05
7.687500119209289551e-01 2.554533173457501779e-05
7.722499966621398926e-01 2.689785712450895193e-05
7.757499814033508301e-01 2.210402349456721342e-05
7.792500257492065430e-01 2.401035587511278057e-05
7.827500104904174805e-01 1.760155210840439098e-05
7.862499952316284180e-01 2.056259278955110956e-05
7.897499799728393555e-01 2.468640861570825602e-05
7.932499647140502930e-01 2.400143483880566199e-05
7.967500090599060059e-01 2.655288983200137631e-05
8.002499938011169434e-01 2.170479320175421203e-05
8.037499785423278809e-01 2.157305951839293189e-05
8.072500228881835938e-01 1.717833689480833935e-05
8.107500076293945312e-01 2.679557556736158707e-05
8.142499923706054688e-01 2.360294776886186476e-05
8.177499771118164062e-01 1.543969639845312072e-05
8.212500214576721191e-01 2.098016946956481469e-05
8.247500061988830566e-01 1.752626742058307482e-05
8.282499909400939941e-01 2.102863680295080721e-05
8.317500352859497070e-01 1.334314483769567420e-05
8.352500200271606445e-01 1.704709474398465537e-05
8.387500047683715820e-01 1.978688657024755090e-05
8.422499895095825195e-01 1.669666164037491831e-05
8.457499742507934570e-01 1.405463468590618677e-05
8.492500185966491699e-01 2.266848154216372899e-05
8.527500033378601074e-01 1.726353098084764293e-05
8.562499880790710449e-01 1.540383947897807664e-05
8.597500324249267578e-01 2.148634131290852621e-05
8.632500171661376953e-01 1.686322908245269507e-05
8.667500019073486328e-01 1.773232368771145652e-05
8.702499866485595703e-01 1.194415530957511961e-05
8.737499713897705078e-01 1.758575564982109573e-05
8.772500157356262207e-01 1.516551231237419934e-05
8.807500004768371582e-01 1.256299891732508365e-05
8.842499852180480957e-01 1.734673203156769346e-05
8.877500295639038086e-01 1.419965693899147413e-05
8.912500143051147461e-01 1.346528671956254874e-05
8.947499990463256836e-01 1.863256509170685388e-05
8.982499837875366211e-01 1.833059645109030920e-05
9.017499685287475586e-01 1.138159051475795526e-05
9.052500128746032715e-01 1.389371333038426870e-05
9.087499976158142090e-01 1.763527125354263404e-05
9.122499823570251465e-01 1.548661742856525917e-05
9.157500267028808594e-01 1.426239998285668421e-05
9.192500114440917969e-01 1.593809291447271156e-05
9.227499961853027344e-01 1.157360667027782202e-05
9.262499809265136719e-01 1.330793394080513952e-05
9.297499656677246094e-01 1.151912994993848929e-05
9.332500100135803223e-01 1.703965799027707545e-05
9.367499947547912598e-01 1.429533719213309299e-05
9.402499794960021973e-01 1.338120339772681719e-05
9.437500238418579102e-01 1.546978197463327374e-05
9.472500085830688477e-01 1.597121695639435119e-05
9.507499933242797852e-01 1.301313230700154368e-05
9.542499780654907227e-01 1.716420796979798246e-05
9.577499628067016602e-01 1.485067359515893133e-05
9.612500071525573730e-01 1.016447310199811354e-05
9.647499918937683105e-01 1.178221281949955679e-05
9.682500362396240234e-01 1.211579890065381365e-05
9.717500209808349609e-01 1.521930254070475642e-05
9.752500057220458984e-01 1.524256184790132920e-05
9.787499904632568359e-01 9.375052590873710675e-06
9.822499752044677734e-01 1.521736077599750147e-05
9.857500195503234863e-01 6.538140767111833227e-06
9.892500042915344238e-01 9.744477978400993014e-06
9.927499890327453613e-01 1.013808773008493425e-05
9.962500333786010742e-01 9.896263349521122987e-06
9.997500181198120117e-01 1.470325954301314743e-05
1.003250002861022949e+00 1.327343662117251394e-05
1.006749987602233887e+00 9.759111629895232532e-06
1.010249972343444824e+00 8.362706911653611038e-06
1.013749957084655762e+00 1.127214284954301074e-05
1.017250061035156250e+00 8.416611598115497129e-06
1.020750045776367188e+00 1.062518467464458575e-05
1.024250030517578125e+00 9.236937938819723550e-06
1.027750015258789062e+00 9.019974192556263069e-06
1.031250000000000000e+00 1.129323455016986473e-05
1.034749984741210938e+00 5.373789851880118731e-06
1.038249969482421875e+00 9.163333598815121946e-06
1.041749954223632812e+00 5.678182587663865197e-06
1.045249938964843750e+00 1.211776681185432022e-05
1.048750042915344238e+00 8.796457530536828592e-06
1.052250027656555176e+00 6.120231131063084292e-06
1.055750012397766113e+00 8.693158290074618673e-06
1.059249997138977051e+00 8.155245445993689787e-06
1.062749981880187988e+00 5.437338453341101924e-06
1.066249966621398926e+00 8.465765889346813980e-06
1.069749951362609863e+00 5.390139332343054507e-06
1.073250055313110352e+00 6.614339819291654678e-06
1.076750040054321289e+00 8.001392972573930550e-06
1.080250024795532227e+00 4.206519946229317673e-06
1.083750009536743164e+00 5.097075008432471996e-06
1.087249994277954102e+00 3.440616617813129359e-06
1.090749979019165039e+00 6.240623469128900121e-06
1.094249963760375977e+00 5.958804878101456476e-06
1.097749948501586914e+00 5.134272505656234346e-06
1.101249933242797852e+00 9.094998928688298638e-06
1.104750037193298340e+00 5.189522575199935643e-06
1.108250021934509277e+00 8.452956278276147360e-06
1.111750006675720215e+00 7.155427166900499996e-06
1.115249991416931152e+00 6.544001525750084806e-06
1.118749976158142090e+00 6.346741008841537652e-06
1.122249960899353027e+00 5.931754054096100218e-06
1.125750064849853516e+00 2.942590958292731643e-06
1.129250049591064453e+00 3.461790502743646752e-06
1.132750034332275391e+00 4.910571314238682833e-06
1.136250019073486328e+00 5.928070712614527167e-06
1.139750003814697266e+00 6.096396191069053550e-06
1.143249988555908203e+00 5.106312193857393222e-06
1.146749973297119141e+00 4.736942102359474813e-06
1.150249958038330078e+00 4.911585461998319175e-06
1.153749942779541016e+00 4.661354408659544490e-06
1.157250046730041504e+00 5.621451663734408038e-06
1.160750031471252441e+00 2.298492093139072334e-06
1.164250016212463379e+00 4.806626476156151129e-06
1.167750000953674316e+00 6.182332268898133420e-06
1.171249985694885254e+00 2.770913643257825031e-06
1.174749970436096191e+00 2.768296794980011876e-06
1.178249955177307129e+00 5.960629570670486354e-06
1.181750059127807617e+00 1.986003247662748802e-06
1.185250043869018555e+00 2.573585576293741283e-06
1.188750028610229492e+00 2.704374371250315378e-06
1.192250013351440430e+00 3.095446919738901239e-06
1.195749998092651367e+00 3.279307053910216263e-06
1.199249982833862305e+00 4.413447610321143731e-06
1.202749967575073242e+00 3.501229864173332536e-06
1.206249952316284180e+00 3.653498866341160050e-06
1.209749937057495117e+00 1.350430944397806151e-07
1.213250041007995605e+00 2.228969985165954539e-06
1.216750025749206543e+00 1.718283684737621517e-06
1.220250010490417480e+00 2.134634014437795543e-06
1.223749995231628418e+00 1.547996842723061017e-06
1.227249979972839355e+00 2.035119802559781044e-06
1.230749964714050293e+00 8.536840010001463911e-07
1.234249949455261230e+00 3.942639325197803778e-06
1.237750053405761719e+00 3.746486674849961760e-06
1.241250038146972656e+00 4.170659570563839578e-06
1.244750022888183594e+00 2.809744672901240746e-06
1.248250007629394531e+00 2.364749585925877500e-06
1.251749992370605469e+00 4.311244773686067048e-06
1.255249977111816406e+00 1.017697769945433474e-06
1.258749961853027344e+00 3.968937062551045965e-06
1.262249946594238281e+00 3.089821363921616882e-06
1.265750050544738770e+00 1.505731358494932442e-06
1.269250035285949707e+00 2.431342682296645285e-06
1.272750020027160645e+00 1.082355994688282283e-06
1.276250004768371582e+00 1.634301468524962216e-06
1.279749989509582520e+00 2.754489886450865050e-06
1.283249974250793457e+00 7.888977839517262011e-07
1.286749958992004395e+00 1.561020112134296089e-06
1.290250062942504883e+00 3.437231613840823881e-06
1.293750047683715820e+00 2.251220395560105964e-08
1.297250032424926758e+00 1.681484606508035934e-06
1.300750017166137695e+00 8.159486379793212060e-07
1.304250001907348633e+00 1.267745958916129668e-06
1.307749986648559570e+00 1.715008055198423385e-06
1.311249971389770508e+00 2.575133248726502734e-06
1.314749956130981445e+00 2.956151735916270378e-06
1.318249940872192383e+00 2.260252249919276902e-06
1.321750044822692871e+00 2.324493829136556003e-06
1.325250029563903809e+00 1.423307419239980434e-06
1.328750014305114746e+00 1.574793628360048626e-06
1.332249999046325684e+00 1.183308011732799448e-06
1.335749983787536621e+00 1.412311933531425079e-06
1.339249968528747559e+00 1.647666738131678427e-06
1.342749953269958496e+00 1.736606661002487678e-06
1.346250057220458984e+00 1.437257383157973633e-06
1.349750041961669922e+00 8.200670135190247072e-07
1.353250026702880859e+00 1.030617891942833352e-06
1.356750011444091797e+00 3.748465970448473658e-07
1.360249996185302734e+00 1.264850632580983515e-06
1.363749980926513672e+00 1.488145178253528157e-06
1.367249965667724609e+00 1.520139500200962582e-06
1.370749950408935547e+00 2.936317918605583178e-07
1.374249935150146484e+00 1.023811421381073426e-06
1.377750039100646973e+00 5.752369110108285479e-07
1.381250023841857910e+00 1.118880219982594348e-06
1.384750008583068848e+00 9.387406976908794995e-07
1.388249993324279785e+00 2.251904015806268051e-06
1.391749978065490723e+00 2.583826915716996928e-06
1.395249962806701660e+00 0.000000000000000000e+00
1.398750066757202148e+00 2.745485505465379015e-06
1.402250051498413086e+00 9.214128196063379461e-07
1.405750036239624023e+00 1.377264848610345786e-06
1.409250020980834961e+00 1.565258254774774308e-06
1.412750005722045898e+00 1.505716598065024503e-06
1.416249990463256836e+00 1.177779025113651505e-06
1.419749975204467773e+00 2.665425611403433296e-07
1.423249959945678711e+00 1.392147253383299108e-06
1.426749944686889648e+00 1.588979450666185426e-06
1.430250048637390137e+00 3.613440029244691555e-06
1.433750033378601074e+00 1.386681608045303329e-06
1.437250018119812012e+00 1.222920080861378476e-06
1.440750002861022949e+00 5.376475214380288685e-08
1.444249987602233887e+00 1.683416584986124934e-06
1.447749972343444824e+00 7.187791767749203310e-07
1.451249957084655762e+00 3.383419464645831665e-06
1.454750061035156250e+00 1.477967751335297873e-06
1.458250045776367188e+00 7.666814017152630825e-07
1.461750030517578125e+00 2.188223798393799807e-06
1.465250015258789062e+00 5.201502645939019292e-07
1.468750000000000000e+00 1.672204990954072660e-06
1.472249984741210938e+00 1.105554391791265665e-06
1.475749969482421875e+00 8.369580087295761841e-07
1.479249954223632812e+00 1.410990981771302401e-06
1.482749938964843750e+00 8.197709612769155910e-07
1.486250042915344238e+00 1.775980338173095690e-06
1.489750027656555176e+00 4.404773498773284599e-07
1.493250012397766113e+00 1.284608994345469339e-06
1.496749997138977051e+00 1.387870734741537338e-06
1.500249981880187988e+00 1.757232727308519798e-06
1.503749966621398926e+00 1.187832931453301971e-06
1.507249951362609863e+00 1.336869392972576780e-06
1.510750055313110352e+00 5.785935036872629423e-07
1.514250040054321289e+00 1.835364752813220951e-06
1.517750024795532227e+00 1.687944770415525093e-06
1.521250009536743164e+00 3.046347812364058641e-07
1.524749994277954102e+00 1.518002168428992055e-06
1.528249979019165039e+00 1.767650373916946735e-06
1.531749963760375977e+00 6.104634345088660986e-07
1.535249948501586914e+00 1.049265698798469938e-06
1.538749933242797852e+00 9.775489860790552687e-07
1.542250037193298340e+00 0.000000000000000000e+00
1.545750021934509277e+00 9.367373150268266023e-08
1.549250006675720215e+00 6.671487235904538181e-07
1.552749991416931152e+00 2.242172662202251180e-06
1.556249976158142090e+00 1.010704578610529491e-06
1.559749960899353027e+00 7.095645727266990765e-07
1.563250064849853516e+00 6.840386972316236089e-07
1.566750049591064453e+00 3.051693150446524717e-06
1.570250034332275391e+00 2.691261613428812495e-06
1.573750019073486328e+00 2.049283224368644130e-06
1.577250003814697266e+00 3.547719509992443807e-06
1.580749988555908203e+00 0.000000000000000000e+00
1.584249973297119141e+00 1.368752769574638385e-06
1.587749958038330078e+00 0.000000000000000000e+00
1.591249942779541016e+00 1.739000597290596824e-06
1.594750046730041504e+00 5.890848403606092019e-07
1.598250031471252441e+00 4.049556128791473134e-07
1.601750016212463379e+00 0.000000000000000000e+00
1.605250000953674316e+00 0.000000000000000000e+00
1.608749985694885254e+00 8.789707911110921820e-07
1.612249970436096191e+00 8.398339863268514096e-07
1.615749955177307129e+00 1.131066402084192905e-06
1.619250059127807617e+00 3.772558368134740419e-09
1.622750043869018555e+00 1.475717570573938416e-06
1.626250028610229492e+00 8.379898135347809860e-07
1.629750013351440430e+00 1.589726941630226609e-06
1.633249998092651367e+00 1.347509322443368123e-06
1.636749982833862305e+00 3.567116690007278441e-06
1.640249967575073242e+00 2.300652217790500320e-06
1.643749952316284180e+00 1.380887998562869133e-06
1.647249937057495117e+00 1.326000532459948326e-06
1.650750041007995605e+00 6.223862604809967537e-07
1.654250025749206543e+00 1.899706550479657011e-06
1.657750010490417480e+00 1.379667810117126461e-06
1.661249995231628418e+00 0.000000000000000000e+00
1.664749979972839355e+00 2.623647338758088714e-06
1.668249964714050293e+00 4.280535903128494304e-06
1.671749949455261230e+00 0.000000000000000000e+00
1.675250053405761719e+00 3.557837809847181483e-06
1.678750038146972656e+00 2.727386371801085364e-06
1.682250022888183594e+00 3.438970357860659127e-06
1.685750007629394531e+00 1.408206861317836120e-06
1.689249992370605469e+00 0.000000000000000000e+00
1.692749977111816406e+00 1.420597565523600361e-06
1.696249961853027344e+00 1.375766906308263496e-06
1.699749946594238281e+00 1.989096004836668282e-06
1.703250050544738770e+00 2.652965415201257844e-06
1.706750035285949707e+00 1.099197389373716178e-06
1.710250020027160645e+00 1.996658564270708678e-06
1.713750004768371582e+00 1.485762863770950430e-06
1.717249989509582520e+00 0.000000000000000000e+00
1.720749974250793457e+00 0.000000000000000000e+00
1.724249958992004395e+00 1.620128771815128000e-06
1.727750062942504883e+00 3.392560211359109475e-06
1.731250047683715820e+00 3.199575280835494603e-06
1.734750032424926758e+00 3.302360543146327109e-06
1.738250017166137695e+00 3.650548662967172870e-06
1.741750001907348633e+00 0.000000000000000000e+00
1.745249986648559570e+00 0.000000000000000000e+00
1.748749971389770508e+00 1.170006609602831827e-06
1.752249956130981445e+00 7.874962826081145362e-07
1.755749940872192383e+00 0.000000000000000000e+00
1.759250044822692871e+00 0.000000000000000000e+00
1.762750029563903809e+00 8.889071474804367701e-06
1.766250014305114746e+00 3.234949411656242932e-06
1.769749999046325684e+00 1.603316760078259478e-06
1.773249983787536621e+00 1.841741830899109374e-06
1.776749968528747559e+00 3.676376686120365491e-06
1.780249953269958496e+00 2.063694189492745986e-06
1.783750057220458984e+00 0.000000000000000000e+00
1.787250041961669922e+00 0.000000000000000000e+00
1.790750026702880859e+00 1.465647255812409199e-06
1.794250011444091797e+00 1.523048480193461440e-06
1.797749996185302734e+00 0.000000000000000000e+00
1.801249980926513672e+00 2.998688779709461494e-06
1.804749965667724609e+00 3.190918451409705847e-07
1.808249950408935547e+00 2.152219152110938372e-06
1.811749935150146484e+00 2.552867273791946183e-07
1.815250039100646973e+00 0.000000000000000000e+00
1.818750023841857910e+00 2.164497177497231650e-06
1.822250008583068848e+00 2.015030033441325526e-06
1.825749993324279785e+00 0.000000000000000000e+00
1.829249978065490723e+00 0.000000000000000000e+00
1.832749962806701660e+00 0.000000000000000000e+00
1.836250066757202148e+00 1.515302386060839514e-06
1.839750051498413086e+00 2.054009713637752413e-06
1.843250036239624023e+00 2.186719687154941502e-06
1.846750020980834961e+00 0.000000000000000000e+00
1.850250005722045898e+00 1.652157356545986145e-06
1.853749990463256836e+00 1.936362213750191502e-06
1.857249975204467773e+00 0.000000000000000000e+00
1.860749959945678711e+00 2.365344815705913102e-06
1.864249944686889648e+00 0.000000000000000000e+00
1.867750048637390137e+00 2.475560539821474327e-06
1.871250033378601074e+00 0.000000000000000000e+00
1.874750018119812012e+00 1.483963780224230594e-06
1.878250002861022949e+00 0.000000000000000000e+00
1.881749987602233887e+00 2.316618451172744846e-06
1.885249972343444824e+00 0.000000000000000000e+00
1.888749957084655762e+00 0.000000000000000000e+00
1.892250061035156250e+00 1.643821226238663562e-06
1.895750045776367188e+00 0.000000000000000000e+00
1.899250030517578125e+00 0.000000000000000000e+00
1.902750015258789062e+00 2.124795498051785419e-06
1.906250000000000000e+00 0.000000000000000000e+00
1.909749984741210938e+00 0.000000000000000000e+00
1.913249969482421875e+00 0.000000000000000000e+00
1.916749954223632812e+00 0.000000000000000000e+00
1.920249938964843750e+00 2.746148306144519867e-06
1.923750042915344238e+00 2.729726562801740291e-06
1.927250027656555176e+00 0.000000000000000000e+00
1.930750012397766113e+00 1.814478476931566633e-06
1.934249997138977051e+00 2.731931894214339484e-06
1.937749981880187988e+00 0.000000000000000000e+00
1.941249966621398926e+00 0.000000000000000000e+00
1.944749951362609863e+00 0.000000000000000000e+00
1.948250055313110352e+00 2.284793896724794669e-06
1.951750040054321289e+00 0.000000000000000000e+00
1.955250024795532227e+00 0.000000000000000000e+00
1.958750009536743164e+00 1.828918472090786114e-06
1.962249994277954102e+00 0.000000000000000000e+00
1.965749979019165039e+00 0.000000000000000000e+00
1.969249963760375977e+00 2.270410325040648662e-06
1.972749948501586914e+00 0.000000000000000000e+00
1.976249933242797852e+00 3.223250012400274370e-06
1.979750037193298340e+00 2.351851250277109649e-06
1.983250021934509277e+00 0.000000000000000000e+00
1.986750006675720215e+00 0.000000000000000000e+00
1.990249991416931152e+00 3.232897865413063857e-06
1.993749976158142090e+00 3.180342809143789806e-06
1.997249960899353027e+00 0.000000000000000000e+00
2.000750064849853516e+00 3.061138321738951753e-06
2.004250049591064453e+00 0.000000000000000000e+00
2.007750034332275391e+00 0.000000000000000000e+00
2.011250019073486328e+00 0.000000000000000000e+00
2.014750003814697266e+00 0.000000000000000000e+00
2.018249988555908203e+00 0.000000000000000000e+00
2.021749973297119141e+00 2.691444616553305037e-06
2.025249958038330078e+00 0.000000000000000000e+00
2.028749942779541016e+00 0.000000000000000000e+00
2.032249927520751953e+00 0.000000000000000000e+00
2.035749912261962891e+00 0.000000000000000000e+00
2.039249897003173828e+00 0.000000000000000000e+00
2.042749881744384766e+00 0.000000000000000000e+00
2.046250104904174805e+00 3.209295324979189466e-06
2.049750089645385742e+00 0.000000000000000000e+00
2.053250074386596680e+00 3.302877896549292433e-06
2.056750059127807617e+00 0.000000000000000000e+00
2.060250043869018555e+00 0.000000000000000000e+00
2.063750028610229492e+00 0.000000000000000000e+00
2.067250013351440430e+00 0.000000000000000000e+00
2.070749998092651367e+00 3.469447074219647563e-06
2.074249982833862305e+00 0.000000000000000000e+00
2.077749967575073242e+00 0.000000000000000000e+00
2.081249952316284180e+00 3.639442803373770428e-06
2.084749937057495117e+00 0.000000000000000000e+00
2.088249921798706055e+00 2.021101596492179802e-06
2.091749906539916992e+00 0.000000000000000000e+00
2.095249891281127930e+00 7.906798206963244066e-06
2.098750114440917969e+00 0.000000000000000000e+00
2.102250099182128906e+00 4.103350524950471825e-06
2.105750083923339844e+00 7.907220924008978084e-06
2.109250068664550781e+00 0.000000000000000000e+00
2.112750053405761719e+00 0.000000000000000000e+00
2.116250038146972656e+00 0.000000000000000000e+00
2.119750022888183594e+00 0.000000000000000000e+00
2.123250007629394531e+00 4.273017815049364589e-06
2.126749992370605469e+00 0.000000000000000000e+00
2.130249977111816406e+00 4.182624911508579580e-06
2.133749961853027344e+00 0.000000000000000000e+00
2.137249946594238281e+00 0.000000000000000000e+00
2.140749931335449219e+00 0.000000000000000000e+00
2.144249916076660156e+00 0.000000000000000000e+00
2.147749900817871094e+00 0.000000000000000000e+00
2.151249885559082031e+00 0.000000000000000000e+00
2.154750108718872070e+00 0.000000000000000000e+00
2.158250093460083008e+00 0.000000000000000000e+00
2.161750078201293945e+00 0.000000000000000000e+00
2.165250062942504883e+00 0.000000000000000000e+00
2.168750047683715820e+00 0.000000000000000000e+00
2.172250032424926758e+00 0.000000000000000000e+00
2.175750017166137695e+00 0.000000000000000000e+00
2.179250001907348633e+00 0.000000000000000000e+00
2.182749986648559570e+00 0.000000000000000000e+00
2.186249971389770508e+00 8.476010387983702900e-06
2.189749956130981445e+00 0.000000000000000000e+00
2.193249940872192383e+00 0.000000000000000000e+00
2.196749925613403320e+00 0.000000000000000000e+00
2.200249910354614258e+00 0.000000000000000000e+00
2.203749895095825195e+00 0.000000000000000000e+00
2.207250118255615234e+00 0.000000000000000000e+00
2.210750102996826172e+00 0.000000000000000000e+00
2.214250087738037109e+00 3.270343717884187549e-06
2.217750072479248047e+00 0.000000000000000000e+00
2.221250057220458984e+00 0.000000000000000000e+00
2.224750041961669922e+00 0.000000000000000000e+00
2.228250026702880859e+00 0.000000000000000000e+00
2.231750011444091797e+00 0.000000000000000000e+00
2.235249996185302734e+00 0.000000000000000000e+00
2.238749980926513672e+00 5.185395301524801436e-06
2.242249965667724609e+00 0.000000000000000000e+00
2.245749950408935547e+00 0.000000000000000000e+00
2.249249935150146484e+00 0.000000000000000000e+00
2.252749919891357422e+00 0.000000000000000000e+00
2.256249904632568359e+00 0.000000000000000000e+00
2.259749889373779297e+00 0.000000000000000000e+00
2.263249874114990234e+00 0.000000000000000000e+00
2.266750097274780273e+00 0.000000000000000000e+00
2.270250082015991211e+00 0.000000000000000000e+00
2.273750066757202148e+00 0.000000000000000000e+00
2.277250051498413086e+00 0.000000000000000000e+00
2.280750036239624023e+00 0.000000000000000000e+00
2.284250020980834961e+00 0.000000000000000000e+00
2.287750005722045898e+00 0.000000000000000000e+00
2.291249990463256836e+00 0.000000000000000000e+00
2.294749975204467773e+00 0.000000000000000000e+00
2.298249959945678711e+00 0.000000000000000000e+00
2.301749944686889648e+00 5.172381399627967983e-06
2.305249929428100586e+00 4.950995224883756216e-06
2.308749914169311523e+00 0.000000000000000000e+00
2.312249898910522461e+00 0.000000000000000000e+00
2.315750122070312500e+00 0.000000000000000000e+00
2.319250106811523438e+00 5.900609412323962718e-06
2.322750091552734375e+00 0.000000000000000000e+00
2.326250076293945312e+00 0.000000000000000000e+00
2.329750061035156250e+00 0.000000000000000000e+00
2.333250045776367188e+00 0.000000000000000000e+00
2.336750030517578125e+00 0.000000000000000000e+00
2.340250015258789062e+00 0.000000000000000000e+00
2.343750000000000000e+00 0.000000000000000000e+00
2.347249984741210938e+00 0.000000000000000000e+00
2.350749969482421875e+00 0.000000000000000000e+00
2.354249954223632812e+00 0.000000000000000000e+00
2.357749938964843750e+00 0.000000000000000000e+00
2.361249923706054688e+00 0.000000000000000000e+00
2.364749908447265625e+00 0.000000000000000000e+00
2.368249893188476562e+00 0.000000000000000000e+00
2.371749877929687500e+00 0.000000000000000000e+00
2.375250101089477539e+00 0.000000000000000000e+00
2.378750085830688477e+00 0.000000000000000000e+00
2.382250070571899414e+00 0.000000000000000000e+00
2.385750055313110352e+00 6.076612234155594546e-06
2.389250040054321289e+00 0.000000000000000000e+00
2.392750024795532227e+00 0.000000000000000000e+00
2.396250009536743164e+00 6.344608626693223568e-06
2.399749994277954102e+00 0.000000000000000000e+00
2.403249979019165039e+00 0.000000000000000000e+00
2.406749963760375977e+00 0.000000000000000000e+00
2.410249948501586914e+00 0.000000000000000000e+00
2.413749933242797852e+00 0.000000000000000000e+00
2.417249917984008789e+00 0.000000000000000000e+00
2.420749902725219727e+00 0.000000000000000000e+00
2.424250125885009766e+00 0.000000000000000000e+00
2.427750110626220703e+00 0.000000000000000000e+00
2.431250095367431641e+00 0.000000000000000000e+00
2.434750080108642578e+00 0.000000000000000000e+00
2.438250064849853516e+00 0.000000000000000000e+00
2.441750049591064453e+00 6.837360748562026989e-06
2.445250034332275391e+00 0.000000000000000000e+00
2.448750019073486328e+00 0.000000000000000000e+00
2.452250003814697266e+00 0.000000000000000000e+00
2.455749988555908203e+00 0.000000000000000000e+00
2.459249973297119141e+00 0.000000000000000000e+00
2.462749958038330078e+00 0.000000000000000000e+00
2.466249942779541016e+00 0.000000000000000000e+00
2.469749927520751953e+00 0.000000000000000000e+00
2.473249912261962891e+00 0.000000000000000000e+00
2.476749897003173828e+00 7.384199372801184124e-06
2.480249881744384766e+00 0.000000000000000000e+00
2.483750104904174805e+00 0.000000000000000000e+00
2.487250089645385742e+00 0.000000000000000000e+00
2.490750074386596680e+00 0.000000000000000000e+00
2.494250059127807617e+00 0.000000000000000000e+00
2.497750043869018555e+00 0.000000000000000000e+00
2.501250028610229492e+00 0.000000000000000000e+00
2.504750013351440430e+00 0.000000000000000000e+00
2.508249998092651367e+00 6.923311042589936731e-06
2.511749982833862305e+00 0.000000000000000000e+00
2.515249967575073242e+00 0.000000000000000000e+00
2.518749952316284180e+00 0.000000000000000000e+00
2.522249937057495117e+00 0.000000000000000000e+00
2.525749921798706055e+00 0.000000000000000000e+00
2.529249906539916992e+00 0.000000000000000000e+00
2.532749891281127930e+00 0.000000000000000000e+00
2.536250114440917969e+00 0.000000000000000000e+00
2.539750099182128906e+00 0.000000000000000000e+00
2.543250083923339844e+00 0.000000000000000000e+00
2.546750068664550781e+00 0.000000000000000000e+00
2.550250053405761719e+00 0.000000000000000000e+00
2.553750038146972656e+00 0.000000000000000000e+00
2.557250022888183594e+00 0.000000000000000000e+00
2.560750007629394531e+00 0.000000000000000000e+00
2.564249992370605469e+00 0.000000000000000000e+00
2.567749977111816406e+00 6.929038964624967544e-06
2.571249961853027344e+00 0.000000000000000000e+00
2.574749946594238281e+00 0.000000000000000000e+00
2.578249931335449219e+00 0.000000000000000000e+00
2.581749916076660156e+00 0.000000000000000000e+00
2.585249900817871094e+00 0.000000000000000000e+00
2.588749885559082031e+00 0.000000000000000000e+00
2.592250108718872070e+00 0.000000000000000000e+00
2.595750093460083008e+00 0.000000000000000000e+00
2.599250078201293945e+00 0.000000000000000000e+00
2.602750062942504883e+00 0.000000000000000000e+00
2.606250047683715820e+00 0.000000000000000000e+00
2.609750032424926758e+00 0.000000000000000000e+00
2.613250017166137695e+00 0.000000000000000000e+00
2.616750001907348633e+00 0.000000000000000000e+00
2.620249986648559570e+00 0.000000000000000000e+00
2.623749971389770508e+00 0.000000000000000000e+00
2.627249956130981445e+00 8.815575405284954130e-06
2.630749940872192383e+00 0.000000000000000000e+00
2.634249925613403320e+00 0.000000000000000000e+00
2.637749910354614258e+00 9.097626053023075189e-06
2.641249895095825195e+00 0.000000000000000000e+00
2.644750118255615234e+00 0.000000000000000000e+00
2.648250102996826172e+00 0.000000000000000000e+00
2.651750087738037109e+00 0.000000000000000000e+00
2.655250072479248047e+00 9.121927686901269017e-06
2.658750057220458984e+00 0.000000000000000000e+00
2.662250041961669922e+00 0.000000000000000000e+00
2.665750026702880859e+00 0.000000000000000000e+00
2.669250011444091797e+00 0.000000000000000000e+00
2.672749996185302734e+00 0.000000000000000000e+00
2.676249980926513672e+00 0.000000000000000000e+00
2.679749965667724609e+00 0.000000000000000000e+00
2.683249950408935547e+00 0.000000000000000000e+00
2.686749935150146484e+00 0.000000000000000000e+00
2.690249919891357422e+00 0.000000000000000000e+00
2.693749904632568359e+00 0.000000000000000000e+00
2.697249889373779297e+00 0.000000000000000000e+00
2.700749874114990234e+00 0.000000000000000000e+00
2.704250097274780273e+00 0.000000000000000000e+00
2.707750082015991211e+00 0.000000000000000000e+00
2.711250066757202148e+00 0.000000000000000000e+00
2.714750051498413086e+00 0.000000000000000000e+00
2.718250036239624023e+00 0.000000000000000000e+00
2.721750020980834961e+00 0.000000000000000000e+00
2.725250005722045898e+00 0.000000000000000000e+00
2.728749990463256836e+00 0.000000000000000000e+00
2.732249975204467773e+00 0.000000000000000000e+00
2.735749959945678711e+00 0.000000000000000000e+00
2.739249944686889648e+00 0.000000000000000000e+00
2.742749929428100586e+00 0.000000000000000000e+00
2.746249914169311523e+00 9.927317652646428325e-06
2.749749898910522461e+00 0.000000000000000000e+00
2.753250122070312500e+00 0.000000000000000000e+00
2.756750106811523438e+00 0.000000000000000000e+00
2.760250091552734375e+00 0.000000000000000000e+00
2.763750076293945312e+00 0.000000000000000000e+00
2.767250061035156250e+00 0.000000000000000000e+00
2.770750045776367188e+00 0.000000000000000000e+00
2.774250030517578125e+00 1.060617528813035448e-05
2.777750015258789062e+00 0.000000000000000000e+00
2.781250000000000000e+00 0.000000000000000000e+00
2.784749984741210938e+00 0.000000000000000000e+00
2.788249969482421875e+00 0.000000000000000000e+00
2.791749954223632812e+00 0.000000000000000000e+00
2.795249938964843750e+00 0.000000000000000000e+00
2.798749923706054688e+00 0.000000000000000000e+00
2.802249908447265625e+00 0.000000000000000000e+00
2.805749893188476562e+00 0.000000000000000000e+00
2.809249877929687500e+00 0.000000000000000000e+00
2.812750101089477539e+00 0.000000000000000000e+00
2.816250085830688477e+00 0.000000000000000000e+00
2.819750070571899414e+00 0.000000000000000000e+00
2.823250055313110352e+00 0.000000000000000000e+00
2.826750040054321289e+00 0.000000000000000000e+00
2.830250024795532227e+00 0.000000000000000000e+00
2.833750009536743164e+00 0.000000000000000000e+00
2.837249994277954102e+00 0.000000000000000000e+00
2.840749979019165039e+00 0.000000000000000000e+00
2.844249963760375977e+00 0.000000000000000000e+00
2.847749948501586914e+00 0.000000000000000000e+00
2.851249933242797852e+00 0.000000000000000000e+00
2.854749917984008789e+00 0.000000000000000000e+00
2.858249902725219727e+00 0.000000000000000000e+00
2.861750125885009766e+00 0.000000000000000000e+00
2.865250110626220703e+00 0.000000000000000000e+00
2.868750095367431641e+00 0.000000000000000000e+00
2.872250080108642578e+00 0.000000000000000000e+00
2.875750064849853516e+00 0.000000000000000000e+00
2.879250049591064453e+00 1.146858517859823311e-05
2.882750034332275391e+00 0.000000000000000000e+00
2.886250019073486328e+00 0.000000000000000000e+00
2.889750003814697266e+00 0.000000000000000000e+00
2.893249988555908203e+00 0.000000000000000000e+00
2.896749973297119141e+00 0.000000000000000000e+00
2.900249958038330078e+00 0.000000000000000000e+00
2.903749942779541016e+00 0.000000000000000000e+00
2.907249927520751953e+00 0.000000000000000000e+00
2.910749912261962891e+00 0.000000000000000000e+00
2.914249897003173828e+00 0.000000000000000000e+00
2.917749881744384766e+00 0.000000000000000000e+00
2.921250104904174805e+00 0.000000000000000000e+00
2.924750089645385742e+00 0.000000000000000000e+00
2.928250074386596680e+00 0.000000000000000000e+00
2.931750059127807617e+00 0.000000000000000000e+00
2.935250043869018555e+00 0.000000000000000000e+00
2.938750028610229492e+00 0.000000000000000000e+00
2.942250013351440430e+00 0.000000000000000000e+00
2.945749998092651367e+00 0.000000000000000000e+00
2.949249982833862305e+00 0.000000000000000000e+00
2.952749967575073242e+00 0.000000000000000000e+00
2.956249952316284180e+00 0.000000000000000000e+00
2.959749937057495117e+00 0.000000000000000000e+00
2.963249921798706055e+00 0.000000000000000000e+00
2.966749906539916992e+00 0.000000000000000000e+00
2.970249891281127930e+00 0.000000000000000000e+00
2.973750114440917969e+00 0.000000000000000000e+00
2.977250099182128906e+00 0.000000000000000000e+00
2.980750083923339844e+00 0.000000000000000000e+00
2.984250068664550781e+00 0.000000000000000000e+00
2.987750053405761719e+00 0.000000000000000000e+00
2.991250038146972656e+00 0.000000000000000000e+00
2.994750022888183594e+00 0.000000000000000000e+00
2.998250007629394531e+00 0.000000000000000000e+00
