-4.982500076293945312e-01 0.000000000000000000e+00
-4.947499930858612061e-01 0.000000000000000000e+00
-4.912499785423278809e-01 0.000000000000000000e+00
-4.877499938011169434e-01 0.000000000000000000e+00
-4.842500090599060059e-01 0.000000000000000000e+00
-4.807499945163726807e-01 0.000000000000000000e+00
-4.772499799728393555e-01 0.000000000000000000e+00
-4.737499952316284180e-01 0.000000000000000000e+00
-4.702500104904174805e-01 0.000000000000000000e+00
-4.667499959468841553e-01 0.000000000000000000e+00
-4.632499814033508301e-01 0.000000000000000000e+00
-4.597499966621398926e-01 0.000000000000000000e+00
-4.562500119209289551e-01 0.000000000000000000e+00
-4.527499973773956299e-01 0.000000000000000000e+00
-4.492499828338623047e-01 0.000000000000000000e+00
-4.457499980926513672e-01 0.000000000000000000e+00
-4.422500133514404297e-01 0.000000000000000000e+00
-4.387499988079071045e-01 0.000000000000000000e+00
-4.352499842643737793e-01 0.000000000000000000e+00
-4.317499995231628418e-01 0.000000000000000000e+00
-4.282500147819519043e-01 0.000000000000000000e+00
-4.247500002384185791e-01 0.000000000000000000e+00
-4.212499856948852539e-01 0.000000000000000000e+00
-4.177500009536743164e-01 0.000000000000000000e+00
-4.142500162124633789e-01 0.000000000000000000e+00
-4.107500016689300537e-01 0.000000000000000000e+00
-4.072499871253967285e-01 0.000000000000000000e+00
-4.037500023841857910e-01 0.000000000000000000e+00
-4.002500176429748535e-01 0.000000000000000000e+00
-3.967500030994415283e-01 0.000000000000000000e+00
-3.932499885559082031e-01 0.000000000000000000e+00
-3.897500038146972656e-01 0.000000000000000000e+00
-3.862500190734863281e-01 0.000000000000000000e+00
-3.827500045299530029e-01 0.000000000000000000e+00
-3.792499899864196777e-01 0.000000000000000000e+00
-3.757500052452087402e-01 0.000000000000000000e+00
-3.722500205039978027e-01 0.000000000000000000e+00
-3.687500059604644775e-01 0.000000000000000000e+00
-3.652499914169311523e-01 0.000000000000000000e+00
-3.617500066757202148e-01 0.000000000000000000e+00
-3.582500219345092773e-01 0.000000000000000000e+00
-3.547499775886535645e-01 0.000000000000000000e+00
-3.512499928474426270e-01 0.000000000000000000e+00
-3.477500081062316895e-01 0.000000000000000000e+00
-3.442499935626983643e-01 0.000000000000000000e+00
-3.407499790191650391e-01 0.000000000000000000e+00
-3.372499942779541016e-01 0.000000000000000000e+00
-3.337500095367431641e-01 0.000000000000000000e+00
-3.302499949932098389e-01 0.000000000000000000e+00
-3.267499804496765137e-01 0.000000000000000000e+00
-3.232499957084655762e-01 0.000000000000000000e+00
-3.197500109672546387e-01 0.000000000000000000e+00
-3.162499964237213135e-01 0.000000000000000000e+00
-3.127499818801879883e-01 0.000000000000000000e+00
-3.092499971389770508e-01 0.000000000000000000e+00
-3.057500123977661133e-01 0.000000000000000000e+00
-3.022499978542327881e-01 0.000000000000000000e+00
-2.987499833106994629e-01 0.000000000000000000e+00
-2.952499985694885254e-01 0.000000000000000000e+00
-2.917500138282775879e-01 0.000000000000000000e+00
-2.882499992847442627e-01 0.000000000000000000e+00
-2.847499847412109375e-01 0.000000000000000000e+00
-2.812500000000000000e-01 0.000000000000000000e+00
-2.777500152587890625e-01 0.000000000000000000e+00
-2.742500007152557373e-01 0.000000000000000000e+00
-2.707499861717224121e-01 0.000000000000000000e+00
-2.672500014305114746e-01 0.000000000000000000e+00
-2.637500166893005371e-01 0.000000000000000000e+00
-2.602500021457672119e-01 0.000000000000000000e+00
-2.567499876022338867e-01 0.000000000000000000e+00
-2.532500028610229492e-01 0.000000000000000000e+00
-2.497500032186508179e-01 0.000000000000000000e+00
-2.462500035762786865e-01 0.000000000000000000e+00
-2.427499890327453613e-01 0.000000000000000000e+00
-2.392500042915344238e-01 0.000000000000000000e+00
-2.357499897480010986e-01 0.000000000000000000e+00
-2.322500050067901611e-01 0.000000000000000000e+00
-2.287499904632568359e-01 3.405979708527563628e-06
-2.252500057220458984e-01 3.405979708527563628e-06
-2.217499911785125732e-01 1.021793912558269131e-05
-2.182500064373016357e-01 3.065381737674807223e-05
-2.147499918937683105e-01 6.811959417055127764e-05
-2.112500071525573730e-01 8.514949271318909027e-05
-2.077499926090240479e-01 1.805169245519608735e-04
-2.042500078678131104e-01 3.065381737674807358e-04
-2.007499933242797852e-01 4.870550983194416365e-04
-1.972500085830688477e-01 8.004052315039774648e-04
-1.937499940395355225e-01 1.151221141482316546e-03
-1.902500092983245850e-01 1.941408433860711399e-03
-1.867499947547912598e-01 3.368513931733760521e-03
-1.832500100135803223e-01 5.034038009203739561e-03
-1.797499954700469971e-01 7.683890222438183835e-03
-1.762500107288360596e-01 1.081057959486648838e-02
-1.727499961853027344e-01 1.637935641830905523e-02
-1.692500114440917969e-01 2.259867536608038685e-02
-1.657499969005584717e-01 3.358295992608177627e-02
-1.622500121593475342e-01 4.642009744752216560e-02
-1.587499976158142090e-01 6.456375135484850036e-02
-1.552500128746032715e-01 8.739743932081728284e-02
-1.517499983310699463e-01 1.178026201788428540e-01
-1.482500135898590088e-01 1.567840579429408132e-01
-1.447499990463256836e-01 2.026762285356412119e-01
-1.412500143051147461e-01 2.606596270936144544e-01
-1.377499997615814209e-01 3.345046731542005714e-01
-1.342500001192092896e-01 4.192965379979942675e-01
-1.307500004768371582e-01 5.206312462861063528e-01
-1.272499859333038330e-01 6.389890411574391527e-01
-1.237500011920928955e-01 7.733685645776856576e-01
-1.202500015497207642e-01 9.276696633131099601e-01
-1.167500019073486328e-01 1.102001328714384831e+00
-1.132500022649765015e-01 1.294721878561999828e+00
-1.097500026226043701e-01 1.509005685944303066e+00
-1.062500029802322388e-01 1.743783273232816455e+00
-1.027500033378601074e-01 1.992280146787279049e+00
-9.925000369548797607e-02 2.256969047876081547e+00
-9.574999660253524780e-02 2.539137436829047800e+00
-9.224999696016311646e-02 2.829691347824408343e+00
-8.874999731779098511e-02 3.126553133239962534e+00
-8.524999767541885376e-02 3.427672393291175901e+00
-8.174999803304672241e-02 3.729190152968286931e+00
-7.824999839067459106e-02 4.025847579601329329e+00
-7.474999874830245972e-02 4.324541782100070897e+00
-7.124999910593032837e-02 4.608927463843288663e+00
-6.774999946355819702e-02 4.884733482700725382e+00
-6.424999982118606567e-02 5.148802495482575736e+00
-6.075000017881393433e-02 5.382697934026580810e+00
-5.725000053644180298e-02 5.608674469748258673e+00
-5.375000089406967163e-02 5.798295578061114064e+00
-5.025000125169754028e-02 5.983250494173286249e+00
-4.675000160932540894e-02 6.125572762273819194e+00
-4.325000196695327759e-02 6.249002060931148961e+00
-3.974999859929084778e-02 6.342959417170590974e+00
-3.624999895691871643e-02 6.419607584531294542e+00
-3.274999931454658508e-02 6.450724615148402563e+00
-2.924999967217445374e-02 6.468670722232634063e+00
-2.575000002980232239e-02 6.467029040013124508e+00
-2.225000038743019104e-02 6.436194705711824504e+00
-1.875000074505805969e-02 6.381886359259351771e+00
-1.525000110268592834e-02 6.310554926223659322e+00
-1.174999959766864777e-02 6.208484526318505559e+00
-8.249999955296516418e-03 6.099809931758516157e+00
-4.750000312924385071e-03 5.974664019328088216e+00
-1.249999972060322762e-03 5.835444598742023814e+00
2.250000135973095894e-03 5.687771536519393933e+00
5.750000011175870895e-03 5.527581498867926157e+00
9.250000119209289551e-03 5.353406508533243624e+00
1.274999976158142090e-02 5.174088488838684441e+00
1.624999940395355225e-02 4.999378759689762752e+00
1.974999904632568359e-02 4.816811435353268500e+00
2.325000055134296417e-02 4.636352412456352212e+00
2.675000019371509552e-02 4.450832103712564880e+00
3.025000169873237610e-02 4.267386036611269695e+00
3.375000134110450745e-02 4.079954973250997874e+00
3.725000098347663879e-02 3.895807274329746939e+00
4.075000062584877014e-02 3.732381555955177177e+00
4.425000026822090149e-02 3.547191627243116763e+00
4.774999991059303284e-02 3.371817732051032301e+00
5.124999955296516418e-02 3.214917870798001509e+00
5.474999919533729553e-02 3.053201954237112936e+00
5.824999883770942688e-02 2.893795291918605628e+00
6.175000220537185669e-02 2.739245556664458903e+00
6.525000184774398804e-02 2.599011154125253853e+00
6.875000149011611938e-02 2.458361222061607787e+00
7.225000113248825073e-02 2.323865895331271414e+00
7.575000077486038208e-02 2.197078300681333030e+00
7.925000041723251343e-02 2.076292042277819938e+00
8.275000005960464478e-02 1.960304809283622385e+00
8.624999970197677612e-02 1.848074371907930447e+00
8.974999934434890747e-02 1.744341853905015061e+00
9.324999898672103882e-02 1.641515326504567884e+00
9.674999862909317017e-02 1.549301831875892654e+00
1.002499982714653015e-01 1.459758625338702931e+00
1.037499979138374329e-01 1.376605036734711129e+00
1.072499975562095642e-01 1.298281127357411302e+00
1.107499971985816956e-01 1.220107081087286494e+00
1.142499968409538269e-01 1.150812423917293215e+00
1.177499964833259583e-01 1.083234380520397888e+00
1.212500035762786865e-01 1.019133842405909096e+00
1.247500032186508179e-01 9.594270181154209709e-01
1.282500028610229492e-01 9.043693561270728098e-01
1.317499876022338867e-01 8.482694643479153918e-01
1.352500021457672119e-01 8.034535833431096785e-01
1.387499868869781494e-01 7.528407248743900215e-01
1.422500014305114746e-01 7.097652995006419330e-01
1.457499861717224121e-01 6.714207799420386369e-01
1.492500007152557373e-01 6.307261343845512735e-01
1.527499854564666748e-01 5.925314779331232184e-01
1.562500000000000000e-01 5.593606415517732300e-01
1.597500145435333252e-01 5.278723591464359322e-01
1.632499992847442627e-01 4.949740011417682051e-01
1.667500138282775879e-01 4.673412877664840925e-01
1.702499985694885254e-01 4.395042156086882978e-01
1.737500131130218506e-01 4.174777448336405294e-01
1.772499978542327881e-01 3.910677781737177949e-01
1.807500123977661133e-01 3.709350321166113851e-01
1.842499971389770508e-01 3.509725850449313400e-01
1.877500116825103760e-01 3.315857485439924202e-01
1.912499964237213135e-01 3.094264445603120972e-01
1.947500109672546387e-01 2.943004886747412341e-01
1.982499957084655762e-01 2.787385673864787861e-01
2.017500102519989014e-01 2.624716082985510957e-01
2.052499949932098389e-01 2.484934675747539901e-01
2.087500095367431641e-01 2.360071459632919477e-01
2.122499942779541016e-01 2.229077480042949422e-01
2.157500088214874268e-01 2.097981321061723470e-01
2.192499935626983643e-01 1.991850993344004561e-01
2.227500081062316895e-01 1.878363749455866094e-01
2.262499928474426270e-01 1.783439094979202832e-01
2.297500073909759521e-01 1.687867304357919540e-01
2.332499921321868896e-01 1.600401745442931734e-01
2.367500066757202148e-01 1.523392544233123369e-01
2.402499914169311523e-01 1.438788008273298724e-01
2.437500059604644775e-01 1.357964109789939755e-01
2.472499907016754150e-01 1.287766867997186537e-01
2.507500052452087402e-01 1.233918328805365811e-01
2.542499899864196777e-01 1.172951292022722386e-01
2.577500045299530029e-01 1.117808480541661181e-01
2.612500190734863281e-01 1.057863237671576029e-01
2.647500038146972656e-01 9.940692377308547878e-02
2.682499885559082031e-01 9.535380791993768035e-02
2.717500030994415283e-01 9.055818849033087092e-02
2.752500176429748535e-01 8.541856511016276965e-02
2.787500023841857910e-01 8.229868769715152632e-02
2.822499871253967285e-01 7.821832400633550730e-02
2.857500016689300537e-01 7.486343399343585447e-02
2.892500162124633789e-01 7.161753533120908399e-02
2.927500009536743164e-01 6.815705994734508333e-02
2.962499856948852539e-01 6.398473480439881289e-02
2.997500002384185791e-01 6.200586059374429970e-02
3.032500147819519043e-01 5.892004297781832517e-02
3.067499995231628418e-01 5.541869583745199362e-02
3.102499842643737793e-01 5.272797186771521760e-02
3.137499988079071045e-01 5.119868697858633716e-02
3.172500133514404297e-01 4.887921479707906663e-02
3.207499980926513672e-01 4.626682836063842480e-02
3.242499828338623047e-01 4.433223188619477007e-02
3.277499973773956299e-01 4.267011378843332120e-02
3.312500119209289551e-01 4.062311998360825654e-02
3.347499966621398926e-01 3.886904043371655626e-02
3.382499814033508301e-01 3.707068314761400446e-02
3.417499959468841553e-01 3.551415042081691037e-02
3.452500104904174805e-01 3.459794187922299313e-02
3.487499952316284180e-01 3.255094807439792848e-02
3.522499799728393555e-01 3.086839409838531070e-02
3.557499945163726807e-01 2.979210451049060099e-02
3.592500090599060059e-01 2.862725945017417437e-02
3.627499938011169434e-01 2.731936324209958966e-02
3.662499785423278809e-01 2.576283051530249210e-02
3.697499930858612061e-01 2.535411295027918677e-02
3.732500076293945312e-01 2.411774231608368110e-02
3.767499923706054688e-01 2.276897435150676552e-02
3.802500069141387939e-01 2.169609074332057991e-02
3.837500214576721191e-01 2.138274061013604663e-02
3.872500061988830566e-01 2.051421578446151542e-02
3.907499909400939941e-01 1.960822518199318437e-02
3.942500054836273193e-01 1.854555951293258495e-02
3.977500200271606445e-01 1.807212833344725225e-02
4.012500047683715820e-01 1.753057755979137156e-02
4.047499895095825195e-01 1.642363415451991368e-02
4.082500040531158447e-01 1.645428797189666184e-02
4.117500185966491699e-01 1.597404483299427400e-02
4.152500033378601074e-01 1.447541376124214692e-02
4.187499880790710449e-01 1.421655930339405134e-02
4.222500026226043701e-01 1.365797863119553104e-02
4.257500171661376953e-01 1.329694478209161000e-02
4.292500019073486328e-01 1.272474019105897768e-02
4.327499866485595703e-01 1.219000137682015039e-02
4.362500011920928955e-01 1.178468979150537090e-02
4.397500157356262207e-01 1.140662604385881199e-02
4.432500004768371582e-01 1.070158824419360603e-02
4.467499852180480957e-01 1.073905402098740934e-02
4.502499997615814209e-01 1.014981953141214088e-02
4.537500143051147461e-01 9.785379702599690532e-03
4.572499990463256836e-01 9.315354502822887142e-03
4.607499837875366211e-01 9.230205010109697808e-03
4.642499983310699463e-01 8.719308053830563537e-03
4.677500128746032715e-01 8.470671535108050682e-03
4.712499976158142090e-01 8.061953970084743612e-03
4.747499823570251465e-01 7.690702181855238982e-03
4.782499969005584717e-01 7.557868973222664488e-03
4.817500114440917969e-01 7.016318199566781190e-03
4.852499961853027344e-01 6.876673031517151549e-03
4.887499809265136719e-01 6.658690330171386854e-03
4.922499954700469971e-01 6.382805973780654278e-03
4.957500100135803223e-01 6.209101008645748904e-03
4.992499947547912598e-01 6.093297698555811409e-03
5.027499794960021973e-01 5.868503037792992434e-03
5.062500238418579102e-01 5.623272498779008019e-03
5.097500085830688477e-01 5.596024661110787432e-03
5.132499933242797852e-01 5.057879867163432575e-03
5.167499780654907227e-01 4.948888516490550227e-03
5.202499628067016602e-01 4.802431389023864572e-03
5.237500071525573730e-01 4.632132403597486771e-03
5.272499918937683105e-01 4.502705174673438983e-03
5.307500362396240234e-01 4.165513183529210954e-03
5.342500209808349609e-01 4.386901864583502356e-03
5.377500057220458984e-01 4.022462035771052873e-03
5.412499904632568359e-01 3.940718522766391112e-03
5.447499752044677734e-01 3.709111902586516990e-03
5.482500195503234863e-01 3.685270044626823976e-03
5.517500042915344238e-01 3.671646125792713683e-03
5.552499890327453613e-01 3.399167749110508681e-03
5.587500333786010742e-01 3.211838865141492579e-03
5.622500181198120117e-01 3.177779068056216846e-03
5.657500028610229492e-01 3.044945859423641918e-03
5.692499876022338867e-01 3.068787717383334931e-03
5.727499723434448242e-01 2.983638224670146031e-03
5.762500166893005371e-01 2.779279442158492062e-03
5.797500014305114746e-01 2.871240894288736110e-03
5.832499861717224121e-01 2.598762517606531108e-03
5.867500305175781250e-01 2.554484781395672654e-03
5.902500152587890625e-01 2.503395085767759487e-03
5.937500000000000000e-01 2.367155897426656986e-03
5.972499847412109375e-01 2.370561877135184559e-03
6.007499694824218750e-01 2.326284140924326106e-03
6.042500138282775879e-01 2.169609074332058164e-03
6.077499985694885254e-01 1.975468230945986916e-03
6.112499833106994629e-01 2.118519378704144564e-03
6.147500276565551758e-01 2.074241642493286544e-03
6.182500123977661133e-01 1.955032352694821476e-03
6.217499971389770508e-01 1.944814413569238972e-03
6.252499818801879883e-01 1.740455631057585004e-03
6.287499666213989258e-01 1.781327387559915884e-03
6.322500109672546387e-01 1.682553976012616474e-03
6.357499957084655762e-01 1.668930057178506180e-03
6.392499804496765137e-01 1.699583874555254340e-03
6.427500247955322266e-01 1.648494178927340957e-03
6.462500095367431641e-01 1.444135396415686988e-03
6.497499942779541016e-01 1.396451680496301178e-03
6.532499790191650391e-01 1.559938706505624266e-03
6.567499637603759766e-01 1.406669619621883898e-03
6.602500081062316895e-01 1.512254990586238239e-03
6.637499928474426270e-01 1.246588573321088383e-03
6.672500371932983398e-01 1.263618471863726250e-03
6.707500219345092773e-01 1.345361984868387794e-03
6.742500066757202148e-01 1.222746715361395370e-03
6.777499914169311523e-01 1.130785263231151106e-03
6.812499761581420898e-01 1.018387932849741618e-03
6.847500205039978027e-01 1.045635770517961988e-03
6.882500052452087402e-01 1.072883608186182575e-03
6.917499899864196777e-01 1.079695567603237722e-03
6.952500343322753906e-01 1.066071648769127429e-03
6.987500190734863281e-01 1.025199892266796765e-03
7.022500038146972656e-01 9.843281357644658846e-04
7.057499885559082031e-01 8.991786430512768756e-04
7.092499732971191406e-01 1.008169993724158898e-03
7.127500176429748535e-01 8.412769880063082368e-04
7.162500023841857910e-01 8.140291503380877583e-04
7.197499871253967285e-01 7.935932720869223181e-04
7.232500314712524414e-01 8.004052315039774648e-04
7.267500162124633789e-01 8.276530691721980517e-04
7.302500009536743164e-01 8.276530691721980517e-04
7.337499856948852539e-01 7.527215155845916545e-04
7.372499704360961914e-01 6.335122257861269118e-04
7.407500147819519043e-01 7.663454344187018395e-04
7.442499995231628418e-01 6.982258402481505890e-04
7.477499842643737793e-01 7.527215155845916545e-04
7.512500286102294922e-01 7.118497590822608825e-04
7.547500133514404297e-01 7.050377996652057357e-04
7.582499980926513672e-01 6.403241852031819501e-04
7.617499828338623047e-01 5.756105707411582730e-04
7.652499675750732422e-01 6.471361446202370969e-04
7.687500119209289551e-01 5.551746924899929412e-04
7.722499966621398926e-01 5.517687127814653678e-04
7.757499814033508301e-01 5.790165504496858464e-04
7.792500257492065430e-01 5.143029359876621692e-04
7.827500104904174805e-01 5.994524287008511781e-04
7.862499952316284180e-01 5.040849968620794491e-04
7.897499799728393555e-01 5.517687127814653678e-04
7.932499647140502930e-01 4.666192200682762505e-04
7.967500090599060059e-01 4.870550983194416365e-04
8.002499938011169434e-01 4.632132403597486771e-04
8.037499785423278809e-01 4.121235447318352392e-04
8.072500228881835938e-01 3.950936461891974266e-04
8.107500076293945312e-01 4.734311794853313972e-04
8.142499923706054688e-01 4.257474635659454784e-04
8.177499771118164062e-01 4.257474635659454784e-04
8.212500214576721191e-01 3.644398288124493204e-04
8.247500061988830566e-01 4.359654026915281443e-04
8.282499909400939941e-01 2.861022955163153498e-04
8.317500352859497070e-01 3.303800317271736952e-04
8.352500200271606445e-01 3.576278693953941737e-04
8.387500047683715820e-01 3.201620926015909751e-04
8.422499895095825195e-01 3.099441534760083092e-04
8.457499742507934570e-01 2.895082752248429232e-04
8.492500185966491699e-01 2.963202346418980699e-04
8.527500033378601074e-01 3.746577679380320406e-04
8.562499880790710449e-01 2.792903360992602573e-04
8.597500324249267578e-01 2.826963158077877764e-04
8.632500171661376953e-01 3.133501331845358825e-04
8.667500019073486328e-01 2.554484781395672979e-04
8.702499866485595703e-01 2.724783766822051105e-04
8.737499713897705078e-01 2.792903360992602573e-04
8.772500157356262207e-01 2.350125998884019119e-04
8.807500004768371582e-01 2.826963158077877764e-04
8.842499852180480957e-01 2.929142549333704965e-04
8.877500295639038086e-01 2.418245593054570315e-04
8.912500143051147461e-01 1.873288839690160203e-04
8.947499990463256836e-01 2.179827013457640722e-04
8.982499837875366211e-01 2.452305390139845778e-04
9.017499685287475586e-01 2.145767216372365259e-04
9.052500128746032715e-01 2.077647622201814063e-04
9.087499976158142090e-01 1.975468230945987133e-04
9.122499823570251465e-01 1.873288839690160203e-04
9.157500267028808594e-01 1.805169245519608735e-04
9.192500114440917969e-01 1.975468230945987133e-04
9.227499961853027344e-01 2.145767216372365259e-04
9.262499809265136719e-01 1.941408433860711399e-04
9.297499656677246094e-01 1.600810463007954875e-04
9.332500100135803223e-01 1.464571274666852483e-04
9.367499947547912598e-01 1.634870260093230609e-04
9.402499794960021973e-01 1.771109448434333273e-04
9.437500238418579102e-01 1.907348636775435665e-04
9.472500085830688477e-01 1.226152695069922889e-04
9.507499933242797852e-01 1.737049651349057539e-04
9.542499780654907227e-01 1.873288839690160203e-04
9.577499628067016602e-01 1.396451680496301286e-04
9.612500071525573730e-01 1.260212492155198623e-04
9.647499918937683105e-01 1.260212492155198623e-04
9.682500362396240234e-01 1.328332086325749819e-04
9.717500209808349609e-01 1.430511477581576749e-04
9.752500057220458984e-01 1.260212492155198623e-04
9.787499904632568359e-01 1.498631071752127945e-04
9.822499752044677734e-01 1.192092897984647291e-04
9.857500195503234863e-01 1.021793912558269165e-04
9.892500042915344238e-01 1.294272289240474356e-04
9.927499890327453613e-01 1.396451680496301286e-04
9.962500333786010742e-01 7.493155358760639727e-05
9.997500181198120117e-01 1.226152695069922889e-04
1.003250002861022949e+00 9.536743183877178327e-05
1.006749987602233887e+00 1.089913506728820361e-04
1.010249972343444824e+00 9.877341154729935664e-05
1.013749957084655762e+00 1.396451680496301286e-04
1.017250061035156250e+00 8.174351300466153045e-05
1.020750045776367188e+00 1.021793912558269165e-04
1.024250030517578125e+00 9.196145213024422345e-05
1.027750015258789062e+00 9.536743183877178327e-05
1.031250000000000000e+00 6.471361446202371782e-05
1.034749984741210938e+00 8.855547242171666364e-05
1.038249969482421875e+00 9.536743183877178327e-05
1.041749954223632812e+00 9.196145213024422345e-05
1.045249938964843750e+00 9.536743183877178327e-05
1.048750042915344238e+00 5.790165504496858464e-05
1.052250027656555176e+00 1.021793912558269165e-04
1.055750012397766113e+00 9.877341154729935664e-05
1.059249997138977051e+00 7.493155358760639727e-05
1.062749981880187988e+00 6.130763475349614445e-05
1.066249966621398926e+00 5.449567533644101804e-05
1.069749951362609863e+00 6.811959417055127764e-05
1.073250055313110352e+00 5.449567533644101804e-05
1.076750040054321289e+00 7.833753329613397064e-05
1.080250024795532227e+00 3.405979708527563882e-05
1.083750009536743164e+00 5.449567533644101804e-05
1.087249994277954102e+00 5.449567533644101804e-05
1.090749979019165039e+00 4.427773621085833182e-05
1.094249963760375977e+00 6.811959417055127764e-05
1.097749948501586914e+00 5.790165504496858464e-05
1.101249933242797852e+00 4.427773621085833182e-05
1.104750037193298340e+00 5.790165504496858464e-05
1.108250021934509277e+00 7.493155358760639727e-05
1.111750006675720215e+00 5.108969562791345823e-05
1.115249991416931152e+00 4.768371591938589163e-05
1.118749976158142090e+00 5.108969562791345823e-05
1.122249960899353027e+00 7.833753329613397064e-05
1.125750064849853516e+00 2.724783766822050902e-05
1.129250049591064453e+00 3.405979708527563882e-05
1.132750034332275391e+00 4.768371591938589163e-05
1.136250019073486328e+00 2.384185795969294582e-05
1.139750003814697266e+00 4.768371591938589163e-05
1.143249988555908203e+00 6.130763475349614445e-05
1.146749973297119141e+00 4.087175650233076523e-05
1.150249958038330078e+00 3.746577679380319863e-05
1.153749942779541016e+00 6.130763475349614445e-05
1.157250046730041504e+00 3.746577679380319863e-05
1.160750031471252441e+00 2.384185795969294582e-05
1.164250016212463379e+00 4.768371591938589163e-05
1.167750000953674316e+00 4.427773621085833182e-05
1.171249985694885254e+00 2.384185795969294582e-05
1.174749970436096191e+00 1.702989854263781941e-05
1.178249955177307129e+00 2.043587825116538261e-05
1.181750059127807617e+00 4.427773621085833182e-05
1.185250043869018555e+00 3.405979708527563882e-05
1.188750028610229492e+00 2.384185795969294582e-05
1.192250013351440430e+00 3.405979708527563882e-05
1.195749998092651367e+00 1.362391883411025451e-05
1.199249982833862305e+00 2.384185795969294582e-05
1.202749967575073242e+00 1.362391883411025451e-05
1.206249952316284180e+00 2.043587825116538261e-05
1.209749937057495117e+00 2.043587825116538261e-05
1.213250041007995605e+00 3.405979708527563882e-05
1.216750025749206543e+00 1.702989854263781941e-05
1.220250010490417480e+00 4.087175650233076523e-05
1.223749995231628418e+00 2.724783766822050902e-05
1.227249979972839355e+00 2.724783766822050902e-05
1.230749964714050293e+00 2.043587825116538261e-05
1.234249949455261230e+00 2.384185795969294582e-05
1.237750053405761719e+00 1.021793912558269131e-05
1.241250038146972656e+00 2.043587825116538261e-05
1.244750022888183594e+00 2.043587825116538261e-05
1.248250007629394531e+00 3.405979708527563882e-05
1.251749992370605469e+00 3.065381737674807223e-05
1.255249977111816406e+00 3.065381737674807223e-05
1.258749961853027344e+00 1.702989854263781941e-05
1.262249946594238281e+00 2.724783766822050902e-05
1.265750050544738770e+00 1.702989854263781941e-05
1.269250035285949707e+00 1.362391883411025451e-05
1.272750020027160645e+00 2.043587825116538261e-05
1.276250004768371582e+00 6.811959417055127255e-06
1.279749989509582520e+00 1.021793912558269131e-05
1.283249974250793457e+00 1.702989854263781941e-05
1.286749958992004395e+00 1.362391883411025451e-05
1.290250062942504883e+00 2.043587825116538261e-05
1.293750047683715820e+00 1.021793912558269131e-05
1.297250032424926758e+00 3.065381737674807223e-05
1.300750017166137695e+00 2.043587825116538261e-05
1.304250001907348633e+00 3.405979708527563628e-06
1.307749986648559570e+00 1.021793912558269131e-05
1.311249971389770508e+00 1.362391883411025451e-05
1.314749956130981445e+00 1.362391883411025451e-05
1.318249940872192383e+00 2.384185795969294582e-05
1.321750044822692871e+00 1.702989854263781941e-05
1.325250029563903809e+00 6.811959417055127255e-06
1.328750014305114746e+00 1.362391883411025451e-05
1.332249999046325684e+00 6.811959417055127255e-06
1.335749983787536621e+00 1.021793912558269131e-05
1.339249968528747559e+00 6.811959417055127255e-06
1.342749953269958496e+00 1.362391883411025451e-05
1.346250057220458984e+00 1.021793912558269131e-05
1.349750041961669922e+00 0.000000000000000000e+00
1.353250026702880859e+00 6.811959417055127255e-06
1.356750011444091797e+00 1.362391883411025451e-05
1.360249996185302734e+00 1.021793912558269131e-05
1.363749980926513672e+00 3.405979708527563628e-06
1.367249965667724609e+00 1.362391883411025451e-05
1.370749950408935547e+00 3.405979708527563628e-06
1.374249935150146484e+00 1.021793912558269131e-05
1.377750039100646973e+00 3.405979708527563628e-06
1.381250023841857910e+00 6.811959417055127255e-06
1.384750008583068848e+00 6.811959417055127255e-06
1.388249993324279785e+00 1.702989854263781941e-05
1.391749978065490723e+00 6.811959417055127255e-06
1.395249962806701660e+00 1.362391883411025451e-05
1.398750066757202148e+00 1.021793912558269131e-05
1.402250051498413086e+00 6.811959417055127255e-06
1.405750036239624023e+00 3.405979708527563628e-06
1.409250020980834961e+00 1.021793912558269131e-05
1.412750005722045898e+00 0.000000000000000000e+00
1.416249990463256836e+00 2.043587825116538261e-05
1.419749975204467773e+00 6.811959417055127255e-06
1.423249959945678711e+00 0.000000000000000000e+00
1.426749944686889648e+00 1.021793912558269131e-05
1.430250048637390137e+00 6.811959417055127255e-06
1.433750033378601074e+00 1.021793912558269131e-05
1.437250018119812012e+00 6.811959417055127255e-06
1.440750002861022949e+00 3.405979708527563628e-06
1.444249987602233887e+00 6.811959417055127255e-06
1.447749972343444824e+00 6.811959417055127255e-06
1.451249957084655762e+00 3.405979708527563628e-06
1.454750061035156250e+00 1.702989854263781941e-05
1.458250045776367188e+00 6.811959417055127255e-06
1.461750030517578125e+00 6.811959417055127255e-06
1.465250015258789062e+00 1.021793912558269131e-05
1.468750000000000000e+00 3.405979708527563628e-06
1.472249984741210938e+00 3.405979708527563628e-06
1.475749969482421875e+00 1.362391883411025451e-05
1.479249954223632812e+00 1.362391883411025451e-05
1.482749938964843750e+00 3.405979708527563628e-06
1.486250042915344238e+00 6.811959417055127255e-06
1.489750027656555176e+00 6.811959417055127255e-06
1.493250012397766113e+00 6.811959417055127255e-06
1.496749997138977051e+00 1.021793912558269131e-05
1.500249981880187988e+00 6.811959417055127255e-06
1.503749966621398926e+00 3.405979708527563628e-06
1.507249951362609863e+00 3.405979708527563628e-06
1.510750055313110352e+00 6.811959417055127255e-06
1.514250040054321289e+00 0.000000000000000000e+00
1.517750024795532227e+00 6.811959417055127255e-06
1.521250009536743164e+00 6.811959417055127255e-06
1.524749994277954102e+00 1.021793912558269131e-05
1.528249979019165039e+00 0.000000000000000000e+00
1.531749963760375977e+00 3.405979708527563628e-06
1.535249948501586914e+00 3.405979708527563628e-06
1.538749933242797852e+00 3.405979708527563628e-06
1.542250037193298340e+00 0.000000000000000000e+00
1.545750021934509277e+00 3.405979708527563628e-06
1.549250006675720215e+00 3.405979708527563628e-06
1.552749991416931152e+00 0.000000000000000000e+00
1.556249976158142090e+00 6.811959417055127255e-06
1.559749960899353027e+00 3.405979708527563628e-06
1.563250064849853516e+00 0.000000000000000000e+00
1.566750049591064453e+00 0.000000000000000000e+00
1.570250034332275391e+00 1.702989854263781941e-05
1.573750019073486328e+00 0.000000000000000000e+00
1.577250003814697266e+00 6.811959417055127255e-06
1.580749988555908203e+00 1.021793912558269131e-05
1.584249973297119141e+00 3.405979708527563628e-06
1.587749958038330078e+00 3.405979708527563628e-06
1.591249942779541016e+00 3.405979708527563628e-06
1.594750046730041504e+00 3.405979708527563628e-06
1.598250031471252441e+00 3.405979708527563628e-06
1.601750016212463379e+00 1.021793912558269131e-05
1.605250000953674316e+00 3.405979708527563628e-06
1.608749985694885254e+00 6.811959417055127255e-06
1.612249970436096191e+00 3.405979708527563628e-06
1.615749955177307129e+00 0.000000000000000000e+00
1.619250059127807617e+00 1.021793912558269131e-05
1.622750043869018555e+00 6.811959417055127255e-06
1.626250028610229492e+00 0.000000000000000000e+00
1.629750013351440430e+00 0.000000000000000000e+00
1.633249998092651367e+00 3.405979708527563628e-06
1.636749982833862305e+00 0.000000000000000000e+00
1.640249967575073242e+00 3.405979708527563628e-06
1.643749952316284180e+00 6.811959417055127255e-06
1.647249937057495117e+00 1.021793912558269131e-05
1.650750041007995605e+00 0.000000000000000000e+00
1.654250025749206543e+00 0.000000000000000000e+00
1.657750010490417480e+00 0.000000000000000000e+00
1.661249995231628418e+00 3.405979708527563628e-06
1.664749979972839355e+00 6.811959417055127255e-06
1.668249964714050293e+00 0.000000000000000000e+00
1.671749949455261230e+00 0.000000000000000000e+00
1.675250053405761719e+00 0.000000000000000000e+00
1.678750038146972656e+00 1.021793912558269131e-05
1.682250022888183594e+00 3.405979708527563628e-06
1.685750007629394531e+00 0.000000000000000000e+00
1.689249992370605469e+00 0.000000000000000000e+00
1.692749977111816406e+00 1.021793912558269131e-05
1.696249961853027344e+00 3.405979708527563628e-06
1.699749946594238281e+00 0.000000000000000000e+00
1.703250050544738770e+00 6.811959417055127255e-06
1.706750035285949707e+00 0.000000000000000000e+00
1.710250020027160645e+00 6.811959417055127255e-06
1.713750004768371582e+00 3.405979708527563628e-06
1.717249989509582520e+00 6.811959417055127255e-06
1.720749974250793457e+00 0.000000000000000000e+00
1.724249958992004395e+00 3.405979708527563628e-06
1.727750062942504883e+00 0.000000000000000000e+00
1.731250047683715820e+00 0.000000000000000000e+00
1.734750032424926758e+00 6.811959417055127255e-06
1.738250017166137695e+00 0.000000000000000000e+00
1.741750001907348633e+00 0.000000000000000000e+00
1.745249986648559570e+00 3.405979708527563628e-06
1.748749971389770508e+00 3.405979708527563628e-06
1.752249956130981445e+00 3.405979708527563628e-06
1.755749940872192383e+00 0.000000000000000000e+00
1.759250044822692871e+00 3.405979708527563628e-06
1.762750029563903809e+00 1.021793912558269131e-05
1.766250014305114746e+00 3.405979708527563628e-06
1.769749999046325684e+00 6.811959417055127255e-06
1.773249983787536621e+00 0.000000000000000000e+00
1.776749968528747559e+00 6.811959417055127255e-06
1.780249953269958496e+00 0.000000000000000000e+00
1.783750057220458984e+00 3.405979708527563628e-06
1.787250041961669922e+00 3.405979708527563628e-06
1.790750026702880859e+00 0.000000000000000000e+00
1.794250011444091797e+00 1.021793912558269131e-05
1.797749996185302734e+00 0.000000000000000000e+00
1.801249980926513672e+00 3.405979708527563628e-06
1.804749965667724609e+00 6.811959417055127255e-06
1.808249950408935547e+00 3.405979708527563628e-06
1.811749935150146484e+00 3.405979708527563628e-06
1.815250039100646973e+00 0.000000000000000000e+00
1.818750023841857910e+00 3.405979708527563628e-06
1.822250008583068848e+00 0.000000000000000000e+00
1.825749993324279785e+00 3.405979708527563628e-06
1.829249978065490723e+00 0.000000000000000000e+00
1.832749962806701660e+00 6.811959417055127255e-06
1.836250066757202148e+00 0.000000000000000000e+00
1.839750051498413086e+00 0.000000000000000000e+00
1.843250036239624023e+00 6.811959417055127255e-06
1.846750020980834961e+00 0.000000000000000000e+00
1.850250005722045898e+00 0.000000000000000000e+00
1.853749990463256836e+00 0.000000000000000000e+00
1.857249975204467773e+00 0.000000000000000000e+00
1.860749959945678711e+00 3.405979708527563628e-06
1.864249944686889648e+00 3.405979708527563628e-06
1.867750048637390137e+00 6.811959417055127255e-06
1.871250033378601074e+00 3.405979708527563628e-06
1.874750018119812012e+00 0.000000000000000000e+00
1.878250002861022949e+00 6.811959417055127255e-06
1.881749987602233887e+00 0.000000000000000000e+00
1.885249972343444824e+00 0.000000000000000000e+00
1.888749957084655762e+00 0.000000000000000000e+00
1.892250061035156250e+00 6.811959417055127255e-06
1.895750045776367188e+00 1.362391883411025451e-05
1.899250030517578125e+00 0.000000000000000000e+00
1.902750015258789062e+00 0.000000000000000000e+00
1.906250000000000000e+00 0.000000000000000000e+00
1.909749984741210938e+00 3.405979708527563628e-06
1.913249969482421875e+00 0.000000000000000000e+00
1.916749954223632812e+00 3.405979708527563628e-06
1.920249938964843750e+00 0.000000000000000000e+00
1.923750042915344238e+00 0.000000000000000000e+00
1.927250027656555176e+00 3.405979708527563628e-06
1.930750012397766113e+00 0.000000000000000000e+00
1.934249997138977051e+00 0.000000000000000000e+00
1.937749981880187988e+00 6.811959417055127255e-06
1.941249966621398926e+00 3.405979708527563628e-06
1.944749951362609863e+00 0.000000000000000000e+00
1.948250055313110352e+00 0.000000000000000000e+00
1.951750040054321289e+00 3.405979708527563628e-06
1.955250024795532227e+00 0.000000000000000000e+00
1.958750009536743164e+00 0.000000000000000000e+00
1.962249994277954102e+00 0.000000000000000000e+00
1.965749979019165039e+00 0.000000000000000000e+00
1.969249963760375977e+00 0.000000000000000000e+00
1.972749948501586914e+00 0.000000000000000000e+00
1.976249933242797852e+00 3.405979708527563628e-06
1.979750037193298340e+00 6.811959417055127255e-06
1.983250021934509277e+00 0.000000000000000000e+00
1.986750006675720215e+00 0.000000000000000000e+00
1.990249991416931152e+00 0.000000000000000000e+00
1.993749976158142090e+00 0.000000000000000000e+00
1.997249960899353027e+00 0.000000000000000000e+00
2.000750064849853516e+00 0.000000000000000000e+00
2.004250049591064453e+00 0.000000000000000000e+00
2.007750034332275391e+00 0.000000000000000000e+00
2.011250019073486328e+00 3.405979708527563628e-06
2.014750003814697266e+00 0.000000000000000000e+00
2.018249988555908203e+00 0.000000000000000000e+00
2.021749973297119141e+00 0.000000000000000000e+00
2.025249958038330078e+00 6.811959417055127255e-06
2.028749942779541016e+00 0.000000000000000000e+00
2.032249927520751953e+00 3.405979708527563628e-06
2.035749912261962891e+00 3.405979708527563628e-06
2.039249897003173828e+00 0.000000000000000000e+00
2.042749881744384766e+00 3.405979708527563628e-06
2.046250104904174805e+00 3.405979708527563628e-06
2.049750089645385742e+00 0.000000000000000000e+00
2.053250074386596680e+00 3.405979708527563628e-06
2.056750059127807617e+00 0.000000000000000000e+00
2.060250043869018555e+00 0.000000000000000000e+00
2.063750028610229492e+00 0.000000000000000000e+00
2.067250013351440430e+00 3.405979708527563628e-06
2.070749998092651367e+00 0.000000000000000000e+00
2.074249982833862305e+00 0.000000000000000000e+00
2.077749967575073242e+00 0.000000000000000000e+00
2.081249952316284180e+00 0.000000000000000000e+00
2.084749937057495117e+00 0.000000000000000000e+00
2.088249921798706055e+00 3.405979708527563628e-06
2.091749906539916992e+00 0.000000000000000000e+00
2.095249891281127930e+00 0.000000000000000000e+00
2.098750114440917969e+00 0.000000000000000000e+00
2.102250099182128906e+00 0.000000000000000000e+00
2.105750083923339844e+00 0.000000000000000000e+00
2.109250068664550781e+00 0.000000000000000000e+00
2.112750053405761719e+00 0.000000000000000000e+00
2.116250038146972656e+00 3.405979708527563628e-06
2.119750022888183594e+00 0.000000000000000000e+00
2.123250007629394531e+00 0.000000000000000000e+00
2.126749992370605469e+00 3.405979708527563628e-06
2.130249977111816406e+00 0.000000000000000000e+00
2.133749961853027344e+00 3.405979708527563628e-06
2.137249946594238281e+00 0.000000000000000000e+00
2.140749931335449219e+00 3.405979708527563628e-06
2.144249916076660156e+00 3.405979708527563628e-06
2.147749900817871094e+00 0.000000000000000000e+00
2.151249885559082031e+00 1.021793912558269131e-05
2.154750108718872070e+00 0.000000000000000000e+00
2.158250093460083008e+00 0.000000000000000000e+00
2.161750078201293945e+00 3.405979708527563628e-06
2.165250062942504883e+00 0.000000000000000000e+00
2.168750047683715820e+00 0.000000000000000000e+00
2.172250032424926758e+00 0.000000000000000000e+00
2.175750017166137695e+00 0.000000000000000000e+00
2.179250001907348633e+00 0.000000000000000000e+00
2.182749986648559570e+00 0.000000000000000000e+00
2.186249971389770508e+00 3.405979708527563628e-06
2.189749956130981445e+00 3.405979708527563628e-06
2.193249940872192383e+00 0.000000000000000000e+00
2.196749925613403320e+00 0.000000000000000000e+00
2.200249910354614258e+00 0.000000000000000000e+00
2.203749895095825195e+00 0.000000000000000000e+00
2.207250118255615234e+00 3.405979708527563628e-06
2.210750102996826172e+00 0.000000000000000000e+00
2.214250087738037109e+00 0.000000000000000000e+00
2.217750072479248047e+00 0.000000000000000000e+00
2.221250057220458984e+00 0.000000000000000000e+00
2.224750041961669922e+00 0.000000000000000000e+00
2.228250026702880859e+00 0.000000000000000000e+00
2.231750011444091797e+00 3.405979708527563628e-06
2.235249996185302734e+00 0.000000000000000000e+00
2.238749980926513672e+00 0.000000000000000000e+00
2.242249965667724609e+00 0.000000000000000000e+00
2.245749950408935547e+00 0.000000000000000000e+00
2.249249935150146484e+00 0.000000000000000000e+00
2.252749919891357422e+00 0.000000000000000000e+00
2.256249904632568359e+00 0.000000000000000000e+00
2.259749889373779297e+00 0.000000000000000000e+00
2.263249874114990234e+00 0.000000000000000000e+00
2.266750097274780273e+00 0.000000000000000000e+00
2.270250082015991211e+00 0.000000000000000000e+00
2.273750066757202148e+00 0.000000000000000000e+00
2.277250051498413086e+00 0.000000000000000000e+00
2.280750036239624023e+00 0.000000000000000000e+00
2.284250020980834961e+00 0.000000000000000000e+00
2.287750005722045898e+00 0.000000000000000000e+00
2.291249990463256836e+00 0.000000000000000000e+00
2.294749975204467773e+00 0.000000000000000000e+00
2.298249959945678711e+00 0.000000000000000000e+00
2.301749944686889648e+00 0.000000000000000000e+00
2.305249929428100586e+00 3.405979708527563628e-06
2.308749914169311523e+00 0.000000000000000000e+00
2.312249898910522461e+00 0.000000000000000000e+00
2.315750122070312500e+00 0.000000000000000000e+00
2.319250106811523438e+00 0.000000000000000000e+00
2.322750091552734375e+00 0.000000000000000000e+00
2.326250076293945312e+00 0.000000000000000000e+00
2.329750061035156250e+00 0.000000000000000000e+00
2.333250045776367188e+00 6.811959417055127255e-06
2.336750030517578125e+00 0.000000000000000000e+00
2.340250015258789062e+00 0.000000000000000000e+00
2.343750000000000000e+00 0.000000000000000000e+00
2.347249984741210938e+00 0.000000000000000000e+00
2.350749969482421875e+00 0.000000000000000000e+00
2.354249954223632812e+00 0.000000000000000000e+00
2.357749938964843750e+00 3.405979708527563628e-06
2.361249923706054688e+00 0.000000000000000000e+00
2.364749908447265625e+00 0.000000000000000000e+00
2.368249893188476562e+00 0.000000000000000000e+00
2.371749877929687500e+00 0.000000000000000000e+00
2.375250101089477539e+00 3.405979708527563628e-06
2.378750085830688477e+00 0.000000000000000000e+00
2.382250070571899414e+00 3.405979708527563628e-06
2.385750055313110352e+00 0.000000000000000000e+00
2.389250040054321289e+00 0.000000000000000000e+00
2.392750024795532227e+00 0.000000000000000000e+00
2.396250009536743164e+00 0.000000000000000000e+00
2.399749994277954102e+00 0.000000000000000000e+00
2.403249979019165039e+00 0.000000000000000000e+00
2.406749963760375977e+00 0.000000000000000000e+00
2.410249948501586914e+00 0.000000000000000000e+00
2.413749933242797852e+00 0.000000000000000000e+00
2.417249917984008789e+00 0.000000000000000000e+00
2.420749902725219727e+00 3.405979708527563628e-06
2.424250125885009766e+00 0.000000000000000000e+00
2.427750110626220703e+00 0.000000000000000000e+00
2.431250095367431641e+00 0.000000000000000000e+00
2.434750080108642578e+00 0.000000000000000000e+00
2.438250064849853516e+00 0.000000000000000000e+00
2.441750049591064453e+00 0.000000000000000000e+00
2.445250034332275391e+00 0.000000000000000000e+00
2.448750019073486328e+00 0.000000000000000000e+00
2.452250003814697266e+00 0.000000000000000000e+00
2.455749988555908203e+00 0.000000000000000000e+00
2.459249973297119141e+00 0.000000000000000000e+00
2.462749958038330078e+00 0.000000000000000000e+00
2.466249942779541016e+00 0.000000000000000000e+00
2.469749927520751953e+00 0.000000000000000000e+00
2.473249912261962891e+00 0.000000000000000000e+00
2.476749897003173828e+00 3.405979708527563628e-06
2.480249881744384766e+00 0.000000000000000000e+00
2.483750104904174805e+00 0.000000000000000000e+00
2.487250089645385742e+00 0.000000000000000000e+00
2.490750074386596680e+00 0.000000000000000000e+00
2.494250059127807617e+00 3.405979708527563628e-06
2.497750043869018555e+00 0.000000000000000000e+00
2.501250028610229492e+00 0.000000000000000000e+00
2.504750013351440430e+00 0.000000000000000000e+00
2.508249998092651367e+00 0.000000000000000000e+00
2.511749982833862305e+00 0.000000000000000000e+00
2.515249967575073242e+00 0.000000000000000000e+00
2.518749952316284180e+00 0.000000000000000000e+00
2.522249937057495117e+00 0.000000000000000000e+00
2.525749921798706055e+00 0.000000000000000000e+00
2.529249906539916992e+00 0.000000000000000000e+00
2.532749891281127930e+00 0.000000000000000000e+00
2.536250114440917969e+00 0.000000000000000000e+00
2.539750099182128906e+00 0.000000000000000000e+00
2.543250083923339844e+00 0.000000000000000000e+00
2.546750068664550781e+00 0.000000000000000000e+00
2.550250053405761719e+00 0.000000000000000000e+00
2.553750038146972656e+00 0.000000000000000000e+00
2.557250022888183594e+00 0.000000000000000000e+00
2.560750007629394531e+00 0.000000000000000000e+00
2.564249992370605469e+00 0.000000000000000000e+00
2.567749977111816406e+00 0.000000000000000000e+00
2.571249961853027344e+00 0.000000000000000000e+00
2.574749946594238281e+00 0.000000000000000000e+00
2.578249931335449219e+00 0.000000000000000000e+00
2.581749916076660156e+00 0.000000000000000000e+00
2.585249900817871094e+00 6.811959417055127255e-06
2.588749885559082031e+00 0.000000000000000000e+00
2.592250108718872070e+00 0.000000000000000000e+00
2.595750093460083008e+00 0.000000000000000000e+00
2.599250078201293945e+00 0.000000000000000000e+00
2.602750062942504883e+00 0.000000000000000000e+00
2.606250047683715820e+00 0.000000000000000000e+00
2.609750032424926758e+00 0.000000000000000000e+00
2.613250017166137695e+00 0.000000000000000000e+00
2.616750001907348633e+00 0.000000000000000000e+00
2.620249986648559570e+00 0.000000000000000000e+00
2.623749971389770508e+00 0.000000000000000000e+00
2.627249956130981445e+00 0.000000000000000000e+00
2.630749940872192383e+00 0.000000000000000000e+00
2.634249925613403320e+00 0.000000000000000000e+00
2.637749910354614258e+00 0.000000000000000000e+00
2.641249895095825195e+00 0.000000000000000000e+00
2.644750118255615234e+00 0.000000000000000000e+00
2.648250102996826172e+00 0.000000000000000000e+00
2.651750087738037109e+00 0.000000000000000000e+00
2.655250072479248047e+00 0.000000000000000000e+00
2.658750057220458984e+00 0.000000000000000000e+00
2.662250041961669922e+00 0.000000000000000000e+00
2.665750026702880859e+00 0.000000000000000000e+00
2.669250011444091797e+00 0.000000000000000000e+00
2.672749996185302734e+00 0.000000000000000000e+00
2.676249980926513672e+00 0.000000000000000000e+00
2.679749965667724609e+00 0.000000000000000000e+00
2.683249950408935547e+00 0.000000000000000000e+00
2.686749935150146484e+00 0.000000000000000000e+00
2.690249919891357422e+00 0.000000000000000000e+00
2.693749904632568359e+00 0.000000000000000000e+00
2.697249889373779297e+00 0.000000000000000000e+00
2.700749874114990234e+00 0.000000000000000000e+00
2.704250097274780273e+00 0.000000000000000000e+00
2.707750082015991211e+00 0.000000000000000000e+00
2.711250066757202148e+00 0.000000000000000000e+00
2.714750051498413086e+00 0.000000000000000000e+00
2.718250036239624023e+00 0.000000000000000000e+00
2.721750020980834961e+00 0.000000000000000000e+00
2.725250005722045898e+00 0.000000000000000000e+00
2.728749990463256836e+00 0.000000000000000000e+00
2.732249975204467773e+00 0.000000000000000000e+00
2.735749959945678711e+00 0.000000000000000000e+00
2.739249944686889648e+00 0.000000000000000000e+00
2.742749929428100586e+00 0.000000000000000000e+00
2.746249914169311523e+00 0.000000000000000000e+00
2.749749898910522461e+00 0.000000000000000000e+00
2.753250122070312500e+00 0.000000000000000000e+00
2.756750106811523438e+00 0.000000000000000000e+00
2.760250091552734375e+00 0.000000000000000000e+00
2.763750076293945312e+00 0.000000000000000000e+00
2.767250061035156250e+00 0.000000000000000000e+00
2.770750045776367188e+00 0.000000000000000000e+00
2.774250030517578125e+00 0.000000000000000000e+00
2.777750015258789062e+00 0.000000000000000000e+00
2.781250000000000000e+00 0.000000000000000000e+00
2.784749984741210938e+00 0.000000000000000000e+00
2.788249969482421875e+00 0.000000000000000000e+00
2.791749954223632812e+00 0.000000000000000000e+00
2.795249938964843750e+00 0.000000000000000000e+00
2.798749923706054688e+00 0.000000000000000000e+00
2.802249908447265625e+00 0.000000000000000000e+00
2.805749893188476562e+00 0.000000000000000000e+00
2.809249877929687500e+00 0.000000000000000000e+00
2.812750101089477539e+00 0.000000000000000000e+00
2.816250085830688477e+00 0.000000000000000000e+00
2.819750070571899414e+00 0.000000000000000000e+00
2.823250055313110352e+00 0.000000000000000000e+00
2.826750040054321289e+00 0.000000000000000000e+00
2.830250024795532227e+00 0.000000000000000000e+00
2.833750009536743164e+00 0.000000000000000000e+00
2.837249994277954102e+00 0.000000000000000000e+00
2.840749979019165039e+00 0.000000000000000000e+00
2.844249963760375977e+00 0.000000000000000000e+00
2.847749948501586914e+00 0.000000000000000000e+00
2.851249933242797852e+00 0.000000000000000000e+00
2.854749917984008789e+00 0.000000000000000000e+00
2.858249902725219727e+00 0.000000000000000000e+00
2.861750125885009766e+00 0.000000000000000000e+00
2.865250110626220703e+00 0.000000000000000000e+00
2.868750095367431641e+00 0.000000000000000000e+00
2.872250080108642578e+00 0.000000000000000000e+00
2.875750064849853516e+00 0.000000000000000000e+00
2.879250049591064453e+00 0.000000000000000000e+00
2.882750034332275391e+00 0.000000000000000000e+00
2.886250019073486328e+00 0.000000000000000000e+00
2.889750003814697266e+00 0.000000000000000000e+00
2.893249988555908203e+00 0.000000000000000000e+00
2.896749973297119141e+00 0.000000000000000000e+00
2.900249958038330078e+00 0.000000000000000000e+00
2.903749942779541016e+00 0.000000000000000000e+00
2.907249927520751953e+00 0.000000000000000000e+00
2.910749912261962891e+00 0.000000000000000000e+00
2.914249897003173828e+00 0.000000000000000000e+00
2.917749881744384766e+00 0.000000000000000000e+00
2.921250104904174805e+00 0.000000000000000000e+00
2.924750089645385742e+00 0.000000000000000000e+00
2.928250074386596680e+00 0.000000000000000000e+00
2.931750059127807617e+00 0.000000000000000000e+00
2.935250043869018555e+00 0.000000000000000000e+00
2.938750028610229492e+00 0.000000000000000000e+00
2.942250013351440430e+00 0.000000000000000000e+00
2.945749998092651367e+00 0.000000000000000000e+00
2.949249982833862305e+00 0.000000000000000000e+00
2.952749967575073242e+00 0.000000000000000000e+00
2.956249952316284180e+00 0.000000000000000000e+00
2.959749937057495117e+00 0.000000000000000000e+00
2.963249921798706055e+00 0.000000000000000000e+00
2.966749906539916992e+00 0.000000000000000000e+00
2.970249891281127930e+00 0.000000000000000000e+00
2.973750114440917969e+00 0.000000000000000000e+00
2.977250099182128906e+00 0.000000000000000000e+00
2.980750083923339844e+00 0.000000000000000000e+00
2.984250068664550781e+00 0.000000000000000000e+00
2.987750053405761719e+00 0.000000000000000000e+00
2.991250038146972656e+00 0.000000000000000000e+00
2.994750022888183594e+00 0.000000000000000000e+00
2.998250007629394531e+00 0.000000000000000000e+00
