-4.982500076293945312e-01 0.000000000000000000e+00
-4.947499930858612061e-01 0.000000000000000000e+00
-4.912499785423278809e-01 0.000000000000000000e+00
-4.877499938011169434e-01 0.000000000000000000e+00
-4.842500090599060059e-01 0.000000000000000000e+00
-4.807499945163726807e-01 0.000000000000000000e+00
-4.772499799728393555e-01 0.000000000000000000e+00
-4.737499952316284180e-01 0.000000000000000000e+00
-4.702500104904174805e-01 0.000000000000000000e+00
-4.667499959468841553e-01 0.000000000000000000e+00
-4.632499814033508301e-01 0.000000000000000000e+00
-4.597499966621398926e-01 0.000000000000000000e+00
-4.562500119209289551e-01 0.000000000000000000e+00
-4.527499973773956299e-01 0.000000000000000000e+00
-4.492499828338623047e-01 0.000000000000000000e+00
-4.457499980926513672e-01 0.000000000000000000e+00
-4.422500133514404297e-01 0.000000000000000000e+00
-4.387499988079071045e-01 0.000000000000000000e+00
-4.352499842643737793e-01 0.000000000000000000e+00
-4.317499995231628418e-01 0.000000000000000000e+00
-4.282500147819519043e-01 0.000000000000000000e+00
-4.247500002384185791e-01 0.000000000000000000e+00
-4.212499856948852539e-01 0.000000000000000000e+00
-4.177500009536743164e-01 0.000000000000000000e+00
-4.142500162124633789e-01 0.000000000000000000e+00
-4.107500016689300537e-01 0.000000000000000000e+00
-4.072499871253967285e-01 0.000000000000000000e+00
-4.037500023841857910e-01 0.000000000000000000e+00
-4.002500176429748535e-01 0.000000000000000000e+00
-3.967500030994415283e-01 0.000000000000000000e+00
-3.932499885559082031e-01 0.000000000000000000e+00
-3.897500038146972656e-01 0.000000000000000000e+00
-3.862500190734863281e-01 0.000000000000000000e+00
-3.827500045299530029e-01 0.000000000000000000e+00
-3.792499899864196777e-01 0.000000000000000000e+00
-3.757500052452087402e-01 0.000000000000000000e+00
-3.722500205039978027e-01 0.000000000000000000e+00
-3.687500059604644775e-01 0.000000000000000000e+00
-3.652499914169311523e-01 0.000000000000000000e+00
-3.617500066757202148e-01 0.000000000000000000e+00
-3.582500219345092773e-01 0.000000000000000000e+00
-3.547499775886535645e-01 0.000000000000000000e+00
-3.512499928474426270e-01 0.000000000000000000e+00
-3.477500081062316895e-01 0.000000000000000000e+00
-3.442499935626983643e-01 0.000000000000000000e+00
-3.407499790191650391e-01 0.000000000000000000e+00
-3.372499942779541016e-01 0.000000000000000000e+00
-3.337500095367431641e-01 0.000000000000000000e+00
-3.302499949932098389e-01 0.000000000000000000e+00
-3.267499804496765137e-01 0.000000000000000000e+00
-3.232499957084655762e-01 0.000000000000000000e+00
-3.197500109672546387e-01 0.000000000000000000e+00
-3.162499964237213135e-01 0.000000000000000000e+00
-3.127499818801879883e-01 0.000000000000000000e+00
-3.092499971389770508e-01 0.000000000000000000e+00
-3.057500123977661133e-01 0.000000000000000000e+00
-3.022499978542327881e-01 0.000000000000000000e+00
-2.987499833106994629e-01 0.000000000000000000e+00
-2.952499985694885254e-01 0.000000000000000000e+00
-2.917500138282775879e-01 0.000000000000000000e+00
-2.882499992847442627e-01 0.000000000000000000e+00
-2.847499847412109375e-01 0.000000000000000000e+00
-2.812500000000000000e-01 0.000000000000000000e+00
-2.777500152587890625e-01 0.000000000000000000e+00
-2.742500007152557373e-01 0.000000000000000000e+00
-2.707499861717224121e-01 0.000000000000000000e+00
-2.672500014305114746e-01 0.000000000000000000e+00
-2.637500166893005371e-01 0.000000000000000000e+00
-2.602500021457672119e-01 0.000000000000000000e+00
-2.567499876022338867e-01 0.000000000000000000e+00
-2.532500028610229492e-01 0.000000000000000000e+00
-2.497500032186508179e-01 0.000000000000000000e+00
-2.462500035762786865e-01 0.000000000000000000e+00
-2.427499890327453613e-01 0.000000000000000000e+00
-2.392500042915344238e-01 0.000000000000000000e+00
-2.357499897480010986e-01 0.000000000000000000e+00
-2.322500050067901611e-01 0.000000000000000000e+00
-2.287499904632568359e-01 0.000000000000000000e+00
-2.252500057220458984e-01 0.000000000000000000e+00
-2.217499911785125732e-01 0.000000000000000000e+00
-2.182500064373016357e-01 0.000000000000000000e+00
-2.147499918937683105e-01 0.000000000000000000e+00
-2.112500071525573730e-01 0.000000000000000000e+00
-2.077499926090240479e-01 0.000000000000000000e+00
-2.042500078678131104e-01 0.000000000000000000e+00
-2.007499933242797852e-01 0.000000000000000000e+00
-1.972500085830688477e-01 0.000000000000000000e+00
-1.937499940395355225e-01 0.000000000000000000e+00
-1.902500092983245850e-01 0.000000000000000000e+00
-1.867499947547912598e-01 0.000000000000000000e+00
-1.832500100135803223e-01 0.000000000000000000e+00
-1.797499954700469971e-01 0.000000000000000000e+00
-1.762500107288360596e-01 0.000000000000000000e+00
-1.727499961853027344e-01 0.000000000000000000e+00
-1.692500114440917969e-01 0.000000000000000000e+00
-1.657499969005584717e-01 0.000000000000000000e+00
-1.622500121593475342e-01 0.000000000000000000e+00
-1.587499976158142090e-01 0.000000000000000000e+00
-1.552500128746032715e-01 0.000000000000000000e+00
-1.517499983310699463e-01 0.000000000000000000e+00
-1.482500135898590088e-01 0.000000000000000000e+00
-1.447499990463256836e-01 0.000000000000000000e+00
-1.412500143051147461e-01 0.000000000000000000e+00
-1.377499997615814209e-01 0.000000000000000000e+00
-1.342500001192092896e-01 0.000000000000000000e+00
-1.307500004768371582e-01 0.000000000000000000e+00
-1.272499859333038330e-01 0.000000000000000000e+00
-1.237500011920928955e-01 0.000000000000000000e+00
-1.202500015497207642e-01 0.000000000000000000e+00
-1.167500019073486328e-01 0.000000000000000000e+00
-1.132500022649765015e-01 0.000000000000000000e+00
-1.097500026226043701e-01 0.000000000000000000e+00
-1.062500029802322388e-01 0.000000000000000000e+00
-1.027500033378601074e-01 0.000000000000000000e+00
-9.925000369548797607e-02 3.405979694926121589e-06
-9.574999660253524780e-02 5.449567511881794543e-05
-9.224999696016311646e-02 2.418245583397546329e-04
-8.874999731779098511e-02 1.062665664816949936e-03
-8.524999767541885376e-02 3.654616212655728384e-03
-8.174999803304672241e-02 1.255103517580275808e-02
-7.824999839067459106e-02 3.976140695856754392e-02
-7.474999874830245972e-02 1.030036379339557689e-01
-7.124999910593032837e-02 2.409253797002941233e-01
-6.774999946355819702e-02 5.002873274892233324e-01
-6.424999982118606567e-02 9.355170368256628954e-01
-6.075000017881393433e-02 1.611913950420736263e+00
-5.725000053644180298e-02 2.516160687667282403e+00
-5.375000089406967163e-02 3.665123660014575346e+00
-5.025000125169754028e-02 4.976456496378387051e+00
-4.675000160932540894e-02 6.400002739771234239e+00
-4.325000196695327759e-02 7.869560362862838332e+00
-3.974999859929084778e-02 9.268406441508080462e+00
-3.624999895691871643e-02 1.050960334399397311e+01
-3.274999931454658508e-02 1.154942510299705383e+01
-2.924999967217445374e-02 1.235819882341512610e+01
-2.575000002980232239e-02 1.287713388973407014e+01
-2.225000038743019104e-02 1.313713956768533997e+01
-1.875000074505805969e-02 1.313334871228488687e+01
-1.525000110268592834e-02 1.292746745766568850e+01
-1.174999959766864777e-02 1.258934222943159220e+01
-8.249999955296516418e-03 1.210403099466095966e+01
-4.750000312924385071e-03 1.150086264450679785e+01
-1.249999972060322762e-03 1.084479261773104319e+01
2.250000135973095894e-03 1.015545638727494548e+01
5.750000011175870895e-03 9.453214899754772915e+00
9.250000119209289551e-03 8.725091372532855161e+00
1.274999976158142090e-02 8.029287186636093310e+00
1.624999940395355225e-02 7.329351547369385322e+00
1.974999904632568359e-02 6.674361216156922794e+00
2.325000055134296417e-02 6.059684060613605538e+00
2.675000019371509552e-02 5.498865661986155118e+00
3.025000169873237610e-02 4.970472190054401551e+00
3.375000134110450745e-02 4.494561459241764645e+00
3.725000098347663879e-02 4.047254145907117184e+00
4.075000062584877014e-02 3.636673511622857458e+00
4.425000026822090149e-02 3.275282036092721505e+00
4.774999991059303284e-02 2.932337346590305316e+00
5.124999955296516418e-02 2.641374719191851295e+00
5.474999919533729553e-02 2.379230085992167787e+00
5.824999883770942688e-02 2.145290370646166789e+00
6.175000220537185669e-02 1.932954784505082735e+00
6.525000184774398804e-02 1.733994480625973278e+00
6.875000149011611938e-02 1.563423017504073087e+00
7.225000113248825073e-02 1.407395087679507384e+00
7.575000077486038208e-02 1.265202247375731837e+00
7.925000041723251343e-02 1.143779071251615598e+00
8.275000005960464478e-02 1.036201202587373915e+00
8.624999970197677612e-02 9.365490486732255260e-01
8.974999934434890747e-02 8.503913863103743642e-01
9.324999898672103882e-02 7.706574016521537951e-01
9.674999862909317017e-02 6.975514534802595978e-01
1.002499982714653015e-01 6.396600166056002346e-01
1.037499979138374329e-01 5.825110833044349068e-01
1.072499975562095642e-01 5.322047632103760195e-01
1.107499971985816956e-01 4.831552496237449534e-01
1.142499968409538269e-01 4.414319983608999687e-01
1.177499964833259583e-01 4.077162053608263115e-01
1.212500035762786865e-01 3.712313508687776764e-01
1.247500032186508179e-01 3.405707216550527550e-01
1.282500028610229492e-01 3.152438566435821210e-01
1.317499876022338867e-01 2.873352590233574921e-01
1.352500021457672119e-01 2.651861730672528950e-01
1.387499868869781494e-01 2.438647401770153711e-01
1.422500014305114746e-01 2.248185017229885063e-01
1.457499861717224121e-01 2.089568542837175469e-01
1.492500007152557373e-01 1.920836308750535626e-01
1.527499854564666748e-01 1.761232100246297450e-01
1.562500000000000000e-01 1.635278971127929470e-01
1.597500145435333252e-01 1.511812207186857548e-01
1.632499992847442627e-01 1.404591966390583146e-01
1.667500138282775879e-01 1.318727218281495750e-01
1.702499985694885254e-01 1.208339416368940100e-01
1.737500131130218506e-01 1.119204927752723566e-01
1.772499978542327881e-01 1.054525373346076461e-01
1.807500123977661133e-01 9.686946850339382686e-02
1.842499971389770508e-01 9.037767120486463190e-02
1.877500116825103760e-01 8.375985265762318777e-02
1.912499964237213135e-01 7.774148653668871978e-02
1.947500109672546387e-01 7.327284117694565779e-02
1.982499957084655762e-01 6.789139325896238752e-02
2.017500102519989014e-01 6.388936711742418395e-02
2.052499949932098389e-01 5.935260216378259596e-02
2.087500095367431641e-01 5.621910084445056605e-02
2.122499942779541016e-01 5.142688741368951072e-02
2.157500088214874268e-01 4.899161193181733598e-02
2.192499935626983643e-01 4.581723885614618491e-02
2.227500081062316895e-01 4.377024505949558830e-02
2.262499928474426270e-01 4.036426536456946823e-02
2.297500073909759521e-01 3.858293798412310710e-02
2.332499921321868896e-01 3.550052636021496649e-02
2.367500066757202148e-01 3.327982759912313099e-02
2.402499914169311523e-01 3.116130822887908797e-02
2.437500059604644775e-01 2.978869841182385861e-02
2.472499907016754150e-01 2.755778171164724802e-02
2.507500052452087402e-01 2.638271871689773854e-02
2.542499899864196777e-01 2.483980991509620456e-02
2.577500045299530029e-01 2.330711905237944914e-02
2.612500190734863281e-01 2.252033774285151432e-02
2.647500038146972656e-01 2.064023695125229846e-02
2.682499885559082031e-01 1.962525500216431157e-02
2.717500030994415283e-01 1.866136274850022092e-02
2.752500176429748535e-01 1.742158613954711277e-02
2.787500023841857910e-01 1.611709591639040595e-02
2.822499871253967285e-01 1.573562619055868250e-02
2.857500016689300537e-01 1.481260569323370260e-02
2.892500162124633789e-01 1.401220046492606362e-02
2.927500009536743164e-01 1.320498327722857343e-02
2.962499856948852539e-01 1.252378733824334976e-02
2.997500002384185791e-01 1.240457804892093445e-02
3.032500147819519043e-01 1.142365589678221230e-02
3.067499995231628418e-01 1.076289583596654401e-02
3.102499842643737793e-01 1.019750320660880831e-02
3.137499988079071045e-01 9.833063379251712893e-03
3.172500133514404297e-01 9.397097978301169330e-03
3.207499980926513672e-01 8.811269470773876525e-03
3.242499828338623047e-01 8.317402415009588976e-03
3.277499973773956299e-01 7.779257623211261602e-03
3.312500119209289551e-01 7.605552658770029645e-03
3.347499966621398926e-01 7.029942090327514527e-03
3.382499814033508301e-01 6.951604557344214300e-03
3.417499959468841553e-01 5.994524263069973997e-03
3.452500104904174805e-01 6.273814598053916239e-03
3.487499952316284180e-01 5.919592709781599377e-03
3.522499799728393555e-01 5.602836598153470259e-03
3.557499945163726807e-01 5.313328324084749463e-03
3.592500090599060059e-01 5.262238628660857558e-03
3.627499938011169434e-01 4.894392821608836534e-03
3.662499785423278809e-01 4.642350324184303482e-03
3.697499930858612061e-01 4.468645359743071525e-03
3.732500076293945312e-01 4.230226781098242635e-03
3.767499923706054688e-01 3.964560364894005422e-03
3.802500069141387939e-01 3.916876649165039991e-03
3.837500214576721191e-01 3.651210232960802344e-03
3.872500061988830566e-01 3.542218882723166453e-03
3.907499909400939941e-01 3.409385674621047847e-03
3.942500054836273193e-01 3.344672060417451347e-03
3.977500200271606445e-01 2.952984395500947608e-03
4.012500047683715820e-01 3.126689359942179565e-03
4.047499895095825195e-01 2.711159837161192677e-03
4.082500040531158447e-01 2.656664162042374731e-03
4.117500185966491699e-01 2.414839603702620234e-03
4.152500033378601074e-01 2.455711360041733585e-03
4.187499880790710449e-01 2.350125989499023734e-03
4.222500026226043701e-01 2.251352578346166398e-03
4.257500171661376953e-01 2.111707410854195277e-03
4.292500019073486328e-01 2.074241634210007967e-03
4.327499866485595703e-01 1.941408426107889360e-03
4.362500011920928955e-01 1.852852954039810145e-03
4.397500157356262207e-01 1.842635014955031807e-03
4.432500004768371582e-01 1.720019745937691321e-03
4.467499852180480957e-01 1.781327380446361564e-03
4.502499997615814209e-01 1.692771908378282349e-03
4.537500143051147461e-01 1.505443025157345797e-03
4.572499990463256836e-01 1.396451674919709906e-03
4.607499837875366211e-01 1.277242385597295677e-03
4.642499983310699463e-01 1.324926101326261325e-03
4.677500128746032715e-01 1.290866304377000055e-03
4.712499976158142090e-01 1.270430426207443380e-03
4.747499823570251465e-01 1.219340730783551475e-03
4.782499969005584717e-01 1.014981949087984288e-03
4.817500114440917969e-01 1.076289583596654314e-03
4.852499961853027344e-01 1.123973299325620179e-03
4.887499809265136719e-01 8.855547206807916133e-04
4.922499954700469971e-01 9.672982333590185314e-04
4.957500100135803223e-01 8.651188425112348295e-04
4.992499947547912598e-01 9.025846191554222483e-04
5.027499794960021973e-01 7.833753298330079114e-04
5.062500238418579102e-01 8.685248222061609782e-04
5.097500085830688477e-01 7.867813095279340601e-04
5.132499933242797852e-01 8.072171876974908438e-04
5.167499780654907227e-01 7.765633704431557224e-04
5.202499628067016602e-01 6.743839795953720205e-04
5.237500071525573730e-01 6.743839795953720205e-04
5.272499918937683105e-01 7.016318171547809932e-04
5.307500362396240234e-01 5.449567511881794543e-04
5.342500209808349609e-01 5.108969542389181842e-04
5.377500057220458984e-01 6.335122232562585614e-04
5.412499904632568359e-01 5.926404669171451024e-04
5.447499752044677734e-01 4.700251978998047793e-04
5.482500195503234863e-01 4.700251978998047793e-04
5.517500042915344238e-01 5.381447917983271569e-04
5.552499890327453613e-01 4.666192182048786307e-04
5.587500333786010742e-01 4.359654009505435635e-04
5.622500181198120117e-01 4.291534415606913203e-04
5.657500028610229492e-01 5.040849948490659952e-04
5.692499876022338867e-01 4.019056040012823476e-04
5.727499723434448242e-01 3.474099288824644021e-04
5.762500166893005371e-01 3.610338476621688885e-04
5.797500014305114746e-01 3.610338476621688885e-04
5.832499861717224121e-01 3.576278679672427398e-04
5.867500305175781250e-01 2.792903349839419703e-04
5.902500152587890625e-01 2.861022943737942135e-04
5.937500000000000000e-01 2.520424974245329976e-04
5.972499847412109375e-01 2.656664162042374840e-04
6.007499694824218750e-01 2.656664162042374840e-04
6.042500138282775879e-01 3.201620913230554294e-04
6.077499985694885254e-01 2.554484771194590921e-04
6.112499833106994629e-01 2.452305380346807544e-04
6.147500276565551758e-01 2.656664162042374840e-04
6.182500123977661133e-01 2.316066192549762681e-04
6.217499971389770508e-01 2.690723958991635785e-04
6.252499818801879883e-01 2.111707410854195385e-04
6.287499666213989258e-01 2.384185786448285113e-04
6.322500109672546387e-01 2.350125989499023897e-04
6.357499957084655762e-01 1.634870253564538363e-04
6.392499804496765137e-01 1.941408426107889306e-04
6.427500247955322266e-01 1.532690862716754715e-04
6.462500095367431641e-01 1.839229035260105658e-04
6.497499942779541016e-01 1.805169238310844442e-04
6.532499790191650391e-01 1.396451674919709852e-04
6.567499637603759766e-01 1.123973299325620125e-04
6.602500081062316895e-01 1.566750659666015931e-04
6.637499928474426270e-01 1.123973299325620125e-04
6.672500371932983398e-01 1.907348629158628090e-04
6.707500219345092773e-01 1.089913502376358909e-04
6.742500066757202148e-01 1.158033096274881340e-04
6.777499914169311523e-01 1.430511471868971068e-04
6.812499761581420898e-01 1.532690862716754715e-04
6.847500205039978027e-01 1.532690862716754715e-04
6.882500052452087402e-01 7.833753298330079656e-05
6.917499899864196777e-01 9.536743145793140451e-05
6.952500343322753906e-01 7.833753298330079656e-05
6.987500190734863281e-01 8.855547206807916133e-05
7.022500038146972656e-01 1.089913502376358909e-04
7.057499885559082031e-01 6.130763450867018861e-05
7.092499732971191406e-01 7.493155328837467497e-05
7.127500176429748535e-01 8.514949237315303974e-05
7.162500023841857910e-01 7.833753298330079656e-05
7.197499871253967285e-01 1.021793908477836477e-04
7.232500314712524414e-01 7.493155328837467497e-05
7.267500162124633789e-01 6.811959389852243179e-05
7.302500009536743164e-01 6.130763450867018861e-05
7.337499856948852539e-01 7.152557359344855338e-05
7.372499704360961914e-01 7.493155328837467497e-05
7.407500147819519043e-01 5.790165481374406702e-05
7.442499995231628418e-01 6.471361420359631020e-05
7.477499842643737793e-01 5.449567511881794543e-05
7.512500286102294922e-01 3.065381725433509431e-05
7.547500133514404297e-01 3.746577664418733748e-05
7.582499980926513672e-01 5.790165481374406702e-05
7.617499828338623047e-01 3.065381725433509431e-05
7.652499675750732422e-01 2.384185786448285113e-05
7.687500119209289551e-01 3.405979694926121589e-05
7.722499966621398926e-01 3.065381725433509431e-05
7.757499814033508301e-01 3.405979694926121589e-05
7.792500257492065430e-01 4.087175633911345907e-05
7.827500104904174805e-01 5.790165481374406702e-05
7.862499952316284180e-01 4.427773603403958066e-05
7.897499799728393555e-01 3.065381725433509431e-05
7.932499647140502930e-01 2.043587816955672954e-05
7.967500090599060059e-01 2.724783755940897272e-05
8.002499938011169434e-01 2.724783755940897272e-05
8.037499785423278809e-01 2.724783755940897272e-05
8.072500228881835938e-01 2.724783755940897272e-05
8.107500076293945312e-01 2.384185786448285113e-05
8.142499923706054688e-01 4.087175633911345907e-05
8.177499771118164062e-01 2.043587816955672954e-05
8.212500214576721191e-01 4.087175633911345907e-05
8.247500061988830566e-01 4.087175633911345907e-05
8.282499909400939941e-01 3.405979694926121589e-05
8.317500352859497070e-01 2.384185786448285113e-05
8.352500200271606445e-01 2.043587816955672954e-05
8.387500047683715820e-01 2.043587816955672954e-05
8.422499895095825195e-01 2.384185786448285113e-05
8.457499742507934570e-01 1.362391877970448636e-05
8.492500185966491699e-01 2.043587816955672954e-05
8.527500033378601074e-01 1.362391877970448636e-05
8.562499880790710449e-01 1.702989847463060795e-05
8.597500324249267578e-01 1.021793908477836477e-05
8.632500171661376953e-01 3.405979694926121589e-05
8.667500019073486328e-01 1.021793908477836477e-05
8.702499866485595703e-01 1.702989847463060795e-05
8.737499713897705078e-01 1.702989847463060795e-05
8.772500157356262207e-01 3.065381725433509431e-05
8.807500004768371582e-01 1.362391877970448636e-05
8.842499852180480957e-01 2.043587816955672954e-05
8.877500295639038086e-01 1.362391877970448636e-05
8.912500143051147461e-01 2.384185786448285113e-05
8.947499990463256836e-01 1.362391877970448636e-05
8.982499837875366211e-01 1.362391877970448636e-05
9.017499685287475586e-01 1.362391877970448636e-05
9.052500128746032715e-01 1.362391877970448636e-05
9.087499976158142090e-01 6.811959389852243179e-06
9.122499823570251465e-01 1.362391877970448636e-05
9.157500267028808594e-01 1.362391877970448636e-05
9.192500114440917969e-01 6.811959389852243179e-06
9.227499961853027344e-01 3.746577664418733748e-05
9.262499809265136719e-01 2.043587816955672954e-05
9.297499656677246094e-01 1.021793908477836477e-05
9.332500100135803223e-01 6.811959389852243179e-06
9.367499947547912598e-01 2.043587816955672954e-05
9.402499794960021973e-01 1.021793908477836477e-05
9.437500238418579102e-01 1.702989847463060795e-05
9.472500085830688477e-01 3.405979694926121589e-06
9.507499933242797852e-01 1.362391877970448636e-05
9.542499780654907227e-01 6.811959389852243179e-06
9.577499628067016602e-01 3.405979694926121589e-06
9.612500071525573730e-01 1.021793908477836477e-05
9.647499918937683105e-01 1.021793908477836477e-05
9.682500362396240234e-01 1.021793908477836477e-05
9.717500209808349609e-01 2.043587816955672954e-05
9.752500057220458984e-01 1.021793908477836477e-05
9.787499904632568359e-01 1.021793908477836477e-05
9.822499752044677734e-01 3.405979694926121589e-06
9.857500195503234863e-01 1.362391877970448636e-05
9.892500042915344238e-01 6.811959389852243179e-06
9.927499890327453613e-01 3.405979694926121589e-06
9.962500333786010742e-01 1.362391877970448636e-05
9.997500181198120117e-01 3.405979694926121589e-06
1.003250002861022949e+00 1.021793908477836477e-05
1.006749987602233887e+00 3.405979694926121589e-06
1.010249972343444824e+00 3.405979694926121589e-06
1.013749957084655762e+00 3.405979694926121589e-06
1.017250061035156250e+00 6.811959389852243179e-06
1.020750045776367188e+00 6.811959389852243179e-06
1.024250030517578125e+00 6.811959389852243179e-06
1.027750015258789062e+00 3.405979694926121589e-06
1.031250000000000000e+00 0.000000000000000000e+00
1.034749984741210938e+00 6.811959389852243179e-06
1.038249969482421875e+00 3.405979694926121589e-06
1.041749954223632812e+00 2.384185786448285113e-05
1.045249938964843750e+00 3.405979694926121589e-06
1.048750042915344238e+00 1.362391877970448636e-05
1.052250027656555176e+00 0.000000000000000000e+00
1.055750012397766113e+00 6.811959389852243179e-06
1.059249997138977051e+00 6.811959389852243179e-06
1.062749981880187988e+00 1.021793908477836477e-05
1.066249966621398926e+00 6.811959389852243179e-06
1.069749951362609863e+00 6.811959389852243179e-06
1.073250055313110352e+00 1.021793908477836477e-05
1.076750040054321289e+00 0.000000000000000000e+00
1.080250024795532227e+00 6.811959389852243179e-06
1.083750009536743164e+00 1.021793908477836477e-05
1.087249994277954102e+00 6.811959389852243179e-06
1.090749979019165039e+00 3.405979694926121589e-06
1.094249963760375977e+00 6.811959389852243179e-06
1.097749948501586914e+00 6.811959389852243179e-06
1.101249933242797852e+00 6.811959389852243179e-06
1.104750037193298340e+00 3.405979694926121589e-06
1.108250021934509277e+00 6.811959389852243179e-06
1.111750006675720215e+00 3.405979694926121589e-06
1.115249991416931152e+00 0.000000000000000000e+00
1.118749976158142090e+00 0.000000000000000000e+00
1.122249960899353027e+00 6.811959389852243179e-06
1.125750064849853516e+00 6.811959389852243179e-06
1.129250049591064453e+00 0.000000000000000000e+00
1.132750034332275391e+00 6.811959389852243179e-06
1.136250019073486328e+00 0.000000000000000000e+00
1.139750003814697266e+00 3.405979694926121589e-06
1.143249988555908203e+00 3.405979694926121589e-06
1.146749973297119141e+00 0.000000000000000000e+00
1.150249958038330078e+00 0.000000000000000000e+00
1.153749942779541016e+00 3.405979694926121589e-06
1.157250046730041504e+00 3.405979694926121589e-06
1.160750031471252441e+00 3.405979694926121589e-06
1.164250016212463379e+00 0.000000000000000000e+00
1.167750000953674316e+00 6.811959389852243179e-06
1.171249985694885254e+00 3.405979694926121589e-06
1.174749970436096191e+00 3.405979694926121589e-06
1.178249955177307129e+00 1.362391877970448636e-05
1.181750059127807617e+00 0.000000000000000000e+00
1.185250043869018555e+00 0.000000000000000000e+00
1.188750028610229492e+00 0.000000000000000000e+00
1.192250013351440430e+00 3.405979694926121589e-06
1.195749998092651367e+00 1.021793908477836477e-05
1.199249982833862305e+00 1.021793908477836477e-05
1.202749967575073242e+00 0.000000000000000000e+00
1.206249952316284180e+00 0.000000000000000000e+00
1.209749937057495117e+00 0.000000000000000000e+00
1.213250041007995605e+00 0.000000000000000000e+00
1.216750025749206543e+00 3.405979694926121589e-06
1.220250010490417480e+00 3.405979694926121589e-06
1.223749995231628418e+00 3.405979694926121589e-06
1.227249979972839355e+00 0.000000000000000000e+00
1.230749964714050293e+00 6.811959389852243179e-06
1.234249949455261230e+00 3.405979694926121589e-06
1.237750053405761719e+00 0.000000000000000000e+00
1.241250038146972656e+00 3.405979694926121589e-06
1.244750022888183594e+00 0.000000000000000000e+00
1.248250007629394531e+00 3.405979694926121589e-06
1.251749992370605469e+00 0.000000000000000000e+00
1.255249977111816406e+00 3.405979694926121589e-06
1.258749961853027344e+00 0.000000000000000000e+00
1.262249946594238281e+00 0.000000000000000000e+00
1.265750050544738770e+00 0.000000000000000000e+00
1.269250035285949707e+00 3.405979694926121589e-06
1.272750020027160645e+00 6.811959389852243179e-06
1.276250004768371582e+00 0.000000000000000000e+00
1.279749989509582520e+00 0.000000000000000000e+00
1.283249974250793457e+00 0.000000000000000000e+00
1.286749958992004395e+00 0.000000000000000000e+00
1.290250062942504883e+00 0.000000000000000000e+00
1.293750047683715820e+00 0.000000000000000000e+00
1.297250032424926758e+00 0.000000000000000000e+00
1.300750017166137695e+00 0.000000000000000000e+00
1.304250001907348633e+00 0.000000000000000000e+00
1.307749986648559570e+00 0.000000000000000000e+00
1.311249971389770508e+00 0.000000000000000000e+00
1.314749956130981445e+00 6.811959389852243179e-06
1.318249940872192383e+00 0.000000000000000000e+00
1.321750044822692871e+00 3.405979694926121589e-06
1.325250029563903809e+00 0.000000000000000000e+00
1.328750014305114746e+00 3.405979694926121589e-06
1.332249999046325684e+00 0.000000000000000000e+00
1.335749983787536621e+00 0.000000000000000000e+00
1.339249968528747559e+00 0.000000000000000000e+00
1.342749953269958496e+00 0.000000000000000000e+00
1.346250057220458984e+00 0.000000000000000000e+00
1.349750041961669922e+00 0.000000000000000000e+00
1.353250026702880859e+00 0.000000000000000000e+00
1.356750011444091797e+00 0.000000000000000000e+00
1.360249996185302734e+00 0.000000000000000000e+00
1.363749980926513672e+00 0.000000000000000000e+00
1.367249965667724609e+00 0.000000000000000000e+00
1.370749950408935547e+00 0.000000000000000000e+00
1.374249935150146484e+00 3.405979694926121589e-06
1.377750039100646973e+00 0.000000000000000000e+00
1.381250023841857910e+00 0.000000000000000000e+00
1.384750008583068848e+00 3.405979694926121589e-06
1.388249993324279785e+00 0.000000000000000000e+00
1.391749978065490723e+00 0.000000000000000000e+00
1.395249962806701660e+00 0.000000000000000000e+00
1.398750066757202148e+00 0.000000000000000000e+00
1.402250051498413086e+00 0.000000000000000000e+00
1.405750036239624023e+00 0.000000000000000000e+00
1.409250020980834961e+00 0.000000000000000000e+00
1.412750005722045898e+00 0.000000000000000000e+00
1.416249990463256836e+00 0.000000000000000000e+00
1.419749975204467773e+00 0.000000000000000000e+00
1.423249959945678711e+00 0.000000000000000000e+00
1.426749944686889648e+00 0.000000000000000000e+00
1.430250048637390137e+00 0.000000000000000000e+00
1.433750033378601074e+00 0.000000000000000000e+00
1.437250018119812012e+00 0.000000000000000000e+00
1.440750002861022949e+00 0.000000000000000000e+00
1.444249987602233887e+00 0.000000000000000000e+00
1.447749972343444824e+00 0.000000000000000000e+00
1.451249957084655762e+00 0.000000000000000000e+00
1.454750061035156250e+00 0.000000000000000000e+00
1.458250045776367188e+00 0.000000000000000000e+00
1.461750030517578125e+00 0.000000000000000000e+00
1.465250015258789062e+00 0.000000000000000000e+00
1.468750000000000000e+00 0.000000000000000000e+00
1.472249984741210938e+00 0.000000000000000000e+00
1.475749969482421875e+00 0.000000000000000000e+00
1.479249954223632812e+00 0.000000000000000000e+00
1.482749938964843750e+00 0.000000000000000000e+00
1.486250042915344238e+00 0.000000000000000000e+00
1.489750027656555176e+00 0.000000000000000000e+00
1.493250012397766113e+00 0.000000000000000000e+00
1.496749997138977051e+00 0.000000000000000000e+00
1.500249981880187988e+00 0.000000000000000000e+00
1.503749966621398926e+00 0.000000000000000000e+00
1.507249951362609863e+00 0.000000000000000000e+00
1.510750055313110352e+00 0.000000000000000000e+00
1.514250040054321289e+00 0.000000000000000000e+00
1.517750024795532227e+00 0.000000000000000000e+00
1.521250009536743164e+00 0.000000000000000000e+00
1.524749994277954102e+00 0.000000000000000000e+00
1.528249979019165039e+00 0.000000000000000000e+00
1.531749963760375977e+00 0.000000000000000000e+00
1.535249948501586914e+00 0.000000000000000000e+00
1.538749933242797852e+00 0.000000000000000000e+00
1.542250037193298340e+00 0.000000000000000000e+00
1.545750021934509277e+00 0.000000000000000000e+00
1.549250006675720215e+00 0.000000000000000000e+00
1.552749991416931152e+00 0.000000000000000000e+00
1.556249976158142090e+00 0.000000000000000000e+00
1.559749960899353027e+00 0.000000000000000000e+00
1.563250064849853516e+00 0.000000000000000000e+00
1.566750049591064453e+00 0.000000000000000000e+00
1.570250034332275391e+00 0.000000000000000000e+00
1.573750019073486328e+00 0.000000000000000000e+00
1.577250003814697266e+00 0.000000000000000000e+00
1.580749988555908203e+00 0.000000000000000000e+00
1.584249973297119141e+00 0.000000000000000000e+00
1.587749958038330078e+00 0.000000000000000000e+00
1.591249942779541016e+00 0.000000000000000000e+00
1.594750046730041504e+00 0.000000000000000000e+00
1.598250031471252441e+00 0.000000000000000000e+00
1.601750016212463379e+00 0.000000000000000000e+00
1.605250000953674316e+00 0.000000000000000000e+00
1.608749985694885254e+00 0.000000000000000000e+00
1.612249970436096191e+00 0.000000000000000000e+00
1.615749955177307129e+00 0.000000000000000000e+00
1.619250059127807617e+00 0.000000000000000000e+00
1.622750043869018555e+00 0.000000000000000000e+00
1.626250028610229492e+00 0.000000000000000000e+00
1.629750013351440430e+00 0.000000000000000000e+00
1.633249998092651367e+00 0.000000000000000000e+00
1.636749982833862305e+00 0.000000000000000000e+00
1.640249967575073242e+00 0.000000000000000000e+00
1.643749952316284180e+00 0.000000000000000000e+00
1.647249937057495117e+00 0.000000000000000000e+00
1.650750041007995605e+00 0.000000000000000000e+00
1.654250025749206543e+00 0.000000000000000000e+00
1.657750010490417480e+00 0.000000000000000000e+00
1.661249995231628418e+00 0.000000000000000000e+00
1.664749979972839355e+00 0.000000000000000000e+00
1.668249964714050293e+00 0.000000000000000000e+00
1.671749949455261230e+00 0.000000000000000000e+00
1.675250053405761719e+00 0.000000000000000000e+00
1.678750038146972656e+00 0.000000000000000000e+00
1.682250022888183594e+00 0.000000000000000000e+00
1.685750007629394531e+00 0.000000000000000000e+00
1.689249992370605469e+00 0.000000000000000000e+00
1.692749977111816406e+00 0.000000000000000000e+00
1.696249961853027344e+00 0.000000000000000000e+00
1.699749946594238281e+00 0.000000000000000000e+00
1.703250050544738770e+00 0.000000000000000000e+00
1.706750035285949707e+00 0.000000000000000000e+00
1.710250020027160645e+00 0.000000000000000000e+00
1.713750004768371582e+00 0.000000000000000000e+00
1.717249989509582520e+00 0.000000000000000000e+00
1.720749974250793457e+00 0.000000000000000000e+00
1.724249958992004395e+00 0.000000000000000000e+00
1.727750062942504883e+00 0.000000000000000000e+00
1.731250047683715820e+00 0.000000000000000000e+00
1.734750032424926758e+00 0.000000000000000000e+00
1.738250017166137695e+00 0.000000000000000000e+00
1.741750001907348633e+00 0.000000000000000000e+00
1.745249986648559570e+00 0.000000000000000000e+00
1.748749971389770508e+00 0.000000000000000000e+00
1.752249956130981445e+00 0.000000000000000000e+00
1.755749940872192383e+00 0.000000000000000000e+00
1.759250044822692871e+00 0.000000000000000000e+00
1.762750029563903809e+00 0.000000000000000000e+00
1.766250014305114746e+00 0.000000000000000000e+00
1.769749999046325684e+00 0.000000000000000000e+00
1.773249983787536621e+00 0.000000000000000000e+00
1.776749968528747559e+00 0.000000000000000000e+00
1.780249953269958496e+00 0.000000000000000000e+00
1.783750057220458984e+00 0.000000000000000000e+00
1.787250041961669922e+00 0.000000000000000000e+00
1.790750026702880859e+00 0.000000000000000000e+00
1.794250011444091797e+00 0.000000000000000000e+00
1.797749996185302734e+00 0.000000000000000000e+00
1.801249980926513672e+00 0.000000000000000000e+00
1.804749965667724609e+00 0.000000000000000000e+00
1.808249950408935547e+00 0.000000000000000000e+00
1.811749935150146484e+00 0.000000000000000000e+00
1.815250039100646973e+00 0.000000000000000000e+00
1.818750023841857910e+00 0.000000000000000000e+00
1.822250008583068848e+00 0.000000000000000000e+00
1.825749993324279785e+00 0.000000000000000000e+00
1.829249978065490723e+00 0.000000000000000000e+00
1.832749962806701660e+00 0.000000000000000000e+00
1.836250066757202148e+00 0.000000000000000000e+00
1.839750051498413086e+00 0.000000000000000000e+00
1.843250036239624023e+00 0.000000000000000000e+00
1.846750020980834961e+00 0.000000000000000000e+00
1.850250005722045898e+00 0.000000000000000000e+00
1.853749990463256836e+00 0.000000000000000000e+00
1.857249975204467773e+00 0.000000000000000000e+00
1.860749959945678711e+00 0.000000000000000000e+00
1.864249944686889648e+00 0.000000000000000000e+00
1.867750048637390137e+00 0.000000000000000000e+00
1.871250033378601074e+00 0.000000000000000000e+00
1.874750018119812012e+00 0.000000000000000000e+00
1.878250002861022949e+00 0.000000000000000000e+00
1.881749987602233887e+00 0.000000000000000000e+00
1.885249972343444824e+00 0.000000000000000000e+00
1.888749957084655762e+00 0.000000000000000000e+00
1.892250061035156250e+00 0.000000000000000000e+00
1.895750045776367188e+00 0.000000000000000000e+00
1.899250030517578125e+00 0.000000000000000000e+00
1.902750015258789062e+00 0.000000000000000000e+00
1.906250000000000000e+00 0.000000000000000000e+00
1.909749984741210938e+00 0.000000000000000000e+00
1.913249969482421875e+00 0.000000000000000000e+00
1.916749954223632812e+00 0.000000000000000000e+00
1.920249938964843750e+00 0.000000000000000000e+00
1.923750042915344238e+00 0.000000000000000000e+00
1.927250027656555176e+00 0.000000000000000000e+00
1.930750012397766113e+00 0.000000000000000000e+00
1.934249997138977051e+00 0.000000000000000000e+00
1.937749981880187988e+00 0.000000000000000000e+00
1.941249966621398926e+00 0.000000000000000000e+00
1.944749951362609863e+00 0.000000000000000000e+00
1.948250055313110352e+00 0.000000000000000000e+00
1.951750040054321289e+00 0.000000000000000000e+00
1.955250024795532227e+00 0.000000000000000000e+00
1.958750009536743164e+00 0.000000000000000000e+00
1.962249994277954102e+00 0.000000000000000000e+00
1.965749979019165039e+00 0.000000000000000000e+00
1.969249963760375977e+00 0.000000000000000000e+00
1.972749948501586914e+00 0.000000000000000000e+00
1.976249933242797852e+00 0.000000000000000000e+00
1.979750037193298340e+00 0.000000000000000000e+00
1.983250021934509277e+00 0.000000000000000000e+00
1.986750006675720215e+00 0.000000000000000000e+00
1.990249991416931152e+00 0.000000000000000000e+00
1.993749976158142090e+00 0.000000000000000000e+00
1.997249960899353027e+00 0.000000000000000000e+00
2.000750064849853516e+00 0.000000000000000000e+00
2.004250049591064453e+00 0.000000000000000000e+00
2.007750034332275391e+00 0.000000000000000000e+00
2.011250019073486328e+00 0.000000000000000000e+00
2.014750003814697266e+00 0.000000000000000000e+00
2.018249988555908203e+00 0.000000000000000000e+00
2.021749973297119141e+00 0.000000000000000000e+00
2.025249958038330078e+00 0.000000000000000000e+00
2.028749942779541016e+00 0.000000000000000000e+00
2.032249927520751953e+00 0.000000000000000000e+00
2.035749912261962891e+00 0.000000000000000000e+00
2.039249897003173828e+00 0.000000000000000000e+00
2.042749881744384766e+00 0.000000000000000000e+00
2.046250104904174805e+00 0.000000000000000000e+00
2.049750089645385742e+00 0.000000000000000000e+00
2.053250074386596680e+00 0.000000000000000000e+00
2.056750059127807617e+00 0.000000000000000000e+00
2.060250043869018555e+00 0.000000000000000000e+00
2.063750028610229492e+00 0.000000000000000000e+00
2.067250013351440430e+00 0.000000000000000000e+00
2.070749998092651367e+00 0.000000000000000000e+00
2.074249982833862305e+00 0.000000000000000000e+00
2.077749967575073242e+00 0.000000000000000000e+00
2.081249952316284180e+00 0.000000000000000000e+00
2.084749937057495117e+00 0.000000000000000000e+00
2.088249921798706055e+00 0.000000000000000000e+00
2.091749906539916992e+00 0.000000000000000000e+00
2.095249891281127930e+00 0.000000000000000000e+00
2.098750114440917969e+00 0.000000000000000000e+00
2.102250099182128906e+00 0.000000000000000000e+00
2.105750083923339844e+00 0.000000000000000000e+00
2.109250068664550781e+00 0.000000000000000000e+00
2.112750053405761719e+00 0.000000000000000000e+00
2.116250038146972656e+00 0.000000000000000000e+00
2.119750022888183594e+00 0.000000000000000000e+00
2.123250007629394531e+00 0.000000000000000000e+00
2.126749992370605469e+00 0.000000000000000000e+00
2.130249977111816406e+00 0.000000000000000000e+00
2.133749961853027344e+00 0.000000000000000000e+00
2.137249946594238281e+00 0.000000000000000000e+00
2.140749931335449219e+00 0.000000000000000000e+00
2.144249916076660156e+00 0.000000000000000000e+00
2.147749900817871094e+00 0.000000000000000000e+00
2.151249885559082031e+00 0.000000000000000000e+00
2.154750108718872070e+00 0.000000000000000000e+00
2.158250093460083008e+00 0.000000000000000000e+00
2.161750078201293945e+00 0.000000000000000000e+00
2.165250062942504883e+00 0.000000000000000000e+00
2.168750047683715820e+00 0.000000000000000000e+00
2.172250032424926758e+00 0.000000000000000000e+00
2.175750017166137695e+00 0.000000000000000000e+00
2.179250001907348633e+00 0.000000000000000000e+00
2.182749986648559570e+00 0.000000000000000000e+00
2.186249971389770508e+00 0.000000000000000000e+00
2.189749956130981445e+00 0.000000000000000000e+00
2.193249940872192383e+00 0.000000000000000000e+00
2.196749925613403320e+00 0.000000000000000000e+00
2.200249910354614258e+00 0.000000000000000000e+00
2.203749895095825195e+00 0.000000000000000000e+00
2.207250118255615234e+00 0.000000000000000000e+00
2.210750102996826172e+00 0.000000000000000000e+00
2.214250087738037109e+00 0.000000000000000000e+00
2.217750072479248047e+00 0.000000000000000000e+00
2.221250057220458984e+00 0.000000000000000000e+00
2.224750041961669922e+00 0.000000000000000000e+00
2.228250026702880859e+00 0.000000000000000000e+00
2.231750011444091797e+00 0.000000000000000000e+00
2.235249996185302734e+00 0.000000000000000000e+00
2.238749980926513672e+00 0.000000000000000000e+00
2.242249965667724609e+00 0.000000000000000000e+00
2.245749950408935547e+00 0.000000000000000000e+00
2.249249935150146484e+00 0.000000000000000000e+00
2.252749919891357422e+00 0.000000000000000000e+00
2.256249904632568359e+00 0.000000000000000000e+00
2.259749889373779297e+00 0.000000000000000000e+00
2.263249874114990234e+00 0.000000000000000000e+00
2.266750097274780273e+00 0.000000000000000000e+00
2.270250082015991211e+00 0.000000000000000000e+00
2.273750066757202148e+00 0.000000000000000000e+00
2.277250051498413086e+00 0.000000000000000000e+00
2.280750036239624023e+00 0.000000000000000000e+00
2.284250020980834961e+00 0.000000000000000000e+00
2.287750005722045898e+00 0.000000000000000000e+00
2.291249990463256836e+00 0.000000000000000000e+00
2.294749975204467773e+00 0.000000000000000000e+00
2.298249959945678711e+00 0.000000000000000000e+00
2.301749944686889648e+00 0.000000000000000000e+00
2.305249929428100586e+00 0.000000000000000000e+00
2.308749914169311523e+00 0.000000000000000000e+00
2.312249898910522461e+00 0.000000000000000000e+00
2.315750122070312500e+00 0.000000000000000000e+00
2.319250106811523438e+00 0.000000000000000000e+00
2.322750091552734375e+00 0.000000000000000000e+00
2.326250076293945312e+00 0.000000000000000000e+00
2.329750061035156250e+00 0.000000000000000000e+00
2.333250045776367188e+00 0.000000000000000000e+00
2.336750030517578125e+00 0.000000000000000000e+00
2.340250015258789062e+00 0.000000000000000000e+00
2.343750000000000000e+00 0.000000000000000000e+00
2.347249984741210938e+00 0.000000000000000000e+00
2.350749969482421875e+00 0.000000000000000000e+00
2.354249954223632812e+00 0.000000000000000000e+00
2.357749938964843750e+00 0.000000000000000000e+00
2.361249923706054688e+00 0.000000000000000000e+00
2.364749908447265625e+00 0.000000000000000000e+00
2.368249893188476562e+00 0.000000000000000000e+00
2.371749877929687500e+00 0.000000000000000000e+00
2.375250101089477539e+00 0.000000000000000000e+00
2.378750085830688477e+00 0.000000000000000000e+00
2.382250070571899414e+00 0.000000000000000000e+00
2.385750055313110352e+00 0.000000000000000000e+00
2.389250040054321289e+00 0.000000000000000000e+00
2.392750024795532227e+00 0.000000000000000000e+00
2.396250009536743164e+00 0.000000000000000000e+00
2.399749994277954102e+00 0.000000000000000000e+00
2.403249979019165039e+00 0.000000000000000000e+00
2.406749963760375977e+00 0.000000000000000000e+00
2.410249948501586914e+00 0.000000000000000000e+00
2.413749933242797852e+00 0.000000000000000000e+00
2.417249917984008789e+00 0.000000000000000000e+00
2.420749902725219727e+00 0.000000000000000000e+00
2.424250125885009766e+00 0.000000000000000000e+00
2.427750110626220703e+00 0.000000000000000000e+00
2.431250095367431641e+00 0.000000000000000000e+00
2.434750080108642578e+00 0.000000000000000000e+00
2.438250064849853516e+00 0.000000000000000000e+00
2.441750049591064453e+00 0.000000000000000000e+00
2.445250034332275391e+00 0.000000000000000000e+00
2.448750019073486328e+00 0.000000000000000000e+00
2.452250003814697266e+00 0.000000000000000000e+00
2.455749988555908203e+00 0.000000000000000000e+00
2.459249973297119141e+00 0.000000000000000000e+00
2.462749958038330078e+00 0.000000000000000000e+00
2.466249942779541016e+00 0.000000000000000000e+00
2.469749927520751953e+00 0.000000000000000000e+00
2.473249912261962891e+00 0.000000000000000000e+00
2.476749897003173828e+00 0.000000000000000000e+00
2.480249881744384766e+00 0.000000000000000000e+00
2.483750104904174805e+00 0.000000000000000000e+00
2.487250089645385742e+00 0.000000000000000000e+00
2.490750074386596680e+00 0.000000000000000000e+00
2.494250059127807617e+00 0.000000000000000000e+00
2.497750043869018555e+00 0.000000000000000000e+00
2.501250028610229492e+00 0.000000000000000000e+00
2.504750013351440430e+00 0.000000000000000000e+00
2.508249998092651367e+00 0.000000000000000000e+00
2.511749982833862305e+00 0.000000000000000000e+00
2.515249967575073242e+00 0.000000000000000000e+00
2.518749952316284180e+00 0.000000000000000000e+00
2.522249937057495117e+00 0.000000000000000000e+00
2.525749921798706055e+00 0.000000000000000000e+00
2.529249906539916992e+00 0.000000000000000000e+00
2.532749891281127930e+00 0.000000000000000000e+00
2.536250114440917969e+00 0.000000000000000000e+00
2.539750099182128906e+00 0.000000000000000000e+00
2.543250083923339844e+00 0.000000000000000000e+00
2.546750068664550781e+00 0.000000000000000000e+00
2.550250053405761719e+00 0.000000000000000000e+00
2.553750038146972656e+00 0.000000000000000000e+00
2.557250022888183594e+00 0.000000000000000000e+00
2.560750007629394531e+00 0.000000000000000000e+00
2.564249992370605469e+00 0.000000000000000000e+00
2.567749977111816406e+00 0.000000000000000000e+00
2.571249961853027344e+00 0.000000000000000000e+00
2.574749946594238281e+00 0.000000000000000000e+00
2.578249931335449219e+00 0.000000000000000000e+00
2.581749916076660156e+00 0.000000000000000000e+00
2.585249900817871094e+00 0.000000000000000000e+00
2.588749885559082031e+00 0.000000000000000000e+00
2.592250108718872070e+00 0.000000000000000000e+00
2.595750093460083008e+00 0.000000000000000000e+00
2.599250078201293945e+00 0.000000000000000000e+00
2.602750062942504883e+00 0.000000000000000000e+00
2.606250047683715820e+00 0.000000000000000000e+00
2.609750032424926758e+00 0.000000000000000000e+00
2.613250017166137695e+00 0.000000000000000000e+00
2.616750001907348633e+00 0.000000000000000000e+00
2.620249986648559570e+00 0.000000000000000000e+00
2.623749971389770508e+00 0.000000000000000000e+00
2.627249956130981445e+00 0.000000000000000000e+00
2.630749940872192383e+00 0.000000000000000000e+00
2.634249925613403320e+00 0.000000000000000000e+00
2.637749910354614258e+00 0.000000000000000000e+00
2.641249895095825195e+00 0.000000000000000000e+00
2.644750118255615234e+00 0.000000000000000000e+00
2.648250102996826172e+00 0.000000000000000000e+00
2.651750087738037109e+00 0.000000000000000000e+00
2.655250072479248047e+00 0.000000000000000000e+00
2.658750057220458984e+00 0.000000000000000000e+00
2.662250041961669922e+00 0.000000000000000000e+00
2.665750026702880859e+00 0.000000000000000000e+00
2.669250011444091797e+00 0.000000000000000000e+00
2.672749996185302734e+00 0.000000000000000000e+00
2.676249980926513672e+00 0.000000000000000000e+00
2.679749965667724609e+00 0.000000000000000000e+00
2.683249950408935547e+00 0.000000000000000000e+00
2.686749935150146484e+00 0.000000000000000000e+00
2.690249919891357422e+00 0.000000000000000000e+00
2.693749904632568359e+00 0.000000000000000000e+00
2.697249889373779297e+00 0.000000000000000000e+00
2.700749874114990234e+00 0.000000000000000000e+00
2.704250097274780273e+00 0.000000000000000000e+00
2.707750082015991211e+00 0.000000000000000000e+00
2.711250066757202148e+00 0.000000000000000000e+00
2.714750051498413086e+00 0.000000000000000000e+00
2.718250036239624023e+00 0.000000000000000000e+00
2.721750020980834961e+00 0.000000000000000000e+00
2.725250005722045898e+00 0.000000000000000000e+00
2.728749990463256836e+00 0.000000000000000000e+00
2.732249975204467773e+00 0.000000000000000000e+00
2.735749959945678711e+00 0.000000000000000000e+00
2.739249944686889648e+00 0.000000000000000000e+00
2.742749929428100586e+00 0.000000000000000000e+00
2.746249914169311523e+00 0.000000000000000000e+00
2.749749898910522461e+00 0.000000000000000000e+00
2.753250122070312500e+00 0.000000000000000000e+00
2.756750106811523438e+00 0.000000000000000000e+00
2.760250091552734375e+00 0.000000000000000000e+00
2.763750076293945312e+00 0.000000000000000000e+00
2.767250061035156250e+00 0.000000000000000000e+00
2.770750045776367188e+00 0.000000000000000000e+00
2.774250030517578125e+00 0.000000000000000000e+00
2.777750015258789062e+00 0.000000000000000000e+00
2.781250000000000000e+00 0.000000000000000000e+00
2.784749984741210938e+00 0.000000000000000000e+00
2.788249969482421875e+00 0.000000000000000000e+00
2.791749954223632812e+00 0.000000000000000000e+00
2.795249938964843750e+00 0.000000000000000000e+00
2.798749923706054688e+00 0.000000000000000000e+00
2.802249908447265625e+00 0.000000000000000000e+00
2.805749893188476562e+00 0.000000000000000000e+00
2.809249877929687500e+00 0.000000000000000000e+00
2.812750101089477539e+00 0.000000000000000000e+00
2.816250085830688477e+00 0.000000000000000000e+00
2.819750070571899414e+00 0.000000000000000000e+00
2.823250055313110352e+00 0.000000000000000000e+00
2.826750040054321289e+00 0.000000000000000000e+00
2.830250024795532227e+00 0.000000000000000000e+00
2.833750009536743164e+00 0.000000000000000000e+00
2.837249994277954102e+00 0.000000000000000000e+00
2.840749979019165039e+00 0.000000000000000000e+00
2.844249963760375977e+00 0.000000000000000000e+00
2.847749948501586914e+00 0.000000000000000000e+00
2.851249933242797852e+00 0.000000000000000000e+00
2.854749917984008789e+00 0.000000000000000000e+00
2.858249902725219727e+00 0.000000000000000000e+00
2.861750125885009766e+00 0.000000000000000000e+00
2.865250110626220703e+00 0.000000000000000000e+00
2.868750095367431641e+00 0.000000000000000000e+00
2.872250080108642578e+00 0.000000000000000000e+00
2.875750064849853516e+00 0.000000000000000000e+00
2.879250049591064453e+00 0.000000000000000000e+00
2.882750034332275391e+00 0.000000000000000000e+00
2.886250019073486328e+00 0.000000000000000000e+00
2.889750003814697266e+00 0.000000000000000000e+00
2.893249988555908203e+00 0.000000000000000000e+00
2.896749973297119141e+00 0.000000000000000000e+00
2.900249958038330078e+00 0.000000000000000000e+00
2.903749942779541016e+00 0.000000000000000000e+00
2.907249927520751953e+00 0.000000000000000000e+00
2.910749912261962891e+00 0.000000000000000000e+00
2.914249897003173828e+00 0.000000000000000000e+00
2.917749881744384766e+00 0.000000000000000000e+00
2.921250104904174805e+00 0.000000000000000000e+00
2.924750089645385742e+00 0.000000000000000000e+00
2.928250074386596680e+00 0.000000000000000000e+00
2.931750059127807617e+00 0.000000000000000000e+00
2.935250043869018555e+00 0.000000000000000000e+00
2.938750028610229492e+00 0.000000000000000000e+00
2.942250013351440430e+00 0.000000000000000000e+00
2.945749998092651367e+00 0.000000000000000000e+00
2.949249982833862305e+00 0.000000000000000000e+00
2.952749967575073242e+00 0.000000000000000000e+00
2.956249952316284180e+00 0.000000000000000000e+00
2.959749937057495117e+00 0.000000000000000000e+00
2.963249921798706055e+00 0.000000000000000000e+00
2.966749906539916992e+00 0.000000000000000000e+00
2.970249891281127930e+00 0.000000000000000000e+00
2.973750114440917969e+00 0.000000000000000000e+00
2.977250099182128906e+00 0.000000000000000000e+00
2.980750083923339844e+00 0.000000000000000000e+00
2.984250068664550781e+00 0.000000000000000000e+00
2.987750053405761719e+00 0.000000000000000000e+00
2.991250038146972656e+00 0.000000000000000000e+00
2.994750022888183594e+00 0.000000000000000000e+00
2.998250007629394531e+00 0.000000000000000000e+00
