-4.982500076293945312e-01 0.000000000000000000e+00
-4.947499930858612061e-01 0.000000000000000000e+00
-4.912499785423278809e-01 0.000000000000000000e+00
-4.877499938011169434e-01 0.000000000000000000e+00
-4.842500090599060059e-01 0.000000000000000000e+00
-4.807499945163726807e-01 0.000000000000000000e+00
-4.772499799728393555e-01 0.000000000000000000e+00
-4.737499952316284180e-01 0.000000000000000000e+00
-4.702500104904174805e-01 0.000000000000000000e+00
-4.667499959468841553e-01 0.000000000000000000e+00
-4.632499814033508301e-01 0.000000000000000000e+00
-4.597499966621398926e-01 0.000000000000000000e+00
-4.562500119209289551e-01 0.000000000000000000e+00
-4.527499973773956299e-01 0.000000000000000000e+00
-4.492499828338623047e-01 0.000000000000000000e+00
-4.457499980926513672e-01 0.000000000000000000e+00
-4.422500133514404297e-01 0.000000000000000000e+00
-4.387499988079071045e-01 0.000000000000000000e+00
-4.352499842643737793e-01 0.000000000000000000e+00
-4.317499995231628418e-01 0.000000000000000000e+00
-4.282500147819519043e-01 0.000000000000000000e+00
-4.247500002384185791e-01 0.000000000000000000e+00
-4.212499856948852539e-01 0.000000000000000000e+00
-4.177500009536743164e-01 0.000000000000000000e+00
-4.142500162124633789e-01 0.000000000000000000e+00
-4.107500016689300537e-01 0.000000000000000000e+00
-4.072499871253967285e-01 0.000000000000000000e+00
-4.037500023841857910e-01 0.000000000000000000e+00
-4.002500176429748535e-01 0.000000000000000000e+00
-3.967500030994415283e-01 0.000000000000000000e+00
-3.932499885559082031e-01 0.000000000000000000e+00
-3.897500038146972656e-01 0.000000000000000000e+00
-3.862500190734863281e-01 0.000000000000000000e+00
-3.827500045299530029e-01 0.000000000000000000e+00
-3.792499899864196777e-01 0.000000000000000000e+00
-3.757500052452087402e-01 0.000000000000000000e+00
-3.722500205039978027e-01 0.000000000000000000e+00
-3.687500059604644775e-01 0.000000000000000000e+00
-3.652499914169311523e-01 0.000000000000000000e+00
-3.617500066757202148e-01 0.000000000000000000e+00
-3.582500219345092773e-01 0.000000000000000000e+00
-3.547499775886535645e-01 0.000000000000000000e+00
-3.512499928474426270e-01 0.000000000000000000e+00
-3.477500081062316895e-01 0.000000000000000000e+00
-3.442499935626983643e-01 0.000000000000000000e+00
-3.407499790191650391e-01 0.000000000000000000e+00
-3.372499942779541016e-01 0.000000000000000000e+00
-3.337500095367431641e-01 0.000000000000000000e+00
-3.302499949932098389e-01 0.000000000000000000e+00
-3.267499804496765137e-01 0.000000000000000000e+00
-3.232499957084655762e-01 0.000000000000000000e+00
-3.197500109672546387e-01 0.000000000000000000e+00
-3.162499964237213135e-01 0.000000000000000000e+00
-3.127499818801879883e-01 0.000000000000000000e+00
-3.092499971389770508e-01 0.000000000000000000e+00
-3.057500123977661133e-01 0.000000000000000000e+00
-3.022499978542327881e-01 0.000000000000000000e+00
-2.987499833106994629e-01 0.000000000000000000e+00
-2.952499985694885254e-01 0.000000000000000000e+00
-2.917500138282775879e-01 0.000000000000000000e+00
-2.882499992847442627e-01 0.000000000000000000e+00
-2.847499847412109375e-01 0.000000000000000000e+00
-2.812500000000000000e-01 0.000000000000000000e+00
-2.777500152587890625e-01 0.000000000000000000e+00
-2.742500007152557373e-01 0.000000000000000000e+00
-2.707499861717224121e-01 0.000000000000000000e+00
-2.672500014305114746e-01 0.000000000000000000e+00
-2.637500166893005371e-01 0.000000000000000000e+00
-2.602500021457672119e-01 0.000000000000000000e+00
-2.567499876022338867e-01 0.000000000000000000e+00
-2.532500028610229492e-01 0.000000000000000000e+00
-2.497500032186508179e-01 0.000000000000000000e+00
-2.462500035762786865e-01 0.000000000000000000e+00
-2.427499890327453613e-01 0.000000000000000000e+00
-2.392500042915344238e-01 0.000000000000000000e+00
-2.357499897480010986e-01 0.000000000000000000e+00
-2.322500050067901611e-01 0.000000000000000000e+00
-2.287499904632568359e-01 0.000000000000000000e+00
-2.252500057220458984e-01 0.000000000000000000e+00
-2.217499911785125732e-01 0.000000000000000000e+00
-2.182500064373016357e-01 0.000000000000000000e+00
-2.147499918937683105e-01 5.006218767607367964e-06
-2.112500071525573730e-01 2.992038253880822173e-05
-2.077499926090240479e-01 3.468906464854668790e-05
-2.042500078678131104e-01 5.917192469316114609e-05
-2.007499933242797852e-01 1.716461118006564499e-04
-1.972500085830688477e-01 2.534594195133579040e-04
-1.937499940395355225e-01 5.378042830125744382e-04
-1.902500092983245850e-01 8.382307128019590887e-04
-1.867499947547912598e-01 1.608549336669649540e-03
-1.832500100135803223e-01 2.603091088992660115e-03
-1.797499954700469971e-01 4.394565699833776450e-03
-1.762500107288360596e-01 6.804251484386203766e-03
-1.727499961853027344e-01 1.039167436426361411e-02
-1.692500114440917969e-01 1.629023990278698555e-02
-1.657499969005584717e-01 2.343060522693479406e-02
-1.622500121593475342e-01 3.523444305579804398e-02
-1.587499976158142090e-01 4.962402727177504108e-02
-1.552500128746032715e-01 6.928273924361437464e-02
-1.517499983310699463e-01 9.758554954992024189e-02
-1.482500135898590088e-01 1.361283606699849880e-01
-1.447499990463256836e-01 1.838565060280361041e-01
-1.412500143051147461e-01 2.453946835789710401e-01
-1.377499997615814209e-01 3.265975706258013034e-01
-1.342500001192092896e-01 4.249495116802534667e-01
-1.307500004768371582e-01 5.436704579856516117e-01
-1.272499859333038330e-01 6.801051529267031492e-01
-1.237500011920928955e-01 8.389234893008042926e-01
-1.202500015497207642e-01 1.025983772158756135e+00
-1.167500019073486328e-01 1.235611713114511678e+00
-1.132500022649765015e-01 1.474387991798080000e+00
-1.097500026226043701e-01 1.735331017490217231e+00
-1.062500029802322388e-01 2.023745131208237513e+00
-1.027500033378601074e-01 2.328548357715683359e+00
-9.925000369548797607e-02 2.652468708384161822e+00
-9.574999660253524780e-02 2.986415996058410016e+00
-9.224999696016311646e-02 3.321850595898348413e+00
-8.874999731779098511e-02 3.684934451044152404e+00
-8.524999767541885376e-02 4.030590447439153401e+00
-8.174999803304672241e-02 4.381317273647229449e+00
-7.824999839067459106e-02 4.733051998816933725e+00
-7.474999874830245972e-02 5.070636194630221638e+00
-7.124999910593032837e-02 5.379178834496750383e+00
-6.774999946355819702e-02 5.684931405281786532e+00
-6.424999982118606567e-02 5.957778702226034007e+00
-6.075000017881393433e-02 6.202115339539754579e+00
-5.725000053644180298e-02 6.426535293162576323e+00
-5.375000089406967163e-02 6.613847374796482548e+00
-5.025000125169754028e-02 6.756605056031327550e+00
-4.675000160932540894e-02 6.876649257383268932e+00
-4.325000196695327759e-02 6.959185342168233035e+00
-3.974999859929084778e-02 7.014665386306892181e+00
-3.624999895691871643e-02 7.033823228261739224e+00
-3.274999931454658508e-02 7.032668670883965412e+00
-2.924999967217445374e-02 6.979793701759534841e+00
-2.575000002980232239e-02 6.905897627202215894e+00
-2.225000038743019104e-02 6.820590095089674065e+00
-1.875000074505805969e-02 6.698036475611521823e+00
-1.525000110268592834e-02 6.569331043762781874e+00
-1.174999959766864777e-02 6.406191313645144270e+00
-8.249999955296516418e-03 6.233026794718973917e+00
-4.750000312924385071e-03 6.052448981738066003e+00
-1.249999972060322762e-03 5.854303611972729193e+00
2.250000135973095894e-03 5.657129236050018939e+00
5.750000011175870895e-03 5.451846068472188556e+00
9.250000119209289551e-03 5.238635469541652157e+00
1.274999976158142090e-02 5.015821679967952917e+00
1.624999940395355225e-02 4.798390834559281615e+00
1.974999904632568359e-02 4.583554212301550912e+00
2.325000055134296417e-02 4.363627279401662840e+00
2.675000019371509552e-02 4.157984554546448663e+00
3.025000169873237610e-02 3.946430158427591817e+00
3.375000134110450745e-02 3.741788885065199466e+00
3.725000098347663879e-02 3.548274112510481526e+00
4.075000062584877014e-02 3.350919057170315796e+00
4.425000026822090149e-02 3.169136801023603400e+00
4.774999991059303284e-02 2.994288961537657112e+00
5.124999955296516418e-02 2.824254528534064335e+00
5.474999919533729553e-02 2.649674771155312136e+00
5.824999883770942688e-02 2.496258504785555221e+00
6.175000220537185669e-02 2.343766167133173095e+00
6.525000184774398804e-02 2.200099211371009833e+00
6.875000149011611938e-02 2.069493977745420654e+00
7.225000113248825073e-02 1.940593706034174915e+00
7.575000077486038208e-02 1.820298242961386759e+00
7.925000041723251343e-02 1.700543561289902250e+00
8.275000005960464478e-02 1.598368883032966314e+00
8.624999970197677612e-02 1.491698450907777529e+00
8.974999934434890747e-02 1.394448984419749404e+00
9.324999898672103882e-02 1.305421522957650904e+00
9.674999862909317017e-02 1.220896559000628212e+00
1.002499982714653015e-01 1.142971894652763387e+00
1.037499979138374329e-01 1.063602695095853701e+00
1.072499975562095642e-01 9.995794407533630244e-01
1.107499971985816956e-01 9.335676516206222741e-01
1.142499968409538269e-01 8.730223716089450248e-01
1.177499964833259583e-01 8.124447759604590535e-01
1.212500035762786865e-01 7.585201117413932215e-01
1.247500032186508179e-01 7.111230566611436155e-01
1.282500028610229492e-01 6.633074431339275323e-01
1.317499876022338867e-01 6.205263028187709695e-01
1.352500021457672119e-01 5.796436224797403280e-01
1.387499868869781494e-01 5.425938963335337206e-01
1.422500014305114746e-01 5.073112532748953463e-01
1.457499861717224121e-01 4.738437871059914541e-01
1.492500007152557373e-01 4.432050209103892136e-01
1.527499854564666748e-01 4.143134562473854143e-01
1.562500000000000000e-01 3.854562062348250162e-01
1.597500145435333252e-01 3.619320284025746570e-01
1.632499992847442627e-01 3.369578796701184209e-01
1.667500138282775879e-01 3.152934050369394781e-01
1.702499985694885254e-01 2.956341128550797337e-01
1.737500131130218506e-01 2.779061693418429790e-01
1.772499978542327881e-01 2.592818949747331403e-01
1.807500123977661133e-01 2.420025420296633423e-01
1.842499971389770508e-01 2.277868152180238803e-01
1.877500116825103760e-01 2.110101174217755005e-01
1.912499964237213135e-01 1.991173310482322600e-01
1.947500109672546387e-01 1.867224102607873137e-01
1.982499957084655762e-01 1.742891224931745475e-01
2.017500102519989014e-01 1.645874457679821767e-01
2.052499949932098389e-01 1.534658300681463472e-01
2.087500095367431641e-01 1.446922834527582524e-01
2.122499942779541016e-01 1.337510924466298046e-01
2.157500088214874268e-01 1.261822931993243080e-01
2.192499935626983643e-01 1.180037452558917455e-01
2.227500081062316895e-01 1.126919967798317712e-01
2.262499928474426270e-01 1.043947544231331598e-01
2.297500073909759521e-01 9.747383150275901187e-02
2.332499921321868896e-01 9.165101565087116486e-02
2.367500066757202148e-01 8.694435075270040558e-02
2.402499914169311523e-01 8.163815999527995748e-02
2.437500059604644775e-01 7.690628999848238279e-02
2.472499907016754150e-01 7.256535884463492792e-02
2.507500052452087402e-01 6.781297363968144531e-02
2.542499899864196777e-01 6.399498379283247163e-02
2.577500045299530029e-01 5.955156678939400872e-02
2.612500190734863281e-01 5.589122461502766398e-02
2.647500038146972656e-01 5.330443793112744216e-02
2.682499885559082031e-01 4.990675313858144307e-02
2.717500030994415283e-01 4.689979264964706795e-02
2.752500176429748535e-01 4.509184951591774931e-02
2.787500023841857910e-01 4.187879090158453527e-02
2.822499871253967285e-01 3.933792668968014161e-02
2.857500016689300537e-01 3.787548840637156022e-02
2.892500162124633789e-01 3.534914611012514307e-02
2.927500009536743164e-01 3.290116945909384027e-02
2.962499856948852539e-01 3.117524420983924099e-02
2.997500002384185791e-01 2.966245159157630817e-02
3.032500147819519043e-01 2.814546276571853328e-02
3.067499995231628418e-01 2.665624400732184360e-02
3.102499842643737793e-01 2.496622441598490838e-02
3.137499988079071045e-01 2.343278364956480342e-02
3.172500133514404297e-01 2.226522511005184224e-02
3.207499980926513672e-01 2.123171954302647060e-02
3.242499828338623047e-01 1.987542672031243282e-02
3.277499973773956299e-01 1.894511298398074764e-02
3.312500119209289551e-01 1.776630261870766961e-02
3.347499966621398926e-01 1.683538064373002463e-02
3.382499814033508301e-01 1.617223970426088023e-02
3.417499959468841553e-01 1.532600750678499678e-02
3.452500104904174805e-01 1.439141284231365385e-02
3.487499952316284180e-01 1.382218216572060794e-02
3.522499799728393555e-01 1.284709219231878335e-02
3.557499945163726807e-01 1.227392516463242204e-02
3.592500090599060059e-01 1.171264756953073471e-02
3.627499938011169434e-01 1.108707672794799655e-02
3.662499785423278809e-01 1.027868670104649211e-02
3.697499930858612061e-01 9.847563610874830037e-03
3.732500076293945312e-01 9.316104504334761852e-03
3.767499923706054688e-01 8.728148773535462923e-03
3.802500069141387939e-01 8.347228938079544538e-03
3.837500214576721191e-01 7.950905033491693225e-03
3.872500061988830566e-01 7.325527716720687220e-03
3.907499909400939941e-01 7.168414380567297850e-03
3.942500054836273193e-01 6.913992941788279188e-03
3.977500200271606445e-01 6.495531250586357788e-03
4.012500047683715820e-01 6.071550277303107770e-03
4.047499895095825195e-01 5.865228190247294589e-03
4.082500040531158447e-01 5.552889843535186234e-03
4.117500185966491699e-01 5.085203378700828454e-03
4.152500033378601074e-01 4.811869085423929951e-03
4.187499880790710449e-01 4.705345745293076920e-03
4.222500026226043701e-01 4.425695302160149655e-03
4.257500171661376953e-01 4.231100134492720571e-03
4.292500019073486328e-01 4.030819020764340489e-03
4.327499866485595703e-01 3.780774037967787968e-03
4.362500011920928955e-01 3.492808641533533352e-03
4.397500157356262207e-01 3.332854453034935632e-03
4.432500004768371582e-01 3.184274949523037412e-03
4.467499852180480957e-01 2.994505499474692245e-03
4.502499997615814209e-01 2.990343114972018792e-03
4.537500143051147461e-01 2.887441756249115987e-03
4.572499990463256836e-01 2.637144066102159456e-03
4.607499837875366211e-01 2.556533059289406440e-03
4.642499983310699463e-01 2.391027271871969812e-03
4.677500128746032715e-01 2.312135999993115542e-03
4.712499976158142090e-01 2.121767017311229804e-03
4.747499823570251465e-01 2.011828982064527149e-03
4.782499969005584717e-01 1.985069221863452419e-03
4.817500114440917969e-01 1.829355423383953938e-03
4.852499961853027344e-01 1.760591500250236353e-03
4.887499809265136719e-01 1.701761938337910396e-03
4.922499954700469971e-01 1.562504720439067928e-03
4.957500100135803223e-01 1.513874897794665123e-03
4.992499947547912598e-01 1.429132687937892691e-03
5.027499794960021973e-01 1.357533566065821564e-03
5.062500238418579102e-01 1.258958009524994634e-03
5.097500085830688477e-01 1.231939023826106273e-03
5.132499933242797852e-01 1.174823056532212692e-03
5.167499780654907227e-01 1.077300199496878655e-03
5.202499628067016602e-01 1.115151390191549199e-03
5.237500071525573730e-01 9.833112727479914605e-04
5.272499918937683105e-01 9.607082795403507243e-04
5.307500362396240234e-01 9.140425822614085772e-04
5.342500209808349609e-01 8.515710484418640954e-04
5.377500057220458984e-01 8.072658110672417328e-04
5.412499904632568359e-01 7.732818072809276647e-04
5.447499752044677734e-01 7.200729102520773669e-04
5.482500195503234863e-01 6.867130437315179014e-04
5.517500042915344238e-01 6.228542627192774819e-04
5.552499890327453613e-01 6.259801867458564565e-04
5.587500333786010742e-01 5.888647055263313999e-04
5.622500181198120117e-01 5.858137367000794361e-04
5.657500028610229492e-01 5.425440865602831940e-04
5.692499876022338867e-01 5.052773169713011426e-04
5.727499723434448242e-01 4.506640369162491174e-04
5.762500166893005371e-01 4.289554733484381524e-04
5.797500014305114746e-01 4.363688842054549684e-04
5.832499861717224121e-01 3.729045970096228559e-04
5.867500305175781250e-01 3.893919378360848321e-04
5.902500152587890625e-01 3.527933335493428310e-04
5.937500000000000000e-01 3.512984161528512166e-04
5.972499847412109375e-01 3.013046018134199673e-04
6.007499694824218750e-01 3.399897487793323344e-04
6.042500138282775879e-01 2.748892833903124138e-04
6.077499985694885254e-01 2.689879236248983972e-04
6.112499833106994629e-01 2.532729690475217206e-04
6.147500276565551758e-01 2.465061490565701070e-04
6.182500123977661133e-01 2.430732200673456215e-04
6.217499971389770508e-01 2.115209672344833510e-04
6.252499818801879883e-01 1.892478398978634157e-04
6.287499666213989258e-01 1.923293478887255661e-04
6.322500109672546387e-01 1.806060637962766773e-04
6.357499957084655762e-01 1.734770137661651346e-04
6.392499804496765137e-01 1.635490728681355459e-04
6.427500247955322266e-01 1.416708487418552706e-04
6.462500095367431641e-01 1.498774826400015882e-04
6.497499942779541016e-01 1.361974931248585577e-04
6.532499790191650391e-01 1.275605738541072233e-04
6.567499637603759766e-01 1.234075323578862277e-04
6.602500081062316895e-01 1.176982704819889628e-04
6.637499928474426270e-01 1.083962562396456689e-04
6.672500371932983398e-01 9.520479189528538086e-05
6.707500219345092773e-01 1.042259631739796458e-04
6.742500066757202148e-01 9.952306977367334591e-05
6.777499914169311523e-01 8.676552352185091122e-05
6.812499761581420898e-01 8.151555159650704439e-05
6.847500205039978027e-01 8.423706757042869028e-05
6.882500052452087402e-01 7.715327211752115476e-05
6.917499899864196777e-01 6.988155181649290787e-05
6.952500343322753906e-01 7.029195633551737728e-05
6.987500190734863281e-01 6.193480147139102457e-05
7.022500038146972656e-01 5.563742161813926888e-05
7.057499885559082031e-01 5.748136068485764629e-05
7.092499732971191406e-01 5.476787121201576387e-05
7.127500176429748535e-01 4.977517570058720756e-05
7.162500023841857910e-01 4.704452028168524641e-05
7.197499871253967285e-01 4.440891492647270396e-05
7.232500314712524414e-01 4.438892784202023848e-05
7.267500162124633789e-01 4.827772649799424911e-05
7.302500009536743164e-01 4.055527432367288850e-05
7.337499856948852539e-01 4.280045853954632954e-05
7.372499704360961914e-01 3.437169416656309833e-05
7.407500147819519043e-01 3.707794272467523087e-05
7.442499995231628418e-01 3.218692071422834194e-05
7.477499842643737793e-01 3.216761725944640855e-05
7.512500286102294922e-01 2.554815718590676364e-05
7.547500133514404297e-01 2.328422602253812462e-05
7.582499980926513672e-01 2.533019616453859206e-05
7.617499828338623047e-01 2.465955148655082189e-05
7.652499675750732422e-01 2.890840789041619778e-05
7.687500119209289551e-01 2.499682500366306784e-05
7.722499966621398926e-01 2.220638478185513171e-05
7.757499814033508301e-01 2.397766994272003434e-05
7.792500257492065430e-01 1.999862306397285605e-05
7.827500104904174805e-01 2.246538091053575139e-05
7.862499952316284180e-01 2.220957614854785690e-05
7.897499799728393555e-01 2.019000301402763779e-05
7.932499647140502930e-01 1.620078146145475118e-05
7.967500090599060059e-01 2.239470078873805365e-05
8.002499938011169434e-01 1.575209908347298117e-05
8.037499785423278809e-01 2.587064512898263902e-05
8.072500228881835938e-01 1.828113850656139724e-05
8.107500076293945312e-01 2.091217491610771669e-05
8.142499923706054688e-01 1.629510452870343076e-05
8.177499771118164062e-01 2.082470845115416859e-05
8.212500214576721191e-01 1.796873196524562539e-05
8.247500061988830566e-01 1.670774472520884324e-05
8.282499909400939941e-01 1.614202862239030140e-05
8.317500352859497070e-01 1.726023836091054238e-05
8.352500200271606445e-01 1.494699779610781993e-05
8.387500047683715820e-01 1.457429661968318635e-05
8.422499895095825195e-01 1.640244621848012751e-05
8.457499742507934570e-01 1.157369555698219337e-05
8.492500185966491699e-01 1.294520750242661202e-05
8.527500033378601074e-01 1.749415065749362051e-05
8.562499880790710449e-01 1.673344050415382809e-05
8.597500324249267578e-01 1.462510176178274811e-05
8.632500171661376953e-01 1.279981675731728536e-05
8.667500019073486328e-01 1.326856500103292406e-05
8.702499866485595703e-01 1.582098249668648362e-05
8.737499713897705078e-01 1.585254757586213189e-05
8.772500157356262207e-01 1.638308286726007014e-05
8.807500004768371582e-01 1.312446372008724014e-05
8.842499852180480957e-01 1.203022054827972589e-05
8.877500295639038086e-01 1.186218116975581543e-05
8.912500143051147461e-01 1.377645576819332235e-05
8.947499990463256836e-01 1.446993603097396230e-05
8.982499837875366211e-01 1.237651911180739475e-05
9.017499685287475586e-01 1.131331190039817677e-05
9.052500128746032715e-01 9.228234403364162731e-06
9.087499976158142090e-01 9.260822218868053173e-06
9.122499823570251465e-01 1.490617446649035333e-05
9.157500267028808594e-01 1.366799066336440115e-05
9.192500114440917969e-01 8.697334415711288871e-06
9.227499961853027344e-01 8.812122290859640238e-06
9.262499809265136719e-01 1.770885682917981913e-05
9.297499656677246094e-01 9.709418748708178396e-06
9.332500100135803223e-01 1.292208782717691332e-05
9.367499947547912598e-01 1.173470235952545037e-05
9.402499794960021973e-01 1.252228483692045969e-05
9.437500238418579102e-01 1.072537434059313856e-05
9.472500085830688477e-01 1.095242990031235440e-05
9.507499933242797852e-01 1.270742156522324471e-05
9.542499780654907227e-01 1.255761645928921468e-05
9.577499628067016602e-01 1.466428210470116522e-05
9.612500071525573730e-01 1.110344583929308125e-05
9.647499918937683105e-01 9.436620172940404254e-06
9.682500362396240234e-01 1.023090069996321352e-05
9.717500209808349609e-01 6.487374382383473371e-06
9.752500057220458984e-01 8.813661629375796791e-06
9.787499904632568359e-01 1.108017752714721912e-05
9.822499752044677734e-01 7.519768991815990297e-06
9.857500195503234863e-01 6.390977216602937352e-06
9.892500042915344238e-01 9.663458884218042617e-06
9.927499890327453613e-01 7.312609889156605235e-06
9.962500333786010742e-01 1.383624511852555362e-05
9.997500181198120117e-01 1.173951977784137568e-05
1.003250002861022949e+00 4.364896224568078088e-06
1.006749987602233887e+00 1.167705280422484138e-05
1.010249972343444824e+00 7.689191822110115327e-06
1.013749957084655762e+00 7.144233342645810281e-06
1.017250061035156250e+00 6.368687854421101469e-06
1.020750045776367188e+00 8.687461714978533193e-06
1.024250030517578125e+00 1.173224106045282928e-05
1.027750015258789062e+00 1.081880152081847532e-05
1.031250000000000000e+00 1.046540274492656299e-05
1.034749984741210938e+00 4.651427115627498364e-06
1.038249969482421875e+00 3.409336573970474570e-06
1.041749954223632812e+00 6.284648003840030208e-06
1.045249938964843750e+00 4.780360971826427164e-06
1.048750042915344238e+00 4.894608196336130824e-06
1.052250027656555176e+00 3.736091438292836833e-06
1.055750012397766113e+00 5.324776469515308073e-06
1.059249997138977051e+00 4.771902756527575576e-06
1.062749981880187988e+00 4.643000300086736261e-06
1.066249966621398926e+00 5.592445161929898018e-06
1.069749951362609863e+00 8.873525787356290314e-06
1.073250055313110352e+00 6.999311058024589511e-06
1.076750040054321289e+00 5.878424422481746798e-06
1.080250024795532227e+00 5.970582901975506431e-06
1.083750009536743164e+00 3.151651512495652883e-06
1.087249994277954102e+00 6.526520985280829008e-06
1.090749979019165039e+00 5.626810891244257065e-06
1.094249963760375977e+00 4.878536045609461548e-06
1.097749948501586914e+00 7.090291068326985959e-06
1.101249933242797852e+00 4.303959618391195018e-06
1.104750037193298340e+00 3.468724572885942374e-06
1.108250021934509277e+00 4.961603274634330140e-06
1.111750006675720215e+00 2.662802794354248149e-06
1.115249991416931152e+00 4.608036145524652108e-06
1.118749976158142090e+00 5.656450440614784744e-06
1.122249960899353027e+00 5.014088982261282600e-06
1.125750064849853516e+00 2.099005307897133698e-06
1.129250049591064453e+00 2.690261086235946082e-06
1.132750034332275391e+00 6.480098556441673750e-06
1.136250019073486328e+00 4.005008073223855289e-06
1.139750003814697266e+00 4.450541472413783728e-06
1.143249988555908203e+00 2.553860617791815705e-06
1.146749973297119141e+00 1.918767736394710592e-06
1.150249958038330078e+00 1.227026196574926804e-06
1.153749942779541016e+00 6.660534174724498507e-07
1.157250046730041504e+00 5.437854598256356965e-06
1.160750031471252441e+00 1.582039969459586833e-06
1.164250016212463379e+00 2.510503878062269865e-06
1.167750000953674316e+00 3.180827701389002958e-06
1.171249985694885254e+00 3.699269731472077601e-06
1.174749970436096191e+00 1.467518170160579428e-06
1.178249955177307129e+00 2.969948788412548760e-06
1.181750059127807617e+00 1.413225679151895830e-06
1.185250043869018555e+00 4.214667540069248388e-06
1.188750028610229492e+00 2.176485863064943185e-06
1.192250013351440430e+00 2.108049961657479095e-06
1.195749998092651367e+00 7.340067093837691012e-07
1.199249982833862305e+00 5.576050293577029618e-07
1.202749967575073242e+00 2.780290555726568793e-06
1.206249952316284180e+00 2.179520935736812230e-06
1.209749937057495117e+00 3.812218304412446509e-07
1.213250041007995605e+00 2.623229763871421784e-06
1.216750025749206543e+00 1.048165070793600949e-06
1.220250010490417480e+00 1.513101416472692471e-06
1.223749995231628418e+00 9.291474934237997434e-07
1.227249979972839355e+00 2.893142419999637491e-06
1.230749964714050293e+00 1.732087683125455115e-06
1.234249949455261230e+00 1.698782349564357691e-06
1.237750053405761719e+00 1.726876188699675213e-06
1.241250038146972656e+00 5.570924175810545967e-07
1.244750022888183594e+00 1.068331911623758909e-06
1.248250007629394531e+00 6.359942395142689507e-07
1.251749992370605469e+00 8.897067544088601253e-07
1.255249977111816406e+00 1.652016210037884986e-06
1.258749961853027344e+00 2.070552693988314599e-06
1.262249946594238281e+00 1.869958713065896345e-06
1.265750050544738770e+00 9.746169935813242959e-07
1.269250035285949707e+00 1.359488339420617731e-06
1.272750020027160645e+00 1.318103771478406272e-06
1.276250004768371582e+00 1.285892743330330018e-06
1.279749989509582520e+00 6.949862932320903671e-07
1.283249974250793457e+00 2.566340626498763159e-06
1.286749958992004395e+00 3.447666142825692735e-07
1.290250062942504883e+00 2.973000221723012091e-06
1.293750047683715820e+00 1.175101036388639396e-06
1.297250032424926758e+00 2.327338387115463461e-06
1.300750017166137695e+00 8.772678906208586752e-07
1.304250001907348633e+00 2.475848356304340364e-06
1.307749986648559570e+00 5.635775828834870069e-07
1.311249971389770508e+00 2.253127881036721309e-06
1.314749956130981445e+00 1.011042917870971024e-06
1.318249940872192383e+00 1.004171295234986432e-06
1.321750044822692871e+00 1.242551717227603736e-06
1.325250029563903809e+00 2.233487019066074403e-06
1.328750014305114746e+00 8.844898528961196648e-07
1.332249999046325684e+00 2.179387577782556357e-06
1.335749983787536621e+00 4.857656000293249309e-07
1.339249968528747559e+00 1.073105393453878286e-06
1.342749953269958496e+00 1.001375325077531910e-06
1.346250057220458984e+00 2.547743441854225326e-07
1.349750041961669922e+00 1.862499091838553029e-06
1.353250026702880859e+00 1.837987008747900719e-07
1.356750011444091797e+00 6.889421431692819352e-07
1.360249996185302734e+00 7.317333912317509877e-07
1.363749980926513672e+00 1.691476875858151839e-06
1.367249965667724609e+00 1.206360496494220706e-06
1.370749950408935547e+00 2.001954975738122189e-06
1.374249935150146484e+00 1.042289058386810587e-06
1.377750039100646973e+00 1.264558123664621818e-06
1.381250023841857910e+00 8.462409233449031861e-07
1.384750008583068848e+00 1.701036416388747319e-06
1.388249993324279785e+00 0.000000000000000000e+00
1.391749978065490723e+00 1.582519861728781626e-07
1.395249962806701660e+00 1.713559276091759788e-06
1.398750066757202148e+00 2.088807338762544752e-06
1.402250051498413086e+00 1.942494943545501774e-07
1.405750036239624023e+00 7.979654509549959289e-07
1.409250020980834961e+00 2.115851426945479479e-06
1.412750005722045898e+00 2.065719524935889739e-06
1.416249990463256836e+00 7.297711364567451468e-07
1.419749975204467773e+00 1.428609780286803108e-06
1.423249959945678711e+00 2.421128350296507826e-06
1.426749944686889648e+00 2.004960931333101335e-06
1.430250048637390137e+00 1.040093300649979677e-06
1.433750033378601074e+00 6.440510338779077632e-07
1.437250018119812012e+00 2.984860296833943294e-06
1.440750002861022949e+00 1.311998231733460372e-07
1.444249987602233887e+00 1.083095856978755736e-06
1.447749972343444824e+00 0.000000000000000000e+00
1.451249957084655762e+00 1.195041793121003400e-06
1.454750061035156250e+00 1.300686743560950719e-06
1.458250045776367188e+00 1.344291701612170886e-06
1.461750030517578125e+00 2.286389363738599065e-06
1.465250015258789062e+00 1.247629685741528778e-06
1.468750000000000000e+00 3.087078704700466485e-06
1.472249984741210938e+00 6.270520233302233380e-07
1.475749969482421875e+00 1.703079816150040976e-06
1.479249954223632812e+00 8.092283426787328161e-07
1.482749938964843750e+00 7.483858372880929847e-08
1.486250042915344238e+00 1.236729481534705702e-06
1.489750027656555176e+00 4.877162537068329959e-07
1.493250012397766113e+00 1.383945990741394135e-06
1.496749997138977051e+00 2.045388782616602401e-06
1.500249981880187988e+00 2.110318223706683055e-06
1.503749966621398926e+00 9.680715341150672736e-07
1.507249951362609863e+00 1.227663907569538556e-06
1.510750055313110352e+00 1.283747485213563131e-06
1.514250040054321289e+00 7.626395452332722341e-07
1.517750024795532227e+00 6.213221419810462040e-07
1.521250009536743164e+00 0.000000000000000000e+00
1.524749994277954102e+00 9.265620870947937403e-07
1.528249979019165039e+00 1.191299465506058774e-06
1.531749963760375977e+00 0.000000000000000000e+00
1.535249948501586914e+00 2.526351302277893218e-07
1.538749933242797852e+00 5.220718273524223769e-07
1.542250037193298340e+00 1.180006394092514459e-06
1.545750021934509277e+00 0.000000000000000000e+00
1.549250006675720215e+00 7.131391537666956209e-07
1.552749991416931152e+00 1.481326521660099628e-06
1.556249976158142090e+00 9.780721428807581568e-07
1.559749960899353027e+00 1.982726378159252634e-06
1.563250064849853516e+00 2.993347712889038646e-06
1.566750049591064453e+00 3.024722982384634445e-06
1.570250034332275391e+00 1.108844760944592115e-06
1.573750019073486328e+00 0.000000000000000000e+00
1.577250003814697266e+00 4.220165093065543579e-06
1.580749988555908203e+00 4.773122062593058876e-07
1.584249973297119141e+00 5.815482973119753959e-07
1.587749958038330078e+00 0.000000000000000000e+00
1.591249942779541016e+00 4.839767082241534451e-06
1.594750046730041504e+00 2.158491360919060563e-06
1.598250031471252441e+00 1.520973901834464258e-06
1.601750016212463379e+00 0.000000000000000000e+00
1.605250000953674316e+00 0.000000000000000000e+00
1.608749985694885254e+00 1.055652702512657441e-06
1.612249970436096191e+00 1.710636056962117313e-06
1.615749955177307129e+00 2.716343730391434427e-06
1.619250059127807617e+00 0.000000000000000000e+00
1.622750043869018555e+00 3.455066508588492042e-06
1.626250028610229492e+00 2.482549079665385249e-06
1.629750013351440430e+00 2.395965322089945798e-06
1.633249998092651367e+00 0.000000000000000000e+00
1.636749982833862305e+00 2.844319113579426235e-06
1.640249967575073242e+00 8.377917017719114110e-07
1.643749952316284180e+00 0.000000000000000000e+00
1.647249937057495117e+00 1.411393252054317925e-06
1.650750041007995605e+00 3.897839762380437442e-06
1.654250025749206543e+00 0.000000000000000000e+00
1.657750010490417480e+00 0.000000000000000000e+00
1.661249995231628418e+00 4.054787059918046793e-06
1.664749979972839355e+00 1.499978027059978885e-06
1.668249964714050293e+00 9.406021594379659444e-07
1.671749949455261230e+00 1.497005664376275994e-06
1.675250053405761719e+00 3.489682830634899892e-06
1.678750038146972656e+00 4.219610558201506262e-07
1.682250022888183594e+00 0.000000000000000000e+00
1.685750007629394531e+00 1.426009020478200802e-06
1.689249992370605469e+00 0.000000000000000000e+00
1.692749977111816406e+00 0.000000000000000000e+00
1.696249961853027344e+00 1.486908528188298520e-06
1.699749946594238281e+00 1.517975422138103118e-06
1.703250050544738770e+00 1.548862266299140089e-06
1.706750035285949707e+00 3.553268759694020467e-06
1.710250020027160645e+00 1.123649426466080583e-06
1.713750004768371582e+00 0.000000000000000000e+00
1.717249989509582520e+00 1.463191532636052300e-06
1.720749974250793457e+00 0.000000000000000000e+00
1.724249958992004395e+00 1.712067271120583032e-06
1.727750062942504883e+00 0.000000000000000000e+00
1.731250047683715820e+00 1.367462758436688937e-06
1.734750032424926758e+00 1.391069894474004045e-06
1.738250017166137695e+00 1.526084404723542801e-06
1.741750001907348633e+00 4.400979141573106217e-06
1.745249986648559570e+00 1.891417563358356432e-06
1.748749971389770508e+00 1.888598818849328153e-06
1.752249956130981445e+00 0.000000000000000000e+00
1.755749940872192383e+00 0.000000000000000000e+00
1.759250044822692871e+00 1.811073140793969601e-06
1.762750029563903809e+00 1.200570687514020317e-06
1.766250014305114746e+00 0.000000000000000000e+00
1.769749999046325684e+00 3.882614923689519469e-06
1.773249983787536621e+00 3.498665091597090208e-06
1.776749968528747559e+00 1.430327297032316543e-06
1.780249953269958496e+00 0.000000000000000000e+00
1.783750057220458984e+00 0.000000000000000000e+00
1.787250041961669922e+00 4.913198790207550899e-06
1.790750026702880859e+00 0.000000000000000000e+00
1.794250011444091797e+00 0.000000000000000000e+00
1.797749996185302734e+00 0.000000000000000000e+00
1.801249980926513672e+00 1.811664025434707262e-06
1.804749965667724609e+00 2.120113549856859966e-06
1.808249950408935547e+00 2.159284969521566700e-06
1.811749935150146484e+00 0.000000000000000000e+00
1.815250039100646973e+00 2.012069840021346546e-06
1.818750023841857910e+00 0.000000000000000000e+00
1.822250008583068848e+00 1.822374823712713379e-06
1.825749993324279785e+00 1.826979590794112354e-06
1.829249978065490723e+00 0.000000000000000000e+00
1.832749962806701660e+00 0.000000000000000000e+00
1.836250066757202148e+00 6.464816670506178458e-06
1.839750051498413086e+00 2.197422269549395858e-06
1.843250036239624023e+00 0.000000000000000000e+00
1.846750020980834961e+00 0.000000000000000000e+00
1.850250005722045898e+00 2.220793426789690150e-06
1.853749990463256836e+00 4.461105012553624460e-06
1.857249975204467773e+00 2.157476476132967121e-06
1.860749959945678711e+00 2.465164940360541698e-06
1.864249944686889648e+00 0.000000000000000000e+00
1.867750048637390137e+00 0.000000000000000000e+00
1.871250033378601074e+00 5.082444765909709469e-06
1.874750018119812012e+00 0.000000000000000000e+00
1.878250002861022949e+00 0.000000000000000000e+00
1.881749987602233887e+00 0.000000000000000000e+00
1.885249972343444824e+00 0.000000000000000000e+00
1.888749957084655762e+00 0.000000000000000000e+00
1.892250061035156250e+00 0.000000000000000000e+00
1.895750045776367188e+00 0.000000000000000000e+00
1.899250030517578125e+00 0.000000000000000000e+00
1.902750015258789062e+00 0.000000000000000000e+00
1.906250000000000000e+00 0.000000000000000000e+00
1.909749984741210938e+00 4.607059277722587594e-06
1.913249969482421875e+00 2.693365477483657865e-06
1.916749954223632812e+00 2.460006471722781287e-06
1.920249938964843750e+00 0.000000000000000000e+00
1.923750042915344238e+00 2.828391826757015887e-06
1.927250027656555176e+00 0.000000000000000000e+00
1.930750012397766113e+00 2.933019327446171676e-06
1.934249997138977051e+00 2.543395725396739355e-06
1.937749981880187988e+00 0.000000000000000000e+00
1.941249966621398926e+00 0.000000000000000000e+00
1.944749951362609863e+00 0.000000000000000000e+00
1.948250055313110352e+00 0.000000000000000000e+00
1.951750040054321289e+00 2.697072198334285922e-06
1.955250024795532227e+00 2.878746500887865205e-06
1.958750009536743164e+00 3.012675106868359209e-06
1.962249994277954102e+00 0.000000000000000000e+00
1.965749979019165039e+00 0.000000000000000000e+00
1.969249963760375977e+00 0.000000000000000000e+00
1.972749948501586914e+00 0.000000000000000000e+00
1.976249933242797852e+00 0.000000000000000000e+00
1.979750037193298340e+00 0.000000000000000000e+00
1.983250021934509277e+00 0.000000000000000000e+00
1.986750006675720215e+00 2.902561650206023369e-06
1.990249991416931152e+00 2.910169180786856030e-06
1.993749976158142090e+00 2.548127094370313521e-06
1.997249960899353027e+00 3.039983236310014774e-06
2.000750064849853516e+00 2.948352344123790411e-06
2.004250049591064453e+00 2.975304953746694471e-06
2.007750034332275391e+00 0.000000000000000000e+00
2.011250019073486328e+00 0.000000000000000000e+00
2.014750003814697266e+00 0.000000000000000000e+00
2.018249988555908203e+00 3.428562368233865748e-06
2.021749973297119141e+00 6.853930758733939345e-06
2.025249958038330078e+00 0.000000000000000000e+00
2.028749942779541016e+00 0.000000000000000000e+00
2.032249927520751953e+00 0.000000000000000000e+00
2.035749912261962891e+00 0.000000000000000000e+00
2.039249897003173828e+00 0.000000000000000000e+00
2.042749881744384766e+00 0.000000000000000000e+00
2.046250104904174805e+00 3.026167386082065627e-06
2.049750089645385742e+00 7.071807461778156100e-06
2.053250074386596680e+00 0.000000000000000000e+00
2.056750059127807617e+00 3.716391521223847256e-06
2.060250043869018555e+00 0.000000000000000000e+00
2.063750028610229492e+00 0.000000000000000000e+00
2.067250013351440430e+00 0.000000000000000000e+00
2.070749998092651367e+00 3.603451688455325922e-06
2.074249982833862305e+00 7.543249462544994662e-06
2.077749967575073242e+00 0.000000000000000000e+00
2.081249952316284180e+00 0.000000000000000000e+00
2.084749937057495117e+00 0.000000000000000000e+00
2.088249921798706055e+00 0.000000000000000000e+00
2.091749906539916992e+00 0.000000000000000000e+00
2.095249891281127930e+00 0.000000000000000000e+00
2.098750114440917969e+00 0.000000000000000000e+00
2.102250099182128906e+00 0.000000000000000000e+00
2.105750083923339844e+00 4.048488266393178156e-06
2.109250068664550781e+00 0.000000000000000000e+00
2.112750053405761719e+00 0.000000000000000000e+00
2.116250038146972656e+00 4.126641756613298304e-06
2.119750022888183594e+00 4.149566420805641620e-06
2.123250007629394531e+00 4.239875410172652636e-06
2.126749992370605469e+00 0.000000000000000000e+00
2.130249977111816406e+00 0.000000000000000000e+00
2.133749961853027344e+00 3.862880470890865621e-06
2.137249946594238281e+00 4.332156403141856138e-06
2.140749931335449219e+00 0.000000000000000000e+00
2.144249916076660156e+00 4.391677344713608108e-06
2.147749900817871094e+00 0.000000000000000000e+00
2.151249885559082031e+00 0.000000000000000000e+00
2.154750108718872070e+00 0.000000000000000000e+00
2.158250093460083008e+00 0.000000000000000000e+00
2.161750078201293945e+00 0.000000000000000000e+00
2.165250062942504883e+00 0.000000000000000000e+00
2.168750047683715820e+00 4.454290661951880135e-06
2.172250032424926758e+00 0.000000000000000000e+00
2.175750017166137695e+00 4.558031187778572327e-06
2.179250001907348633e+00 0.000000000000000000e+00
2.182749986648559570e+00 0.000000000000000000e+00
2.186249971389770508e+00 0.000000000000000000e+00
2.189749956130981445e+00 4.318492093533477697e-06
2.193249940872192383e+00 0.000000000000000000e+00
2.196749925613403320e+00 0.000000000000000000e+00
2.200249910354614258e+00 0.000000000000000000e+00
2.203749895095825195e+00 0.000000000000000000e+00
2.207250118255615234e+00 0.000000000000000000e+00
2.210750102996826172e+00 4.812469716945993423e-06
2.214250087738037109e+00 0.000000000000000000e+00
2.217750072479248047e+00 0.000000000000000000e+00
2.221250057220458984e+00 0.000000000000000000e+00
2.224750041961669922e+00 0.000000000000000000e+00
2.228250026702880859e+00 0.000000000000000000e+00
2.231750011444091797e+00 0.000000000000000000e+00
2.235249996185302734e+00 0.000000000000000000e+00
2.238749980926513672e+00 0.000000000000000000e+00
2.242249965667724609e+00 0.000000000000000000e+00
2.245749950408935547e+00 0.000000000000000000e+00
2.249249935150146484e+00 0.000000000000000000e+00
2.252749919891357422e+00 0.000000000000000000e+00
2.256249904632568359e+00 0.000000000000000000e+00
2.259749889373779297e+00 0.000000000000000000e+00
2.263249874114990234e+00 0.000000000000000000e+00
2.266750097274780273e+00 5.340718139187679003e-06
2.270250082015991211e+00 0.000000000000000000e+00
2.273750066757202148e+00 0.000000000000000000e+00
2.277250051498413086e+00 0.000000000000000000e+00
2.280750036239624023e+00 1.091340956960904111e-05
2.284250020980834961e+00 5.107900461696672446e-06
2.287750005722045898e+00 0.000000000000000000e+00
2.291249990463256836e+00 0.000000000000000000e+00
2.294749975204467773e+00 0.000000000000000000e+00
2.298249959945678711e+00 0.000000000000000000e+00
2.301749944686889648e+00 5.752083272434907205e-06
2.305249929428100586e+00 0.000000000000000000e+00
2.308749914169311523e+00 0.000000000000000000e+00
2.312249898910522461e+00 0.000000000000000000e+00
2.315750122070312500e+00 0.000000000000000000e+00
2.319250106811523438e+00 0.000000000000000000e+00
2.322750091552734375e+00 0.000000000000000000e+00
2.326250076293945312e+00 0.000000000000000000e+00
2.329750061035156250e+00 0.000000000000000000e+00
2.333250045776367188e+00 0.000000000000000000e+00
2.336750030517578125e+00 5.661891591946461532e-06
2.340250015258789062e+00 0.000000000000000000e+00
2.343750000000000000e+00 0.000000000000000000e+00
2.347249984741210938e+00 5.869733765741081280e-06
2.350749969482421875e+00 0.000000000000000000e+00
2.354249954223632812e+00 6.233255727236277422e-06
2.357749938964843750e+00 0.000000000000000000e+00
2.361249923706054688e+00 6.124905983078476548e-06
2.364749908447265625e+00 0.000000000000000000e+00
2.368249893188476562e+00 0.000000000000000000e+00
2.371749877929687500e+00 0.000000000000000000e+00
2.375250101089477539e+00 0.000000000000000000e+00
2.378750085830688477e+00 0.000000000000000000e+00
2.382250070571899414e+00 6.473525790025000707e-06
2.385750055313110352e+00 0.000000000000000000e+00
2.389250040054321289e+00 0.000000000000000000e+00
2.392750024795532227e+00 0.000000000000000000e+00
2.396250009536743164e+00 0.000000000000000000e+00
2.399749994277954102e+00 0.000000000000000000e+00
2.403249979019165039e+00 0.000000000000000000e+00
2.406749963760375977e+00 0.000000000000000000e+00
2.410249948501586914e+00 6.715465159150771701e-06
2.413749933242797852e+00 0.000000000000000000e+00
2.417249917984008789e+00 0.000000000000000000e+00
2.420749902725219727e+00 6.858404953181980712e-06
2.424250125885009766e+00 0.000000000000000000e+00
2.427750110626220703e+00 0.000000000000000000e+00
2.431250095367431641e+00 0.000000000000000000e+00
2.434750080108642578e+00 0.000000000000000000e+00
2.438250064849853516e+00 0.000000000000000000e+00
2.441750049591064453e+00 7.055919856032455439e-06
2.445250034332275391e+00 0.000000000000000000e+00
2.448750019073486328e+00 0.000000000000000000e+00
2.452250003814697266e+00 0.000000000000000000e+00
2.455749988555908203e+00 0.000000000000000000e+00
2.459249973297119141e+00 0.000000000000000000e+00
2.462749958038330078e+00 0.000000000000000000e+00
2.466249942779541016e+00 0.000000000000000000e+00
2.469749927520751953e+00 0.000000000000000000e+00
2.473249912261962891e+00 0.000000000000000000e+00
2.476749897003173828e+00 0.000000000000000000e+00
2.480249881744384766e+00 0.000000000000000000e+00
2.483750104904174805e+00 0.000000000000000000e+00
2.487250089645385742e+00 0.000000000000000000e+00
2.490750074386596680e+00 7.417787322837821370e-06
2.494250059127807617e+00 0.000000000000000000e+00
2.497750043869018555e+00 0.000000000000000000e+00
2.501250028610229492e+00 0.000000000000000000e+00
2.504750013351440430e+00 0.000000000000000000e+00
2.508249998092651367e+00 0.000000000000000000e+00
2.511749982833862305e+00 0.000000000000000000e+00
2.515249967575073242e+00 0.000000000000000000e+00
2.518749952316284180e+00 0.000000000000000000e+00
2.522249937057495117e+00 0.000000000000000000e+00
2.525749921798706055e+00 0.000000000000000000e+00
2.529249906539916992e+00 0.000000000000000000e+00
2.532749891281127930e+00 7.871566343641074912e-06
2.536250114440917969e+00 0.000000000000000000e+00
2.539750099182128906e+00 0.000000000000000000e+00
2.543250083923339844e+00 7.907702043765361616e-06
2.546750068664550781e+00 0.000000000000000000e+00
2.550250053405761719e+00 0.000000000000000000e+00
2.553750038146972656e+00 0.000000000000000000e+00
2.557250022888183594e+00 0.000000000000000000e+00
2.560750007629394531e+00 0.000000000000000000e+00
2.564249992370605469e+00 0.000000000000000000e+00
2.567749977111816406e+00 0.000000000000000000e+00
2.571249961853027344e+00 0.000000000000000000e+00
2.574749946594238281e+00 0.000000000000000000e+00
2.578249931335449219e+00 0.000000000000000000e+00
2.581749916076660156e+00 0.000000000000000000e+00
2.585249900817871094e+00 0.000000000000000000e+00
2.588749885559082031e+00 0.000000000000000000e+00
2.592250108718872070e+00 0.000000000000000000e+00
2.595750093460083008e+00 0.000000000000000000e+00
2.599250078201293945e+00 0.000000000000000000e+00
2.602750062942504883e+00 0.000000000000000000e+00
2.606250047683715820e+00 0.000000000000000000e+00
2.609750032424926758e+00 0.000000000000000000e+00
2.613250017166137695e+00 8.781236147430043532e-06
2.616750001907348633e+00 0.000000000000000000e+00
2.620249986648559570e+00 0.000000000000000000e+00
2.623749971389770508e+00 0.000000000000000000e+00
2.627249956130981445e+00 0.000000000000000000e+00
2.630749940872192383e+00 0.000000000000000000e+00
2.634249925613403320e+00 0.000000000000000000e+00
2.637749910354614258e+00 0.000000000000000000e+00
2.641249895095825195e+00 0.000000000000000000e+00
2.644750118255615234e+00 0.000000000000000000e+00
2.648250102996826172e+00 0.000000000000000000e+00
2.651750087738037109e+00 0.000000000000000000e+00
2.655250072479248047e+00 0.000000000000000000e+00
2.658750057220458984e+00 0.000000000000000000e+00
2.662250041961669922e+00 0.000000000000000000e+00
2.665750026702880859e+00 0.000000000000000000e+00
2.669250011444091797e+00 0.000000000000000000e+00
2.672749996185302734e+00 0.000000000000000000e+00
2.676249980926513672e+00 0.000000000000000000e+00
2.679749965667724609e+00 0.000000000000000000e+00
2.683249950408935547e+00 0.000000000000000000e+00
2.686749935150146484e+00 0.000000000000000000e+00
2.690249919891357422e+00 0.000000000000000000e+00
2.693749904632568359e+00 0.000000000000000000e+00
2.697249889373779297e+00 0.000000000000000000e+00
2.700749874114990234e+00 0.000000000000000000e+00
2.704250097274780273e+00 0.000000000000000000e+00
2.707750082015991211e+00 0.000000000000000000e+00
2.711250066757202148e+00 0.000000000000000000e+00
2.714750051498413086e+00 0.000000000000000000e+00
2.718250036239624023e+00 0.000000000000000000e+00
2.721750020980834961e+00 0.000000000000000000e+00
2.725250005722045898e+00 0.000000000000000000e+00
2.728749990463256836e+00 0.000000000000000000e+00
2.732249975204467773e+00 0.000000000000000000e+00
2.735749959945678711e+00 0.000000000000000000e+00
2.739249944686889648e+00 0.000000000000000000e+00
2.742749929428100586e+00 0.000000000000000000e+00
2.746249914169311523e+00 0.000000000000000000e+00
2.749749898910522461e+00 0.000000000000000000e+00
2.753250122070312500e+00 0.000000000000000000e+00
2.756750106811523438e+00 0.000000000000000000e+00
2.760250091552734375e+00 0.000000000000000000e+00
2.763750076293945312e+00 0.000000000000000000e+00
2.767250061035156250e+00 0.000000000000000000e+00
2.770750045776367188e+00 0.000000000000000000e+00
2.774250030517578125e+00 0.000000000000000000e+00
2.777750015258789062e+00 0.000000000000000000e+00
2.781250000000000000e+00 0.000000000000000000e+00
2.784749984741210938e+00 0.000000000000000000e+00
2.788249969482421875e+00 0.000000000000000000e+00
2.791749954223632812e+00 0.000000000000000000e+00
2.795249938964843750e+00 0.000000000000000000e+00
2.798749923706054688e+00 0.000000000000000000e+00
2.802249908447265625e+00 0.000000000000000000e+00
2.805749893188476562e+00 0.000000000000000000e+00
2.809249877929687500e+00 0.000000000000000000e+00
2.812750101089477539e+00 0.000000000000000000e+00
2.816250085830688477e+00 0.000000000000000000e+00
2.819750070571899414e+00 0.000000000000000000e+00
2.823250055313110352e+00 0.000000000000000000e+00
2.826750040054321289e+00 0.000000000000000000e+00
2.830250024795532227e+00 0.000000000000000000e+00
2.833750009536743164e+00 0.000000000000000000e+00
2.837249994277954102e+00 0.000000000000000000e+00
2.840749979019165039e+00 0.000000000000000000e+00
2.844249963760375977e+00 0.000000000000000000e+00
2.847749948501586914e+00 0.000000000000000000e+00
2.851249933242797852e+00 0.000000000000000000e+00
2.854749917984008789e+00 0.000000000000000000e+00
2.858249902725219727e+00 0.000000000000000000e+00
2.861750125885009766e+00 0.000000000000000000e+00
2.865250110626220703e+00 0.000000000000000000e+00
2.868750095367431641e+00 0.000000000000000000e+00
2.872250080108642578e+00 0.000000000000000000e+00
2.875750064849853516e+00 0.000000000000000000e+00
2.879250049591064453e+00 0.000000000000000000e+00
2.882750034332275391e+00 0.000000000000000000e+00
2.886250019073486328e+00 0.000000000000000000e+00
2.889750003814697266e+00 0.000000000000000000e+00
2.893249988555908203e+00 0.000000000000000000e+00
2.896749973297119141e+00 0.000000000000000000e+00
2.900249958038330078e+00 0.000000000000000000e+00
2.903749942779541016e+00 0.000000000000000000e+00
2.907249927520751953e+00 0.000000000000000000e+00
2.910749912261962891e+00 0.000000000000000000e+00
2.914249897003173828e+00 0.000000000000000000e+00
2.917749881744384766e+00 0.000000000000000000e+00
2.921250104904174805e+00 0.000000000000000000e+00
2.924750089645385742e+00 0.000000000000000000e+00
2.928250074386596680e+00 0.000000000000000000e+00
2.931750059127807617e+00 0.000000000000000000e+00
2.935250043869018555e+00 0.000000000000000000e+00
2.938750028610229492e+00 0.000000000000000000e+00
2.942250013351440430e+00 0.000000000000000000e+00
2.945749998092651367e+00 0.000000000000000000e+00
2.949249982833862305e+00 0.000000000000000000e+00
2.952749967575073242e+00 0.000000000000000000e+00
2.956249952316284180e+00 0.000000000000000000e+00
2.959749937057495117e+00 0.000000000000000000e+00
2.963249921798706055e+00 0.000000000000000000e+00
2.966749906539916992e+00 0.000000000000000000e+00
2.970249891281127930e+00 0.000000000000000000e+00
2.973750114440917969e+00 0.000000000000000000e+00
2.977250099182128906e+00 0.000000000000000000e+00
2.980750083923339844e+00 0.000000000000000000e+00
2.984250068664550781e+00 0.000000000000000000e+00
2.987750053405761719e+00 0.000000000000000000e+00
2.991250038146972656e+00 0.000000000000000000e+00
2.994750022888183594e+00 0.000000000000000000e+00
2.998250007629394531e+00 0.000000000000000000e+00
