-4.982500076293945312e-01 0.000000000000000000e+00
-4.947499930858612061e-01 0.000000000000000000e+00
-4.912499785423278809e-01 0.000000000000000000e+00
-4.877499938011169434e-01 0.000000000000000000e+00
-4.842500090599060059e-01 0.000000000000000000e+00
-4.807499945163726807e-01 0.000000000000000000e+00
-4.772499799728393555e-01 0.000000000000000000e+00
-4.737499952316284180e-01 0.000000000000000000e+00
-4.702500104904174805e-01 0.000000000000000000e+00
-4.667499959468841553e-01 0.000000000000000000e+00
-4.632499814033508301e-01 0.000000000000000000e+00
-4.597499966621398926e-01 0.000000000000000000e+00
-4.562500119209289551e-01 0.000000000000000000e+00
-4.527499973773956299e-01 0.000000000000000000e+00
-4.492499828338623047e-01 0.000000000000000000e+00
-4.457499980926513672e-01 0.000000000000000000e+00
-4.422500133514404297e-01 0.000000000000000000e+00
-4.387499988079071045e-01 0.000000000000000000e+00
-4.352499842643737793e-01 0.000000000000000000e+00
-4.317499995231628418e-01 0.000000000000000000e+00
-4.282500147819519043e-01 0.000000000000000000e+00
-4.247500002384185791e-01 0.000000000000000000e+00
-4.212499856948852539e-01 0.000000000000000000e+00
-4.177500009536743164e-01 0.000000000000000000e+00
-4.142500162124633789e-01 0.000000000000000000e+00
-4.107500016689300537e-01 0.000000000000000000e+00
-4.072499871253967285e-01 0.000000000000000000e+00
-4.037500023841857910e-01 0.000000000000000000e+00
-4.002500176429748535e-01 0.000000000000000000e+00
-3.967500030994415283e-01 0.000000000000000000e+00
-3.932499885559082031e-01 0.000000000000000000e+00
-3.897500038146972656e-01 0.000000000000000000e+00
-3.862500190734863281e-01 0.000000000000000000e+00
-3.827500045299530029e-01 0.000000000000000000e+00
-3.792499899864196777e-01 0.000000000000000000e+00
-3.757500052452087402e-01 0.000000000000000000e+00
-3.722500205039978027e-01 0.000000000000000000e+00
-3.687500059604644775e-01 0.000000000000000000e+00
-3.652499914169311523e-01 0.000000000000000000e+00
-3.617500066757202148e-01 0.000000000000000000e+00
-3.582500219345092773e-01 0.000000000000000000e+00
-3.547499775886535645e-01 0.000000000000000000e+00
-3.512499928474426270e-01 0.000000000000000000e+00
-3.477500081062316895e-01 0.000000000000000000e+00
-3.442499935626983643e-01 0.000000000000000000e+00
-3.407499790191650391e-01 0.000000000000000000e+00
-3.372499942779541016e-01 0.000000000000000000e+00
-3.337500095367431641e-01 0.000000000000000000e+00
-3.302499949932098389e-01 0.000000000000000000e+00
-3.267499804496765137e-01 0.000000000000000000e+00
-3.232499957084655762e-01 0.000000000000000000e+00
-3.197500109672546387e-01 0.000000000000000000e+00
-3.162499964237213135e-01 0.000000000000000000e+00
-3.127499818801879883e-01 0.000000000000000000e+00
-3.092499971389770508e-01 0.000000000000000000e+00
-3.057500123977661133e-01 0.000000000000000000e+00
-3.022499978542327881e-01 0.000000000000000000e+00
-2.987499833106994629e-01 0.000000000000000000e+00
-2.952499985694885254e-01 0.000000000000000000e+00
-2.917500138282775879e-01 0.000000000000000000e+00
-2.882499992847442627e-01 0.000000000000000000e+00
-2.847499847412109375e-01 0.000000000000000000e+00
-2.812500000000000000e-01 0.000000000000000000e+00
-2.777500152587890625e-01 0.000000000000000000e+00
-2.742500007152557373e-01 0.000000000000000000e+00
-2.707499861717224121e-01 0.000000000000000000e+00
-2.672500014305114746e-01 0.000000000000000000e+00
-2.637500166893005371e-01 0.000000000000000000e+00
-2.602500021457672119e-01 0.000000000000000000e+00
-2.567499876022338867e-01 0.000000000000000000e+00
-2.532500028610229492e-01 0.000000000000000000e+00
-2.497500032186508179e-01 0.000000000000000000e+00
-2.462500035762786865e-01 0.000000000000000000e+00
-2.427499890327453613e-01 5.253883754814671145e-06
-2.392500042915344238e-01 0.000000000000000000e+00
-2.357499897480010986e-01 1.558337192636767050e-05
-2.322500050067901611e-01 2.583816915078493391e-05
-2.287499904632568359e-01 4.103003726407347147e-05
-2.252500057220458984e-01 1.071449227928016068e-04
-2.217499911785125732e-01 1.572529313404338696e-04
-2.182500064373016357e-01 2.623328972495249443e-04
-2.147499918937683105e-01 3.508747458840231538e-04
-2.112500071525573730e-01 7.276844078433279380e-04
-2.077499926090240479e-01 1.293959644188991337e-03
-2.042500078678131104e-01 1.892506254318343907e-03
-2.007499933242797852e-01 2.993438039468628194e-03
-1.972500085830688477e-01 4.442018345678107501e-03
-1.937499940395355225e-01 7.243813471456909091e-03
-1.902500092983245850e-01 1.036386433775547504e-02
-1.867499947547912598e-01 1.523123296390473634e-02
-1.832500100135803223e-01 2.214215857518481503e-02
-1.797499954700469971e-01 3.059300846935368925e-02
-1.762500107288360596e-01 4.342205045569926675e-02
-1.727499961853027344e-01 6.157787201627474422e-02
-1.692500114440917969e-01 8.156747176336873184e-02
-1.657499969005584717e-01 1.108800533245070247e-01
-1.622500121593475342e-01 1.472007323517710853e-01
-1.587499976158142090e-01 1.904122554803419076e-01
-1.552500128746032715e-01 2.443333030793591321e-01
-1.517499983310699463e-01 3.142225600003404340e-01
-1.482500135898590088e-01 3.968096878324930410e-01
-1.447499990463256836e-01 4.908918146691322870e-01
-1.412500143051147461e-01 6.022759132500641321e-01
-1.377499997615814209e-01 7.297533765171273501e-01
-1.342500001192092896e-01 8.813712617982132347e-01
-1.307500004768371582e-01 1.051108693869870381e+00
-1.272499859333038330e-01 1.233809296018480994e+00
-1.237500011920928955e-01 1.436322265472092630e+00
-1.202500015497207642e-01 1.656991034554444076e+00
-1.167500019073486328e-01 1.901794084489167647e+00
-1.132500022649765015e-01 2.148289483274897549e+00
-1.097500026226043701e-01 2.417644915875370337e+00
-1.062500029802322388e-01 2.694264760745221476e+00
-1.027500033378601074e-01 2.981021045505965805e+00
-9.925000369548797607e-02 3.279398166165362394e+00
-9.574999660253524780e-02 3.568301421838776744e+00
-9.224999696016311646e-02 3.858867047601745703e+00
-8.874999731779098511e-02 4.151537071154737468e+00
-8.524999767541885376e-02 4.438422190222209629e+00
-8.174999803304672241e-02 4.702000861455614356e+00
-7.824999839067459106e-02 4.968783638833265570e+00
-7.474999874830245972e-02 5.208617645578065058e+00
-7.124999910593032837e-02 5.441863502220311233e+00
-6.774999946355819702e-02 5.648317005088268061e+00
-6.424999982118606567e-02 5.828948541277674700e+00
-6.075000017881393433e-02 5.994496850807309762e+00
-5.725000053644180298e-02 6.125243625555143900e+00
-5.375000089406967163e-02 6.240834423189105529e+00
-5.025000125169754028e-02 6.323345458320975609e+00
-4.675000160932540894e-02 6.373900424655388974e+00
-4.325000196695327759e-02 6.419242155590087151e+00
-3.974999859929084778e-02 6.426855466811066009e+00
-3.624999895691871643e-02 6.415210626319016285e+00
-3.274999931454658508e-02 6.378815490413329847e+00
-2.924999967217445374e-02 6.329391876069807132e+00
-2.575000002980232239e-02 6.246729579582668279e+00
-2.225000038743019104e-02 6.160317426953124453e+00
-1.875000074505805969e-02 6.046682867607958478e+00
-1.525000110268592834e-02 5.916394155077603578e+00
-1.174999959766864777e-02 5.780986045835899922e+00
-8.249999955296516418e-03 5.635539047359204190e+00
-4.750000312924385071e-03 5.473880997760938172e+00
-1.249999972060322762e-03 5.300659145443642473e+00
2.250000135973095894e-03 5.145229926962954892e+00
5.750000011175870895e-03 4.965764758607606133e+00
9.250000119209289551e-03 4.781630781657588258e+00
1.274999976158142090e-02 4.612257133031862466e+00
1.624999940395355225e-02 4.421661223103889427e+00
1.974999904632568359e-02 4.240541144660713080e+00
2.325000055134296417e-02 4.057803953248029671e+00
2.675000019371509552e-02 3.877587799271988711e+00
3.025000169873237610e-02 3.702192331310850903e+00
3.375000134110450745e-02 3.538524638836062053e+00
3.725000098347663879e-02 3.353749936387000918e+00
4.075000062584877014e-02 3.194851944962390888e+00
4.425000026822090149e-02 3.036123146496631620e+00
4.774999991059303284e-02 2.878477103453764396e+00
5.124999955296516418e-02 2.724972172074780818e+00
5.474999919533729553e-02 2.586131960932498419e+00
5.824999883770942688e-02 2.449127122567106074e+00
6.175000220537185669e-02 2.315144183503429431e+00
6.525000184774398804e-02 2.189157867873063434e+00
6.875000149011611938e-02 2.064993354884137045e+00
7.225000113248825073e-02 1.944758482106655029e+00
7.575000077486038208e-02 1.836542049970927515e+00
7.925000041723251343e-02 1.729836162697648394e+00
8.275000005960464478e-02 1.631345725448451356e+00
8.624999970197677612e-02 1.534433655787933004e+00
8.974999934434890747e-02 1.441209288672826494e+00
9.324999898672103882e-02 1.360925961581351373e+00
9.674999862909317017e-02 1.277793860772123535e+00
1.002499982714653015e-01 1.200848810724485904e+00
1.037499979138374329e-01 1.133500605418944707e+00
1.072499975562095642e-01 1.062690706162011445e+00
1.107499971985816956e-01 9.973367013236168477e-01
1.142499968409538269e-01 9.402097717143138578e-01
1.177499964833259583e-01 8.801984413997423484e-01
1.212500035762786865e-01 8.266678074718374347e-01
1.247500032186508179e-01 7.779317769437680274e-01
1.282500028610229492e-01 7.295824097164873567e-01
1.317499876022338867e-01 6.848498574575874187e-01
1.352500021457672119e-01 6.464722781383137606e-01
1.387499868869781494e-01 6.067153907557505388e-01
1.422500014305114746e-01 5.702330704785220084e-01
1.457499861717224121e-01 5.355277893529077904e-01
1.492500007152557373e-01 5.021211488898603692e-01
1.527499854564666748e-01 4.718577629504656090e-01
1.562500000000000000e-01 4.424921967828145397e-01
1.597500145435333252e-01 4.183300206853490244e-01
1.632499992847442627e-01 3.913168801197583480e-01
1.667500138282775879e-01 3.670938099901929208e-01
1.702499985694885254e-01 3.448339166903625075e-01
1.737500131130218506e-01 3.268657230435531025e-01
1.772499978542327881e-01 3.061215845914120326e-01
1.807500123977661133e-01 2.877335425915289457e-01
1.842499971389770508e-01 2.690419988680186059e-01
1.877500116825103760e-01 2.533001008600105353e-01
1.912499964237213135e-01 2.378507013479076726e-01
1.947500109672546387e-01 2.255622861076437280e-01
1.982499957084655762e-01 2.113114366841139236e-01
2.017500102519989014e-01 1.979631790615051234e-01
2.052499949932098389e-01 1.876779869732186079e-01
2.087500095367431641e-01 1.756169703240377800e-01
2.122499942779541016e-01 1.644749047774158035e-01
2.157500088214874268e-01 1.557333619486925835e-01
2.192499935626983643e-01 1.468968933582392722e-01
2.227500081062316895e-01 1.379241231690500058e-01
2.262499928474426270e-01 1.311338944719967481e-01
2.297500073909759521e-01 1.240779363297781351e-01
2.332499921321868896e-01 1.162692374508920434e-01
2.367500066757202148e-01 1.086666810393794869e-01
2.402499914169311523e-01 1.028147700943106146e-01
2.437500059604644775e-01 9.831208702779449526e-02
2.472499907016754150e-01 9.141383961086750609e-02
2.507500052452087402e-01 8.607182726205232781e-02
2.542499899864196777e-01 8.185283219160663370e-02
2.577500045299530029e-01 7.713105329012234779e-02
2.612500190734863281e-01 7.303199940981508487e-02
2.647500038146972656e-01 6.967097951456799332e-02
2.682499885559082031e-01 6.506337728644470686e-02
2.717500030994415283e-01 6.140071343730937187e-02
2.752500176429748535e-01 5.824587545783387055e-02
2.787500023841857910e-01 5.499679253818676866e-02
2.822499871253967285e-01 5.179341303626873450e-02
2.857500016689300537e-01 4.885096105117976706e-02
2.892500162124633789e-01 4.645836536371623915e-02
2.927500009536743164e-01 4.365202767748873475e-02
2.962499856948852539e-01 4.175323234979177317e-02
2.997500002384185791e-01 3.908481187695730941e-02
3.032500147819519043e-01 3.726054014208343701e-02
3.067499995231628418e-01 3.539068082849067265e-02
3.102499842643737793e-01 3.293105061171876236e-02
3.137499988079071045e-01 3.151389544510398849e-02
3.172500133514404297e-01 2.973371588271164420e-02
3.207499980926513672e-01 2.850929386434972873e-02
3.242499828338623047e-01 2.686433169194259174e-02
3.277499973773956299e-01 2.552322096167898915e-02
3.312500119209289551e-01 2.431741123801383145e-02
3.347499966621398926e-01 2.298185593634798768e-02
3.382499814033508301e-01 2.152172139703387513e-02
3.417499959468841553e-01 2.070725214275792939e-02
3.452500104904174805e-01 1.968945012337057487e-02
3.487499952316284180e-01 1.858489099918663942e-02
3.522499799728393555e-01 1.762099053781380001e-02
3.557499945163726807e-01 1.688909262547450690e-02
3.592500090599060059e-01 1.591212615961059076e-02
3.627499938011169434e-01 1.539167115816847051e-02
3.662499785423278809e-01 1.437281944846049118e-02
3.697499930858612061e-01 1.381976961831378817e-02
3.732500076293945312e-01 1.308844629667927327e-02
3.767499923706054688e-01 1.233077236769380101e-02
3.802500069141387939e-01 1.153657442025966991e-02
3.837500214576721191e-01 1.108038615247525054e-02
3.872500061988830566e-01 1.077649220306739833e-02
3.907499909400939941e-01 1.004688409765661268e-02
3.942500054836273193e-01 9.859254087713995376e-03
3.977500200271606445e-01 8.819331738406026994e-03
4.012500047683715820e-01 8.538174546020861275e-03
4.047499895095825195e-01 8.092031090176551519e-03
4.082500040531158447e-01 7.685068570027729640e-03
4.117500185966491699e-01 7.312423646684598419e-03
4.152500033378601074e-01 7.103879254322195691e-03
4.187499880790710449e-01 6.650670339524521364e-03
4.222500026226043701e-01 6.354332374097357121e-03
4.257500171661376953e-01 6.075027759595056330e-03
4.292500019073486328e-01 5.877281657043121124e-03
4.327499866485595703e-01 5.590130953478772077e-03
4.362500011920928955e-01 5.271295099747715790e-03
4.397500157356262207e-01 4.986268622858927059e-03
4.432500004768371582e-01 4.729084543238077504e-03
4.467499852180480957e-01 4.518527611404674765e-03
4.502499997615814209e-01 4.376159861342615413e-03
4.537500143051147461e-01 4.143146577237204545e-03
4.572499990463256836e-01 3.845121758222205897e-03
4.607499837875366211e-01 3.663715142410439458e-03
4.642499983310699463e-01 3.587256858106147375e-03
4.677500128746032715e-01 3.393631011283502162e-03
4.712499976158142090e-01 3.203395266500621424e-03
4.747499823570251465e-01 2.997795699658618949e-03
4.782499969005584717e-01 2.934056872235216336e-03
4.817500114440917969e-01 2.798252113238426653e-03
4.852499961853027344e-01 2.586598279505750858e-03
4.887499809265136719e-01 2.500016877546471557e-03
4.922499954700469971e-01 2.335963188386307350e-03
4.957500100135803223e-01 2.222191571254904154e-03
4.992499947547912598e-01 2.118097694903527291e-03
5.027499794960021973e-01 2.029635445979413241e-03
5.062500238418579102e-01 1.942486395536841340e-03
5.097500085830688477e-01 1.890707912338886881e-03
5.132499933242797852e-01 1.750658559787837817e-03
5.167499780654907227e-01 1.660200492713411651e-03
5.202499628067016602e-01 1.635351048208565127e-03
5.237500071525573730e-01 1.497205456753902646e-03
5.272499918937683105e-01 1.453757644658316712e-03
5.307500362396240234e-01 1.359720430731310020e-03
5.342500209808349609e-01 1.301216571690680694e-03
5.377500057220458984e-01 1.190364008199142499e-03
5.412499904632568359e-01 1.172853471330629433e-03
5.447499752044677734e-01 1.121929844242720463e-03
5.482500195503234863e-01 1.071224242918257952e-03
5.517500042915344238e-01 1.018699184225745850e-03
5.552499890327453613e-01 9.577243897797146563e-04
5.587500333786010742e-01 9.252139293734243895e-04
5.622500181198120117e-01 8.405229921981239140e-04
5.657500028610229492e-01 8.625610496586233206e-04
5.692499876022338867e-01 7.651137302280648558e-04
5.727499723434448242e-01 7.491306269842692772e-04
5.762500166893005371e-01 7.097935798506751917e-04
5.797500014305114746e-01 6.473614785950837546e-04
5.832499861717224121e-01 6.647664422512158033e-04
5.867500305175781250e-01 5.546073768396949039e-04
5.902500152587890625e-01 6.008721898259117332e-04
5.937500000000000000e-01 5.408571413980060990e-04
5.972499847412109375e-01 5.211985884790418157e-04
6.007499694824218750e-01 4.660479256866300289e-04
6.042500138282775879e-01 4.731759596390227012e-04
6.077499985694885254e-01 4.316176324920102344e-04
6.112499833106994629e-01 3.814436343847885428e-04
6.147500276565551758e-01 4.048569540756695841e-04
6.182500123977661133e-01 3.578745919973205184e-04
6.217499971389770508e-01 3.593160019725865771e-04
6.252499818801879883e-01 3.168497395317387594e-04
6.287499666213989258e-01 3.213174089178731413e-04
6.322500109672546387e-01 2.877096696134382446e-04
6.357499957084655762e-01 2.960189087934942320e-04
6.392499804496765137e-01 2.715477655561229645e-04
6.427500247955322266e-01 2.404378169454847057e-04
6.462500095367431641e-01 2.491231601203126454e-04
6.497499942779541016e-01 2.361045575062163779e-04
6.532499790191650391e-01 2.192637924795914212e-04
6.567499637603759766e-01 2.056076385354869214e-04
6.602500081062316895e-01 2.055882378267072049e-04
6.637499928474426270e-01 1.907841614162423193e-04
6.672500371932983398e-01 1.839834454205357451e-04
6.707500219345092773e-01 1.707898523050755226e-04
6.742500066757202148e-01 1.623771013701146753e-04
6.777499914169311523e-01 1.454363805337333571e-04
6.812499761581420898e-01 1.482953388278598417e-04
6.847500205039978027e-01 1.387204135434052491e-04
6.882500052452087402e-01 1.280248791914834433e-04
6.917499899864196777e-01 1.211822756484113835e-04
6.952500343322753906e-01 1.182617494573925607e-04
6.987500190734863281e-01 1.134955331480809779e-04
7.022500038146972656e-01 1.038055562165520509e-04
7.057499885559082031e-01 1.006602361417211150e-04
7.092499732971191406e-01 1.064480370914132009e-04
7.127500176429748535e-01 8.969732300858527065e-05
7.162500023841857910e-01 8.932708426091053912e-05
7.197499871253967285e-01 9.119783095389754268e-05
7.232500314712524414e-01 8.327765891110159343e-05
7.267500162124633789e-01 7.540498691682843730e-05
7.302500009536743164e-01 8.389260811582786490e-05
7.337499856948852539e-01 6.651636131151344826e-05
7.372499704360961914e-01 7.576090804664410900e-05
7.407500147819519043e-01 7.019784218463614924e-05
7.442499995231628418e-01 6.234680179094008109e-05
7.477499842643737793e-01 6.090889066684593387e-05
7.512500286102294922e-01 6.875082335773998311e-05
7.547500133514404297e-01 5.796255602178219013e-05
7.582499980926513672e-01 5.945287961501306281e-05
7.617499828338623047e-01 5.646626238841012365e-05
7.652499675750732422e-01 5.488242994394552487e-05
7.687500119209289551e-01 5.352158606348629273e-05
7.722499966621398926e-01 5.402187608380913924e-05
7.757499814033508301e-01 5.817063785557232303e-05
7.792500257492065430e-01 4.847865821155189855e-05
7.827500104904174805e-01 5.460658841969061599e-05
7.862499952316284180e-01 5.441469944093154884e-05
7.897499799728393555e-01 4.294214973165269155e-05
7.932499647140502930e-01 4.094538043561075019e-05
7.967500090599060059e-01 5.259938133785087283e-05
8.002499938011169434e-01 5.328237461624670365e-05
8.037499785423278809e-01 4.961450335626857531e-05
8.072500228881835938e-01 4.321917309879836407e-05
8.107500076293945312e-01 4.787806682718706547e-05
8.142499923706054688e-01 4.482427160864104463e-05
8.177499771118164062e-01 4.015205666549174785e-05
8.212500214576721191e-01 4.250039008632933016e-05
8.247500061988830566e-01 4.206005532773863403e-05
8.282499909400939941e-01 4.198360468872453579e-05
8.317500352859497070e-01 5.042286000814268890e-05
8.352500200271606445e-01 5.081900517718822302e-05
8.387500047683715820e-01 4.586729582404416823e-05
8.422499895095825195e-01 4.316901492627358877e-05
8.457499742507934570e-01 4.269183472459065160e-05
8.492500185966491699e-01 3.866575506037668662e-05
8.527500033378601074e-01 3.087683870790701267e-05
8.562499880790710449e-01 4.121942013525969808e-05
8.597500324249267578e-01 4.211088202870876657e-05
8.632500171661376953e-01 4.188390438300577262e-05
8.667500019073486328e-01 4.215555556853482658e-05
8.702499866485595703e-01 4.181114349524235065e-05
8.737499713897705078e-01 3.712054006308077383e-05
8.772500157356262207e-01 4.412832739252649543e-05
8.807500004768371582e-01 3.760957036835671686e-05
8.842499852180480957e-01 3.849359250895909089e-05
8.877500295639038086e-01 3.936125866815115299e-05
8.912500143051147461e-01 3.148591356740437791e-05
8.947499990463256836e-01 3.886258839973480059e-05
8.982499837875366211e-01 4.128885682312240994e-05
9.017499685287475586e-01 3.567018275454899104e-05
9.052500128746032715e-01 3.099324230963219749e-05
9.087499976158142090e-01 3.618926105446266937e-05
9.122499823570251465e-01 3.259293186506662674e-05
9.157500267028808594e-01 4.098267764771167511e-05
9.192500114440917969e-01 3.357594700725349558e-05
9.227499961853027344e-01 3.643178978188458953e-05
9.262499809265136719e-01 3.601533064037537612e-05
9.297499656677246094e-01 3.311234434414047923e-05
9.332500100135803223e-01 3.717037063525812588e-05
9.367499947547912598e-01 4.021168517817407049e-05
9.402499794960021973e-01 3.454190733070442533e-05
9.437500238418579102e-01 3.466429778152250221e-05
9.472500085830688477e-01 2.540041487270816242e-05
9.507499933242797852e-01 2.652917264678383849e-05
9.542499780654907227e-01 4.009088914346118683e-05
9.577499628067016602e-01 2.908712851773603917e-05
9.612500071525573730e-01 3.579255290143577503e-05
9.647499918937683105e-01 1.997520586634135309e-05
9.682500362396240234e-01 3.120900237276914851e-05
9.717500209808349609e-01 3.141798882571928444e-05
9.752500057220458984e-01 2.665909914390111369e-05
9.787499904632568359e-01 3.412387637836344575e-05
9.822499752044677734e-01 2.774126279210219407e-05
9.857500195503234863e-01 3.295192987403622689e-05
9.892500042915344238e-01 3.153462030585553618e-05
9.927499890327453613e-01 2.487078454028526989e-05
9.962500333786010742e-01 2.014380083767461062e-05
9.997500181198120117e-01 3.160192229931248854e-05
1.003250002861022949e+00 1.945461903610406823e-05
1.006749987602233887e+00 3.349292245418290776e-05
1.010249972343444824e+00 2.246253686304926521e-05
1.013749957084655762e+00 2.927971505882985469e-05
1.017250061035156250e+00 1.516593091633435255e-05
1.020750045776367188e+00 2.336340749968674127e-05
1.024250030517578125e+00 1.873901056700697402e-05
1.027750015258789062e+00 1.810767118644322413e-05
1.031250000000000000e+00 1.397902714221332345e-05
1.034749984741210938e+00 2.041634415393651187e-05
1.038249969482421875e+00 1.980406189936408844e-05
1.041749954223632812e+00 2.201121330657121450e-05
1.045249938964843750e+00 2.340170202977266808e-05
1.048750042915344238e+00 1.569442488462313682e-05
1.052250027656555176e+00 2.048002804155981082e-05
1.055750012397766113e+00 1.667752087175326047e-05
1.059249997138977051e+00 2.137325109307713710e-05
1.062749981880187988e+00 1.790488764642085399e-05
1.066249966621398926e+00 1.205915639078265090e-05
1.069749951362609863e+00 1.802242254416987167e-05
1.073250055313110352e+00 1.523612306443858469e-05
1.076750040054321289e+00 1.861747951472133756e-05
1.080250024795532227e+00 2.225841615153067125e-05
1.083750009536743164e+00 2.161493226942544219e-05
1.087249994277954102e+00 1.754957896158330658e-05
1.090749979019165039e+00 1.726231453220358148e-05
1.094249963760375977e+00 1.578381357769257224e-05
1.097749948501586914e+00 1.594601502733684369e-05
1.101249933242797852e+00 1.693609953860007812e-05
1.104750037193298340e+00 1.408974950606250317e-05
1.108250021934509277e+00 1.565166913613711712e-05
1.111750006675720215e+00 8.091672197628955643e-06
1.115249991416931152e+00 1.789555001478410133e-05
1.118749976158142090e+00 1.407751181063647555e-05
1.122249960899353027e+00 1.174360940123581080e-05
1.125750064849853516e+00 8.162860213057846213e-06
1.129250049591064453e+00 1.775844265153548058e-05
1.132750034332275391e+00 1.379246589339385542e-05
1.136250019073486328e+00 1.340894445743609774e-05
1.139750003814697266e+00 1.229036060696889275e-05
1.143249988555908203e+00 8.200085800814738764e-06
1.146749973297119141e+00 6.542443010820606563e-06
1.150249958038330078e+00 1.733680458347428591e-05
1.153749942779541016e+00 1.079727998724634120e-05
1.157250046730041504e+00 9.249132875376990672e-06
1.160750031471252441e+00 1.162955758868641295e-05
1.164250016212463379e+00 1.009352051545274249e-05
1.167750000953674316e+00 9.258373731565401111e-06
1.171249985694885254e+00 1.114113377060493848e-05
1.174749970436096191e+00 9.462415899745844271e-06
1.178249955177307129e+00 4.759104048339210608e-06
1.181750059127807617e+00 1.358290143620187053e-05
1.185250043869018555e+00 9.126503032298214656e-06
1.188750028610229492e+00 7.175455669875204599e-06
1.192250013351440430e+00 1.049521020194454503e-05
1.195749998092651367e+00 9.321339285135095092e-06
1.199249982833862305e+00 8.640825379214058967e-06
1.202749967575073242e+00 9.804375163823955005e-06
1.206249952316284180e+00 8.205408731759069259e-06
1.209749937057495117e+00 4.077593588061684928e-06
1.213250041007995605e+00 1.015212589075326499e-05
1.216750025749206543e+00 6.546186235445193148e-06
1.220250010490417480e+00 4.118238237683330615e-06
1.223749995231628418e+00 7.862710496153745877e-06
1.227249979972839355e+00 7.251027761084472819e-06
1.230749964714050293e+00 7.776591848748617329e-06
1.234249949455261230e+00 5.244174635208027175e-06
1.237750053405761719e+00 3.075557718921664147e-06
1.241250038146972656e+00 5.344724225265254235e-06
1.244750022888183594e+00 4.548720610206411103e-06
1.248250007629394531e+00 8.548884785705915330e-06
1.251749992370605469e+00 9.489712164766694877e-06
1.255249977111816406e+00 4.026196689948904588e-06
1.258749961853027344e+00 7.250129298805459325e-06
1.262249946594238281e+00 3.750485888845095334e-06
1.265750050544738770e+00 7.025707363525493365e-06
1.269250035285949707e+00 4.255059523636647701e-06
1.272750020027160645e+00 2.297916429678449928e-06
1.276250004768371582e+00 6.894327228062156427e-06
1.279749989509582520e+00 6.637331147796309625e-06
1.283249974250793457e+00 3.580970182116632773e-06
1.286749958992004395e+00 3.005510487733948851e-06
1.290250062942504883e+00 6.752954296691346374e-06
1.293750047683715820e+00 3.571332354971576709e-06
1.297250032424926758e+00 3.350965730016541883e-06
1.300750017166137695e+00 5.459979357855239640e-06
1.304250001907348633e+00 6.276767346730441943e-06
1.307749986648559570e+00 6.335216535957771789e-06
1.311249971389770508e+00 2.082885991763774798e-06
1.314749956130981445e+00 2.809854943655663338e-06
1.318249940872192383e+00 5.306723439794515584e-06
1.321750044822692871e+00 1.655123877949496771e-06
1.325250029563903809e+00 3.379448361740079983e-06
1.328750014305114746e+00 4.552165171111025039e-06
1.332249999046325684e+00 2.800139010883335444e-06
1.335749983787536621e+00 3.077274283539330599e-06
1.339249968528747559e+00 3.859880744815565372e-06
1.342749953269958496e+00 5.460847299375437225e-06
1.346250057220458984e+00 3.125863666016538024e-06
1.349750041961669922e+00 4.448978832242112050e-06
1.353250026702880859e+00 3.629175436179704138e-06
1.356750011444091797e+00 3.221390973867963930e-06
1.360249996185302734e+00 6.527023270309577268e-06
1.363749980926513672e+00 1.597835592233489837e-06
1.367249965667724609e+00 2.858674698405085205e-06
1.370749950408935547e+00 4.161715542040161380e-06
1.374249935150146484e+00 2.935310814519954701e-06
1.377750039100646973e+00 3.015645672127420494e-06
1.381250023841857910e+00 5.896535783971718838e-06
1.384750008583068848e+00 3.336022442449988160e-06
1.388249993324279785e+00 3.262173044167220317e-06
1.391749978065490723e+00 2.608151169844685472e-06
1.395249962806701660e+00 4.260990194555923979e-06
1.398750066757202148e+00 4.395287872320341219e-06
1.402250051498413086e+00 2.256272546368372555e-06
1.405750036239624023e+00 4.357565947311483487e-06
1.409250020980834961e+00 4.557202657967080353e-06
1.412750005722045898e+00 4.550707765761295858e-06
1.416249990463256836e+00 1.971156097702611454e-06
1.419749975204467773e+00 9.599831801325755772e-07
1.423249959945678711e+00 1.558773777591455437e-06
1.426749944686889648e+00 4.327694528787738666e-06
1.430250048637390137e+00 2.845428211024383384e-06
1.433750033378601074e+00 3.490825129554507251e-06
1.437250018119812012e+00 5.264862444740121204e-06
1.440750002861022949e+00 3.167303722081982937e-06
1.444249987602233887e+00 1.762653104330048301e-06
1.447749972343444824e+00 2.514010348562938350e-06
1.451249957084655762e+00 2.409954308470097000e-06
1.454750061035156250e+00 4.146858305530407693e-06
1.458250045776367188e+00 2.823561401704435387e-06
1.461750030517578125e+00 1.451132868659842027e-06
1.465250015258789062e+00 2.715308069005428650e-06
1.468750000000000000e+00 4.447759568541591893e-06
1.472249984741210938e+00 3.864360816540046142e-06
1.475749969482421875e+00 5.407456163333528342e-06
1.479249954223632812e+00 1.792986100238118965e-06
1.482749938964843750e+00 2.968644720691739894e-06
1.486250042915344238e+00 4.379954844639432462e-06
1.489750027656555176e+00 3.549288805111821471e-06
1.493250012397766113e+00 4.944165578436620385e-06
1.496749997138977051e+00 5.128450789333641412e-06
1.500249981880187988e+00 2.101104509323267834e-06
1.503749966621398926e+00 2.655172210436298407e-06
1.507249951362609863e+00 4.054679732467875664e-06
1.510750055313110352e+00 3.488370238797549029e-06
1.514250040054321289e+00 6.352661289409517394e-06
1.517750024795532227e+00 1.067436999590387047e-06
1.521250009536743164e+00 3.466004439282828162e-06
1.524749994277954102e+00 2.816799405213083138e-06
1.528249979019165039e+00 4.275537709299593300e-06
1.531749963760375977e+00 1.981555115001895797e-06
1.535249948501586914e+00 2.809750633549341250e-06
1.538749933242797852e+00 6.039099265446765516e-06
1.542250037193298340e+00 2.241427355993901328e-06
1.545750021934509277e+00 3.014375000156230824e-06
1.549250006675720215e+00 6.969865789910458833e-07
1.552749991416931152e+00 3.295379197625366183e-06
1.556249976158142090e+00 4.702700802808688653e-06
1.559749960899353027e+00 1.754454642016386164e-06
1.563250064849853516e+00 1.103298275592077382e-06
1.566750049591064453e+00 6.316813839252469326e-06
1.570250034332275391e+00 1.783646578387290292e-06
1.573750019073486328e+00 9.425602703909503507e-07
1.577250003814697266e+00 3.488100530763729080e-06
1.580749988555908203e+00 3.805429369092734587e-06
1.584249973297119141e+00 2.822980578566470617e-06
1.587749958038330078e+00 2.087642332192296345e-06
1.591249942779541016e+00 3.317834708490950814e-06
1.594750046730041504e+00 3.461110994716342599e-06
1.598250031471252441e+00 0.000000000000000000e+00
1.601750016212463379e+00 3.713158601753462851e-06
1.605250000953674316e+00 3.559165693565053258e-06
1.608749985694885254e+00 1.647815476260636427e-06
1.612249970436096191e+00 2.503047606899034531e-06
1.615749955177307129e+00 1.234837773457124127e-06
1.619250059127807617e+00 4.031722475776691286e-06
1.622750043869018555e+00 1.643174319535674554e-06
1.626250028610229492e+00 1.705166667582530705e-06
1.629750013351440430e+00 1.334830241933005120e-06
1.633249998092651367e+00 1.038030009607429737e-06
1.636749982833862305e+00 4.770788221051676281e-06
1.640249967575073242e+00 0.000000000000000000e+00
1.643749952316284180e+00 4.444855748938817001e-06
1.647249937057495117e+00 1.275690327273382509e-06
1.650750041007995605e+00 6.189983234524552241e-06
1.654250025749206543e+00 1.231632866948757361e-06
1.657750010490417480e+00 3.937741828859509016e-06
1.661249995231628418e+00 2.658731190835711413e-06
1.664749979972839355e+00 1.437090026495932710e-06
1.668249964714050293e+00 1.283024135574776469e-06
1.671749949455261230e+00 1.395063289275282656e-06
1.675250053405761719e+00 1.162480120605059327e-06
1.678750038146972656e+00 3.895002018868565681e-06
1.682250022888183594e+00 1.509980934623893578e-06
1.685750007629394531e+00 2.841881195300641984e-06
1.689249992370605469e+00 1.049408962244064462e-06
1.692749977111816406e+00 1.626366235532434136e-06
1.696249961853027344e+00 2.392554617235772666e-06
1.699749946594238281e+00 5.092256490291656173e-06
1.703250050544738770e+00 4.130288577537686815e-06
1.706750035285949707e+00 1.127588400524399865e-06
1.710250020027160645e+00 5.845262607764638829e-06
1.713750004768371582e+00 2.904426026846386508e-06
1.717249989509582520e+00 0.000000000000000000e+00
1.720749974250793457e+00 1.123057065834101183e-06
1.724249958992004395e+00 9.346707540846456169e-07
1.727750062942504883e+00 4.315688808177439094e-06
1.731250047683715820e+00 2.764628350620782715e-06
1.734750032424926758e+00 1.810395833337945271e-06
1.738250017166137695e+00 4.902849879689952941e-08
1.741750001907348633e+00 1.687089877667826959e-06
1.745249986648559570e+00 3.107086075582785628e-06
1.748749971389770508e+00 0.000000000000000000e+00
1.752249956130981445e+00 4.548824531052411556e-06
1.755749940872192383e+00 3.204495825473892889e-06
1.759250044822692871e+00 0.000000000000000000e+00
1.762750029563903809e+00 5.179502480177902986e-06
1.766250014305114746e+00 5.423135220333951289e-06
1.769749999046325684e+00 3.289503068355599810e-06
1.773249983787536621e+00 3.455556369831121875e-06
1.776749968528747559e+00 0.000000000000000000e+00
1.780249953269958496e+00 0.000000000000000000e+00
1.783750057220458984e+00 0.000000000000000000e+00
1.787250041961669922e+00 2.005937098330583231e-06
1.790750026702880859e+00 1.851994071588181796e-06
1.794250011444091797e+00 1.945614812575334849e-06
1.797749996185302734e+00 5.040622907691552266e-06
1.801249980926513672e+00 1.992341641262445676e-06
1.804749965667724609e+00 1.996923710440628791e-06
1.808249950408935547e+00 3.376219300593763414e-06
1.811749935150146484e+00 6.441932578910409979e-06
1.815250039100646973e+00 2.250580791866882301e-06
1.818750023841857910e+00 5.940407695281861625e-06
1.822250008583068848e+00 6.726342843960461631e-06
1.825749993324279785e+00 2.157323779664710847e-06
1.829249978065490723e+00 5.368757895976716657e-06
1.832749962806701660e+00 4.769639763730782301e-06
1.836250066757202148e+00 2.214462110211569053e-06
1.839750051498413086e+00 0.000000000000000000e+00
1.843250036239624023e+00 6.376782119329030498e-06
1.846750020980834961e+00 2.064815999213591456e-06
1.850250005722045898e+00 3.806119549061431008e-06
1.853749990463256836e+00 0.000000000000000000e+00
1.857249975204467773e+00 4.355676322840825833e-06
1.860749959945678711e+00 3.859304160406740454e-06
1.864249944686889648e+00 5.937650412923502267e-06
1.867750048637390137e+00 2.482824267817753362e-06
1.871250033378601074e+00 4.750412180966379895e-06
1.874750018119812012e+00 0.000000000000000000e+00
1.878250002861022949e+00 5.964667564947443103e-06
1.881749987602233887e+00 0.000000000000000000e+00
1.885249972343444824e+00 2.646011080436543537e-06
1.888749957084655762e+00 0.000000000000000000e+00
1.892250061035156250e+00 0.000000000000000000e+00
1.895750045776367188e+00 5.003597578748527403e-06
1.899250030517578125e+00 4.155447272533314404e-06
1.902750015258789062e+00 2.438018651886910616e-06
1.906250000000000000e+00 2.756830654820851622e-06
1.909749984741210938e+00 4.197364500370221383e-06
1.913249969482421875e+00 5.373595156647027610e-06
1.916749954223632812e+00 1.979577687044767937e-06
1.920249938964843750e+00 2.756642115159546268e-06
1.923750042915344238e+00 0.000000000000000000e+00
1.927250027656555176e+00 2.629950696343211078e-06
1.930750012397766113e+00 6.070175391307318919e-06
1.934249997138977051e+00 2.887340206396450196e-06
1.937749981880187988e+00 2.339816985534876443e-06
1.941249966621398926e+00 0.000000000000000000e+00
1.944749951362609863e+00 7.713141285034477254e-06
1.948250055313110352e+00 0.000000000000000000e+00
1.951750040054321289e+00 0.000000000000000000e+00
1.955250024795532227e+00 2.357190176294524794e-06
1.958750009536743164e+00 1.353819691523992395e-06
1.962249994277954102e+00 2.362625657589325551e-06
1.965749979019165039e+00 4.740403568410684549e-06
1.969249963760375977e+00 2.803877421495729950e-06
1.972749948501586914e+00 5.127816811088951536e-06
1.976249933242797852e+00 0.000000000000000000e+00
1.979750037193298340e+00 4.737648308095394305e-07
1.983250021934509277e+00 2.926229770880986506e-06
1.986750006675720215e+00 0.000000000000000000e+00
1.990249991416931152e+00 2.989117886142102670e-06
1.993749976158142090e+00 0.000000000000000000e+00
1.997249960899353027e+00 0.000000000000000000e+00
2.000750064849853516e+00 6.063939835295381835e-06
2.004250049591064453e+00 0.000000000000000000e+00
2.007750034332275391e+00 0.000000000000000000e+00
2.011250019073486328e+00 2.451606617747958181e-06
2.014750003814697266e+00 0.000000000000000000e+00
2.018249988555908203e+00 0.000000000000000000e+00
2.021749973297119141e+00 3.224476798403336454e-06
2.025249958038330078e+00 1.003155889769932321e-05
2.028749942779541016e+00 3.176337449135139220e-06
2.032249927520751953e+00 0.000000000000000000e+00
2.035749912261962891e+00 0.000000000000000000e+00
2.039249897003173828e+00 6.709714351049536572e-06
2.042749881744384766e+00 6.408337213861847034e-06
2.046250104904174805e+00 0.000000000000000000e+00
2.049750089645385742e+00 3.696133971811254437e-06
2.053250074386596680e+00 0.000000000000000000e+00
2.056750059127807617e+00 0.000000000000000000e+00
2.060250043869018555e+00 0.000000000000000000e+00
2.063750028610229492e+00 3.496296257918274098e-06
2.067250013351440430e+00 3.439055558882197698e-06
2.070749998092651367e+00 3.190437527791707140e-06
2.074249982833862305e+00 3.734603611949459844e-06
2.077749967575073242e+00 0.000000000000000000e+00
2.081249952316284180e+00 3.843647399661939756e-06
2.084749937057495117e+00 1.540441042725135287e-06
2.088249921798706055e+00 0.000000000000000000e+00
2.091749906539916992e+00 0.000000000000000000e+00
2.095249891281127930e+00 1.902107696058684491e-06
2.098750114440917969e+00 0.000000000000000000e+00
2.102250099182128906e+00 6.971761114064381358e-06
2.105750083923339844e+00 3.337846483692921438e-06
2.109250068664550781e+00 4.172599573382611255e-06
2.112750053405761719e+00 0.000000000000000000e+00
2.116250038146972656e+00 1.116204157328639111e-05
2.119750022888183594e+00 0.000000000000000000e+00
2.123250007629394531e+00 0.000000000000000000e+00
2.126749992370605469e+00 0.000000000000000000e+00
2.130249977111816406e+00 3.923538605399811372e-06
2.133749961853027344e+00 0.000000000000000000e+00
2.137249946594238281e+00 0.000000000000000000e+00
2.140749931335449219e+00 0.000000000000000000e+00
2.144249916076660156e+00 0.000000000000000000e+00
2.147749900817871094e+00 0.000000000000000000e+00
2.151249885559082031e+00 0.000000000000000000e+00
2.154750108718872070e+00 3.432471488515077005e-06
2.158250093460083008e+00 0.000000000000000000e+00
2.161750078201293945e+00 0.000000000000000000e+00
2.165250062942504883e+00 1.479422237470994639e-06
2.168750047683715820e+00 5.598869382998780576e-06
2.172250032424926758e+00 8.941935208197800529e-06
2.175750017166137695e+00 3.788893548333585445e-06
2.179250001907348633e+00 0.000000000000000000e+00
2.182749986648559570e+00 0.000000000000000000e+00
2.186249971389770508e+00 8.987336708586902436e-06
2.189749956130981445e+00 0.000000000000000000e+00
2.193249940872192383e+00 0.000000000000000000e+00
2.196749925613403320e+00 0.000000000000000000e+00
2.200249910354614258e+00 0.000000000000000000e+00
2.203749895095825195e+00 0.000000000000000000e+00
2.207250118255615234e+00 4.399533011764125759e-06
2.210750102996826172e+00 8.767983907539668320e-06
2.214250087738037109e+00 0.000000000000000000e+00
2.217750072479248047e+00 0.000000000000000000e+00
2.221250057220458984e+00 0.000000000000000000e+00
2.224750041961669922e+00 3.622145523423416184e-06
2.228250026702880859e+00 3.473691352805836076e-06
2.231750011444091797e+00 5.130474746210039527e-06
2.235249996185302734e+00 0.000000000000000000e+00
2.238749980926513672e+00 1.449009568687646247e-05
2.242249965667724609e+00 9.702539249835910804e-06
2.245749950408935547e+00 0.000000000000000000e+00
2.249249935150146484e+00 0.000000000000000000e+00
2.252749919891357422e+00 0.000000000000000000e+00
2.256249904632568359e+00 0.000000000000000000e+00
2.259749889373779297e+00 4.270415282804549134e-06
2.263249874114990234e+00 0.000000000000000000e+00
2.266750097274780273e+00 0.000000000000000000e+00
2.270250082015991211e+00 0.000000000000000000e+00
2.273750066757202148e+00 0.000000000000000000e+00
2.277250051498413086e+00 0.000000000000000000e+00
2.280750036239624023e+00 5.560786684686198075e-06
2.284250020980834961e+00 0.000000000000000000e+00
2.287750005722045898e+00 0.000000000000000000e+00
2.291249990463256836e+00 0.000000000000000000e+00
2.294749975204467773e+00 0.000000000000000000e+00
2.298249959945678711e+00 5.666598245009875953e-06
2.301749944686889648e+00 0.000000000000000000e+00
2.305249929428100586e+00 5.343760903812742229e-06
2.308749914169311523e+00 0.000000000000000000e+00
2.312249898910522461e+00 0.000000000000000000e+00
2.315750122070312500e+00 0.000000000000000000e+00
2.319250106811523438e+00 5.491103950917690706e-06
2.322750091552734375e+00 0.000000000000000000e+00
2.326250076293945312e+00 0.000000000000000000e+00
2.329750061035156250e+00 0.000000000000000000e+00
2.333250045776367188e+00 0.000000000000000000e+00
2.336750030517578125e+00 0.000000000000000000e+00
2.340250015258789062e+00 0.000000000000000000e+00
2.343750000000000000e+00 0.000000000000000000e+00
2.347249984741210938e+00 0.000000000000000000e+00
2.350749969482421875e+00 5.120902089034528263e-06
2.354249954223632812e+00 0.000000000000000000e+00
2.357749938964843750e+00 5.618205581919428507e-06
2.361249923706054688e+00 4.352157007714367283e-06
2.364749908447265625e+00 0.000000000000000000e+00
2.368249893188476562e+00 0.000000000000000000e+00
2.371749877929687500e+00 0.000000000000000000e+00
2.375250101089477539e+00 0.000000000000000000e+00
2.378750085830688477e+00 6.049900321749747914e-06
2.382250070571899414e+00 5.572809095591473674e-06
2.385750055313110352e+00 0.000000000000000000e+00
2.389250040054321289e+00 0.000000000000000000e+00
2.392750024795532227e+00 0.000000000000000000e+00
2.396250009536743164e+00 0.000000000000000000e+00
2.399749994277954102e+00 6.445645163384661583e-06
2.403249979019165039e+00 6.187446312791926370e-06
2.406749963760375977e+00 0.000000000000000000e+00
2.410249948501586914e+00 0.000000000000000000e+00
2.413749933242797852e+00 0.000000000000000000e+00
2.417249917984008789e+00 0.000000000000000000e+00
2.420749902725219727e+00 0.000000000000000000e+00
2.424250125885009766e+00 0.000000000000000000e+00
2.427750110626220703e+00 0.000000000000000000e+00
2.431250095367431641e+00 0.000000000000000000e+00
2.434750080108642578e+00 0.000000000000000000e+00
2.438250064849853516e+00 0.000000000000000000e+00
2.441750049591064453e+00 7.055481106540520848e-06
2.445250034332275391e+00 0.000000000000000000e+00
2.448750019073486328e+00 0.000000000000000000e+00
2.452250003814697266e+00 0.000000000000000000e+00
2.455749988555908203e+00 7.028858497552265756e-06
2.459249973297119141e+00 0.000000000000000000e+00
2.462749958038330078e+00 0.000000000000000000e+00
2.466249942779541016e+00 0.000000000000000000e+00
2.469749927520751953e+00 0.000000000000000000e+00
2.473249912261962891e+00 0.000000000000000000e+00
2.476749897003173828e+00 6.755444440195984789e-06
2.480249881744384766e+00 0.000000000000000000e+00
2.483750104904174805e+00 0.000000000000000000e+00
2.487250089645385742e+00 0.000000000000000000e+00
2.490750074386596680e+00 0.000000000000000000e+00
2.494250059127807617e+00 0.000000000000000000e+00
2.497750043869018555e+00 7.256256224692189297e-06
2.501250028610229492e+00 0.000000000000000000e+00
2.504750013351440430e+00 0.000000000000000000e+00
2.508249998092651367e+00 0.000000000000000000e+00
2.511749982833862305e+00 4.923570918234950346e-06
2.515249967575073242e+00 7.632152981642635395e-06
2.518749952316284180e+00 0.000000000000000000e+00
2.522249937057495117e+00 0.000000000000000000e+00
2.525749921798706055e+00 1.489187925205057401e-05
2.529249906539916992e+00 0.000000000000000000e+00
2.532749891281127930e+00 0.000000000000000000e+00
2.536250114440917969e+00 0.000000000000000000e+00
2.539750099182128906e+00 0.000000000000000000e+00
2.543250083923339844e+00 0.000000000000000000e+00
2.546750068664550781e+00 0.000000000000000000e+00
2.550250053405761719e+00 0.000000000000000000e+00
2.553750038146972656e+00 0.000000000000000000e+00
2.557250022888183594e+00 0.000000000000000000e+00
2.560750007629394531e+00 0.000000000000000000e+00
2.564249992370605469e+00 8.279185056288985905e-06
2.567749977111816406e+00 8.297711552901154710e-06
2.571249961853027344e+00 0.000000000000000000e+00
2.574749946594238281e+00 0.000000000000000000e+00
2.578249931335449219e+00 0.000000000000000000e+00
2.581749916076660156e+00 0.000000000000000000e+00
2.585249900817871094e+00 0.000000000000000000e+00
2.588749885559082031e+00 0.000000000000000000e+00
2.592250108718872070e+00 0.000000000000000000e+00
2.595750093460083008e+00 0.000000000000000000e+00
2.599250078201293945e+00 0.000000000000000000e+00
2.602750062942504883e+00 0.000000000000000000e+00
2.606250047683715820e+00 0.000000000000000000e+00
2.609750032424926758e+00 0.000000000000000000e+00
2.613250017166137695e+00 0.000000000000000000e+00
2.616750001907348633e+00 0.000000000000000000e+00
2.620249986648559570e+00 0.000000000000000000e+00
2.623749971389770508e+00 0.000000000000000000e+00
2.627249956130981445e+00 8.652374822284568224e-06
2.630749940872192383e+00 7.908134450016107142e-06
2.634249925613403320e+00 0.000000000000000000e+00
2.637749910354614258e+00 0.000000000000000000e+00
2.641249895095825195e+00 0.000000000000000000e+00
2.644750118255615234e+00 0.000000000000000000e+00
2.648250102996826172e+00 0.000000000000000000e+00
2.651750087738037109e+00 6.835587759200107719e-06
2.655250072479248047e+00 8.853752094783773045e-06
2.658750057220458984e+00 0.000000000000000000e+00
2.662250041961669922e+00 0.000000000000000000e+00
2.665750026702880859e+00 0.000000000000000000e+00
2.669250011444091797e+00 0.000000000000000000e+00
2.672749996185302734e+00 0.000000000000000000e+00
2.676249980926513672e+00 0.000000000000000000e+00
2.679749965667724609e+00 0.000000000000000000e+00
2.683249950408935547e+00 0.000000000000000000e+00
2.686749935150146484e+00 0.000000000000000000e+00
2.690249919891357422e+00 0.000000000000000000e+00
2.693749904632568359e+00 0.000000000000000000e+00
2.697249889373779297e+00 0.000000000000000000e+00
2.700749874114990234e+00 0.000000000000000000e+00
2.704250097274780273e+00 0.000000000000000000e+00
2.707750082015991211e+00 0.000000000000000000e+00
2.711250066757202148e+00 0.000000000000000000e+00
2.714750051498413086e+00 0.000000000000000000e+00
2.718250036239624023e+00 9.482977511170481409e-06
2.721750020980834961e+00 0.000000000000000000e+00
2.725250005722045898e+00 0.000000000000000000e+00
2.728749990463256836e+00 0.000000000000000000e+00
2.732249975204467773e+00 0.000000000000000000e+00
2.735749959945678711e+00 0.000000000000000000e+00
2.739249944686889648e+00 0.000000000000000000e+00
2.742749929428100586e+00 0.000000000000000000e+00
2.746249914169311523e+00 0.000000000000000000e+00
2.749749898910522461e+00 0.000000000000000000e+00
2.753250122070312500e+00 0.000000000000000000e+00
2.756750106811523438e+00 0.000000000000000000e+00
2.760250091552734375e+00 0.000000000000000000e+00
2.763750076293945312e+00 0.000000000000000000e+00
2.767250061035156250e+00 0.000000000000000000e+00
2.770750045776367188e+00 0.000000000000000000e+00
2.774250030517578125e+00 0.000000000000000000e+00
2.777750015258789062e+00 0.000000000000000000e+00
2.781250000000000000e+00 0.000000000000000000e+00
2.784749984741210938e+00 0.000000000000000000e+00
2.788249969482421875e+00 0.000000000000000000e+00
2.791749954223632812e+00 0.000000000000000000e+00
2.795249938964843750e+00 0.000000000000000000e+00
2.798749923706054688e+00 0.000000000000000000e+00
2.802249908447265625e+00 0.000000000000000000e+00
2.805749893188476562e+00 0.000000000000000000e+00
2.809249877929687500e+00 0.000000000000000000e+00
2.812750101089477539e+00 0.000000000000000000e+00
2.816250085830688477e+00 0.000000000000000000e+00
2.819750070571899414e+00 1.117252547902237010e-05
2.823250055313110352e+00 0.000000000000000000e+00
2.826750040054321289e+00 0.000000000000000000e+00
2.830250024795532227e+00 0.000000000000000000e+00
2.833750009536743164e+00 0.000000000000000000e+00
2.837249994277954102e+00 0.000000000000000000e+00
2.840749979019165039e+00 1.148352495468650658e-05
2.844249963760375977e+00 0.000000000000000000e+00
2.847749948501586914e+00 0.000000000000000000e+00
2.851249933242797852e+00 0.000000000000000000e+00
2.854749917984008789e+00 0.000000000000000000e+00
2.858249902725219727e+00 0.000000000000000000e+00
2.861750125885009766e+00 0.000000000000000000e+00
2.865250110626220703e+00 0.000000000000000000e+00
2.868750095367431641e+00 0.000000000000000000e+00
2.872250080108642578e+00 0.000000000000000000e+00
2.875750064849853516e+00 0.000000000000000000e+00
2.879250049591064453e+00 0.000000000000000000e+00
2.882750034332275391e+00 0.000000000000000000e+00
2.886250019073486328e+00 0.000000000000000000e+00
2.889750003814697266e+00 0.000000000000000000e+00
2.893249988555908203e+00 0.000000000000000000e+00
2.896749973297119141e+00 0.000000000000000000e+00
2.900249958038330078e+00 0.000000000000000000e+00
2.903749942779541016e+00 0.000000000000000000e+00
2.907249927520751953e+00 0.000000000000000000e+00
2.910749912261962891e+00 0.000000000000000000e+00
2.914249897003173828e+00 1.221898626129513196e-05
2.917749881744384766e+00 0.000000000000000000e+00
2.921250104904174805e+00 0.000000000000000000e+00
2.924750089645385742e+00 0.000000000000000000e+00
2.928250074386596680e+00 0.000000000000000000e+00
2.931750059127807617e+00 0.000000000000000000e+00
2.935250043869018555e+00 0.000000000000000000e+00
2.938750028610229492e+00 0.000000000000000000e+00
2.942250013351440430e+00 1.243825907061600213e-05
2.945749998092651367e+00 0.000000000000000000e+00
2.949249982833862305e+00 0.000000000000000000e+00
2.952749967575073242e+00 0.000000000000000000e+00
2.956249952316284180e+00 0.000000000000000000e+00
2.959749937057495117e+00 0.000000000000000000e+00
2.963249921798706055e+00 0.000000000000000000e+00
2.966749906539916992e+00 0.000000000000000000e+00
2.970249891281127930e+00 0.000000000000000000e+00
2.973750114440917969e+00 0.000000000000000000e+00
2.977250099182128906e+00 0.000000000000000000e+00
2.980750083923339844e+00 0.000000000000000000e+00
2.984250068664550781e+00 0.000000000000000000e+00
2.987750053405761719e+00 0.000000000000000000e+00
2.991250038146972656e+00 0.000000000000000000e+00
2.994750022888183594e+00 0.000000000000000000e+00
2.998250007629394531e+00 0.000000000000000000e+00
