6.981379050320302843e-03 
1.282269886039411749e-02 
-3.845311584657827922e-03 
4.779421411274553319e-03 
-9.523151735738142817e-03 
2.909101537606208904e-02 
-1.135234095313562425e-01 
5.255957090207019622e-01 
-2.753556436367047944e+00 
1.595961269444032382e+01 
-1.008344627179140787e+02 
6.884666163503208054e+02 
-5.049789613348501916e+03 
3.962598260844361357e+04 
-3.315588027781029814e+05 
2.949071158743240405e+06 
-2.779421068698135018e+07 
2.765604679528419375e+08 
-2.893336689333397865e+09 
3.168102706391016769e+10 
-3.613227183723455811e+11 
4.271439535268824219e+12 
-5.209539412223542969e+13 
6.526524619048457500e+14 
-8.366186399047013000e+15 
1.093587153617890240e+17 
-1.453405938881251072e+18 
1.959072331521384038e+19 
-2.672633258867074662e+20 
3.683808280985831735e+21 
-5.122624183710758889e+22 
7.177907317909704462e+23 
