8.560489770229214729e-03 
1.450572609018319255e-02 
-4.591240684175964919e-03 
6.095931813756253967e-03 
-1.194555597980482761e-02 
3.372032329005317242e-02 
-1.202307614101344596e-01 
5.104274024375731189e-01 
-2.491695760769712997e+00 
1.367645997028387050e+01 
-8.308988547409164482e+01 
5.523000905672554381e+02 
-3.982218704379057272e+03 
3.096409361705860647e+04 
-2.588347042554786021e+05 
2.324750668592309579e+06 
-2.246235495595349371e+07 
2.338223862144012451e+08 
-2.621124494751075745e+09 
3.151820130819458389e+10 
-4.034449753142326660e+11 
5.441892794335826172e+12 
-7.652226890353590625e+13 
1.110798717585372000e+15 
-1.651120682340656000e+16 
2.497519386508916800e+17 
-3.826681971590786560e+18 
5.919318917966961050e+19 
-9.221934416727377183e+20 
1.444554125477493395e+22 
-2.272358726918696914e+23 
inf 
