-5.748448701665372695e+00 8.667165394385441748e-06
-5.740196126676213595e+00 1.011169296011634842e-05
-5.731943551687052718e+00 7.222637828654534225e-06
-5.723690976697893618e+00 1.444527565730906845e-05
-5.715438401708732741e+00 1.155622052584725510e-05
-5.707185826719573640e+00 1.444527565730906887e-06
-5.698933251730412763e+00 8.667165394385441748e-06
-5.690680676741253663e+00 4.333582697192720874e-06
-5.682428101752092786e+00 1.300074809157816177e-05
-5.674175526762933686e+00 1.444527565730906845e-05
-5.665922951773772809e+00 5.778110262923627550e-06
-5.657670376784613708e+00 8.667165394385441748e-06
-5.649417801795453720e+00 4.333582697192720874e-06
-5.641165226806293731e+00 1.300074809157816177e-05
-5.632912651817134631e+00 1.011169296011634842e-05
-5.624660076827973754e+00 8.667165394385441748e-06
-5.616407501838814653e+00 8.667165394385441748e-06
-5.608154926849653776e+00 1.733433078877088350e-05
-5.599902351860494676e+00 2.166791348596360352e-05
-5.591649776871333799e+00 8.667165394385441748e-06
-5.583397201882174699e+00 1.300074809157816177e-05
-5.575144626893013822e+00 1.300074809157816177e-05
-5.566892051903854721e+00 1.733433078877088350e-05
-5.558639476914693844e+00 1.444527565730906845e-05
-5.550386901925534744e+00 4.333582697192720874e-06
-5.542134326936373867e+00 1.300074809157816177e-05
-5.533881751947214767e+00 1.444527565730906845e-05
-5.525629176958053890e+00 1.155622052584725510e-05
-5.517376601968894789e+00 1.011169296011634842e-05
-5.509124026979733912e+00 1.300074809157816177e-05
-5.500871451990574812e+00 1.300074809157816177e-05
-5.492618877001413935e+00 1.011169296011634842e-05
-5.484366302012254835e+00 2.166791348596360352e-05
-5.476113727023093958e+00 7.222637828654534225e-06
-5.467861152033934857e+00 1.155622052584725510e-05
-5.459608577044773980e+00 1.011169296011634842e-05
-5.451356002055614880e+00 1.444527565730906845e-05
-5.443103427066454891e+00 1.444527565730906845e-05
-5.434850852077294903e+00 1.300074809157816177e-05
-5.426598277088134914e+00 1.300074809157816177e-05
-5.418345702098974925e+00 1.155622052584725510e-05
-5.410093127109815825e+00 1.588980322303997682e-05
-5.401840552120654948e+00 1.444527565730906845e-05
-5.393587977131495848e+00 1.300074809157816177e-05
-5.385335402142334971e+00 1.300074809157816177e-05
-5.377082827153175870e+00 1.300074809157816177e-05
-5.368830252164014993e+00 1.588980322303997682e-05
-5.360577677174855893e+00 1.155622052584725510e-05
-5.352325102185695016e+00 1.155622052584725510e-05
-5.344072527196535916e+00 1.155622052584725510e-05
-5.335819952207375039e+00 1.733433078877088350e-05
-5.327567377218215938e+00 1.155622052584725510e-05
-5.319314802229055061e+00 1.588980322303997682e-05
-5.311062227239895961e+00 1.011169296011634842e-05
-5.302809652250735084e+00 7.222637828654534225e-06
-5.294557077261575984e+00 2.022338592023269685e-05
-5.286304502272415107e+00 1.155622052584725510e-05
-5.278051927283256006e+00 1.588980322303997682e-05
-5.269799352294095129e+00 1.300074809157816177e-05
-5.261546777304936029e+00 1.877885835450179017e-05
-5.253294202315775152e+00 1.155622052584725510e-05
-5.245041627326616052e+00 1.300074809157816177e-05
-5.236789052337456063e+00 1.877885835450179017e-05
-5.228536477348296074e+00 1.588980322303997682e-05
-5.220283902359136086e+00 8.667165394385441748e-06
-5.212031327369976097e+00 1.733433078877088350e-05
-5.203778752380816996e+00 1.011169296011634842e-05
-5.195526177391656120e+00 2.022338592023269685e-05
-5.187273602402497019e+00 8.667165394385441748e-06
-5.179021027413336142e+00 1.588980322303997682e-05
-5.170768452424177042e+00 5.778110262923627550e-06
-5.162515877435016165e+00 1.444527565730906845e-05
-5.154263302445857065e+00 1.733433078877088350e-05
-5.146010727456696188e+00 7.222637828654534225e-06
-5.137758152467537087e+00 1.588980322303997682e-05
-5.129505577478376210e+00 1.444527565730906845e-05
-5.121253002489217110e+00 1.300074809157816177e-05
-5.113000427500056233e+00 1.300074809157816177e-05
-5.104747852510897133e+00 8.667165394385441748e-06
-5.096495277521736256e+00 1.444527565730906845e-05
-5.088242702532577155e+00 1.588980322303997682e-05
-5.079990127543416278e+00 1.300074809157816177e-05
-5.071737552554257178e+00 1.444527565730906845e-05
-5.063484977565096301e+00 1.877885835450179017e-05
-5.055232402575937201e+00 1.877885835450179017e-05
-5.046979827586776324e+00 1.877885835450179017e-05
-5.038727252597617223e+00 1.300074809157816177e-05
-5.030474677608457235e+00 1.877885835450179017e-05
-5.022222102619297246e+00 2.166791348596360352e-05
-5.013969527630137257e+00 2.744602374888723022e-05
-5.005716952640977269e+00 2.889055131461813690e-05
-4.997464377651817280e+00 2.455696861742541687e-05
-4.989211802662657291e+00 1.444527565730906845e-05
-4.980959227673498191e+00 1.011169296011634842e-05
-4.972706652684337314e+00 1.300074809157816177e-05
-4.964454077695178214e+00 1.011169296011634842e-05
-4.956201502706017337e+00 1.733433078877088350e-05
-4.947948927716858236e+00 1.155622052584725510e-05
-4.939696352727697359e+00 2.744602374888723022e-05
-4.931443777738538259e+00 5.778110262923627550e-06
-4.923191202749377382e+00 2.455696861742541687e-05
-4.914938627760218282e+00 1.011169296011634842e-05
-4.906686052771057405e+00 1.155622052584725510e-05
-4.898433477781898304e+00 1.588980322303997682e-05
-4.890180902792737427e+00 2.744602374888723022e-05
-4.881928327803578327e+00 2.022338592023269685e-05
-4.873675752814417450e+00 1.300074809157816177e-05
-4.865423177825258350e+00 1.877885835450179017e-05
-4.857170602836097473e+00 1.300074809157816177e-05
-4.848918027846938372e+00 2.600149618315632355e-05
-4.840665452857777495e+00 1.877885835450179017e-05
-4.832412877868618395e+00 2.166791348596360352e-05
-4.824160302879457518e+00 1.588980322303997682e-05
-4.815907727890298418e+00 2.022338592023269685e-05
-4.807655152901138429e+00 1.588980322303997682e-05
-4.799402577911978440e+00 1.300074809157816177e-05
-4.791150002922818452e+00 2.022338592023269685e-05
-4.782897427933658463e+00 2.022338592023269685e-05
-4.774644852944499362e+00 8.667165394385441748e-06
-4.766392277955338486e+00 1.877885835450179017e-05
-4.758139702966179385e+00 1.877885835450179017e-05
-4.749887127977018508e+00 8.667165394385441748e-06
-4.741634552987859408e+00 2.600149618315632355e-05
-4.733381977998698531e+00 1.733433078877088350e-05
-4.725129403009539431e+00 2.166791348596360352e-05
-4.716876828020378554e+00 2.600149618315632355e-05
-4.708624253031219453e+00 2.022338592023269685e-05
-4.700371678042058576e+00 2.455696861742541687e-05
-4.692119103052899476e+00 2.455696861742541687e-05
-4.683866528063738599e+00 2.744602374888723022e-05
-4.675613953074579499e+00 1.588980322303997682e-05
-4.667361378085418622e+00 3.611318914327267028e-05
-4.659108803096259521e+00 2.600149618315632355e-05
-4.650856228107098644e+00 1.733433078877088350e-05
-4.642603653117939544e+00 2.022338592023269685e-05
-4.634351078128778667e+00 2.455696861742541687e-05
-4.626098503139619567e+00 2.022338592023269685e-05
-4.617845928150459578e+00 2.744602374888723022e-05
-4.609593353161299589e+00 2.311244105169451020e-05
-4.601340778172139601e+00 2.455696861742541687e-05
-4.593088203182979612e+00 2.166791348596360352e-05
-4.584835628193819623e+00 2.311244105169451020e-05
-4.576583053204659635e+00 2.455696861742541687e-05
-4.568330478215499646e+00 2.744602374888723022e-05
-4.560077903226339657e+00 2.600149618315632355e-05
-4.551825328237180557e+00 1.877885835450179017e-05
-4.543572753248019680e+00 3.177960644607995364e-05
-4.535320178258860579e+00 2.600149618315632355e-05
-4.527067603269699703e+00 2.022338592023269685e-05
-4.518815028280540602e+00 1.733433078877088350e-05
-4.510562453291379725e+00 2.022338592023269685e-05
-4.502309878302220625e+00 2.455696861742541687e-05
-4.494057303313059748e+00 2.166791348596360352e-05
-4.485804728323900648e+00 1.733433078877088350e-05
-4.477552153334739771e+00 2.166791348596360352e-05
-4.469299578345580670e+00 2.022338592023269685e-05
-4.461047003356419793e+00 1.877885835450179017e-05
-4.452794428367260693e+00 3.322413401181085693e-05
-4.444541853378099816e+00 3.466866157754176699e-05
-4.436289278388940716e+00 1.733433078877088350e-05
-4.428036703399779839e+00 2.744602374888723022e-05
-4.419784128410620738e+00 2.022338592023269685e-05
-4.411531553421459861e+00 2.600149618315632355e-05
-4.403278978432300761e+00 3.177960644607995364e-05
-4.395026403443140772e+00 3.177960644607995364e-05
-4.386773828453980784e+00 3.611318914327267028e-05
-4.378521253464820795e+00 3.755771670900358034e-05
-4.370268678475660806e+00 2.455696861742541687e-05
-4.362016103486500818e+00 2.744602374888723022e-05
-4.353763528497340829e+00 2.455696861742541687e-05
-4.345510953508181728e+00 3.033507888034904358e-05
-4.337258378519020852e+00 3.033507888034904358e-05
-4.329005803529861751e+00 2.166791348596360352e-05
-4.320753228540700874e+00 3.611318914327267028e-05
-4.312500653551541774e+00 3.033507888034904358e-05
-4.304248078562380897e+00 2.455696861742541687e-05
-4.295995503573221797e+00 3.177960644607995364e-05
-4.287742928584060920e+00 2.455696861742541687e-05
-4.279490353594901819e+00 1.300074809157816177e-05
-4.271237778605740942e+00 2.889055131461813690e-05
-4.262985203616581842e+00 3.177960644607995364e-05
-4.254732628627420965e+00 2.744602374888723022e-05
-4.246480053638261865e+00 2.455696861742541687e-05
-4.238227478649100988e+00 3.322413401181085693e-05
-4.229974903659941887e+00 2.744602374888723022e-05
-4.221722328670781010e+00 4.044677184046539369e-05
-4.213469753681621910e+00 3.755771670900358034e-05
-4.205217178692461033e+00 2.600149618315632355e-05
-4.196964603703301933e+00 3.322413401181085693e-05
-4.188712028714141944e+00 4.189129940619629698e-05
-4.180459453724981955e+00 2.889055131461813690e-05
-4.172206878735821967e+00 4.189129940619629698e-05
-4.163954303746661978e+00 2.600149618315632355e-05
-4.155701728757501989e+00 3.755771670900358034e-05
-4.147449153768342001e+00 2.311244105169451020e-05
-4.139196578779182012e+00 2.889055131461813690e-05
-4.130944003790022023e+00 2.600149618315632355e-05
-4.122691428800862923e+00 3.755771670900358034e-05
-4.114438853811702046e+00 3.900224427473448363e-05
-4.106186278822542945e+00 3.466866157754176699e-05
-4.097933703833382069e+00 3.900224427473448363e-05
-4.089681128844222968e+00 3.900224427473448363e-05
-4.081428553855062091e+00 3.611318914327267028e-05
-4.073175978865902991e+00 2.744602374888723022e-05
-4.064923403876742114e+00 4.333582697192720704e-05
-4.056670828887583014e+00 2.744602374888723022e-05
-4.048418253898422137e+00 2.889055131461813690e-05
-4.040165678909263036e+00 4.044677184046539369e-05
-4.031913103920102159e+00 4.478035453765811033e-05
-4.023660528930943059e+00 3.900224427473448363e-05
-4.015407953941782182e+00 2.889055131461813690e-05
-4.007155378952623082e+00 3.900224427473448363e-05
-3.998902803963462649e+00 3.755771670900358034e-05
-3.990650228974302660e+00 3.033507888034904358e-05
-3.982397653985143116e+00 4.333582697192720704e-05
-3.974145078995983127e+00 5.489204749777446045e-05
-3.965892504006823138e+00 2.311244105169451020e-05
-3.957639929017663150e+00 3.322413401181085693e-05
-3.949387354028503161e+00 2.744602374888723022e-05
-3.941134779039343172e+00 2.889055131461813690e-05
-3.932882204050183184e+00 4.333582697192720704e-05
-3.924629629061023639e+00 2.166791348596360352e-05
-3.916377054071863650e+00 3.466866157754176699e-05
-3.908124479082703662e+00 4.044677184046539369e-05
-3.899871904093543673e+00 4.333582697192720704e-05
-3.891619329104383684e+00 3.177960644607995364e-05
-3.883366754115223696e+00 4.333582697192720704e-05
-3.875114179126063707e+00 4.766940966911992368e-05
-3.866861604136903718e+00 3.611318914327267028e-05
-3.858609029147743730e+00 4.044677184046539369e-05
-3.850356454158583741e+00 3.900224427473448363e-05
-3.842103879169423752e+00 4.333582697192720704e-05
-3.833851304180263764e+00 3.466866157754176699e-05
-3.825598729191103775e+00 3.900224427473448363e-05
-3.817346154201943786e+00 6.355921289215990728e-05
-3.809093579212783798e+00 3.322413401181085693e-05
-3.800841004223623809e+00 4.622488210338902040e-05
-3.792588429234463820e+00 4.189129940619629698e-05
-3.784335854245303832e+00 4.478035453765811033e-05
-3.776083279256144287e+00 4.766940966911992368e-05
-3.767830704266984299e+00 3.177960644607995364e-05
-3.759578129277824310e+00 5.200299236631264710e-05
-3.751325554288664321e+00 3.466866157754176699e-05
-3.743072979299504333e+00 4.044677184046539369e-05
-3.734820404310344344e+00 5.200299236631264710e-05
-3.726567829321184355e+00 3.900224427473448363e-05
-3.718315254332024367e+00 4.478035453765811033e-05
-3.710062679342864378e+00 4.189129940619629698e-05
-3.701810104353704389e+00 5.344751993204355716e-05
-3.693557529364544401e+00 5.489204749777446045e-05
-3.685304954375384856e+00 5.055846480058173703e-05
-3.677052379386224867e+00 4.622488210338902040e-05
-3.668799804397064879e+00 4.622488210338902040e-05
-3.660547229407904890e+00 5.200299236631264710e-05
-3.652294654418744901e+00 5.922563019496718386e-05
-3.644042079429584913e+00 4.478035453765811033e-05
-3.635789504440424924e+00 5.489204749777446045e-05
-3.627536929451264935e+00 4.044677184046539369e-05
-3.619284354462104947e+00 4.766940966911992368e-05
-3.611031779472944958e+00 2.889055131461813690e-05
-3.602779204483784969e+00 5.055846480058173703e-05
-3.594526629494624981e+00 3.900224427473448363e-05
-3.586274054505465436e+00 4.044677184046539369e-05
-3.578021479516305448e+00 5.344751993204355716e-05
-3.569768904527145459e+00 5.055846480058173703e-05
-3.561516329537985470e+00 5.200299236631264710e-05
-3.553263754548825482e+00 5.489204749777446045e-05
-3.545011179559665493e+00 4.333582697192720704e-05
-3.536758604570505504e+00 5.055846480058173703e-05
-3.528506029581345516e+00 5.344751993204355716e-05
-3.520253454592185527e+00 4.044677184046539369e-05
-3.512000879603025538e+00 4.333582697192720704e-05
-3.503748304613865550e+00 5.055846480058173703e-05
-3.495495729624705561e+00 5.778110262923627380e-05
-3.487243154635545572e+00 5.489204749777446045e-05
-3.478990579646385584e+00 6.933732315508353398e-05
-3.470738004657226039e+00 5.344751993204355716e-05
-3.462485429668066050e+00 6.355921289215990728e-05
-3.454232854678906062e+00 7.800448854946896726e-05
-3.445980279689746073e+00 6.500374045789080379e-05
-3.437727704700586084e+00 5.344751993204355716e-05
-3.429475129711426096e+00 5.489204749777446045e-05
-3.421222554722266107e+00 7.655996098373805720e-05
-3.412969979733106118e+00 6.500374045789080379e-05
-3.404717404743946130e+00 6.211468532642899722e-05
-3.396464829754786141e+00 5.055846480058173703e-05
-3.388212254765626152e+00 7.655996098373805720e-05
-3.379959679776466164e+00 8.811618150958532415e-05
-3.371707104787306619e+00 6.933732315508353398e-05
-3.363454529798146631e+00 6.067015776069808715e-05
-3.355201954808986642e+00 4.333582697192720704e-05
-3.346949379819826653e+00 5.489204749777446045e-05
-3.338696804830666665e+00 5.778110262923627380e-05
-3.330444229841506676e+00 6.211468532642899722e-05
-3.322191654852346687e+00 5.633657506350537051e-05
-3.313939079863186699e+00 8.522712637812350403e-05
-3.305686504874026710e+00 7.367090585227625062e-05
-3.297433929884866721e+00 6.211468532642899722e-05
-3.289181354895706733e+00 7.800448854946896726e-05
-3.280928779906546744e+00 7.222637828654534056e-05
-3.272676204917386755e+00 5.633657506350537051e-05
-3.264423629928227211e+00 7.511543341800716068e-05
-3.256171054939067222e+00 5.922563019496718386e-05
-3.247918479949907233e+00 8.233807124666169745e-05
-3.239665904960747245e+00 6.211468532642899722e-05
-3.231413329971587256e+00 7.222637828654534056e-05
-3.223160754982427267e+00 6.789279558935262392e-05
-3.214908179993267279e+00 7.944901611519987732e-05
-3.206655605004107290e+00 5.489204749777446045e-05
-3.198403030014947301e+00 6.211468532642899722e-05
-3.190150455025787313e+00 6.933732315508353398e-05
-3.181897880036627324e+00 8.522712637812350403e-05
-3.173645305047467335e+00 7.511543341800716068e-05
-3.165392730058307791e+00 8.956070907531622066e-05
-3.157140155069147802e+00 7.367090585227625062e-05
-3.148887580079987814e+00 8.089354368093078739e-05
-3.140635005090827825e+00 8.378259881239259396e-05
-3.132382430101667836e+00 8.956070907531622066e-05
-3.124129855112507848e+00 5.922563019496718386e-05
-3.115877280123347859e+00 6.933732315508353398e-05
-3.107624705134187870e+00 8.522712637812350403e-05
-3.099372130145027882e+00 8.667165394385441409e-05
-3.091119555155867893e+00 7.800448854946896726e-05
-3.082866980166707904e+00 7.655996098373805720e-05
-3.074614405177547916e+00 8.378259881239259396e-05
-3.066361830188387927e+00 7.222637828654534056e-05
-3.058109255199227938e+00 7.511543341800716068e-05
-3.049856680210068394e+00 7.944901611519987732e-05
-3.041604105220908405e+00 8.956070907531622066e-05
-3.033351530231748416e+00 6.789279558935262392e-05
-3.025098955242588428e+00 8.089354368093078739e-05
-3.016846380253428439e+00 7.800448854946896726e-05
-3.008593805264268450e+00 1.025614571668943841e-04
-3.000341230275108462e+00 8.811618150958532415e-05
-2.992088655285948473e+00 9.822787446970166749e-05
-2.983836080296788484e+00 1.170067328242034577e-04
-2.975583505307628496e+00 9.100523664104713073e-05
-2.967330930318468507e+00 1.112286225612798310e-04
-2.959078355329308518e+00 8.522712637812350403e-05
-2.950825780340148974e+00 8.956070907531622066e-05
-2.942573205350988985e+00 9.533881933823984737e-05
-2.934320630361828997e+00 1.112286225612798310e-04
-2.926068055372669008e+00 1.011169296011634741e-04
-2.917815480383509019e+00 9.822787446970166749e-05
-2.909562905394349031e+00 1.054505122983562043e-04
-2.901310330405189042e+00 1.068950398640871143e-04
-2.893057755416029053e+00 1.227848430871270708e-04
-2.884805180426869065e+00 1.170067328242034577e-04
-2.876552605437709076e+00 8.089354368093078739e-05
-2.868300030448549087e+00 1.271184257843198146e-04
-2.860047455459389099e+00 1.097840949955489209e-04
-2.851794880470229110e+00 1.097840949955489209e-04
-2.843542305481069565e+00 1.256738982185888909e-04
-2.835289730491909577e+00 1.357855911787052478e-04
-2.827037155502749588e+00 1.300074809157816076e-04
-2.818784580513589599e+00 1.343410636129743513e-04
-2.810532005524429611e+00 1.343410636129743513e-04
-2.802279430535269622e+00 1.343410636129743513e-04
-2.794026855546109633e+00 1.415637014416288610e-04
-2.785774280556949645e+00 1.372301187444361443e-04
-2.777521705567789656e+00 1.083395674298180108e-04
-2.769269130578629667e+00 1.502308668360143214e-04
-2.761016555589469679e+00 1.170067328242034577e-04
-2.752763980600309690e+00 1.458972841388216047e-04
-2.744511405611150145e+00 1.285629533500507111e-04
-2.736258830621990157e+00 1.328965360472434277e-04
-2.728006255632830168e+00 1.588980322303997546e-04
-2.719753680643670180e+00 1.343410636129743513e-04
-2.711501105654510191e+00 1.632316149275924713e-04
-2.703248530665350202e+00 1.545644495332070380e-04
-2.694995955676190214e+00 1.502308668360143214e-04
-2.686743380687030225e+00 1.430082290073597846e-04
-2.678490805697870236e+00 1.343410636129743513e-04
-2.670238230708710248e+00 1.632316149275924713e-04
-2.661985655719550259e+00 1.386746463101670680e-04
-2.653733080730390270e+00 1.921221662422106184e-04
-2.645480505741230282e+00 1.690097251905161115e-04
-2.637227930752070293e+00 1.921221662422106184e-04
-2.628975355762910748e+00 1.646761424933233949e-04
-2.620722780773750760e+00 1.617870873618615748e-04
-2.612470205784590771e+00 1.603425597961306512e-04
-2.604217630795430782e+00 1.747878354534397247e-04
-2.595965055806270794e+00 1.848995284135560816e-04
-2.587712480817110805e+00 1.646761424933233949e-04
-2.579459905827950816e+00 1.560089770989379345e-04
-2.571207330838790828e+00 1.675651976247851879e-04
-2.562954755849630839e+00 1.690097251905161115e-04
-2.554702180860470850e+00 2.036783867680578718e-04
-2.546449605871310862e+00 1.848995284135560816e-04
-2.538197030882150873e+00 1.935666938079415149e-04
-2.529944455892991328e+00 1.892331111107487982e-04
-2.521691880903831340e+00 2.137900797281742286e-04
-2.513439305914671351e+00 2.051229143337887683e-04
-2.505186730925511362e+00 2.065674418995196919e-04
-2.496934155936351374e+00 1.877885835450179017e-04
-2.488681580947191385e+00 2.166791348596360217e-04
-2.480429005958031397e+00 2.195681899910978418e-04
-2.472176430968871408e+00 2.094564970309814849e-04
-2.463923855979711419e+00 1.964557489394033350e-04
-2.455671280990551431e+00 1.935666938079415149e-04
-2.447418706001391442e+00 2.137900797281742286e-04
-2.439166131012231453e+00 2.701266547916795721e-04
-2.430913556023071465e+00 2.354579932141378118e-04
-2.422660981033911476e+00 2.311244105169450952e-04
-2.414408406044751931e+00 2.397915759113305285e-04
-2.406155831055591943e+00 2.426806310427923486e-04
-2.397903256066431954e+00 2.744602374888722887e-04
-2.389650681077271965e+00 2.585704342658323458e-04
-2.381398106088111977e+00 2.715711823574104957e-04
-2.373145531098951988e+00 2.499032688714469125e-04
-2.364892956109791999e+00 2.499032688714469125e-04
-2.356640381120632011e+00 2.773492926203341359e-04
-2.348387806131472022e+00 2.441251586085232722e-04
-2.340135231142312033e+00 2.643485445287559318e-04
-2.331882656153152045e+00 2.831274028832577220e-04
-2.323630081163992056e+00 2.787938201860650053e-04
-2.315377506174832511e+00 2.917945682776432095e-04
-2.307124931185672523e+00 2.614594893972941388e-04
-2.298872356196512534e+00 2.499032688714469125e-04
-2.290619781207352545e+00 3.105734266321449996e-04
-2.282367206218192557e+00 2.860164580147195692e-04
-2.274114631229032568e+00 2.975726785405667955e-04
-2.265862056239872580e+00 3.192405920265304329e-04
-2.257609481250712591e+00 3.105734266321449996e-04
-2.249356906261552602e+00 3.221296471579922259e-04
-2.241104331272392614e+00 3.033507888034904358e-04
-2.232851756283232625e+00 3.654654741299194465e-04
-2.224599181294072636e+00 3.784662222214975964e-04
-2.216346606304912648e+00 3.192405920265304329e-04
-2.208094031315753103e+00 3.452420882096867327e-04
-2.199841456326593114e+00 3.553537811698030896e-04
-2.191588881337433126e+00 3.611318914327267299e-04
-2.183336306348273137e+00 3.394639779467630925e-04
-2.175083731359113148e+00 3.553537811698030896e-04
-2.166831156369953160e+00 3.755771670900358034e-04
-2.158578581380793171e+00 4.189129940619629698e-04
-2.150326006391633182e+00 3.972450805759993866e-04
-2.142073431402473194e+00 4.752495691254683403e-04
-2.133820856413313205e+00 4.015786632731921033e-04
-2.125568281424153216e+00 3.914669703130757464e-04
-2.117315706434993228e+00 4.116903562333084601e-04
-2.109063131445833683e+00 4.434699626793884002e-04
-2.100810556456673694e+00 4.174684664962321004e-04
-2.092557981467513706e+00 3.986896081417303102e-04
-2.084305406478353717e+00 4.449144902451193239e-04
-2.076052831489193728e+00 4.665824037310829070e-04
-2.067800256500033740e+00 4.420254351136574766e-04
-2.059547681510873751e+00 4.709159864282756237e-04
-2.051295106521713763e+00 4.824722069541229042e-04
-2.043042531532553774e+00 4.738050415597374709e-04
-2.034789956543393785e+00 5.099182307030101276e-04
-2.026537381554233797e+00 5.330306717547045802e-04
-2.018284806565073808e+00 5.243635063603191470e-04
-2.010032231575913819e+00 5.518095301092064246e-04
-2.001779656586753831e+00 5.330306717547045802e-04
-1.993527081597594286e+00 5.301416166232428414e-04
-1.985274506608434297e+00 5.691438608979772912e-04
-1.977021931619274309e+00 5.185853960973955609e-04
-1.968769356630114320e+00 5.850336641210172883e-04
-1.960516781640954331e+00 6.009234673440572855e-04
-1.952264206651794343e+00 5.821446089895554411e-04
-1.944011631662634354e+00 5.705883884637081606e-04
-1.935759056673474365e+00 6.052570500412500021e-04
-1.927506481684314377e+00 6.312585462244063019e-04
-1.919253906695154388e+00 6.283694910929444547e-04
-1.911001331705994399e+00 6.442592943159844519e-04
-1.902748756716834411e+00 6.644826802362171657e-04
-1.894496181727674644e+00 6.933732315508353127e-04
-1.886243606738514877e+00 6.630381526704862962e-04
-1.877991031749354889e+00 6.702607904991407517e-04
-1.869738456760194900e+00 7.222637828654534598e-04
-1.861485881771034911e+00 7.150411450367988959e-04
-1.853233306781874923e+00 7.511543341800716068e-04
-1.844980731792714934e+00 7.439316963514170430e-04
-1.836728156803554945e+00 7.872675233233442094e-04
-1.828475581814394957e+00 7.381535860884934569e-04
-1.820223006825234968e+00 8.306033502952714842e-04
-1.811970431836074980e+00 8.537157913469659368e-04
-1.803717856846914991e+00 8.103799643750387704e-04
-1.795465281857755224e+00 9.013852010160859282e-04
-1.787212706868595458e+00 8.724946497014677812e-04
-1.778960131879435469e+00 8.147135470722314870e-04
-1.770707556890275480e+00 9.187195318048567948e-04
-1.762454981901115492e+00 8.753837048329295200e-04
-1.754202406911955503e+00 9.996130754857876499e-04
-1.745949831922795514e+00 9.244976420677803808e-04
-1.737697256933635526e+00 9.490546106852058112e-04
-1.729444681944475537e+00 9.923904376571330860e-04
-1.721192106955315548e+00 1.103619060218412849e-03
-1.712939531966155560e+00 1.027059099234674819e-03
-1.704686956976995571e+00 1.051616067852100250e-03
-1.696434381987835582e+00 1.032837209497598514e-03
-1.688181806998675594e+00 1.076173036469525680e-03
-1.679929232009515605e+00 1.132509611533030888e-03
-1.671676657020355616e+00 1.148399414756070885e-03
-1.663424082031195628e+00 1.207625044951038049e-03
-1.655171507042035639e+00 1.300074809157816076e-03
-1.646918932052875650e+00 1.181623548767881749e-03
-1.638666357063715662e+00 1.248071816791503476e-03
-1.630413782074556117e+00 1.333298943169626940e-03
-1.622161207085396573e+00 1.262517092448812604e-03
-1.613908632096236584e+00 1.343410636129743459e-03
-1.605656057107076595e+00 1.272628785408928907e-03
-1.597403482117916607e+00 1.333298943169626940e-03
-1.589150907128756618e+00 1.445972093296637789e-03
-1.580898332139596629e+00 1.438749455467983225e-03
-1.572645757150436641e+00 1.508086778623066691e-03
-1.564393182161276652e+00 1.492196975400026694e-03
-1.556140607172116663e+00 1.603425597961306674e-03
-1.547888032182956675e+00 1.672762921116390140e-03
-1.539635457193796686e+00 1.651095007630426449e-03
-1.531382882204636697e+00 1.717543275654048176e-03
-1.523130307215476709e+00 1.687208196773699268e-03
-1.514877732226316720e+00 1.775324378283284470e-03
-1.506625157237156731e+00 1.770990795586091862e-03
-1.498372582247996743e+00 1.809993039860826203e-03
-1.490120007258836754e+00 1.908220914330527925e-03
-1.481867432269676765e+00 1.953001268868186178e-03
-1.473614857280516777e+00 1.967446544525495306e-03
-1.465362282291356788e+00 1.973224654788418783e-03
-1.457109707302196799e+00 2.110454773532854846e-03
-1.448857132313036811e+00 2.035339340114847902e-03
-1.440604557323876822e+00 2.171124931293553096e-03
-1.432351982334716833e+00 2.215905285831210915e-03
-1.424099407345557289e+00 2.244795837145829170e-03
-1.415846832356397744e+00 2.400804814244767403e-03
-1.407594257367237756e+00 2.410916507204883489e-03
-1.399341682378077767e+00 2.449918751479617830e-03
-1.391089107388917778e+00 2.522145129766163469e-03
-1.382836532399757790e+00 2.689710327390948657e-03
-1.374583957410597801e+00 2.501921743845930864e-03
-1.366331382421437812e+00 2.639151862590366927e-03
-1.358078807432277824e+00 2.860164580147195584e-03
-1.349826232443117835e+00 2.972837730274206433e-03
-1.341573657453957846e+00 2.969948675142744694e-03
-1.333321082464797858e+00 2.884721548764620797e-03
-1.325068507475637869e+00 3.170738006779340746e-03
-1.316815932486477880e+00 3.141847455464722490e-03
-1.308563357497317892e+00 3.195294975396765959e-03
-1.300310782508157903e+00 3.309412653089507678e-03
-1.292058207518997914e+00 3.370082810850205928e-03
-1.283805632529837926e+00 3.580983835446918066e-03
-1.275553057540677937e+00 3.543426118737914594e-03
-1.267300482551517948e+00 3.722547536888547171e-03
-1.259047907562357960e+00 3.758660726031819773e-03
-1.250795332573197971e+00 3.803441080569477592e-03
-1.242542757584037982e+00 3.825108994055441500e-03
-1.234290182594877994e+00 4.196352578448284479e-03
-1.226037607605718005e+00 4.174684664962321004e-03
-1.217785032616558016e+00 4.257022736208982729e-03
-1.209532457627398472e+00 4.452033957582654869e-03
-1.201279882638238927e+00 4.787164352832225245e-03
-1.193027307649078939e+00 4.662934982179367006e-03
-1.184774732659918950e+00 4.927283526708123480e-03
-1.176522157670758961e+00 4.982175574205897385e-03
-1.168269582681598973e+00 5.065958173018290413e-03
-1.160017007692438984e+00 5.200299236631264303e-03
-1.151764432703278995e+00 5.396754985570667747e-03
-1.143511857714119007e+00 5.604766955035919013e-03
-1.135259282724959018e+00 5.752108766740471162e-03
-1.127006707735799029e+00 5.912451326536601569e-03
-1.118754132746639041e+00 6.159465540276586742e-03
-1.110501557757479052e+00 6.280805855797983242e-03
-1.102248982768319063e+00 6.493151407960426683e-03
-1.093996407779159075e+00 6.673717353676790129e-03
-1.085743832789999086e+00 6.943844008468469213e-03
-1.077491257800839097e+00 7.148966922802257873e-03
-1.069238682811679109e+00 7.250083852403421333e-03
-1.060986107822519120e+00 7.437872435948439560e-03
-1.052733532833359131e+00 7.609771216270417790e-03
-1.044480957844199143e+00 7.975236690400335990e-03
-1.036228382855039154e+00 8.464931535183115030e-03
-1.027975807865879165e+00 8.774060434249528889e-03
-1.019723232876719177e+00 8.581938268007318488e-03
-1.011470657887559188e+00 9.029741813383899279e-03
-1.003218082898399199e+00 9.389429177250894001e-03
-9.949655079092396548e-01 9.632109808293687001e-03
-9.867129329200801102e-01 1.047571390668053729e-02
-9.784603579309201216e-01 1.021569894484897385e-02
-9.702077829417601329e-01 1.079639902627279810e-02
-9.619552079526001442e-01 1.118786599658587282e-02
-9.537026329634401556e-01 1.135543119421065887e-02
-9.454500579742801669e-01 1.209791836299634570e-02
-9.371974829851201783e-01 1.246193930956053346e-02
-9.289449079959601896e-01 1.280284781507302731e-02
-9.206923330068002009e-01 1.329109813229007418e-02
-9.124397580176402123e-01 1.364934096859133847e-02
-9.041871830284802236e-01 1.441494057842871920e-02
-8.959346080393202350e-01 1.455505975230461831e-02
-8.876820330501602463e-01 1.555467282779040596e-02
-8.794294580610002576e-01 1.556045093805332943e-02
-8.711768830718402690e-01 1.669584960471782314e-02
-8.629243080826802803e-01 1.717832181167194480e-02
-8.546717330935202916e-01 1.723176933160398827e-02
-8.464191581043603030e-01 1.825016126544427852e-02
-8.381665831152003143e-01 1.925844150632444879e-02
-8.299140081260403257e-01 1.962390698045437046e-02
-8.216614331368803370e-01 2.075497206442166939e-02
-8.134088581477203483e-01 2.099765269546446239e-02
-8.051562831585603597e-01 2.181525529766815616e-02
-7.969037081694003710e-01 2.291454077518937510e-02
-7.886511331802408264e-01 2.359202420351717150e-02
-7.803985581910812819e-01 2.480687188629686346e-02
-7.721459832019212932e-01 2.555224811021401116e-02
-7.638934082127613046e-01 2.671509280062739008e-02
-7.556408332236013159e-01 2.784904693972615336e-02
-7.473882582344413272e-01 2.916790060723847139e-02
-7.391356832452813386e-01 3.029318758094284858e-02
-7.308831082561213499e-01 3.132313573530898232e-02
-7.226305332669613612e-01 3.263910034768983948e-02
-7.143779582778013726e-01 3.394639779467631402e-02
-7.061253832886413839e-01 3.567405276329047720e-02
-6.978728082994813953e-01 3.703624225777472218e-02
-6.896202333103214066e-01 3.882023380145239316e-02
-6.813676583211614179e-01 3.977217746726905562e-02
-6.731150833320014293e-01 4.226543204572060647e-02
-6.648625083428414406e-01 4.402920020347804442e-02
-6.566099333536814520e-01 4.572507556564612413e-02
-6.483573583645214633e-01 4.745273053426028731e-02
-6.401047833753614746e-01 5.018866574375462769e-02
-6.318522083862014860e-01 5.170397516020634743e-02
-6.235996333970414973e-01 5.447313450371249477e-02
-6.153470584078815087e-01 5.657636663941669614e-02
-6.070944834187215200e-01 5.971243598461849905e-02
-5.988419084295615313e-01 6.228225052405377687e-02
-5.905893334404015427e-01 6.629948168435143008e-02
-5.823367584512415540e-01 6.796791102277062457e-02
-5.740841834620820094e-01 7.134232741631803265e-02
-5.658316084729224649e-01 7.475141247144297119e-02
-5.575790334837624762e-01 7.906621631028118435e-02
-5.493264584946024875e-01 8.239296329415946030e-02
-5.410738835054424989e-01 8.610539913808790136e-02
-5.328213085162825102e-01 9.100379211348140485e-02
-5.245687335271225216e-01 9.535615366902862322e-02
-5.163161585379625329e-01 9.998730904476191284e-02
-5.080635835488025442e-01 1.054172881643443971e-01
-4.998110085596425556e-01 1.095385253093746625e-01
-4.915584335704825669e-01 1.158742232126704214e-01
-4.833058585813225783e-01 1.211785284340343161e-01
-4.750532835921625896e-01 1.289414195722722034e-01
-4.668007086030026009e-01 1.349737666867644736e-01
-4.585481336138426123e-01 1.425344239658000445e-01
-4.502955586246826236e-01 1.481724150548477670e-01
-4.420429836355226350e-01 1.571414867104709845e-01
-4.337904086463626463e-01 1.657335366714384195e-01
-4.255378336572026576e-01 1.747936135637026545e-01
-4.172852586680426690e-01 1.847391858537599518e-01
-4.090326836788826803e-01 1.938873789275337711e-01
-4.007801086897226917e-01 2.045479923626278840e-01
-3.925275337005627030e-01 2.163960074567527758e-01
-3.842749587114027143e-01 2.282093538893001372e-01
-3.760223837222427257e-01 2.405672872141280394e-01
-3.677698087330831811e-01 2.549995621233455134e-01
-3.595172337439236365e-01 2.701801023116116029e-01
-3.512646587547636479e-01 2.840388997772339552e-01
-3.430120837656036592e-01 2.990634309884011022e-01
-3.347595087764436705e-01 3.167516710307760608e-01
-3.265069337872836819e-01 3.351780646592394941e-01
-3.182543587981236932e-01 3.552642204607277532e-01
-3.100017838089637046e-01 3.776197290679793039e-01
-3.017492088198037159e-01 3.971685206150156744e-01
-2.934966338306437272e-01 4.204860845810439729e-01
-2.852440588414837386e-01 4.449404917413024574e-01
-2.769914838523237499e-01 4.700940502433747503e-01
-2.687389088631637613e-01 4.979922111203357593e-01
-2.604863338740037726e-01 5.256390242008596170e-01
-2.522337588848437839e-01 5.578924356884992219e-01
-2.439811838956837953e-01 5.908681109590043778e-01
-2.357286089065238066e-01 6.265262739190718966e-01
-2.274760339173638179e-01 6.632620544431745424e-01
-2.192234589282038293e-01 7.037940534100181056e-01
-2.109708839390438406e-01 7.445643994252071352e-01
-2.027183089498838520e-01 7.870465106057874527e-01
-1.944657339607238633e-01 8.322645569958619927e-01
-1.862131589715638746e-01 8.791770342205389444e-01
-1.779605839824038860e-01 9.320843008429990917e-01
-1.697080089932438973e-01 9.815897050481630082e-01
-1.614554340040839087e-01 1.038742438186306405e+00
-1.532028590149243641e-01 1.098035961176862862e+00
-1.449502840257648195e-01 1.160932135916352248e+00
-1.366977090366048309e-01 1.226204558501469144e+00
-1.284451340474448422e-01 1.289783994779549303e+00
-1.201925590582848535e-01 1.360668406957530552e+00
-1.119399840691248649e-01 1.431799833349251871e+00
-1.036874090799648762e-01 1.509482192251562882e+00
-9.543483409080488755e-02 1.584951534923173977e+00
-8.718225910164489889e-02 1.665306269822087293e+00
-7.892968411248491023e-02 1.747111310396994188e+00
-7.067710912332492157e-02 1.828153640417195192e+00
-6.242453413416493291e-02 1.913308540417032244e+00
-5.417195914500494425e-02 2.000792018852827425e+00
-4.591938415584495559e-02 2.087233992913730685e+00
-3.766680916668496693e-02 2.175396399305419504e+00
-2.941423417752497826e-02 2.260752088636893031e+00
-2.116165918836498960e-02 2.347675090377184581e+00
-1.290908419920500094e-02 2.429311121226900738e+00
-4.656509210045012281e-03 2.508104321827258953e+00
3.596065779114976380e-03 2.585299874939918752e+00
1.184864076827496504e-02 2.658572091184053132e+00
2.010121575743495370e-02 2.721172137772567723e+00
2.835379074659494236e-02 2.780821014544294201e+00
3.660636573575493102e-02 2.831733388598479895e+00
4.485894072491491968e-02 2.874822201356666884e+00
5.311151571407446426e-02 2.909274183799349434e+00
6.136409070323400883e-02 2.926947978566067032e+00
6.961666569239399749e-02 2.931335008783191753e+00
7.786924068155398615e-02 2.923718014929092668e+00
8.612181567071397481e-02 2.905311844686549350e+00
9.437439065987396347e-02 2.872034263154806588e+00
1.026269656490339521e-01 2.818108604598505984e+00
1.108795406381939408e-01 2.754520501155031553e+00
1.191321156273539295e-01 2.664653552235780154e+00
1.273846906165139181e-01 2.570559915659200279e+00
1.356372656056739068e-01 2.456172111311667017e+00
1.438898405948338954e-01 2.334837573900534036e+00
1.521424155839938841e-01 2.198900307327426695e+00
1.603949905731538728e-01 2.051483380189456529e+00
1.686475655623138614e-01 1.901178842447589723e+00
1.769001405514738501e-01 1.741557101906758831e+00
1.851527155406338387e-01 1.573624994280278022e+00
1.934052905297938274e-01 1.413275211846318768e+00
2.016578655189538161e-01 1.255750925330929135e+00
2.099104405081138047e-01 1.098165968657778713e+00
2.181630154972737934e-01 9.504745812823193196e-01
2.264155904864337820e-01 8.101878422087965825e-01
2.346681654755937707e-01 6.794826544787668787e-01
2.429207404647537594e-01 5.631086247283535462e-01
2.511733154539137480e-01 4.579657968014980707e-01
2.594258904430737367e-01 3.669865616566340694e-01
2.676784654322332813e-01 2.890716338162404031e-01
2.759310404213928258e-01 2.227952645729406878e-01
2.841836154105528145e-01 1.678049892006965305e-01
2.924361903997128032e-01 1.248360722304649728e-01
3.006887653888727918e-01 9.094890006598362053e-02
3.089413403780327805e-01 6.404746320937694526e-02
3.171939153671927691e-01 4.456078634766701824e-02
3.254464903563527578e-01 2.986994100418369213e-02
3.336990653455127465e-01 2.004715355721352690e-02
3.419516403346727351e-01 1.260783659369935431e-02
3.502042153238327238e-01 7.793226217118242108e-03
3.584567903129927124e-01 4.758273801517606989e-03
3.667093653021527011e-01 2.813939698043806462e-03
3.749619402913126898e-01 1.636649731973117538e-03
3.832145152804726784e-01 8.782727599643913672e-04
3.914670902696326671e-01 4.896948447827774139e-04
3.997196652587926557e-01 2.585704342658323458e-04
4.079722402479526444e-01 1.372301187444361443e-04
4.162248152371126331e-01 7.222637828654534056e-05
4.244773902262726217e-01 3.466866157754176699e-05
4.327299652154326104e-01 1.011169296011634842e-05
4.409825402045925991e-01 5.778110262923627550e-06
4.492351151937525877e-01 1.444527565730906887e-06
4.574876901829125764e-01 0.000000000000000000e+00
4.657402651720725650e-01 0.000000000000000000e+00
4.739928401612325537e-01 0.000000000000000000e+00
4.822454151503920983e-01 0.000000000000000000e+00
4.904979901395516428e-01 0.000000000000000000e+00
4.987505651287116315e-01 0.000000000000000000e+00
5.070031401178716202e-01 0.000000000000000000e+00
5.152557151070316088e-01 0.000000000000000000e+00
5.235082900961915975e-01 0.000000000000000000e+00
5.317608650853515861e-01 0.000000000000000000e+00
5.400134400745115748e-01 0.000000000000000000e+00
5.482660150636715635e-01 0.000000000000000000e+00
5.565185900528315521e-01 0.000000000000000000e+00
5.647711650419915408e-01 0.000000000000000000e+00
5.730237400311515295e-01 0.000000000000000000e+00
5.812763150203115181e-01 0.000000000000000000e+00
5.895288900094715068e-01 0.000000000000000000e+00
5.977814649986314954e-01 0.000000000000000000e+00
6.060340399877914841e-01 0.000000000000000000e+00
6.142866149769514728e-01 0.000000000000000000e+00
6.225391899661114614e-01 0.000000000000000000e+00
6.307917649552714501e-01 0.000000000000000000e+00
6.390443399444314387e-01 0.000000000000000000e+00
6.472969149335914274e-01 0.000000000000000000e+00
6.555494899227514161e-01 0.000000000000000000e+00
6.638020649119114047e-01 0.000000000000000000e+00
6.720546399010713934e-01 0.000000000000000000e+00
6.803072148902313820e-01 0.000000000000000000e+00
6.885597898793909266e-01 0.000000000000000000e+00
6.968123648685504712e-01 0.000000000000000000e+00
7.050649398577104598e-01 0.000000000000000000e+00
7.133175148468704485e-01 0.000000000000000000e+00
7.215700898360304372e-01 0.000000000000000000e+00
7.298226648251904258e-01 0.000000000000000000e+00
7.380752398143504145e-01 0.000000000000000000e+00
7.463278148035104032e-01 0.000000000000000000e+00
7.545803897926703918e-01 0.000000000000000000e+00
7.628329647818303805e-01 0.000000000000000000e+00
7.710855397709903691e-01 0.000000000000000000e+00
7.793381147601503578e-01 0.000000000000000000e+00
7.875906897493103465e-01 0.000000000000000000e+00
7.958432647384703351e-01 0.000000000000000000e+00
8.040958397276303238e-01 0.000000000000000000e+00
8.123484147167903124e-01 0.000000000000000000e+00
8.206009897059503011e-01 0.000000000000000000e+00
8.288535646951102898e-01 0.000000000000000000e+00
8.371061396842702784e-01 0.000000000000000000e+00
8.453587146734302671e-01 0.000000000000000000e+00
8.536112896625902557e-01 0.000000000000000000e+00
8.618638646517502444e-01 0.000000000000000000e+00
8.701164396409102331e-01 0.000000000000000000e+00
8.783690146300702217e-01 0.000000000000000000e+00
8.866215896192302104e-01 0.000000000000000000e+00
8.948741646083901990e-01 0.000000000000000000e+00
9.031267395975497436e-01 0.000000000000000000e+00
9.113793145867092882e-01 0.000000000000000000e+00
9.196318895758692769e-01 0.000000000000000000e+00
9.278844645650292655e-01 0.000000000000000000e+00
9.361370395541892542e-01 0.000000000000000000e+00
9.443896145433492428e-01 0.000000000000000000e+00
9.526421895325092315e-01 0.000000000000000000e+00
9.608947645216692202e-01 0.000000000000000000e+00
9.691473395108292088e-01 0.000000000000000000e+00
9.773999144999891975e-01 0.000000000000000000e+00
9.856524894891491861e-01 0.000000000000000000e+00
9.939050644783091748e-01 0.000000000000000000e+00
1.002157639467469163e+00 0.000000000000000000e+00
1.010410214456629152e+00 0.000000000000000000e+00
1.018662789445789141e+00 0.000000000000000000e+00
1.026915364434949129e+00 0.000000000000000000e+00
1.035167939424109118e+00 0.000000000000000000e+00
1.043420514413269107e+00 0.000000000000000000e+00
1.051673089402429095e+00 0.000000000000000000e+00
1.059925664391589084e+00 0.000000000000000000e+00
1.068178239380749073e+00 0.000000000000000000e+00
1.076430814369909061e+00 0.000000000000000000e+00
1.084683389359069050e+00 0.000000000000000000e+00
1.092935964348229039e+00 0.000000000000000000e+00
1.101188539337389027e+00 0.000000000000000000e+00
1.109441114326549016e+00 0.000000000000000000e+00
1.117693689315708561e+00 0.000000000000000000e+00
1.125946264304868105e+00 0.000000000000000000e+00
1.134198839294028094e+00 0.000000000000000000e+00
1.142451414283188083e+00 0.000000000000000000e+00
1.150703989272348071e+00 0.000000000000000000e+00
1.158956564261508060e+00 0.000000000000000000e+00
1.167209139250668049e+00 0.000000000000000000e+00
1.175461714239828037e+00 0.000000000000000000e+00
1.183714289228988026e+00 0.000000000000000000e+00
1.191966864218148014e+00 0.000000000000000000e+00
1.200219439207308003e+00 0.000000000000000000e+00
1.208472014196467992e+00 0.000000000000000000e+00
1.216724589185627980e+00 0.000000000000000000e+00
1.224977164174787969e+00 0.000000000000000000e+00
1.233229739163947958e+00 0.000000000000000000e+00
1.241482314153107946e+00 0.000000000000000000e+00
1.249734889142267935e+00 0.000000000000000000e+00
1.257987464131427924e+00 0.000000000000000000e+00
1.266240039120587912e+00 0.000000000000000000e+00
1.274492614109747901e+00 0.000000000000000000e+00
1.282745189098907890e+00 0.000000000000000000e+00
1.290997764088067878e+00 0.000000000000000000e+00
1.299250339077227867e+00 0.000000000000000000e+00
1.307502914066387856e+00 0.000000000000000000e+00
1.315755489055547844e+00 0.000000000000000000e+00
1.324008064044707389e+00 0.000000000000000000e+00
1.332260639033866934e+00 0.000000000000000000e+00
1.340513214023026922e+00 0.000000000000000000e+00
1.348765789012186911e+00 0.000000000000000000e+00
1.357018364001346900e+00 0.000000000000000000e+00
1.365270938990506888e+00 0.000000000000000000e+00
1.373523513979666877e+00 0.000000000000000000e+00
1.381776088968826866e+00 0.000000000000000000e+00
1.390028663957986854e+00 0.000000000000000000e+00
1.398281238947146843e+00 0.000000000000000000e+00
1.406533813936306831e+00 0.000000000000000000e+00
1.414786388925466820e+00 0.000000000000000000e+00
1.423038963914626809e+00 0.000000000000000000e+00
1.431291538903786797e+00 0.000000000000000000e+00
1.439544113892946786e+00 0.000000000000000000e+00
1.447796688882106775e+00 0.000000000000000000e+00
1.456049263871266763e+00 0.000000000000000000e+00
1.464301838860426752e+00 0.000000000000000000e+00
1.472554413849586741e+00 0.000000000000000000e+00
1.480806988838746729e+00 0.000000000000000000e+00
1.489059563827906718e+00 0.000000000000000000e+00
1.497312138817066707e+00 0.000000000000000000e+00
1.505564713806226695e+00 0.000000000000000000e+00
1.513817288795386684e+00 0.000000000000000000e+00
1.522069863784546673e+00 0.000000000000000000e+00
1.530322438773706661e+00 0.000000000000000000e+00
1.538575013762866206e+00 0.000000000000000000e+00
1.546827588752025751e+00 0.000000000000000000e+00
1.555080163741185739e+00 0.000000000000000000e+00
1.563332738730345728e+00 0.000000000000000000e+00
1.571585313719505717e+00 0.000000000000000000e+00
1.579837888708665705e+00 0.000000000000000000e+00
1.588090463697825694e+00 0.000000000000000000e+00
1.596343038686985683e+00 0.000000000000000000e+00
1.604595613676145671e+00 0.000000000000000000e+00
1.612848188665305660e+00 0.000000000000000000e+00
1.621100763654465649e+00 0.000000000000000000e+00
1.629353338643625637e+00 0.000000000000000000e+00
1.637605913632785626e+00 0.000000000000000000e+00
1.645858488621945614e+00 0.000000000000000000e+00
1.654111063611105603e+00 0.000000000000000000e+00
1.662363638600265592e+00 0.000000000000000000e+00
1.670616213589425580e+00 0.000000000000000000e+00
1.678868788578585569e+00 0.000000000000000000e+00
1.687121363567745558e+00 0.000000000000000000e+00
1.695373938556905546e+00 0.000000000000000000e+00
1.703626513546065535e+00 0.000000000000000000e+00
1.711879088535225524e+00 0.000000000000000000e+00
1.720131663524385512e+00 0.000000000000000000e+00
1.728384238513545501e+00 0.000000000000000000e+00
1.736636813502705490e+00 0.000000000000000000e+00
1.744889388491865034e+00 0.000000000000000000e+00
1.753141963481024579e+00 0.000000000000000000e+00
1.761394538470184568e+00 0.000000000000000000e+00
1.769647113459344556e+00 0.000000000000000000e+00
1.777899688448504545e+00 0.000000000000000000e+00
1.786152263437664534e+00 0.000000000000000000e+00
1.794404838426824522e+00 0.000000000000000000e+00
1.802657413415984511e+00 0.000000000000000000e+00
1.810909988405144500e+00 0.000000000000000000e+00
1.819162563394304488e+00 0.000000000000000000e+00
1.827415138383464477e+00 0.000000000000000000e+00
1.835667713372624466e+00 0.000000000000000000e+00
1.843920288361784454e+00 0.000000000000000000e+00
1.852172863350944443e+00 0.000000000000000000e+00
1.860425438340104431e+00 0.000000000000000000e+00
1.868678013329264420e+00 0.000000000000000000e+00
1.876930588318424409e+00 0.000000000000000000e+00
1.885183163307584397e+00 0.000000000000000000e+00
1.893435738296744386e+00 0.000000000000000000e+00
1.901688313285904375e+00 0.000000000000000000e+00
1.909940888275064363e+00 0.000000000000000000e+00
1.918193463264224352e+00 0.000000000000000000e+00
1.926446038253384341e+00 0.000000000000000000e+00
1.934698613242544329e+00 0.000000000000000000e+00
1.942951188231704318e+00 0.000000000000000000e+00
1.951203763220864307e+00 0.000000000000000000e+00
1.959456338210023851e+00 0.000000000000000000e+00
1.967708913199183396e+00 0.000000000000000000e+00
1.975961488188343385e+00 0.000000000000000000e+00
1.984214063177503373e+00 0.000000000000000000e+00
1.992466638166663362e+00 0.000000000000000000e+00
2.000719213155823351e+00 0.000000000000000000e+00
2.008971788144983339e+00 0.000000000000000000e+00
2.017224363134143328e+00 0.000000000000000000e+00
2.025476938123303317e+00 0.000000000000000000e+00
2.033729513112463305e+00 0.000000000000000000e+00
2.041982088101623294e+00 0.000000000000000000e+00
2.050234663090783283e+00 0.000000000000000000e+00
2.058487238079943271e+00 0.000000000000000000e+00
2.066739813069103260e+00 0.000000000000000000e+00
2.074992388058263248e+00 0.000000000000000000e+00
2.083244963047423237e+00 0.000000000000000000e+00
2.091497538036583226e+00 0.000000000000000000e+00
2.099750113025743214e+00 0.000000000000000000e+00
2.108002688014903203e+00 0.000000000000000000e+00
2.116255263004063192e+00 0.000000000000000000e+00
2.124507837993223180e+00 0.000000000000000000e+00
2.132760412982383169e+00 0.000000000000000000e+00
2.141012987971543158e+00 0.000000000000000000e+00
2.149265562960703146e+00 0.000000000000000000e+00
2.157518137949863135e+00 0.000000000000000000e+00
2.165770712939022680e+00 0.000000000000000000e+00
2.174023287928182224e+00 0.000000000000000000e+00
2.182275862917342213e+00 0.000000000000000000e+00
2.190528437906502202e+00 0.000000000000000000e+00
2.198781012895662190e+00 0.000000000000000000e+00
2.207033587884822179e+00 0.000000000000000000e+00
2.215286162873982168e+00 0.000000000000000000e+00
2.223538737863142156e+00 0.000000000000000000e+00
2.231791312852302145e+00 0.000000000000000000e+00
2.240043887841462134e+00 0.000000000000000000e+00
2.248296462830622122e+00 0.000000000000000000e+00
2.256549037819782555e+00 0.000000000000000000e+00
2.264801612808942544e+00 0.000000000000000000e+00
2.273054187798101644e+00 0.000000000000000000e+00
2.281306762787261633e+00 0.000000000000000000e+00
2.289559337776421621e+00 0.000000000000000000e+00
2.297811912765581610e+00 0.000000000000000000e+00
2.306064487754741599e+00 0.000000000000000000e+00
2.314317062743901587e+00 0.000000000000000000e+00
2.322569637733061576e+00 0.000000000000000000e+00
2.330822212722221565e+00 0.000000000000000000e+00
2.339074787711381553e+00 0.000000000000000000e+00
2.347327362700541542e+00 0.000000000000000000e+00
2.355579937689701531e+00 0.000000000000000000e+00
2.363832512678861519e+00 0.000000000000000000e+00
2.372085087668021508e+00 0.000000000000000000e+00
2.380337662657181497e+00 0.000000000000000000e+00
2.388590237646341485e+00 0.000000000000000000e+00
2.396842812635501474e+00 0.000000000000000000e+00
2.405095387624661463e+00 0.000000000000000000e+00
2.413347962613821451e+00 0.000000000000000000e+00
2.421600537602981440e+00 0.000000000000000000e+00
2.429853112592141429e+00 0.000000000000000000e+00
2.438105687581301417e+00 0.000000000000000000e+00
2.446358262570461406e+00 0.000000000000000000e+00
2.454610837559621395e+00 0.000000000000000000e+00
2.462863412548781383e+00 0.000000000000000000e+00
2.471115987537941372e+00 0.000000000000000000e+00
2.479368562527101361e+00 0.000000000000000000e+00
2.487621137516261349e+00 0.000000000000000000e+00
2.495873712505420450e+00 0.000000000000000000e+00
