1.870723296835426165e-03 
3.240683307147851269e-03 
-1.048291020893661607e-03 
1.205505309402915559e-03 
-2.369166934642168588e-03 
6.603071228603968508e-03 
-2.335999493916448080e-02 
9.897479868827559202e-02 
-4.852582152281981198e-01 
2.693508061051563374e+00 
-1.667245318175086410e+01 
1.137625139121347217e+02 
-8.474206418268169045e+02 
6.831914813439834688e+03 
-5.914432145640012459e+04 
5.458659225078242598e+05 
-5.335541424763947725e+06 
5.488947944889798760e+07 
-5.908075627518862486e+08 
6.615866349610896111e+09 
-7.666050154938192749e+10 
9.145769677091520996e+11 
-1.118279301459091016e+13 
1.395744014792845938e+14 
-1.772014373666573500e+15 
2.281633092598742000e+16 
-2.972107898642823680e+17 
3.908709393369651200e+18 
-5.181103085195934925e+19 
6.912490877296818258e+20 
-9.272216783231655084e+21 
1.249316205607831774e+23 
