1.465564602924489257e-02 
2.553397085389906562e-02 
-8.072110696975316399e-03 
1.144444089474901290e-02 
-2.096888893875435700e-02 
5.678648224055502652e-02 
-1.965421873721915902e-01 
8.182021762535162113e-01 
-3.938732013395702669e+00 
2.138649245986446701e+01 
-1.288081630349457782e+02 
8.505055180815102176e+02 
-6.104231047652787311e+03 
4.731066100631365407e+04 
-3.938228626862296369e+05 
3.503391180436813273e+06 
-3.313837156137157977e+07 
3.315054238302977085e+08 
-3.487066717818901539e+09 
3.833790197718260193e+10 
-4.379190808380467529e+11 
5.167587158003654297e+12 
-6.267122819141966406e+13 
7.776327620066236250e+14 
-9.834276385572788000e+15 
1.263541981765362560e+17 
-1.645080039967933440e+18 
2.165808957586350080e+19 
-2.878410984020770488e+20 
3.856495085667043246e+21 
-5.203105838459302969e+22 
7.062775671216733348e+23 
