1.361249540227295112e-03 
2.515246171630326332e-03 
-6.208266424961519795e-04 
6.066727066910833051e-04 
-1.201851449706551819e-03 
3.677654800682090327e-03 
-1.449026915924090525e-02 
6.756099371576243517e-02 
-3.576076815711651258e-01 
2.098914280228771467e+00 
-1.344864874454803960e+01 
9.299231339576010669e+01 
-6.877803694982903835e+02 
5.404271633914925587e+03 
-4.488053102526231669e+04 
3.923095955759373610e+05 
-3.596550184020353481e+06 
3.445612842442703992e+07 
-3.436117126176668406e+08 
3.551515048324298382e+09 
-3.787097206573438263e+10 
4.147004887755901489e+11 
-4.642824326840288086e+12 
5.293161677097050000e+13 
-6.123884942935532500e+14 
7.168884694848100000e+15 
-8.471309977338657600e+16 
1.008526409694482688e+18 
-1.207801428573460070e+19 
1.453279527538336891e+20 
-1.755230048229921653e+21 
2.126302152688861289e+22 
