5.647898788160722605e-03 
1.056810309989292089e-02 
-2.457254053003045391e-03 
2.302961583884814267e-03 
-3.294572380724931134e-03 
7.597260331889905960e-03 
-2.399119966295651038e-02 
9.480295104228161907e-02 
-4.432979265406535863e-01 
2.370398910122844427e+00 
-1.417062012353368949e+01 
9.315477583956582919e+01 
-6.644378477414379631e+02 
5.083064270616907379e+03 
-4.128435828867521923e+04 
3.527842486997281667e+05 
-3.146749313739443664e+06 
2.909945415188181773e+07 
-2.773715541493678689e+08 
2.711924758400258541e+09 
-2.708721696852554321e+10 
2.754551872562942505e+11 
-2.843901923751690918e+12 
2.973983208037158984e+13 
-3.143955716733221875e+14 
3.354458808340424500e+15 
-3.607337500785663200e+16 
3.905487010601176960e+17 
-4.252777830937413632e+18 
4.654036096533957018e+19 
-5.115067357260175770e+20 
5.642709362120749744e+21 
