3.753767344771048384e-03 
7.008020444886522808e-03 
-1.705922605493772866e-03 
1.689212883226391595e-03 
-3.134730197117635217e-03 
9.606620919062908853e-03 
-3.915953575312260820e-02 
1.905578567864021633e-01 
-1.051165702408751512e+00 
6.402918884575767855e+00 
-4.242149847716345334e+01 
3.026581751535277363e+02 
-2.307794472004107774e+03 
1.868705609663825089e+04 
-1.597420775719473022e+05 
1.433370675184556516e+06 
-1.342617812203774601e+07 
1.305862907547576874e+08 
-1.312339654195906878e+09 
1.356601164381879807e+10 
-1.436795137598338928e+11 
1.553757656308397949e+12 
-1.710576933537719922e+13 
1.912458151909265938e+14 
-2.166796567443587750e+15 
2.483419499963987200e+16 
-2.874982153286490880e+17 
3.357526530111613952e+18 
-3.951217421071602483e+19 
4.681289708294123028e+20 
-5.579256952212992033e+21 
6.684431997987751513e+22 
