8.794776069302474159e-03 
1.595210918484091592e-02 
-1.112621839377030825e-03 
2.357200762469788963e-02 
4.438517297767952813e-02 
3.209816916754719696e-01 
8.901151236350034468e-01 
6.064213101377825765e+00 
1.650566244678077510e+01 
1.360426964374993020e+02 
2.534635784980275446e+02 
3.747036097229907682e+03 
-1.001155366818847597e+03 
1.431885764221144200e+05 
-5.572256176108506043e+05 
8.519916348785817623e+06 
-6.575221122457619011e+07 
7.678884092535724640e+08 
-7.946138779037809372e+09 
9.403314469522918701e+10 
-1.128839279756344971e+12 
1.439703563691270898e+13 
-1.900708029248486250e+14 
2.605515861080472500e+15 
-3.677466359656304800e+16 
5.324582375404485760e+17 
-7.870976621280731136e+18 
1.183626937684885996e+20 
-1.804889611385420906e+21 
2.783630792787309992e+22 
-4.332836138065843307e+23 
inf 
