4.611656025664196031e-03 
8.342266818120737046e-03 
-2.522971332243632066e-03 
2.752894558550959044e-03 
-4.877982785734511634e-03 
1.274949889819235876e-02 
-4.312192986756728519e-02 
1.760908534373915590e-01 
-8.322438481720073611e-01 
4.428994323975097736e+00 
-2.604842824189977435e+01 
1.670991816840018203e+02 
-1.157985125012050275e+03 
8.603869976063358990e+03 
-6.809881497575774847e+04 
5.706975516954890918e+05 
-5.033568365673083812e+06 
4.644230426333490759e+07 
-4.455687472447105050e+08 
4.419717375284160614e+09 
-4.508946872875850677e+10 
4.709155661194368286e+11 
-5.015018032470613281e+12 
5.427746093082537500e+13 
-5.953833564378885000e+14 
6.604485420127691000e+15 
-7.395496061125816000e+16 
8.347455827068202240e+17 
-9.486232122236901376e+18 
1.084369607737643008e+20 
-1.245869134010633159e+21 
1.437827686425915136e+22 
