1.394960638454749999e-03 
2.524190990379533098e-03 
-7.257982675200406715e-04 
7.229964346053827703e-04 
-1.293169956214705553e-03 
3.388229124079620690e-03 
-1.142434173706781235e-02 
4.617743773615555491e-02 
-2.144371289218301724e-01 
1.113539060596481001e+00 
-6.353847206268920189e+00 
3.940825573234118195e+01 
-2.642162788524303210e+02 
1.912551544080939721e+03 
-1.496813936537407972e+04 
1.268491324971021822e+05 
-1.162488163588899188e+06 
1.145050283938325383e+07 
-1.199652838005331755e+08 
1.320109567273623705e+09 
-1.507172996806047440e+10 
1.766926583210920410e+11 
-2.110178412167503662e+12 
2.552473303523009375e+13 
-3.114546538358541250e+14 
3.823145990156816000e+15 
-4.712214681648083200e+16 
5.824450711834990080e+17 
-7.213325123802503168e+18 
8.945618076984918016e+19 
-1.110461349694064951e+21 
1.379408916943169231e+22 
