1.390132649572730977e-03 
2.537727957461835115e-03 
-7.651891662147097426e-04 
8.615062900898938936e-04 
-1.833595321561986603e-03 
5.742707487679542255e-03 
-2.268582335927494392e-02 
1.049630351261923861e-01 
-5.470757110629083098e-01 
3.142571628099141812e+00 
-1.962187421624451389e+01 
1.319035064564763502e+02 
-9.478452078269219783e+02 
7.240324726287552039e+03 
-5.852147364016337087e+04 
4.984684024233361706e+05 
-4.456845390163421631e+06 
4.166275309919752926e+07 
-4.054796712465541363e+08 
4.090510191514850616e+09 
-4.258257300052198029e+10 
4.554494626830460815e+11 
-4.984616995106473633e+12 
5.561733885391247656e+13 
-6.306380455543373750e+14 
7.246898782833073000e+15 
-8.420366450175163200e+16 
9.874046645736654080e+17 
-1.166736336295968358e+19 
1.387448714681739346e+20 
-1.658760934079643255e+21 
1.992108480282348225e+22 
