1.515258482101161305e-03 
2.753870871197871065e-03 
-8.588713735787239286e-04 
1.004748747828343057e-03 
-2.201440322487121896e-03 
7.032054061039103715e-03 
-2.822701373757675880e-02 
1.326056948372152655e-01 
-7.032834061419582783e-01 
4.128106528149092291e+00 
-2.648303616257064519e+01 
1.839140838200353869e+02 
-1.370698223746101576e+03 
1.087225937073703608e+04 
-9.104786105043726275e+04 
7.991131914233632851e+05 
-7.304306009599676356e+06 
6.916862882660438120e+07 
-6.757603664131011963e+08 
6.789240362015766144e+09 
-6.996683102632086182e+10 
7.381011213567708740e+11 
-7.956692678536257812e+12 
8.750835109034987500e+13 
-9.803877079846150000e+14 
1.117146529960315800e+16 
-1.292747507084783840e+17 
1.516826615094243840e+18 
-1.801837401038624154e+19 
2.163797588470124380e+20 
-2.623255320779809096e+21 
3.206530842951092797e+22 
