7.001800447569731141e-03 
1.275869226954106858e-02 
-3.678688686497651097e-03 
4.161058006759000942e-03 
-7.147644994962333749e-03 
1.850634879611898209e-02 
-6.264336296641598301e-02 
2.580754184813793262e-01 
-1.238701985120587823e+00 
6.735067492102490228e+00 
-4.070094471685858650e+01 
2.698246533505159732e+02 
-1.945172868797408455e+03 
1.516145440038992638e+04 
-1.272769163727784908e+05 
1.147095027858196758e+06 
-1.105942437458624691e+07 
1.135317415447044969e+08 
-1.233640738805363417e+09 
1.409314862827291107e+10 
-1.680852359603184204e+11 
2.078981629936952637e+12 
-2.650782132683289844e+13 
3.466361900866745000e+14 
-4.629049636242853000e+15 
6.290643008274266400e+16 
-8.674070857914944000e+17 
1.210699093169452237e+19 
-1.707159997316418109e+20 
2.427834117168162669e+21 
-3.477528952026778776e+22 
5.011010595599503998e+23 
