1.819853174732704096e-02 
3.218580343931167626e-02 
-2.505058520039998154e-03 
5.635777098439839067e-02 
1.100914176435136976e-01 
8.579084299840097350e-01 
2.779511807047219119e+00 
1.939031474007561329e+01 
7.064709965655647750e+01 
5.283106454752050922e+02 
1.873190509950704836e+03 
1.666762006459943950e+04 
4.713771823040784511e+04 
6.170683316328149522e+05 
6.637963756629397394e+05 
2.878917479957340285e+07 
-6.294361666714407504e+07 
1.889034941266594410e+09 
-1.220128693176029778e+10 
1.815173825907208252e+11 
-1.810128103125696289e+12 
2.348011019803432812e+13 
-2.810360818778315938e+14 
3.659877128071047000e+15 
-4.758615144585907200e+16 
6.394111278274671360e+17 
-8.695054518922787840e+18 
1.202820288238374093e+20 
-1.682861667300563747e+21 
2.380540346205810459e+22 
-3.397323164810796755e+23 
4.886759859244792981e+24 
