1.421834598762239041e-02 
2.572557254801454904e-02 
-1.756934067155574214e-03 
3.956094113326523443e-02 
7.455203308195354484e-02 
5.542961880581062095e-01 
1.611243959460640474e+00 
1.099425407761918372e+01 
3.280850166613523555e+01 
2.567687409243562797e+02 
6.097247223250876687e+02 
7.089043568616964876e+03 
5.285937134746734046e+03 
2.517103322638074169e+05 
-5.782725944752235664e+05 
1.291410795972991921e+07 
-7.879653167193792760e+07 
9.820741137231504917e+08 
-8.923030626224996567e+09 
1.015418143214607697e+11 
-1.104876285555917969e+12 
1.304350981436142773e+13 
-1.569190286550105625e+14 
1.968475218765953000e+15 
-2.536268022256443200e+16 
3.359960131933342720e+17 
-4.551709655852999680e+18 
6.289868773801034547e+19 
-8.837939701799265239e+20 
1.259682029824808636e+22 
-1.817272868362442276e+23 
2.648791934421081124e+24 
