7.750458757914286019e-03 
1.391539359785767295e-02 
-3.988703177994477357e-03 
4.878537110972157309e-03 
-8.833285556930832796e-03 
2.381230510846711265e-02 
-8.262039630337031371e-02 
3.447583439897881075e-01 
-1.660545923559202164e+00 
8.989398667007902688e+00 
-5.368542469695016450e+01 
3.489344705981968673e+02 
-2.443765761986020607e+03 
1.830520904126329333e+04 
-1.458135309427022003e+05 
1.229289257037980016e+06 
-1.092007330998388119e+07 
1.017600576371670961e+08 
-9.901078265582829714e+08 
1.001001778058926773e+10 
-1.046450456813133545e+11 
1.125892608574914062e+12 
-1.241332454334237305e+13 
1.397060776795646719e+14 
-1.599656484493955250e+15 
1.858200897431370400e+16 
-2.184678483641902080e+17 
2.594566046502349312e+18 
-3.107635439669420442e+19 
3.749001848736983286e+20 
-4.550478135383264068e+21 
5.552312586367571014e+22 
