4.322243870522895007e-03 
7.855559910775839969e-03 
-2.322657430703246612e-03 
2.476545953206877714e-03 
-4.330815899941131177e-03 
1.128259664236025590e-02 
-3.840148962650581643e-02 
1.591682983859202261e-01 
-7.698672783581388401e-01 
4.226439683396354674e+00 
-2.582591057041196336e+01 
1.730553171972238715e+02 
-1.256055600493742531e+03 
9.768703232164405563e+03 
-8.062289009401420481e+04 
7.000142143230180955e+05 
-6.345643275963515975e+06 
5.966576172187834233e+07 
-5.787126057527199984e+08 
5.763660964268630981e+09 
-5.871975129707634735e+10 
6.100362777367722168e+11 
-6.445778348252493164e+12 
6.911733029631456250e+13 
-7.507199071322995000e+14 
8.246154336559330000e+15 
-9.147546100679468800e+16 
1.023558697665216384e+18 
-1.154030032226007654e+19 
1.309831850281095660e+20 
-1.495392411443682345e+21 
1.716034841011403778e+22 
