5.719653799513995697e-03 
1.012934302870212473e-02 
-3.564719178510286027e-03 
5.561410595037704144e-03 
-1.105699077155983430e-02 
4.082878226309102215e-02 
-1.456307969938983315e-01 
7.270649738743083512e-01 
-3.624712110143143207e+00 
2.157166465864832361e+01 
-1.349891471661960338e+02 
9.387018430290298738e+02 
-6.978078740253578871e+03 
5.602274397594496986e+04 
-4.799462436593912425e+05 
4.380266450403281488e+06 
-4.233878077220796049e+07 
4.315898453237650394e+08 
-4.616673510392462730e+09 
5.156961804644387817e+10 
-5.985459594152166748e+11 
7.183327279029868164e+12 
-8.872893990949348438e+13 
1.123218125533472125e+15 
-1.451660745245468200e+16 
1.909077718433440640e+17 
-2.547450780385465344e+18 
3.440925110844064973e+19 
-4.695383341199163392e+20 
6.462264704222950851e+21 
-8.958508791381954553e+22 
1.249538972131328751e+24 
