7.727899751616378390e-03 
1.415547337362114966e-02 
-4.125115322558029277e-03 
6.670493295043187360e-03 
-1.121918612919897348e-02 
4.661398099206641443e-02 
-1.425638803742281246e-01 
8.009257277325833035e-01 
-3.604278907220280992e+00 
2.271030123961434199e+01 
-1.338909100478229846e+02 
9.338720943469947997e+02 
-6.619256081894216550e+03 
5.134996509583761508e+04 
-4.158496197200260358e+05 
3.578839336851043627e+06 
-3.233153489463935792e+07 
3.078687724434160590e+08 
-3.086236622396796703e+09 
3.265515670666080856e+10 
-3.652500837936803589e+11 
4.322487869482041504e+12 
-5.404550173274706250e+13 
7.111056825913971250e+14 
-9.784657965939596000e+15 
1.397507038999777440e+17 
-2.056242440583261696e+18 
3.095556820683406541e+19 
-4.741033761615539732e+20 
7.354060719995134935e+21 
-1.151382347438849262e+23 
inf 
