2.985864218399302949e-03 
5.414872967385549532e-03 
-1.506318922727855692e-03 
1.557192576711274867e-03 
-2.796908864664559864e-03 
7.508220747339115417e-03 
-2.605131515887625440e-02 
1.085928717485273171e-01 
-5.227110541286069667e-01 
2.839443683861856638e+00 
-1.715497468215976085e+01 
1.140548363278084025e+02 
-8.266617147662242360e+02 
6.469707085476450629e+03 
-5.412678407843090099e+04 
4.791583116933720303e+05 
-4.445046786459401250e+06 
4.284068363680888712e+07 
-4.258465624489806294e+08 
4.340025751178524971e+09 
-4.513685722976078796e+10 
4.772773919558023682e+11 
-5.116376526764650391e+12 
5.547903687021278906e+13 
-6.074328054996143750e+14 
6.705851412253612000e+15 
-7.455847383532312000e+16 
8.341001282810024960e+17 
-9.381612006987427840e+18 
1.060203003512807260e+20 
-1.203123536650269622e+21 
1.370355141295787842e+22 
