8.628006650894332052e-03 
1.608607778342171363e-02 
-3.607029822009649896e-03 
3.944067525079071254e-03 
-6.162320820471435361e-03 
1.643430996104466163e-02 
-6.001822096771345511e-02 
2.685276576893061429e-01 
-1.382172042948837998e+00 
7.919336031258352726e+00 
-4.959559360347780910e+01 
3.357931767297076817e+02 
-2.440009893875851503e+03 
1.892070774241492472e+04 
-1.557727412760139268e+05 
1.354694990313354647e+06 
-1.237930580629988387e+07 
1.182236600758780241e+08 
-1.173620635245430708e+09 
1.204833833913212013e+10 
-1.273014826727997589e+11 
1.378453679761865723e+12 
-1.523986777797871680e+13 
1.714778430382209062e+14 
-1.958361687945712500e+15 
2.264882727012079200e+16 
-2.647523989531062400e+17 
3.123109624474428416e+18 
-3.712917414736439706e+19 
4.443726720339897876e+20 
-5.349157158797134791e+21 
6.471370245240327766e+22 
