3.093556501138978315e-03 
5.686655800056217118e-03 
-6.036445258080448597e-04 
6.197408470178042070e-03 
9.142891728647010996e-03 
7.227351384231969766e-02 
1.472970175026464268e-01 
1.189549224926426341e+00 
1.833739739736452767e+00 
2.472056521619733260e+01 
-2.514450883035885820e+00 
7.080919056060878347e+02 
-2.179339377633622462e+03 
3.104909872365614865e+04 
-1.977002707936033257e+05 
2.026240506949254312e+06 
-1.745017852791143954e+07 
1.741507705033548772e+08 
-1.717123556602868795e+09 
1.789847960967602158e+10 
-1.902147376568800659e+11 
2.082466349089244629e+12 
-2.327018559699162109e+13 
2.652807562404967812e+14 
-3.074227700813543500e+15 
3.614793714033006400e+16 
-4.303552623265114240e+17 
5.179136971293934592e+18 
-6.291166077918373478e+19 
7.703885724889738117e+20 
-9.500103513189784748e+21 
1.178669139578304825e+23 
