5.288339053823893493e-02 
9.377750887886132647e-02 
-2.166993039914804492e-02 
5.561376276559729798e-02 
-8.446585857472613257e-02 
2.215543276012909291e-01 
-7.168096257552084571e-01 
2.870234767216931271e+00 
-1.346092185734588220e+01 
7.180042984956027396e+01 
-4.264098425959809902e+02 
2.778483579897407708e+03 
-1.965500066182762748e+04 
1.497532933844785730e+05 
-1.221262873695397517e+06 
1.060534056820403971e+07 
-9.762117381340846419e+07 
9.484679884037963152e+08 
-9.686422243864944458e+09 
1.035538835053418274e+11 
-1.154015976893853027e+12 
1.334957890533103906e+13 
-1.596307637584356250e+14 
1.965149662488945500e+15 
-2.481049559505616800e+16 
3.201071346595495040e+17 
-4.207141621197716992e+18 
5.616768740815939174e+19 
-7.598598025055700255e+20 
1.039497371916810846e+22 
-1.435470086644917170e+23 
1.998059270739428244e+24 
