1.003818764619345688e-01 0.000000000000000000e+00
1.011485459784472879e-01 0.000000000000000000e+00
1.019210709558087680e-01 0.000000000000000000e+00
1.026994961152724595e-01 0.000000000000000000e+00
1.034838665196517182e-01 0.000000000000000000e+00
1.042742275759283854e-01 0.000000000000000000e+00
1.050706250378814766e-01 0.000000000000000000e+00
1.058731050087358544e-01 0.000000000000000000e+00
1.066817139438310941e-01 0.000000000000000000e+00
1.074964986533107902e-01 0.000000000000000000e+00
1.083175063048323894e-01 0.000000000000000000e+00
1.091447844262976724e-01 0.000000000000000000e+00
1.099783809086041647e-01 0.000000000000000000e+00
1.108183440084175297e-01 0.000000000000000000e+00
1.116647223509651676e-01 0.000000000000000000e+00
1.125175649328510052e-01 0.000000000000000000e+00
1.133769211248920050e-01 0.000000000000000000e+00
1.142428406749761566e-01 0.000000000000000000e+00
1.151153737109424230e-01 0.000000000000000000e+00
1.159945707434826001e-01 0.000000000000000000e+00
1.168804826690653942e-01 0.000000000000000000e+00
1.177731607728827179e-01 0.000000000000000000e+00
1.186726567318187042e-01 0.000000000000000000e+00
1.195790226174411192e-01 0.000000000000000000e+00
1.204923108990159364e-01 0.000000000000000000e+00
1.214125744465446438e-01 0.000000000000000000e+00
1.223398665338249064e-01 0.000000000000000000e+00
1.232742408415345714e-01 0.000000000000000000e+00
1.242157514603392660e-01 0.000000000000000000e+00
1.251644528940235868e-01 0.000000000000000000e+00
1.261204000626464650e-01 0.000000000000000000e+00
1.270836483057203870e-01 0.000000000000000000e+00
1.280542533854148735e-01 0.000000000000000000e+00
1.290322714897847722e-01 0.000000000000000000e+00
1.300177592360227119e-01 0.000000000000000000e+00
1.310107736737369521e-01 0.000000000000000000e+00
1.320113722882536866e-01 0.000000000000000000e+00
1.330196130039449920e-01 0.000000000000000000e+00
1.340355541875820067e-01 0.000000000000000000e+00
1.350592546517138115e-01 0.000000000000000000e+00
1.360907736580721228e-01 0.000000000000000000e+00
1.371301709210017705e-01 0.000000000000000000e+00
1.381775066109176553e-01 0.000000000000000000e+00
1.392328413577879620e-01 0.000000000000000000e+00
1.402962362546441299e-01 0.000000000000000000e+00
1.413677528611173018e-01 0.000000000000000000e+00
1.424474532070021393e-01 0.000000000000000000e+00
1.435353997958477290e-01 0.000000000000000000e+00
1.446316556085757710e-01 0.000000000000000000e+00
1.457362841071265513e-01 0.000000000000000000e+00
1.468493492381329202e-01 0.000000000000000000e+00
1.479709154366219692e-01 0.000000000000000000e+00
1.491010476297450760e-01 0.000000000000000000e+00
1.502398112405367581e-01 0.000000000000000000e+00
1.513872721917017827e-01 0.000000000000000000e+00
1.525434969094315862e-01 0.000000000000000000e+00
1.537085523272495868e-01 0.000000000000000000e+00
1.548825058898858631e-01 0.000000000000000000e+00
1.560654255571816418e-01 0.000000000000000000e+00
1.572573798080234009e-01 0.000000000000000000e+00
1.584584376443071152e-01 0.000000000000000000e+00
1.596686685949328388e-01 0.000000000000000000e+00
1.608881427198295411e-01 0.000000000000000000e+00
1.621169306140110011e-01 0.000000000000000000e+00
1.633551034116623724e-01 0.000000000000000000e+00
1.646027327902583326e-01 0.000000000000000000e+00
1.658598909747124317e-01 0.000000000000000000e+00
1.671266507415579139e-01 0.000000000000000000e+00
1.684030854231611252e-01 0.000000000000000000e+00
1.696892689119663122e-01 0.000000000000000000e+00
1.709852756647735894e-01 0.000000000000000000e+00
1.722911807070489909e-01 0.000000000000000000e+00
1.736070596372676911e-01 0.000000000000000000e+00
1.749329886312905313e-01 0.000000000000000000e+00
1.762690444467736595e-01 0.000000000000000000e+00
1.776153044276120585e-01 0.000000000000000000e+00
1.789718465084169652e-01 0.000000000000000000e+00
1.803387492190275665e-01 0.000000000000000000e+00
1.817160916890568911e-01 0.000000000000000000e+00
1.831039536524727285e-01 0.000000000000000000e+00
1.845024154522134641e-01 0.000000000000000000e+00
1.859115580448389149e-01 0.000000000000000000e+00
1.873314630052169971e-01 0.000000000000000000e+00
1.887622125312461430e-01 0.000000000000000000e+00
1.902038894486135501e-01 0.000000000000000000e+00
1.916565772155901515e-01 0.000000000000000000e+00
1.931203599278616956e-01 0.000000000000000000e+00
1.945953223233973239e-01 0.000000000000000000e+00
1.960815497873548141e-01 0.000000000000000000e+00
1.975791283570236256e-01 0.000000000000000000e+00
1.990881447268055271e-01 0.000000000000000000e+00
2.006086862532332482e-01 0.000000000000000000e+00
2.021408409600277400e-01 0.000000000000000000e+00
2.036846975431935991e-01 0.000000000000000000e+00
2.052403453761537377e-01 0.000000000000000000e+00
2.068078745149232178e-01 0.000000000000000000e+00
2.083873757033224972e-01 0.000000000000000000e+00
2.099789403782307273e-01 0.000000000000000000e+00
2.115826606748788530e-01 0.000000000000000000e+00
2.131986294321833453e-01 0.000000000000000000e+00
2.148269401981205418e-01 0.000000000000000000e+00
2.164676872351422587e-01 0.000000000000000000e+00
2.181209655256325375e-01 0.000000000000000000e+00
2.197868707774061070e-01 0.000000000000000000e+00
2.214654994292489798e-01 0.000000000000000000e+00
2.231569486565012084e-01 0.000000000000000000e+00
2.248613163766823297e-01 0.000000000000000000e+00
2.265787012551598312e-01 0.000000000000000000e+00
2.283092027108608313e-01 0.000000000000000000e+00
2.300529209220272819e-01 0.000000000000000000e+00
2.318099568320156068e-01 0.000000000000000000e+00
2.335804121551398604e-01 0.000000000000000000e+00
2.353643893825602684e-01 0.000000000000000000e+00
2.371619917882162865e-01 0.000000000000000000e+00
2.389733234348050406e-01 0.000000000000000000e+00
2.407984891798055638e-01 0.000000000000000000e+00
2.426375946815489959e-01 0.000000000000000000e+00
2.444907464053350243e-01 0.000000000000000000e+00
2.463580516295952316e-01 0.000000000000000000e+00
2.482396184521032390e-01 0.000000000000000000e+00
2.501355557962327558e-01 0.000000000000000000e+00
2.520459734172627586e-01 0.000000000000000000e+00
2.539709819087314635e-01 0.000000000000000000e+00
2.559106927088385386e-01 0.000000000000000000e+00
2.578652181068959992e-01 0.000000000000000000e+00
2.598346712498288968e-01 0.000000000000000000e+00
2.618191661487251354e-01 0.000000000000000000e+00
2.638188176854358025e-01 0.000000000000000000e+00
2.658337416192252944e-01 0.000000000000000000e+00
2.678640545934727890e-01 0.000000000000000000e+00
2.699098741424248438e-01 0.000000000000000000e+00
2.719713186979990649e-01 0.000000000000000000e+00
2.740485075966404560e-01 0.000000000000000000e+00
2.761415610862294479e-01 0.000000000000000000e+00
2.782506003330433297e-01 0.000000000000000000e+00
2.803757474287703610e-01 0.000000000000000000e+00
2.825171253975775620e-01 0.000000000000000000e+00
2.846748582032325170e-01 0.000000000000000000e+00
2.868490707562799669e-01 0.000000000000000000e+00
2.890398889212724143e-01 0.000000000000000000e+00
2.912474395240567393e-01 0.000000000000000000e+00
2.934718503591156602e-01 0.000000000000000000e+00
2.957132501969662597e-01 0.000000000000000000e+00
2.979717687916139113e-01 0.000000000000000000e+00
3.002475368880643813e-01 0.000000000000000000e+00
3.025406862298920529e-01 0.000000000000000000e+00
3.048513495668665474e-01 0.000000000000000000e+00
3.071796606626379655e-01 0.000000000000000000e+00
3.095257543024800828e-01 0.000000000000000000e+00
3.118897663010932186e-01 0.000000000000000000e+00
3.142718335104664473e-01 0.000000000000000000e+00
3.166720938277997055e-01 0.000000000000000000e+00
3.190906862034871283e-01 0.000000000000000000e+00
3.215277506491602821e-01 0.000000000000000000e+00
3.239834282457938475e-01 0.000000000000000000e+00
3.264578611518724749e-01 0.000000000000000000e+00
3.289511926116204799e-01 0.000000000000000000e+00
3.314635669632940984e-01 0.000000000000000000e+00
3.339951296475371922e-01 0.000000000000000000e+00
3.365460272158006805e-01 0.000000000000000000e+00
3.391164073388266975e-01 0.000000000000000000e+00
3.417064188151969217e-01 0.000000000000000000e+00
3.443162115799464074e-01 0.000000000000000000e+00
3.469459367132436967e-01 0.000000000000000000e+00
3.495957464491361577e-01 0.000000000000000000e+00
3.522657941843635454e-01 0.000000000000000000e+00
3.549562344872373987e-01 0.000000000000000000e+00
3.576672231065893826e-01 0.000000000000000000e+00
3.603989169807875204e-01 0.000000000000000000e+00
3.631514742468208712e-01 0.000000000000000000e+00
3.659250542494547620e-01 0.000000000000000000e+00
3.687198175504546316e-01 0.000000000000000000e+00
3.715359259378811507e-01 0.000000000000000000e+00
3.743735424354559527e-01 0.000000000000000000e+00
3.772328313119991394e-01 0.000000000000000000e+00
3.801139580909387861e-01 0.000000000000000000e+00
3.830170895598929426e-01 0.000000000000000000e+00
3.859423937803250215e-01 0.000000000000000000e+00
3.888900400972727933e-01 0.000000000000000000e+00
3.918601991491514891e-01 0.000000000000000000e+00
3.948530428776324541e-01 0.000000000000000000e+00
3.978687445375965748e-01 0.000000000000000000e+00
4.009074787071638113e-01 0.000000000000000000e+00
4.039694212977997800e-01 0.000000000000000000e+00
4.070547495644989411e-01 0.000000000000000000e+00
4.101636421160458901e-01 0.000000000000000000e+00
4.132962789253552538e-01 0.000000000000000000e+00
4.164528413398899120e-01 0.000000000000000000e+00
4.196335120921593775e-01 0.000000000000000000e+00
4.228384753102979454e-01 0.000000000000000000e+00
4.260679165287238890e-01 0.000000000000000000e+00
4.293220226988802568e-01 0.000000000000000000e+00
4.326009822000570493e-01 0.000000000000000000e+00
4.359049848502964952e-01 0.000000000000000000e+00
4.392342219173819284e-01 0.000000000000000000e+00
4.425888861299096533e-01 0.000000000000000000e+00
4.459691716884466306e-01 0.000000000000000000e+00
4.493752742767720409e-01 0.000000000000000000e+00
4.528073910732057783e-01 0.000000000000000000e+00
4.562657207620228750e-01 0.000000000000000000e+00
4.597504635449554122e-01 0.000000000000000000e+00
4.632618211527818053e-01 0.000000000000000000e+00
4.667999968570054614e-01 0.000000000000000000e+00
4.703651954816218117e-01 0.000000000000000000e+00
4.739576234149754375e-01 0.000000000000000000e+00
4.775774886217079018e-01 0.000000000000000000e+00
4.812250006547968972e-01 0.000000000000000000e+00
4.849003706676870973e-01 0.000000000000000000e+00
4.886038114265137677e-01 0.000000000000000000e+00
4.923355373224197473e-01 0.000000000000000000e+00
4.960957643839665199e-01 0.000000000000000000e+00
4.998847102896398775e-01 0.000000000000000000e+00
5.037025943804516182e-01 0.000000000000000000e+00
5.075496376726369441e-01 0.000000000000000000e+00
5.114260628704487832e-01 0.000000000000000000e+00
5.153320943790506981e-01 0.000000000000000000e+00
5.192679583175066060e-01 0.000000000000000000e+00
5.232338825318720854e-01 0.000000000000000000e+00
5.272300966083831586e-01 0.000000000000000000e+00
5.312568318867476602e-01 0.000000000000000000e+00
5.353143214735371913e-01 0.000000000000000000e+00
5.394028002556814361e-01 0.000000000000000000e+00
5.435225049140661735e-01 0.000000000000000000e+00
5.476736739372339846e-01 0.000000000000000000e+00
5.518565476351910970e-01 0.000000000000000000e+00
5.560713681533180353e-01 0.000000000000000000e+00
5.603183794863880740e-01 0.000000000000000000e+00
5.645978274926913842e-01 0.000000000000000000e+00
5.689099599082683145e-01 0.000000000000000000e+00
5.732550263612503638e-01 0.000000000000000000e+00
5.776332783863111775e-01 0.000000000000000000e+00
5.820449694392276774e-01 0.000000000000000000e+00
5.864903549115527692e-01 0.000000000000000000e+00
5.909696921454001828e-01 0.000000000000000000e+00
5.954832404483410002e-01 0.000000000000000000e+00
6.000312611084158698e-01 0.000000000000000000e+00
6.046140174092602404e-01 0.000000000000000000e+00
6.092317746453459471e-01 0.000000000000000000e+00
6.138848001373393704e-01 0.000000000000000000e+00
6.185733632475765020e-01 0.000000000000000000e+00
6.232977353956554722e-01 0.000000000000000000e+00
6.280581900741497581e-01 0.000000000000000000e+00
6.328550028644405190e-01 0.000000000000000000e+00
6.376884514526697245e-01 0.000000000000000000e+00
6.425588156458151845e-01 0.000000000000000000e+00
6.474663773878889250e-01 0.000000000000000000e+00
6.524114207762584661e-01 0.000000000000000000e+00
6.573942320780932214e-01 0.000000000000000000e+00
6.624150997469364643e-01 0.000000000000000000e+00
6.674743144394041927e-01 0.000000000000000000e+00
6.725721690320105584e-01 0.000000000000000000e+00
6.777089586381226383e-01 0.000000000000000000e+00
6.828849806250443244e-01 0.000000000000000000e+00
6.881005346312309978e-01 0.000000000000000000e+00
6.933559225836360973e-01 0.000000000000000000e+00
6.986514487151883612e-01 0.000000000000000000e+00
7.039874195824046277e-01 0.000000000000000000e+00
7.093641440831359724e-01 0.000000000000000000e+00
7.147819334744500708e-01 0.000000000000000000e+00
7.202411013906493409e-01 0.000000000000000000e+00
7.257419638614276414e-01 0.000000000000000000e+00
7.312848393301645267e-01 0.000000000000000000e+00
7.368700486723602783e-01 0.000000000000000000e+00
7.424979152142111571e-01 0.000000000000000000e+00
7.481687647513268757e-01 0.000000000000000000e+00
7.538829255675907337e-01 0.000000000000000000e+00
7.596407284541633054e-01 0.000000000000000000e+00
7.654425067286326767e-01 0.000000000000000000e+00
7.712885962543096774e-01 0.000000000000000000e+00
7.771793354596711056e-01 0.000000000000000000e+00
7.831150653579508347e-01 0.000000000000000000e+00
7.890961295668817987e-01 0.000000000000000000e+00
7.951228743285869704e-01 0.000000000000000000e+00
8.011956485296237718e-01 0.000000000000000000e+00
8.073148037211809180e-01 0.000000000000000000e+00
8.134806941394295832e-01 0.000000000000000000e+00
8.196936767260303291e-01 4.773047857651277514e-05
8.259541111487957998e-01 2.255025531315037451e-04
8.322623598225118435e-01 1.256122302312132066e-03
8.386187879299183967e-01 4.539083234797710968e-03
8.450237634428487965e-01 1.480614834983094708e-02
8.514776571435325181e-01 4.293062145979652938e-02
8.579808426460586723e-01 1.058887186207914388e-01
8.645336964180048156e-01 2.292324955595081981e-01
8.711365978022310719e-01 4.463891506608257398e-01
8.777899290388395670e-01 7.764275637769000316e-01
8.844940752873023948e-01 1.241214239775528361e+00
8.912494246487583371e-01 1.829544496141365606e+00
8.980563681884800031e-01 2.520348649838851873e+00
9.049152999585122759e-01 3.266331869190585824e+00
9.118266170204843979e-01 4.014674271864378419e+00
9.187907194685952517e-01 4.709697092422779896e+00
9.258080104527748322e-01 5.312337520042860639e+00
9.328788962020224673e-01 5.795774184512772820e+00
9.400037860479233398e-01 6.132027908540656824e+00
9.471830924483448655e-01 6.323265469381483150e+00
9.544172310113129276e-01 6.387929485772047222e+00
9.617066205190725192e-01 6.326548096512730979e+00
9.690516829523299069e-01 6.168178213621258621e+00
9.764528435146813123e-01 5.920489724930697584e+00
9.839105306572277776e-01 5.619738203936941900e+00
9.914251761033785471e-01 5.278218483185539434e+00
9.989972148738428537e-01 4.916221340169984799e+00
1.006627085311812886e+00 4.542601637532831305e+00
1.014315229108340155e+00 4.169622691647846935e+00
1.022062091327904820e+00 3.809254072949241454e+00
1.029868120434179746e+00 3.466053183676197413e+00
1.037733768315991956e+00 3.139297202779570473e+00
1.045659490313482376e+00 2.838412925929021391e+00
1.053645745244466525e+00 2.560512112274466290e+00
1.061692995430993491e+00 2.300084000725474809e+00
1.069801706726111412e+00 2.069203801073484783e+00
1.077972348540833902e+00 1.855505478663247221e+00
1.086205393871315206e+00 1.665595322118695432e+00
1.094501319326231403e+00 1.495719112313698362e+00
1.102860605154371676e+00 1.340439135730777886e+00
1.111283735272438733e+00 1.202449327205343810e+00
1.119771197293064180e+00 1.076908452134257344e+00
1.128323482553034385e+00 9.637263942177523024e-01
1.136941086141734836e+00 8.669243518370101098e-01
1.145624506929811659e+00 7.796692177548820712e-01
1.154374247598049186e+00 7.022336727412891166e-01
1.163190814666471562e+00 6.310132697297615723e-01
1.172074718523663961e+00 5.695901623670173164e-01
1.181026473456318726e+00 5.145397646107098266e-01
1.190046597679009999e+00 4.635013323652105721e-01
1.199135613364188391e+00 4.200099698788169467e-01
1.208294046672413469e+00 3.790334813626304866e-01
1.217522427782810501e+00 3.439128184968067159e-01
1.226821290923763907e+00 3.119253779706868124e-01
1.236191174403842963e+00 2.827158065650086649e-01
1.245632620642964428e+00 2.572003050709744110e-01
1.255146176203792763e+00 2.330940641475569008e-01
1.264732391823380597e+00 2.128787210080708703e-01
1.274391822445051226e+00 1.933283699905473663e-01
1.284125027250524465e+00 1.777785197028851627e-01
1.293932569692285650e+00 1.620385661226253771e-01
1.303815017526205322e+00 1.486414744655191744e-01
1.313772942844406266e+00 1.355501946278876158e-01
1.323806922108381467e+00 1.241023939342814214e-01
1.333917536182366304e+00 1.142265449004250949e-01
1.344105370366962093e+00 1.042420253355570703e-01
1.354371014433021658e+00 9.689248062228641989e-02
1.364715062655789790e+00 8.865480384887763909e-02
1.375138113849305288e+00 8.236057090734198727e-02
1.385640771401068339e+00 7.552133547741142483e-02
1.396223643306966578e+00 7.002746975638822480e-02
1.406887342206475600e+00 6.484593984333535122e-02
1.417632485418122146e+00 5.977812022953450655e-02
1.428459694975221517e+00 5.557550078580828640e-02
1.439369597661886768e+00 5.139203656999025843e-02
1.450362825049312576e+00 4.785244284267080317e-02
1.461440013532337545e+00 4.447586373877553817e-02
1.472601804366283851e+00 4.129443222627010579e-02
1.483848843704080878e+00 3.859065378125535462e-02
1.495181782633669076e+00 3.597384422224503275e-02
1.506601277215691814e+00 3.322222544054439369e-02
1.518107988521476326e+00 3.092861990855390666e-02
1.529702582671299993e+00 2.928324617638090530e-02
1.541385730872953275e+00 2.698809276166923635e-02
1.553158109460597069e+00 2.528872601281602003e-02
1.565020399933912287e+00 2.380324700784804473e-02
1.576973288997555844e+00 2.220154162374425935e-02
1.589017468600909977e+00 2.032353394000712202e-02
1.601153635978140644e+00 1.952808556008038543e-02
1.613382493688560348e+00 1.813516945935683342e-02
1.625704749657298942e+00 1.722879517857561771e-02
1.638121117216285949e+00 1.604861464101873386e-02
1.650632315145542872e+00 1.519987085772880192e-02
1.663239067714795461e+00 1.416243192513724249e-02
1.675942104725400839e+00 1.323993255508381685e-02
1.688742161552594379e+00 1.243675322168953656e-02
1.701639979188063201e+00 1.196299061685802793e-02
1.714636304282838086e+00 1.108115008894347379e-02
1.727731889190519565e+00 1.042017518760544187e-02
1.740927492010831301e+00 9.809277637826685492e-03
1.754223876633505208e+00 9.442302175711654935e-03
1.767621812782504076e+00 8.753202318390388564e-03
1.781122076060578596e+00 8.218157063060295073e-03
1.794725447994169887e+00 7.850923152779670094e-03
1.808432716078648639e+00 7.343701408305438293e-03
1.822244673823904648e+00 6.935334762577230125e-03
1.836162120800284292e+00 6.689502569236109586e-03
1.850185862684873506e+00 6.230507670700483579e-03
1.864316711308142471e+00 5.919421733022982822e-03
1.878555484700939138e+00 5.624237010630396549e-03
1.892903007141845784e+00 5.226590116220800053e-03
1.907360109204898402e+00 4.984117746802334097e-03
1.921927627807664241e+00 4.755432057570651780e-03
1.936606406259693713e+00 4.595638271607027647e-03
1.951397294311338904e+00 4.276885386027377833e-03
1.966301148202944216e+00 4.108043897695707290e-03
1.981318830714416501e+00 3.776471727748810861e-03
1.996451211215167332e+00 3.663962270074493793e-03
2.011699165714443627e+00 3.500622074860511995e-03
2.027063576912038645e+00 3.382751921939348896e-03
2.042545334249390443e+00 3.226913570519579586e-03
2.058145333961072687e+00 3.030406382027601205e-03
2.073864479126675597e+00 2.893376784807961694e-03
2.089703679723088570e+00 2.708830081605255718e-03
2.105663852677174930e+00 2.611350256569332316e-03
2.121745921918852140e+00 2.475741430651424730e-03
2.137950818434581013e+00 2.394714636103432558e-03
2.154279480321258600e+00 2.292217152136826613e-03
2.170732852840524529e+00 2.148509280411561428e-03
2.187311888473481680e+00 2.036980308544050419e-03
2.204017546975835184e+00 1.973226699081336456e-03
2.220850795433451541e+00 1.877793871191182776e-03
2.237812608318344942e+00 1.778182898956473176e-03
2.254903967545088150e+00 1.739715512121558019e-03
2.272125862527654583e+00 1.632650100847886495e-03
2.289479290236696052e+00 1.484186206720659222e-03
2.306965255257257041e+00 1.468968755859786186e-03
2.324584769846928634e+00 1.386248160747025797e-03
2.342338853994450965e+00 1.413850385036537509e-03
2.360228535478756218e+00 1.335453449390855375e-03
2.378254849928468584e+00 1.225310051578789704e-03
2.396418840881856305e+00 1.185934426102350486e-03
2.414721559847241572e+00 1.122354827764517841e-03
2.433164066363873168e+00 1.122972571997278828e-03
2.451747428063260070e+00 1.024938090435548784e-03
2.470472720730979344e+00 1.022279965402916532e-03
2.489341028368951214e+00 9.616471840446908816e-04
2.508353443258192428e+00 9.136991301505408654e-04
2.527511066022048780e+00 9.025360276594011433e-04
2.546815005689907707e+00 8.193315369001448597e-04
2.566266379761402039e+00 7.691969032830818899e-04
2.585866314271100030e+00 8.021370524267054138e-04
2.605615943853691441e+00 7.714284784162097524e-04
2.625516411809674544e+00 7.123763541620101820e-04
2.645568870171534748e+00 6.916961379451544304e-04
2.665774479770441019e+00 6.640766293090573282e-04
2.686134410303444575e+00 6.141286295228519506e-04
2.706649840401191387e+00 5.944109389355103652e-04
2.727321957696154264e+00 5.697611125107119104e-04
2.748151958891383195e+00 5.666217463689366069e-04
2.769141049829782819e+00 5.187469563577558427e-04
2.790290445563917920e+00 5.367381479211774057e-04
2.811601370426352720e+00 4.936579855577603957e-04
2.833075058100528398e+00 4.872472449000229554e-04
2.854712751692177974e+00 4.515941615127406139e-04
2.876515703801291846e+00 4.673220018054200127e-04
2.898485176594628676e+00 4.323497104409413229e-04
2.920622441878783171e+00 4.162398212292472543e-04
2.942928781173810293e+00 4.173055046092659153e-04
2.965405485787410811e+00 3.740931866989328277e-04
2.988053856889687943e+00 3.958946741981057512e-04
3.010875205588466663e+00 3.600295661103449537e-04
3.033870853005199208e+00 3.496064111494603163e-04
3.057042130351439457e+00 3.218172970022044723e-04
3.080390379005908841e+00 3.280225599223899995e-04
3.103916950592149782e+00 3.457355315630852789e-04
3.127623207056766663e+00 3.025551953779992398e-04
3.151510520748272093e+00 2.843585938251827288e-04
3.175580274496530464e+00 2.609663738653867911e-04
3.199833861692807702e+00 2.540816791131520749e-04
3.224272686370440510e+00 2.628216827500725120e-04
3.248898163286108698e+00 2.285536556758025709e-04
3.273711718001736770e+00 2.340140862462700806e-04
3.298714786967021251e+00 2.464691828578945447e-04
3.323908817602584165e+00 2.243297202469439271e-04
3.349295268383767343e+00 2.175141064197554184e-04
3.374875608925059112e+00 1.977669629950289782e-04
3.400651320065169791e+00 1.911725860952016734e-04
3.426623893952761790e+00 1.774179219954163738e-04
3.452794834132823176e+00 1.710649984263747667e-04
3.479165655633714493e+00 1.751748853293327943e-04
3.505737885054867498e+00 1.814236651502574107e-04
3.532513060655161574e+00 1.796040837740113115e-04
3.559492732441974283e+00 1.615070244119776177e-04
3.586678462260907807e+00 1.463576074082460505e-04
3.614071823886209955e+00 1.417470613550243428e-04
3.641674403111871072e+00 1.406815656891004652e-04
3.669487797843431487e+00 1.404698923840848942e-04
3.697513618190481299e+00 1.313393341039011586e-04
3.725753486559869376e+00 1.282710950217243000e-04
3.754209037749625999e+00 1.185172834307816154e-04
3.782881919043597829e+00 1.296528579633908279e-04
3.811773790306809850e+00 1.249523298860791525e-04
3.840886324081555170e+00 1.109270545880357826e-04
3.870221205684216237e+00 1.129483678770596018e-04
3.899780133302832574e+00 1.193087873515665437e-04
3.929564818095400369e+00 1.020294856696466249e-04
3.959576984288936341e+00 1.036486314530175949e-04
3.989818369279292121e+00 9.069257245814346148e-05
4.020290723731728910e+00 9.859443271298906858e-05
4.050995811682269299e+00 8.160203990278120235e-05
4.081935410639808026e+00 9.519204454967798539e-05
4.113111311689019445e+00 8.152140435225039379e-05
4.144525319594036361e+00 8.277728436523589125e-05
4.176179252902931793e+00 7.764523527830833032e-05
4.208074944052993871e+00 7.783250599246930147e-05
4.240214239476800984e+00 7.315470850259427830e-05
4.272598999709120271e+00 8.287226465443415277e-05
4.305231099494601921e+00 6.766889064873955056e-05
4.338112427896314571e+00 7.007400330358748604e-05
4.371244888405103168e+00 6.020306837941951023e-05
4.404630399049775491e+00 6.403542484007660363e-05
4.438270892508145771e+00 6.636002926955153968e-05
4.472168316218908757e+00 6.061104392263138034e-05
4.506324632494379756e+00 5.804976512301299440e-05
4.540741818634090876e+00 5.312407984328352308e-05
4.575421867039255019e+00 6.778005250160362835e-05
4.610366785328114503e+00 5.843877183224702588e-05
4.645578596452149434e+00 5.766371769783541334e-05
4.681059338813191140e+00 4.652208962458196598e-05
4.716811066381425555e+00 4.883863886537487741e-05
4.752835848814294550e+00 4.614279730759904567e-05
4.789135771576313871e+00 5.200791837793181989e-05
4.825712936059790792e+00 4.285842098442691330e-05
4.862569459706477915e+00 4.960228406249371882e-05
4.899707476130153339e+00 4.251520886256579442e-05
4.937129135240129862e+00 3.682183916821496359e-05
4.974836603365720755e+00 4.188174349521704026e-05
5.012832063381637226e+00 3.937844285185564504e-05
5.051117714834363781e+00 3.752916306437772802e-05
5.089695774069483036e+00 3.755232519478637112e-05
5.128568474359980200e+00 3.909709870385405197e-05
5.167738066035535205e+00 3.547443577211523727e-05
5.207206816612779399e+00 3.008806455006686427e-05
5.246977010926572760e+00 3.075475305729772377e-05
5.287050951262264320e+00 3.435968433420289912e-05
5.327430957488979324e+00 3.382351349805076636e-05
5.368119367193910918e+00 2.480447941383633918e-05
5.409118535817638573e+00 2.230337445739317636e-05
5.450430836790491895e+00 2.729216397387137228e-05
5.492058661669943831e+00 3.222795733202719762e-05
5.534004420279054592e+00 3.001054887405909676e-05
5.576270540845982282e+00 3.091425798347848843e-05
5.618859470144546009e+00 2.369672563782573450e-05
5.661773673635872584e+00 2.684427749012031772e-05
5.705015635611118796e+00 2.443868773122890469e-05
5.748587859335287931e+00 2.289885160154145853e-05
5.792492867192146733e+00 2.056547802815408227e-05
5.836733200830237500e+00 2.442619255831897685e-05
5.881311421310018162e+00 1.865243483724416103e-05
5.926230109252122347e+00 2.114521692869507778e-05
5.971491864986748332e+00 2.360985194461308928e-05
6.017099308704191074e+00 1.796781513731023969e-05
6.063055080606527092e+00 2.092821266025438981e-05
6.109361841060454879e+00 1.614943255889933095e-05
6.156022270751298819e+00 1.424759140089766255e-05
6.203039070838196167e+00 1.717149967922454340e-05
6.250414963110467070e+00 1.680431725722081007e-05
6.298152690145174759e+00 1.666254761004153155e-05
6.346255015465900762e+00 1.555504694728503112e-05
6.394724723702712943e+00 1.518588964049752201e-05
6.443564620753374328e+00 1.702048747391240156e-05
6.492777533945774948e+00 1.399718586997746997e-05
6.542366312201600920e+00 1.388777121982572598e-05
6.592333826201270064e+00 1.140547914725849260e-05
6.642682968550095879e+00 1.391523670158352801e-05
6.693416653945753581e+00 1.732444204717673115e-05
6.744537819347007357e+00 1.370613321535000317e-05
6.796049424143726370e+00 1.245282429193968113e-05
6.847954450328215259e+00 9.157586411401046533e-06
6.900255902667822738e+00 1.384770608144936615e-05
6.952956808878900219e+00 1.216646516811863730e-05
7.006060219802071387e+00 1.207629634181190487e-05
7.059569209578839377e+00 1.242601022590231312e-05
7.113486875829561740e+00 9.030208107149097528e-06
7.167816339832755901e+00 9.619169453442196299e-06
7.222560746705797285e+00 9.109721540758426521e-06
7.277723265586987011e+00 9.471045676349338120e-06
7.333307089819009583e+00 1.089701684555087299e-05
7.389315437133804565e+00 6.782624789728356965e-06
7.445751549838826477e+00 9.685704131387426225e-06
7.502618695004750649e+00 8.559988079306622382e-06
7.559920164654601038e+00 9.533690406111118034e-06
7.617659275954320464e+00 8.020466664231616820e-06
7.675839371404808986e+00 8.574393341139463024e-06
7.734463819035411802e+00 9.924587758652486929e-06
7.793536012598893947e+00 8.044645488983545719e-06
7.853059371767910690e+00 7.581482893361734582e-06
7.913037342332964741e+00 1.009681345562631717e-05
7.973473396401889346e+00 7.268895825842263704e-06
8.034371032600834184e+00 6.629239047734468905e-06
8.095733776276818006e+00 6.581622257508996885e-06
8.157565179701792957e+00 6.719292946776424933e-06
8.219868822278293408e+00 5.531834158887588619e-06
8.282648310746649756e+00 5.295828201870138623e-06
8.345907279393774303e+00 5.445328801642288946e-06
8.409649390263549407e+00 7.079083754434819126e-06
8.473878333368830340e+00 5.178535842942174917e-06
8.538597826905046873e+00 6.601969095959992284e-06
8.603811617465460415e+00 5.099314251868582903e-06
8.669523480258041204e+00 6.502137736997205597e-06
8.735737219324033020e+00 6.277663954298970816e-06
8.802456667758143283e+00 4.451246254357649619e-06
8.869685687930459750e+00 5.124289798273549982e-06
8.937428171710028124e+00 5.961270820427816463e-06
9.005688040690165153e+00 4.696332792257347016e-06
9.074469246415468149e+00 4.833018548256341904e-06
9.143775770610570675e+00 4.113091995761213611e-06
9.213611625410646155e+00 3.741004230474494880e-06
9.283980853593664762e+00 3.880861328119315480e-06
9.354887528814433750e+00 6.363137779122471691e-06
9.426335755840423047e+00 3.823119819518083338e-06
9.498329670789374291e+00 4.781131440738226027e-06
9.570873441368757284e+00 5.891710319054559629e-06
9.643971267117024126e+00 4.222188938140649288e-06
9.717627379646726737e+00 2.900629025580779110e-06
9.791846042889485346e+00 2.399777018230515512e-06
9.866631553342816829e+00 3.495781962090500021e-06
9.941988240318867298e+00 4.095286516015691491e-06
1.001792046619502941e+01 3.284234987191508862e-06
1.009443262666647811e+01 3.413524716814738854e-06
1.017152915100063915e+01 3.081776675331690969e-06
1.024921450229360431e+01 2.903721246127403103e-06
1.032749317772848840e+01 3.032696153160258752e-06
1.040636970883577561e+01 3.310762767312809545e-06
1.048584866175564301e+01 2.837388109265150212e-06
1.056593463750229134e+01 1.334102036972815688e-06
1.064663227223031328e+01 2.502674682167689700e-06
1.072794623750306187e+01 2.482008959986541508e-06
1.080988124056310262e+01 3.622734016639741325e-06
1.089244202460468713e+01 2.733426819178240654e-06
1.097563336904835118e+01 2.995946306946899856e-06
1.105946008981760897e+01 2.549264019348701778e-06
1.114392703961772924e+01 2.527350888211404469e-06
1.122903910821665363e+01 3.067369367974162432e-06
1.131480122272806810e+01 3.322784199914750840e-06
1.140121834789663069e+01 2.058191752343724896e-06
1.148829548638539144e+01 2.453362709315484436e-06
1.157603767906538295e+01 2.571017800173472152e-06
1.166445000530744025e+01 2.820378095699061352e-06
1.175353758327623055e+01 1.730825310824180768e-06
1.184330557022655483e+01 1.852930159053526451e-06
1.193375916280191262e+01 2.756095387969589785e-06
1.202490359733531022e+01 1.954275553528750380e-06
1.211674415015240314e+01 2.069537408222581209e-06
1.220928613787693706e+01 1.411727448376884143e-06
1.230253491773851593e+01 2.926982732572413569e-06
1.239649588788276091e+01 1.643606891988885697e-06
1.249117448768377869e+01 1.504204148855666484e-06
1.258657619805906158e+01 2.241651386283124267e-06
1.268270654178675727e+01 1.481452046934688818e-06
1.277957108382539175e+01 1.349092626716500792e-06
1.287717543163603651e+01 1.095697136894049349e-06
1.297552523550690928e+01 1.206373028826171791e-06
1.307462618888047245e+01 1.676782194022568533e-06
1.317448402868301116e+01 1.903053595342971425e-06
1.327510453565674453e+01 2.361869149717774445e-06
1.337649353469450197e+01 1.757961268330037329e-06
1.347865689517689169e+01 1.625558106419327278e-06
1.358160053131209644e+01 1.153410067968842037e-06
1.368533040247822186e+01 1.603565817707708705e-06
1.378985251356829522e+01 9.090516391048407820e-07
1.389517291533790910e+01 1.351801555037875446e-06
1.400129770475546920e+01 1.790599559584357490e-06
1.410823302535516532e+01 1.000371271473361036e-06
1.421598506759258740e+01 1.212766349796393576e-06
1.432456006920312142e+01 1.529396817055555956e-06
1.443396431556304549e+01 1.627401908378500709e-06
1.454420414005338102e+01 1.508229863998534775e-06
1.465528592442653633e+01 1.282827604950963463e-06
1.476721609917572842e+01 1.165749669388598794e-06
1.488000114390725059e+01 1.474127842986761818e-06
1.499364758771559814e+01 1.464120653281284551e-06
1.510816200956140420e+01 9.330844918884854430e-07
1.522355103865231740e+01 9.268609801064881192e-07
1.533982135482673925e+01 9.200555114441682648e-07
1.545697968894052465e+01 1.013083714267196003e-06
1.557503282325665950e+01 1.106601513132554520e-06
1.569398759183785330e+01 6.989020661474301823e-07
1.581385088094217650e+01 6.923871429656059962e-07
1.593462962942168204e+01 9.834354162017472784e-07
1.605633082912410003e+01 7.806232103333033443e-07
1.617896152529763043e+01 6.773623154864738438e-07
1.630252881699875189e+01 8.642373409881684894e-07
1.642703985750318907e+01 2.860793421482427037e-07
1.655250185472002045e+01 9.465896367772160028e-07
1.667892207160893037e+01 1.221334072264249285e-06
1.680630782660069400e+01 2.798978927442766686e-07
1.693466649402079582e+01 6.476775853424032895e-07
1.706400550451636988e+01 1.009071457713833112e-06
1.719433234548630907e+01 5.473465493438243477e-07
1.732565456151473171e+01 7.236085910397784439e-07
1.745797975480775932e+01 7.174674349705594025e-07
1.759131558563357700e+01 6.235275022549510574e-07
1.772566977276590450e+01 8.841336971262227128e-07
1.786105009393079257e+01 4.384375953520533212e-07
1.799746438625691525e+01 6.086451414851419754e-07
1.813492054672925491e+01 3.455207481501246254e-07
1.827342653264623351e+01 8.570760210623227400e-07
1.841299036208040008e+01 5.961647920636820330e-07
1.855362011434253589e+01 5.910319498143435056e-07
1.869532393044939056e+01 4.195099242758055922e-07
1.883811001359499926e+01 8.320617993588992568e-07
1.898198662962550998e+01 3.306376819515089622e-07
1.912696210751772696e+01 1.147219234975694392e-06
1.927304483986123529e+01 3.255061396754209797e-07
1.942024328334427707e+01 6.449782390348590191e-07
1.956856595924331188e+01 5.606892296743450406e-07
1.971802145391628613e+01 3.172683820789503944e-07
1.986861841929972172e+01 6.312367827909619136e-07
2.002036557340952783e+01 4.694702124633058025e-07
2.017327170084572430e+01 6.991748249007686735e-07
2.032734565330098775e+01 3.861189784190329340e-07
2.048259635007306656e+01 3.063043442173696364e-07
2.063903277858106478e+01 2.278951452375535268e-07
2.079666399488577966e+01 4.523501768064780161e-07
2.095549912421395078e+01 2.991420693729016543e-07
2.111554736148649880e+01 7.421598352377244356e-08
2.127681797185082857e+01 2.210984087187851015e-07
2.143932029121715743e+01 5.852194083075944216e-07
2.160306372679898601e+01 2.900301534451982237e-07
2.176805775765772211e+01 7.194283950128043376e-08
2.193431193525134404e+01 4.290903682169536170e-07
2.210183588398740895e+01 4.964255502850907064e-07
2.227063930178012185e+01 4.920111642958864593e-07
2.244073196061181008e+01 2.791535252889206986e-07
2.261212370709861119e+01 2.076069923354425551e-07
2.278482446306047393e+01 2.749023005327042468e-07
2.295884422609555031e+01 2.728409441836937421e-07
2.313419307015891846e+01 0.000000000000000000e+00
2.331088114614578188e+01 2.688191989928058850e-07
2.348891868247912029e+01 2.671734897588354629e-07
2.366831598570178841e+01 3.978648750520548790e-07
2.384908344107317646e+01 1.968619401473785715e-07
2.403123151317036843e+01 2.612914646088959828e-07
2.421477074649395789e+01 1.938653741420159288e-07
2.439971176607850367e+01 3.205622297898340752e-07
2.458606527810756148e+01 2.550659620148893406e-07
2.477384207053348675e+01 7.592204514662687012e-07
2.496305301370191287e+01 1.253353685676680497e-07
2.515370906098105408e+01 3.108950137284675780e-07
2.534582124939582215e+01 2.467409442611044517e-07
2.553940070026671805e+01 4.913119705462348944e-07
2.573445861985366534e+01 1.822410892041273194e-07
2.593100630000469309e+01 6.041870568440563944e-07
2.612905511880966003e+01 3.592587480117204083e-07
2.632861654125893835e+01 1.788704650147078062e-07
2.652970211990708549e+01 2.948337143668865769e-07
2.673232349554165310e+01 1.170679019865580785e-07
2.693649239785701255e+01 2.908628359183175582e-07
2.714222064613342411e+01 3.460673219762553384e-07
2.734952014992126834e+01 1.149491352588330383e-07
2.755840290973046081e+01 5.693763636581402151e-08
2.776888101772517103e+01 5.646070083737940090e-08
2.798096665842379238e+01 1.676712603872029634e-07
2.819467210940434398e+01 1.664102629901236689e-07
2.841000974201522311e+01 2.756423041047916259e-07
2.862699202209135763e+01 5.465268315870957046e-08
2.884563151067587228e+01 4.893001970153451605e-07
2.906594086474717642e+01 2.695024334187753746e-07
2.928793283795175029e+01 2.677214211889051663e-07
2.951162028134242377e+01 2.126188415076703469e-07
2.973701614412232175e+01 2.629803917526758380e-07
2.996413347439450092e+01 1.568129573308429617e-07
3.019298541991724250e+01 5.172556359191574809e-08
3.042358522886523176e+01 5.155392918872326859e-08
3.065594625059649658e+01 1.025477085119262512e-07
3.089008193642516886e+01 2.533716504140039246e-07
3.112600584040018958e+01 1.008542022816741520e-07
3.136373162008992921e+01 1.501249947242322619e-07
3.160327303737282278e+01 2.973590882160936535e-07
3.184464395923409441e+01 9.870542747333178809e-08
3.208785835856844670e+01 1.955586695460787014e-07
3.233293031498900660e+01 4.828945562088411625e-08
3.257987401564231078e+01 1.443903137365635010e-07
3.282870375602964685e+01 2.388165728648117680e-07
3.307943394083464739e+01 3.316768799843715812e-07
3.333207908475711889e+01 4.697633600788096442e-08
3.358665381335332967e+01 9.322050548779928874e-08
3.384317286388262858e+01 9.289393353200798030e-08
3.410165108616060081e+01 1.839674959919542671e-07
3.436210344341879619e+01 2.282580252565612136e-07
3.462454501317083100e+01 1.807308522106100817e-07
3.488899098808531107e+01 2.243922002579851387e-07
3.515545667686525633e+01 1.333105432395720774e-07
3.542395750513435360e+01 4.416164224218544072e-08
3.569450901632996676e+01 1.755333103947236272e-07
3.596712687260290409e+01 1.306088100002232469e-07
3.624182685572413476e+01 2.159383217438646362e-07
3.651862486799832652e+01 1.286451135945311662e-07
3.679753693318444618e+01 0.000000000000000000e+00
3.707857919742345842e+01 1.266383444500042817e-07
3.736176793017290265e+01 1.257194435489768311e-07
3.764711952514880267e+01 8.317419183989853981e-08
3.793465050127463911e+01 8.264896106505310172e-08
3.822437750363764764e+01 2.045738862851050691e-07
3.851631730445244273e+01 2.034232144517569126e-07
3.881048680403189621e+01 8.084005558198041873e-08
3.910690303176554039e+01 1.200566542918722705e-07
3.940558314710532528e+01 7.957412018325534677e-08
3.970654444055901422e+01 0.000000000000000000e+00
4.000980433469116804e+01 1.566701995500682714e-07
4.031538038513167521e+01 0.000000000000000000e+00
4.062329028159209088e+01 7.720303608852900315e-08
4.093355184888959997e+01 7.641790987590424117e-08
4.124618304797896684e+01 0.000000000000000000e+00
4.156120197699230800e+01 0.000000000000000000e+00
4.187862687228675185e+01 1.121165504471392228e-07
4.219847610950009198e+01 1.484374879215964510e-07
4.252076820461459761e+01 0.000000000000000000e+00
4.284552181502894541e+01 1.096206711088702403e-07
4.317275574063820898e+01 1.451603341432968565e-07
4.350248892492221842e+01 3.611095094236492605e-08
4.383474045604216940e+01 3.569687444596028395e-08
4.416952956794561658e+01 1.063217839955092180e-07
4.450687564148002906e+01 1.056503230085353030e-07
4.484679820551461660e+01 3.490317585080643714e-08
4.518931693807093097e+01 6.944028813419595021e-08
4.553445166746195127e+01 3.444996957595927698e-08
4.588222237343995147e+01 1.365262225813689239e-07
4.623264918835322135e+01 3.376547456986806751e-08
4.658575239831141346e+01 1.009051974164127946e-07
4.694155244435995655e+01 3.337753541442460412e-08
4.730006992366332952e+01 6.615303731338208542e-08
4.766132559069743735e+01 6.573330425548219800e-08
4.802534035845116023e+01 1.306735693859668092e-07
4.839213529963691940e+01 6.480035897453389143e-08
4.876173164791060799e+01 6.421643900329256438e-08
4.913415079910075178e+01 3.196357668670811078e-08
4.950941431244714153e+01 3.168615349511836146e-08
4.988754391184892256e+01 1.571609715502439722e-07
5.026856148712214889e+01 3.104834737118564252e-08
5.065248909526700771e+01 9.267123177334072414e-08
5.103934896174460789e+01 3.065174172740539449e-08
5.142916348176368757e+01 0.000000000000000000e+00
5.182195522157707757e+01 3.019620177442781328e-08
5.221774691978801286e+01 6.007818206844661702e-08
5.261656148866648408e+01 8.928101825637003575e-08
5.301842201547557920e+01 8.862692088516988217e-08
5.342335176380803574e+01 0.000000000000000000e+00
5.383137417493298926e+01 5.809329799547729255e-08
5.424251286915296077e+01 0.000000000000000000e+00
5.465679164717121807e+01 0.000000000000000000e+00
5.507423449146955363e+01 5.692318711206934400e-08
5.549486556769667800e+01 5.655129700910142195e-08
5.591870922606719319e+01 2.797144637465194297e-08
5.634579000277113892e+01 5.552259578606020720e-08
5.677613262139447414e+01 8.279857033223005311e-08
5.720976199435020249e+01 1.094364017243652125e-07
5.764670322432060345e+01 2.726561561229927639e-08
5.808698160571049129e+01 5.401142357048507317e-08
5.853062262611141620e+01 5.353104260228489955e-08
5.897765196777716312e+01 2.652358402358088064e-08
5.942809550911043459e+01 0.000000000000000000e+00
5.988197932616098740e+01 5.242014761599498929e-08
6.033932969413523040e+01 2.586519936686259975e-08
6.080017308891720518e+01 7.718784420135613550e-08
6.126453618860131201e+01 1.023088854800473197e-07
6.173244587503663183e+01 5.062050827221978190e-08
6.220392923538312857e+01 2.515658628241258212e-08
6.267901356367983112e+01 2.502963681832631203e-08
6.315772636242475357e+01 2.478629233066359186e-08
6.364009534416704383e+01 0.000000000000000000e+00
6.412614843311123991e+01 4.887461720518514161e-08
6.461591376673376885e+01 4.843513651771649027e-08
6.510941969741192281e+01 2.398385575593919756e-08
6.560669479406510618e+01 0.000000000000000000e+00
6.610776784380868776e+01 2.377216437677254557e-08
6.661266785362042242e+01 0.000000000000000000e+00
6.712142405201964834e+01 2.326901928664059898e-08
6.763406589075952979e+01 0.000000000000000000e+00
6.815062304653176284e+01 0.000000000000000000e+00
6.867112542268469610e+01 2.276920802240924963e-08
6.919560315095429814e+01 0.000000000000000000e+00
6.972408659320856827e+01 4.495211935480602055e-08
7.025660634320522036e+01 2.232159046533550399e-08
7.079319322836265371e+01 2.220174854298873868e-08
7.133387831154462333e+01 2.198377468928030125e-08
7.187869289285829666e+01 0.000000000000000000e+00
7.242766851146639340e+01 4.322176522957247396e-08
7.298083694741293925e+01 6.433266842982755512e-08
7.353823022346294636e+01 2.130550525654482931e-08
7.409988060695627610e+01 0.000000000000000000e+00
7.466582061167545703e+01 4.204645153515290767e-08
7.523608299972798363e+01 8.307703963024025686e-08
7.581070078344298224e+01 0.000000000000000000e+00
7.638970722728217311e+01 4.095415885968691942e-08
7.697313584976564016e+01 1.017498152780572114e-07
7.756102042541199637e+01 2.016571030376078858e-08
7.815339498669379736e+01 4.017019547386425197e-08
7.875029382600763483e+01 5.976258474653902967e-08
7.935175149765926506e+01 0.000000000000000000e+00
7.995780281986401405e+01 3.921211810624164046e-08
8.056848287676226050e+01 0.000000000000000000e+00
8.118382702045050792e+01 1.933806650361640770e-08
8.180387087302804616e+01 0.000000000000000000e+00
8.242865032865888963e+01 0.000000000000000000e+00
8.305820155564990159e+01 1.882908685340721463e-08
8.369256099854430886e+01 0.000000000000000000e+00
8.433176538023161584e+01 3.710396928573394459e-08
8.497585170407356259e+01 3.691676803114257363e-08
8.562485725604614117e+01 0.000000000000000000e+00
8.627881960689798291e+01 0.000000000000000000e+00
8.693777661432541493e+01 3.611981877336004319e-08
8.760176642516411505e+01 1.792187987561535714e-08
8.827082747759727965e+01 0.000000000000000000e+00
8.894499850338092983e+01 5.288893752079589921e-08
8.962431853008587268e+01 1.746320598039073572e-08
9.030882688335715613e+01 0.000000000000000000e+00
9.099856318919067633e+01 0.000000000000000000e+00
9.169356737622699427e+01 1.707401499885418549e-08
9.239387967806285928e+01 1.697441968570769555e-08
9.309954063558021176e+01 3.370310795194812741e-08
9.381059109929316264e+01 0.000000000000000000e+00
9.452707223171287865e+01 0.000000000000000000e+00
9.524902550973044413e+01 0.000000000000000000e+00
9.597649272701789869e+01 0.000000000000000000e+00
9.670951599644754992e+01 1.621788558957049321e-08
9.744813775253007293e+01 3.214654099144593920e-08
9.819240075387101285e+01 3.188684397831541672e-08
9.894234808564596051e+01 0.000000000000000000e+00
9.969802316209487003e+01 1.576400379551459258e-08
1.004594697290351206e+02 0.000000000000000000e+00
1.012267318663940330e+02 1.547389236893815592e-08
1.019998539907607551e+02 1.534870684161942362e-08
1.027788808579573896e+02 3.042897577252823627e-08
1.035638575656300304e+02 0.000000000000000000e+00
1.043548295558592258e+02 2.997086870065696041e-08
1.051518426177907060e+02 0.000000000000000000e+00
1.059549428902863042e+02 0.000000000000000000e+00
1.067641768645947025e+02 1.471760849211909539e-08
1.075795913870428819e+02 1.458086910602274800e-08
1.084012336617479093e+02 0.000000000000000000e+00
1.092291512533496842e+02 2.865999011898130197e-08
1.100633920897645339e+02 0.000000000000000000e+00
1.109040044649596268e+02 2.830259449890594462e-08
1.117510370417487309e+02 0.000000000000000000e+00
1.126045388546091885e+02 4.173133714382435792e-08
1.134645593125205778e+02 1.379666279590579290e-08
1.143311482018251581e+02 2.742249072323334436e-08
1.152043556891097040e+02 0.000000000000000000e+00
1.160842323241099052e+02 2.698083247114472059e-08
1.169708290426363391e+02 1.342759878517833528e-08
1.178641971695234076e+02 1.333436473283124282e-08
1.187643884216004722e+02 0.000000000000000000e+00
1.196714549106856964e+02 0.000000000000000000e+00
1.205854491466028264e+02 1.297178016228958997e-08
1.215064240402207503e+02 0.000000000000000000e+00
1.224344329065167187e+02 1.278241958063788032e-08
1.233695294676628009e+02 1.271508578097676423e-08
1.243117678561356172e+02 0.000000000000000000e+00
1.252612026178502873e+02 2.492716726578193112e-08
1.262178887153177698e+02 1.238307465540101021e-08
1.271818815308268711e+02 1.232325910732229752e-08
1.281532368696502999e+02 1.218224483724837290e-08
1.291320109632751496e+02 1.211961851647928521e-08
1.301182604726581644e+02 0.000000000000000000e+00
1.311120424915058038e+02 1.193000479749989275e-08
1.321134145495791472e+02 0.000000000000000000e+00
1.331224346160248615e+02 0.000000000000000000e+00
1.341391611027304975e+02 1.166211109556868210e-08
1.351636528677061619e+02 1.158342550929066289e-08
1.361959692184915980e+02 0.000000000000000000e+00
1.372361699155896986e+02 1.139234986753122642e-08
1.382843151759259683e+02 0.000000000000000000e+00
1.393404656763344747e+02 0.000000000000000000e+00
1.404046825570703732e+02 0.000000000000000000e+00
1.414770274253492062e+02 0.000000000000000000e+00
1.425575623589134011e+02 0.000000000000000000e+00
1.436463499096261103e+02 1.094419758520909120e-08
1.447434531070921366e+02 1.079904411860124928e-08
1.458489354623067129e+02 2.149357753698418462e-08
1.469628609713321055e+02 2.131997785436583815e-08
1.480852941190023273e+02 2.113118555507223960e-08
1.492162998826563580e+02 0.000000000000000000e+00
1.503559437358994160e+02 0.000000000000000000e+00
1.515042916523934196e+02 1.032816856648090852e-08
1.526614101096758418e+02 2.054486916849535829e-08
1.538273660930082656e+02 0.000000000000000000e+00
1.550022270992544691e+02 0.000000000000000000e+00
1.561860611407872170e+02 1.003208835138834256e-08
1.573789367494260318e+02 0.000000000000000000e+00
1.585809229804039546e+02 9.875540787025254621e-09
1.597920894163653998e+02 0.000000000000000000e+00
1.610125061713944206e+02 9.722486809585136304e-09
1.622422438950733863e+02 9.650417080438964563e-09
1.634813737765729229e+02 0.000000000000000000e+00
1.647299675487729473e+02 9.507381359255509491e-09
1.659880974924153065e+02 9.440630432000207871e-09
1.672558364402883058e+02 9.366873363836948837e-09
1.685332577814427282e+02 0.000000000000000000e+00
1.698204354654404540e+02 0.000000000000000000e+00
1.711174440066350826e+02 0.000000000000000000e+00
1.724243584884858365e+02 0.000000000000000000e+00
1.737412545679041500e+02 0.000000000000000000e+00
1.750682084796334834e+02 8.942948585231407728e-09
1.764052970406620489e+02 8.906675538129537925e-09
1.777525976546700690e+02 0.000000000000000000e+00
1.791101883165108575e+02 8.724275138735514070e-09
1.804781476167256642e+02 8.657550473566083129e-09
1.818565547460933089e+02 8.615267056312123911e-09
1.832454895002142905e+02 0.000000000000000000e+00
1.846450322841304228e+02 0.000000000000000000e+00
1.860552641169795152e+02 8.402525193710710942e-09
1.874762666366852955e+02 8.367511997228171538e-09
1.889081221046837413e+02 0.000000000000000000e+00
1.903509134106845408e+02 0.000000000000000000e+00
1.918047240774702118e+02 0.000000000000000000e+00
1.932696382657309186e+02 0.000000000000000000e+00
1.947457407789366925e+02 0.000000000000000000e+00
1.962331170682464574e+02 0.000000000000000000e+00
1.977318532374547715e+02 7.928936622219620431e-09
1.992420360479763985e+02 0.000000000000000000e+00
