1.003818764619345688e-01 0.000000000000000000e+00
1.011485459784472879e-01 0.000000000000000000e+00
1.019210709558087680e-01 0.000000000000000000e+00
1.026994961152724595e-01 0.000000000000000000e+00
1.034838665196517182e-01 0.000000000000000000e+00
1.042742275759283854e-01 0.000000000000000000e+00
1.050706250378814766e-01 0.000000000000000000e+00
1.058731050087358544e-01 0.000000000000000000e+00
1.066817139438310941e-01 0.000000000000000000e+00
1.074964986533107902e-01 0.000000000000000000e+00
1.083175063048323894e-01 0.000000000000000000e+00
1.091447844262976724e-01 0.000000000000000000e+00
1.099783809086041647e-01 0.000000000000000000e+00
1.108183440084175297e-01 0.000000000000000000e+00
1.116647223509651676e-01 0.000000000000000000e+00
1.125175649328510052e-01 0.000000000000000000e+00
1.133769211248920050e-01 0.000000000000000000e+00
1.142428406749761566e-01 0.000000000000000000e+00
1.151153737109424230e-01 0.000000000000000000e+00
1.159945707434826001e-01 0.000000000000000000e+00
1.168804826690653942e-01 0.000000000000000000e+00
1.177731607728827179e-01 0.000000000000000000e+00
1.186726567318187042e-01 0.000000000000000000e+00
1.195790226174411192e-01 0.000000000000000000e+00
1.204923108990159364e-01 0.000000000000000000e+00
1.214125744465446438e-01 0.000000000000000000e+00
1.223398665338249064e-01 0.000000000000000000e+00
1.232742408415345714e-01 0.000000000000000000e+00
1.242157514603392660e-01 0.000000000000000000e+00
1.251644528940235868e-01 0.000000000000000000e+00
1.261204000626464650e-01 0.000000000000000000e+00
1.270836483057203870e-01 0.000000000000000000e+00
1.280542533854148735e-01 0.000000000000000000e+00
1.290322714897847722e-01 0.000000000000000000e+00
1.300177592360227119e-01 0.000000000000000000e+00
1.310107736737369521e-01 0.000000000000000000e+00
1.320113722882536866e-01 0.000000000000000000e+00
1.330196130039449920e-01 0.000000000000000000e+00
1.340355541875820067e-01 0.000000000000000000e+00
1.350592546517138115e-01 0.000000000000000000e+00
1.360907736580721228e-01 0.000000000000000000e+00
1.371301709210017705e-01 0.000000000000000000e+00
1.381775066109176553e-01 0.000000000000000000e+00
1.392328413577879620e-01 0.000000000000000000e+00
1.402962362546441299e-01 0.000000000000000000e+00
1.413677528611173018e-01 0.000000000000000000e+00
1.424474532070021393e-01 0.000000000000000000e+00
1.435353997958477290e-01 0.000000000000000000e+00
1.446316556085757710e-01 0.000000000000000000e+00
1.457362841071265513e-01 0.000000000000000000e+00
1.468493492381329202e-01 0.000000000000000000e+00
1.479709154366219692e-01 0.000000000000000000e+00
1.491010476297450760e-01 0.000000000000000000e+00
1.502398112405367581e-01 0.000000000000000000e+00
1.513872721917017827e-01 0.000000000000000000e+00
1.525434969094315862e-01 0.000000000000000000e+00
1.537085523272495868e-01 0.000000000000000000e+00
1.548825058898858631e-01 0.000000000000000000e+00
1.560654255571816418e-01 0.000000000000000000e+00
1.572573798080234009e-01 0.000000000000000000e+00
1.584584376443071152e-01 0.000000000000000000e+00
1.596686685949328388e-01 0.000000000000000000e+00
1.608881427198295411e-01 0.000000000000000000e+00
1.621169306140110011e-01 0.000000000000000000e+00
1.633551034116623724e-01 0.000000000000000000e+00
1.646027327902583326e-01 0.000000000000000000e+00
1.658598909747124317e-01 0.000000000000000000e+00
1.671266507415579139e-01 0.000000000000000000e+00
1.684030854231611252e-01 0.000000000000000000e+00
1.696892689119663122e-01 0.000000000000000000e+00
1.709852756647735894e-01 0.000000000000000000e+00
1.722911807070489909e-01 0.000000000000000000e+00
1.736070596372676911e-01 0.000000000000000000e+00
1.749329886312905313e-01 0.000000000000000000e+00
1.762690444467736595e-01 0.000000000000000000e+00
1.776153044276120585e-01 0.000000000000000000e+00
1.789718465084169652e-01 0.000000000000000000e+00
1.803387492190275665e-01 0.000000000000000000e+00
1.817160916890568911e-01 0.000000000000000000e+00
1.831039536524727285e-01 0.000000000000000000e+00
1.845024154522134641e-01 0.000000000000000000e+00
1.859115580448389149e-01 0.000000000000000000e+00
1.873314630052169971e-01 0.000000000000000000e+00
1.887622125312461430e-01 0.000000000000000000e+00
1.902038894486135501e-01 0.000000000000000000e+00
1.916565772155901515e-01 0.000000000000000000e+00
1.931203599278616956e-01 0.000000000000000000e+00
1.945953223233973239e-01 0.000000000000000000e+00
1.960815497873548141e-01 0.000000000000000000e+00
1.975791283570236256e-01 0.000000000000000000e+00
1.990881447268055271e-01 0.000000000000000000e+00
2.006086862532332482e-01 0.000000000000000000e+00
2.021408409600277400e-01 0.000000000000000000e+00
2.036846975431935991e-01 0.000000000000000000e+00
2.052403453761537377e-01 0.000000000000000000e+00
2.068078745149232178e-01 0.000000000000000000e+00
2.083873757033224972e-01 0.000000000000000000e+00
2.099789403782307273e-01 0.000000000000000000e+00
2.115826606748788530e-01 0.000000000000000000e+00
2.131986294321833453e-01 0.000000000000000000e+00
2.148269401981205418e-01 0.000000000000000000e+00
2.164676872351422587e-01 0.000000000000000000e+00
2.181209655256325375e-01 0.000000000000000000e+00
2.197868707774061070e-01 0.000000000000000000e+00
2.214654994292489798e-01 0.000000000000000000e+00
2.231569486565012084e-01 0.000000000000000000e+00
2.248613163766823297e-01 0.000000000000000000e+00
2.265787012551598312e-01 0.000000000000000000e+00
2.283092027108608313e-01 0.000000000000000000e+00
2.300529209220272819e-01 0.000000000000000000e+00
2.318099568320156068e-01 0.000000000000000000e+00
2.335804121551398604e-01 0.000000000000000000e+00
2.353643893825602684e-01 0.000000000000000000e+00
2.371619917882162865e-01 0.000000000000000000e+00
2.389733234348050406e-01 0.000000000000000000e+00
2.407984891798055638e-01 0.000000000000000000e+00
2.426375946815489959e-01 0.000000000000000000e+00
2.444907464053350243e-01 0.000000000000000000e+00
2.463580516295952316e-01 0.000000000000000000e+00
2.482396184521032390e-01 0.000000000000000000e+00
2.501355557962327558e-01 0.000000000000000000e+00
2.520459734172627586e-01 0.000000000000000000e+00
2.539709819087314635e-01 0.000000000000000000e+00
2.559106927088385386e-01 0.000000000000000000e+00
2.578652181068959992e-01 0.000000000000000000e+00
2.598346712498288968e-01 0.000000000000000000e+00
2.618191661487251354e-01 0.000000000000000000e+00
2.638188176854358025e-01 0.000000000000000000e+00
2.658337416192252944e-01 0.000000000000000000e+00
2.678640545934727890e-01 0.000000000000000000e+00
2.699098741424248438e-01 0.000000000000000000e+00
2.719713186979990649e-01 0.000000000000000000e+00
2.740485075966404560e-01 0.000000000000000000e+00
2.761415610862294479e-01 0.000000000000000000e+00
2.782506003330433297e-01 0.000000000000000000e+00
2.803757474287703610e-01 0.000000000000000000e+00
2.825171253975775620e-01 0.000000000000000000e+00
2.846748582032325170e-01 0.000000000000000000e+00
2.868490707562799669e-01 0.000000000000000000e+00
2.890398889212724143e-01 0.000000000000000000e+00
2.912474395240567393e-01 0.000000000000000000e+00
2.934718503591156602e-01 0.000000000000000000e+00
2.957132501969662597e-01 0.000000000000000000e+00
2.979717687916139113e-01 0.000000000000000000e+00
3.002475368880643813e-01 0.000000000000000000e+00
3.025406862298920529e-01 0.000000000000000000e+00
3.048513495668665474e-01 0.000000000000000000e+00
3.071796606626379655e-01 0.000000000000000000e+00
3.095257543024800828e-01 0.000000000000000000e+00
3.118897663010932186e-01 0.000000000000000000e+00
3.142718335104664473e-01 0.000000000000000000e+00
3.166720938277997055e-01 0.000000000000000000e+00
3.190906862034871283e-01 0.000000000000000000e+00
3.215277506491602821e-01 0.000000000000000000e+00
3.239834282457938475e-01 0.000000000000000000e+00
3.264578611518724749e-01 0.000000000000000000e+00
3.289511926116204799e-01 0.000000000000000000e+00
3.314635669632940984e-01 0.000000000000000000e+00
3.339951296475371922e-01 0.000000000000000000e+00
3.365460272158006805e-01 0.000000000000000000e+00
3.391164073388266975e-01 0.000000000000000000e+00
3.417064188151969217e-01 0.000000000000000000e+00
3.443162115799464074e-01 0.000000000000000000e+00
3.469459367132436967e-01 0.000000000000000000e+00
3.495957464491361577e-01 0.000000000000000000e+00
3.522657941843635454e-01 0.000000000000000000e+00
3.549562344872373987e-01 0.000000000000000000e+00
3.576672231065893826e-01 0.000000000000000000e+00
3.603989169807875204e-01 0.000000000000000000e+00
3.631514742468208712e-01 0.000000000000000000e+00
3.659250542494547620e-01 0.000000000000000000e+00
3.687198175504546316e-01 0.000000000000000000e+00
3.715359259378811507e-01 0.000000000000000000e+00
3.743735424354559527e-01 0.000000000000000000e+00
3.772328313119991394e-01 0.000000000000000000e+00
3.801139580909387861e-01 0.000000000000000000e+00
3.830170895598929426e-01 0.000000000000000000e+00
3.859423937803250215e-01 0.000000000000000000e+00
3.888900400972727933e-01 0.000000000000000000e+00
3.918601991491514891e-01 0.000000000000000000e+00
3.948530428776324541e-01 0.000000000000000000e+00
3.978687445375965748e-01 0.000000000000000000e+00
4.009074787071638113e-01 0.000000000000000000e+00
4.039694212977997800e-01 0.000000000000000000e+00
4.070547495644989411e-01 0.000000000000000000e+00
4.101636421160458901e-01 0.000000000000000000e+00
4.132962789253552538e-01 0.000000000000000000e+00
4.164528413398899120e-01 0.000000000000000000e+00
4.196335120921593775e-01 0.000000000000000000e+00
4.228384753102979454e-01 0.000000000000000000e+00
4.260679165287238890e-01 0.000000000000000000e+00
4.293220226988802568e-01 0.000000000000000000e+00
4.326009822000570493e-01 0.000000000000000000e+00
4.359049848502964952e-01 0.000000000000000000e+00
4.392342219173819284e-01 0.000000000000000000e+00
4.425888861299096533e-01 0.000000000000000000e+00
4.459691716884466306e-01 0.000000000000000000e+00
4.493752742767720409e-01 0.000000000000000000e+00
4.528073910732057783e-01 0.000000000000000000e+00
4.562657207620228750e-01 0.000000000000000000e+00
4.597504635449554122e-01 0.000000000000000000e+00
4.632618211527818053e-01 0.000000000000000000e+00
4.667999968570054614e-01 0.000000000000000000e+00
4.703651954816218117e-01 0.000000000000000000e+00
4.739576234149754375e-01 0.000000000000000000e+00
4.775774886217079018e-01 0.000000000000000000e+00
4.812250006547968972e-01 0.000000000000000000e+00
4.849003706676870973e-01 0.000000000000000000e+00
4.886038114265137677e-01 0.000000000000000000e+00
4.923355373224197473e-01 0.000000000000000000e+00
4.960957643839665199e-01 0.000000000000000000e+00
4.998847102896398775e-01 0.000000000000000000e+00
5.037025943804516182e-01 0.000000000000000000e+00
5.075496376726369441e-01 0.000000000000000000e+00
5.114260628704487832e-01 0.000000000000000000e+00
5.153320943790506981e-01 0.000000000000000000e+00
5.192679583175066060e-01 0.000000000000000000e+00
5.232338825318720854e-01 0.000000000000000000e+00
5.272300966083831586e-01 0.000000000000000000e+00
5.312568318867476602e-01 0.000000000000000000e+00
5.353143214735371913e-01 0.000000000000000000e+00
5.394028002556814361e-01 0.000000000000000000e+00
5.435225049140661735e-01 0.000000000000000000e+00
5.476736739372339846e-01 0.000000000000000000e+00
5.518565476351910970e-01 0.000000000000000000e+00
5.560713681533180353e-01 0.000000000000000000e+00
5.603183794863880740e-01 0.000000000000000000e+00
5.645978274926913842e-01 0.000000000000000000e+00
5.689099599082683145e-01 0.000000000000000000e+00
5.732550263612503638e-01 0.000000000000000000e+00
5.776332783863111775e-01 0.000000000000000000e+00
5.820449694392276774e-01 0.000000000000000000e+00
5.864903549115527692e-01 0.000000000000000000e+00
5.909696921454001828e-01 0.000000000000000000e+00
5.954832404483410002e-01 0.000000000000000000e+00
6.000312611084158698e-01 0.000000000000000000e+00
6.046140174092602404e-01 0.000000000000000000e+00
6.092317746453459471e-01 0.000000000000000000e+00
6.138848001373393704e-01 0.000000000000000000e+00
6.185733632475765020e-01 0.000000000000000000e+00
6.232977353956554722e-01 0.000000000000000000e+00
6.280581900741497581e-01 0.000000000000000000e+00
6.328550028644405190e-01 0.000000000000000000e+00
6.376884514526697245e-01 0.000000000000000000e+00
6.425588156458151845e-01 0.000000000000000000e+00
6.474663773878889250e-01 0.000000000000000000e+00
6.524114207762584661e-01 0.000000000000000000e+00
6.573942320780932214e-01 0.000000000000000000e+00
6.624150997469364643e-01 0.000000000000000000e+00
6.674743144394041927e-01 0.000000000000000000e+00
6.725721690320105584e-01 0.000000000000000000e+00
6.777089586381226383e-01 0.000000000000000000e+00
6.828849806250443244e-01 0.000000000000000000e+00
6.881005346312309978e-01 0.000000000000000000e+00
6.933559225836360973e-01 0.000000000000000000e+00
6.986514487151883612e-01 0.000000000000000000e+00
7.039874195824046277e-01 0.000000000000000000e+00
7.093641440831359724e-01 0.000000000000000000e+00
7.147819334744500708e-01 0.000000000000000000e+00
7.202411013906493409e-01 0.000000000000000000e+00
7.257419638614276414e-01 0.000000000000000000e+00
7.312848393301645267e-01 0.000000000000000000e+00
7.368700486723602783e-01 0.000000000000000000e+00
7.424979152142111571e-01 2.104887177815772694e-06
7.481687647513268757e-01 0.000000000000000000e+00
7.538829255675907337e-01 6.228190348912490031e-05
7.596407284541633054e-01 1.462902778195001631e-04
7.654425067286326767e-01 4.254004759503736627e-04
7.712885962543096774e-01 1.023167800218787674e-03
7.771793354596711056e-01 2.538138757548496268e-03
7.831150653579508347e-01 5.496151422185208135e-03
7.890961295668817987e-01 1.230251639752210149e-02
7.951228743285869704e-01 2.392511619978187482e-02
8.011956485296237718e-01 4.521647737565818309e-02
8.073148037211809180e-01 8.089064288844483031e-02
8.134806941394295832e-01 1.368950562925094483e-01
8.196936767260303291e-01 2.196620035788982572e-01
8.259541111487957998e-01 3.359005394153926627e-01
8.322623598225118435e-01 4.900515116547488059e-01
8.386187879299183967e-01 6.920461780339984825e-01
8.450237634428487965e-01 9.353868341865879676e-01
8.514776571435325181e-01 1.220624023253569890e+00
8.579808426460586723e-01 1.543922552691637362e+00
8.645336964180048156e-01 1.895453291428481846e+00
8.711365978022310719e-01 2.268609674553407896e+00
8.777899290388395670e-01 2.641703061487866044e+00
8.844940752873023948e-01 3.008047201822146466e+00
8.912494246487583371e-01 3.356461027617264836e+00
8.980563681884800031e-01 3.671071420297990606e+00
9.049152999585122759e-01 3.952340719016155024e+00
9.118266170204843979e-01 4.188381657449583351e+00
9.187907194685952517e-01 4.368910390609543448e+00
9.258080104527748322e-01 4.500606104368649163e+00
9.328788962020224673e-01 4.579136255637992647e+00
9.400037860479233398e-01 4.614298765615801656e+00
9.471830924483448655e-01 4.601476689161548173e+00
9.544172310113129276e-01 4.549160918297409317e+00
9.617066205190725192e-01 4.456623104228688348e+00
9.690516829523299069e-01 4.334340956389964639e+00
9.764528435146813123e-01 4.187008882631064743e+00
9.839105306572277776e-01 4.024354140329092111e+00
9.914251761033785471e-01 3.843047262610645998e+00
9.989972148738428537e-01 3.657931964356409438e+00
1.006627085311812886e+00 3.466488351932280665e+00
1.014315229108340155e+00 3.270150090770503670e+00
1.022062091327904820e+00 3.075862699199640282e+00
1.029868120434179746e+00 2.881077948459664029e+00
1.037733768315991956e+00 2.690535600996997623e+00
1.045659490313482376e+00 2.508010109460285797e+00
1.053645745244466525e+00 2.334909750592670363e+00
1.061692995430993491e+00 2.168021013486579385e+00
1.069801706726111412e+00 2.010707423725351717e+00
1.077972348540833902e+00 1.864601314779074981e+00
1.086205393871315206e+00 1.721890995499161914e+00
1.094501319326231403e+00 1.593117434459444315e+00
1.102860605154371676e+00 1.469677774628567191e+00
1.111283735272438733e+00 1.356621462641565801e+00
1.119771197293064180e+00 1.249920591094488387e+00
1.128323482553034385e+00 1.151980764480057262e+00
1.136941086141734836e+00 1.062118906322596423e+00
1.145624506929811659e+00 9.766750131474043473e-01
1.154374247598049186e+00 8.998812547043747445e-01
1.163190814666471562e+00 8.305201486076170259e-01
1.172074718523663961e+00 7.640856429621062373e-01
1.181026473456318726e+00 7.025606645382965754e-01
1.190046597679009999e+00 6.470826901441147916e-01
1.199135613364188391e+00 5.963447386682728668e-01
1.208294046672413469e+00 5.494941939329989200e-01
1.217522427782810501e+00 5.067877244313091500e-01
1.226821290923763907e+00 4.679528696837165769e-01
1.236191174403842963e+00 4.285190793909363083e-01
1.245632620642964428e+00 3.963313843322280317e-01
1.255146176203792763e+00 3.677867683970182933e-01
1.264732391823380597e+00 3.391159052100732318e-01
1.274391822445051226e+00 3.118832517886038769e-01
1.284125027250524465e+00 2.889725661978744808e-01
1.293932569692285650e+00 2.688067114300698446e-01
1.303815017526205322e+00 2.466430754218550403e-01
1.313772942844406266e+00 2.297822591557641125e-01
1.323806922108381467e+00 2.116780867091845875e-01
1.333917536182366304e+00 1.967440451555730052e-01
1.344105370366962093e+00 1.820962238954075552e-01
1.354371014433021658e+00 1.694301556145684506e-01
1.364715062655789790e+00 1.570850077397437927e-01
1.375138113849305288e+00 1.458566239536625564e-01
1.385640771401068339e+00 1.355766678955386551e-01
1.396223643306966578e+00 1.276872542268896460e-01
1.406887342206475600e+00 1.176094061921344330e-01
1.417632485418122146e+00 1.095689884667760822e-01
1.428459694975221517e+00 1.020946967252397003e-01
1.439369597661886768e+00 9.546810765598466586e-02
1.450362825049312576e+00 8.907159731197718255e-02
1.461440013532337545e+00 8.285176478915862175e-02
1.472601804366283851e+00 7.772465010619775128e-02
1.483848843704080878e+00 7.262152691237329372e-02
1.495181782633669076e+00 6.796149741868914851e-02
1.506601277215691814e+00 6.331695531070667682e-02
1.518107988521476326e+00 5.969813185771460223e-02
1.529702582671299993e+00 5.587632723280574337e-02
1.541385730872953275e+00 5.256649342972637834e-02
1.553158109460597069e+00 4.922454136639380085e-02
1.565020399933912287e+00 4.602925888563227930e-02
1.576973288997555844e+00 4.332947413618765814e-02
1.589017468600909977e+00 4.088362249576023288e-02
1.601153635978140644e+00 3.838262642115942980e-02
1.613382493688560348e+00 3.607662591978633149e-02
1.625704749657298942e+00 3.392573756988356143e-02
1.638121117216285949e+00 3.183578584223003410e-02
1.650632315145542872e+00 3.002769733442885863e-02
1.663239067714795461e+00 2.855071260214081877e-02
1.675942104725400839e+00 2.660746374982443652e-02
1.688742161552594379e+00 2.526360670320925914e-02
1.701639979188063201e+00 2.393526879666726601e-02
1.714636304282838086e+00 2.246277298116942933e-02
1.727731889190519565e+00 2.146695086817442671e-02
1.740927492010831301e+00 2.012848469467219334e-02
1.754223876633505208e+00 1.883893962822185894e-02
1.767621812782504076e+00 1.807142750715692164e-02
1.781122076060578596e+00 1.688931469997031337e-02
1.794725447994169887e+00 1.606893924301805790e-02
1.808432716078648639e+00 1.510749665512899076e-02
1.822244673823904648e+00 1.449401863898357352e-02
1.836162120800284292e+00 1.360054685483779932e-02
1.850185862684873506e+00 1.290036901182657451e-02
1.864316711308142471e+00 1.239513206819087103e-02
1.878555484700939138e+00 1.148887495242313997e-02
1.892903007141845784e+00 1.106755243542603857e-02
1.907360109204898402e+00 1.051920737024096379e-02
1.921927627807664241e+00 1.001560227444802179e-02
1.936606406259693713e+00 9.515165598707235606e-03
1.951397294311338904e+00 9.093126529682936388e-03
1.966301148202944216e+00 8.648544971289303523e-03
1.981318830714416501e+00 8.147064969564941223e-03
1.996451211215167332e+00 7.823369321915433702e-03
2.011699165714443627e+00 7.358684913458644547e-03
2.027063576912038645e+00 6.933441109414646003e-03
2.042545334249390443e+00 6.723115964835060798e-03
2.058145333961072687e+00 6.419453877036756032e-03
2.073864479126675597e+00 6.017237903873800392e-03
2.089703679723088570e+00 5.822495893935982977e-03
2.105663852677174930e+00 5.499533538886615912e-03
2.121745921918852140e+00 5.363176506377096385e-03
2.137950818434581013e+00 5.053608399123813225e-03
2.154279480321258600e+00 4.857474990482064069e-03
2.170732852840524529e+00 4.538502850448000898e-03
2.187311888473481680e+00 4.330772709969826946e-03
2.204017546975835184e+00 4.176989051367814391e-03
2.220850795433451541e+00 4.021261531336702867e-03
2.237812608318344942e+00 3.821295909671761689e-03
2.254903967545088150e+00 3.607800249084302212e-03
2.272125862527654583e+00 3.517643376795190954e-03
2.289479290236696052e+00 3.273861510108641831e-03
2.306965255257257041e+00 3.213337685773755194e-03
2.324584769846928634e+00 3.034564723191544421e-03
2.342338853994450965e+00 2.976101285249720205e-03
2.360228535478756218e+00 2.826097746900455183e-03
2.378254849928468584e+00 2.636720400850800419e-03
2.396418840881856305e+00 2.619442486118001359e-03
2.414721559847241572e+00 2.445671911666388171e-03
2.433164066363873168e+00 2.318347310031460256e-03
2.451747428063260070e+00 2.238068226494973993e-03
2.470472720730979344e+00 2.185114387957058125e-03
2.489341028368951214e+00 2.049564884163696931e-03
2.508353443258192428e+00 1.979189008946982166e-03
2.527511066022048780e+00 2.024206248696380512e-03
2.546815005689907707e+00 1.861340861839901268e-03
2.566266379761402039e+00 1.760440563380543874e-03
2.585866314271100030e+00 1.679943998600959233e-03
2.605615943853691441e+00 1.669535647816375833e-03
2.625516411809674544e+00 1.545911505793342178e-03
2.645568870171534748e+00 1.526523729705125650e-03
2.665774479770441019e+00 1.455026903497084328e-03
2.686134410303444575e+00 1.392540910988116160e-03
2.706649840401191387e+00 1.307916697425024746e-03
2.727321957696154264e+00 1.265921569919855596e-03
2.748151958891383195e+00 1.268207990313014247e-03
2.769141049829782819e+00 1.187995000893370947e-03
2.790290445563917920e+00 1.151033005138489985e-03
2.811601370426352720e+00 1.124344371367756636e-03
2.833075058100528398e+00 1.085880949138839794e-03
2.854712751692177974e+00 1.042062644359021935e-03
2.876515703801291846e+00 9.786872234768065077e-04
2.898485176594628676e+00 9.544445473777272764e-04
2.920622441878783171e+00 9.027010495390350945e-04
2.942928781173810293e+00 8.904984691221726244e-04
2.965405485787410811e+00 8.409696480666621881e-04
2.988053856889687943e+00 8.388310851897728309e-04
3.010875205588466663e+00 7.772379056894441899e-04
3.033870853005199208e+00 7.708499944236532229e-04
3.057042130351439457e+00 7.133169885713951802e-04
3.080390379005908841e+00 7.191038272740343405e-04
3.103916950592149782e+00 7.060740018581221659e-04
3.127623207056766663e+00 6.712232139479937416e-04
3.151510520748272093e+00 6.636136242971865011e-04
3.175580274496530464e+00 6.057616761846859512e-04
3.199833861692807702e+00 5.830319452782147752e-04
3.224272686370440510e+00 5.577641726334025630e-04
3.248898163286108698e+00 5.737551433797940517e-04
3.273711718001736770e+00 5.335714930441384394e-04
3.298714786967021251e+00 5.062359906486350175e-04
3.323908817602584165e+00 4.892221659638308802e-04
3.349295268383767343e+00 4.915680849238190150e-04
3.374875608925059112e+00 4.622812262121522961e-04
3.400651320065169791e+00 4.292795009255360441e-04
3.426623893952761790e+00 4.237892081693198261e-04
3.452794834132823176e+00 4.178709241810118114e-04
3.479165655633714493e+00 4.178450614356238628e-04
3.505737885054867498e+00 4.080107741143629892e-04
3.532513060655161574e+00 3.977595517906047152e-04
3.559492732441974283e+00 3.701330884912334127e-04
3.586678462260907807e+00 3.669038970872998649e-04
3.614071823886209955e+00 3.528351701793657359e-04
3.641674403111871072e+00 3.235350093716006211e-04
3.669487797843431487e+00 3.291420188139225749e-04
3.697513618190481299e+00 3.003546237916114819e-04
3.725753486559869376e+00 2.989582512215986925e-04
3.754209037749625999e+00 3.016771347884125601e-04
3.782881919043597829e+00 2.824232171328225891e-04
3.811773790306809850e+00 2.807362757618043049e-04
3.840886324081555170e+00 2.724330839694061746e-04
3.870221205684216237e+00 2.541976324461891210e-04
3.899780133302832574e+00 2.554817998953980759e-04
3.929564818095400369e+00 2.439703423827861413e-04
3.959576984288936341e+00 2.203587317374852814e-04
3.989818369279292121e+00 2.249394931238786271e-04
4.020290723731728910e+00 2.115359392645852171e-04
4.050995811682269299e+00 1.940862330416829543e-04
4.081935410639808026e+00 1.968471033334577786e-04
4.113111311689019445e+00 2.087053203020920072e-04
4.144525319594036361e+00 1.991921431650869358e-04
4.176179252902931793e+00 1.939112024444343519e-04
4.208074944052993871e+00 1.634390057636290268e-04
4.240214239476800984e+00 1.806608492217834112e-04
4.272598999709120271e+00 1.800157856406714462e-04
4.305231099494601921e+00 1.611930923727339056e-04
4.338112427896314571e+00 1.643091724729236266e-04
4.371244888405103168e+00 1.770780591936599573e-04
4.404630399049775491e+00 1.522520624382989077e-04
4.438270892508145771e+00 1.556436191520092175e-04
4.472168316218908757e+00 1.428962977801464293e-04
4.506324632494379756e+00 1.334899561455614979e-04
4.540741818634090876e+00 1.455830969305648304e-04
4.575421867039255019e+00 1.242725455964517308e-04
4.610366785328114503e+00 1.291022595306336900e-04
4.645578596452149434e+00 1.193566595259578272e-04
4.681059338813191140e+00 1.224910434540573453e-04
4.716811066381425555e+00 1.159141371737696324e-04
4.752835848814294550e+00 1.064655405800411304e-04
4.789135771576313871e+00 1.108916481685672868e-04
4.825712936059790792e+00 1.090631005781804642e-04
4.862569459706477915e+00 1.063225506992812234e-04
4.899707476130153339e+00 1.016598194104671016e-04
4.937129135240129862e+00 1.002597360766001880e-04
4.974836603365720755e+00 9.007383920270994437e-05
5.012832063381637226e+00 9.251213034473473222e-05
5.051117714834363781e+00 8.404329378003725206e-05
5.089695774069483036e+00 8.557803460021569072e-05
5.128568474359980200e+00 8.582798692452003008e-05
5.167738066035535205e+00 7.639563841173888179e-05
5.207206816612779399e+00 8.754625487729516425e-05
5.246977010926572760e+00 7.523532644871396122e-05
5.287050951262264320e+00 7.972166474309290505e-05
5.327430957488979324e+00 7.467787436175116406e-05
5.368119367193910918e+00 6.799573269531937621e-05
5.409118535817638573e+00 7.094774164439308505e-05
5.450430836790491895e+00 6.524119891409637013e-05
5.492058661669943831e+00 6.016727793723539619e-05
5.534004420279054592e+00 6.342056792931585242e-05
5.576270540845982282e+00 6.911168245523760859e-05
5.618859470144546009e+00 7.108246926005352560e-05
5.661773673635872584e+00 6.005148774780065600e-05
5.705015635611118796e+00 5.407767369464006328e-05
5.748587859335287931e+00 5.614618336772409532e-05
5.792492867192146733e+00 5.138040710135423388e-05
5.836733200830237500e+00 5.448893997204743377e-05
5.881311421310018162e+00 4.848479673782617801e-05
5.926230109252122347e+00 4.679418975154876276e-05
5.971491864986748332e+00 4.904649267673579774e-05
6.017099308704191074e+00 5.311408530089758458e-05
6.063055080606527092e+00 4.367208065661633927e-05
6.109361841060454879e+00 4.205151665381656582e-05
6.156022270751298819e+00 4.376678277648901431e-05
6.203039070838196167e+00 4.522187306088932353e-05
6.250414963110467070e+00 3.759592879511124407e-05
6.298152690145174759e+00 3.904853276577402541e-05
6.346255015465900762e+00 4.196130059766443594e-05
6.394724723702712943e+00 4.409984819548848096e-05
6.443564620753374328e+00 3.792370624528405891e-05
6.492777533945774948e+00 3.931097347054136068e-05
6.542366312201600920e+00 3.446694365538226760e-05
6.592333826201270064e+00 3.254780488393596159e-05
6.642682968550095879e+00 2.924395726263257612e-05
6.693416653945753581e+00 3.791456115059501546e-05
6.744537819347007357e+00 3.065633461712646666e-05
6.796049424143726370e+00 3.481509585299289919e-05
6.847954450328215259e+00 2.860008315960292608e-05
6.900255902667822738e+00 2.929727510322755949e-05
6.952956808878900219e+00 3.154093210456907257e-05
7.006060219802071387e+00 2.707176102911423396e-05
7.059569209578839377e+00 2.662655731279123158e-05
7.113486875829561740e+00 2.334026233953382455e-05
7.167816339832755901e+00 2.513305554928354130e-05
7.222560746705797285e+00 3.037506728087599283e-05
7.277723265586987011e+00 2.690496904235173132e-05
7.333307089819009583e+00 2.392918764964119117e-05
7.389315437133804565e+00 2.205011550987171829e-05
7.445751549838826477e+00 2.588445469823770528e-05
7.502618695004750649e+00 2.276263928581947183e-05
7.559920164654601038e+00 1.844209703640737271e-05
7.617659275954320464e+00 2.653995755376549468e-05
7.675839371404808986e+00 1.734487344881057832e-05
7.734463819035411802e+00 2.146722478501391894e-05
7.793536012598893947e+00 2.653272660369361763e-05
7.853059371767910690e+00 2.214133670545795232e-05
7.913037342332964741e+00 2.078120430661948721e-05
7.973473396401889346e+00 1.689465206729396710e-05
8.034371032600834184e+00 1.989063466174030090e-05
8.095733776276818006e+00 1.761240530432114142e-05
8.157565179701792957e+00 1.421205535720115042e-05
8.219868822278293408e+00 1.544034616879264070e-05
8.282648310746649756e+00 1.588768899584324369e-05
8.345907279393774303e+00 1.501774846135817015e-05
8.409649390263549407e+00 1.862632150814347336e-05
8.473878333368830340e+00 1.737847909654158197e-05
8.538597826905046873e+00 1.541434596287803734e-05
8.603811617465460415e+00 1.583609418462420988e-05
8.669523480258041204e+00 1.662908430550778850e-05
8.735737219324033020e+00 1.434742289769971147e-05
8.802456667758143283e+00 1.299417998159066757e-05
8.869685687930459750e+00 1.624224712724674796e-05
8.937428171710028124e+00 1.331896554333852003e-05
9.005688040690165153e+00 1.165776900936661802e-05
9.074469246415468149e+00 1.208140152808381613e-05
9.143775770610570675e+00 1.165206208296590395e-05
9.213611625410646155e+00 1.224103262044889395e-05
9.283980853593664762e+00 1.215487269586393891e-05
9.354887528814433750e+00 1.105625098406528294e-05
9.426335755840423047e+00 1.362513330427369742e-05
9.498329670789374291e+00 9.896275630973467354e-06
9.570873441368757284e+00 1.112971287907357853e-05
9.643971267117024126e+00 1.251092008752710655e-05
9.717627379646726737e+00 9.671777456324117842e-06
9.791846042889485346e+00 9.916913378058775521e-06
9.866631553342816829e+00 1.095429316897923116e-05
9.941988240318867298e+00 9.296505285361044682e-06
1.001792046619502941e+01 9.072729794600711373e-06
1.009443262666647811e+01 1.071098017848221195e-05
1.017152915100063915e+01 8.165227530028106988e-06
1.024921450229360431e+01 7.034899756017678151e-06
1.032749317772848840e+01 9.706116704896872098e-06
1.040636970883577561e+01 6.775519102426311487e-06
1.048584866175564301e+01 1.016059384225926924e-05
1.056593463750229134e+01 7.557901833219856155e-06
1.064663227223031328e+01 6.623061381705522272e-06
1.072794623750306187e+01 7.447781287982546004e-06
1.080988124056310262e+01 7.971685285946763597e-06
1.089244202460468713e+01 6.322428738290130467e-06
1.097563336904835118e+01 6.849506316152495429e-06
1.105946008981760897e+01 8.357509942736969367e-06
1.114392703961772924e+01 7.306493804827156706e-06
1.122903910821665363e+01 7.256246965915592732e-06
1.131480122272806810e+01 7.199470689256535930e-06
1.140121834789663069e+01 7.008892776427869357e-06
1.148829548638539144e+01 5.725081871569002457e-06
1.157603767906538295e+01 4.598782189786830500e-06
1.166445000530744025e+01 6.719340358602945424e-06
1.175353758327623055e+01 6.525722075896037802e-06
1.184330557022655483e+01 5.689037035505697156e-06
1.193375916280191262e+01 4.593522948900150345e-06
1.202490359733531022e+01 5.728572556629500128e-06
1.211674415015240314e+01 5.302670275346896335e-06
1.220928613787693706e+01 5.002549289504742202e-06
1.230253491773851593e+01 4.203448408338828967e-06
1.239649588788276091e+01 5.938963955974950193e-06
1.249117448768377869e+01 4.135794745784705892e-06
1.258657619805906158e+01 3.485380433215429464e-06
1.268270654178675727e+01 5.806559350561248849e-06
1.277957108382539175e+01 6.374774212922176191e-06
1.287717543163603651e+01 4.743588231026972887e-06
1.297552523550690928e+01 3.982180145384705468e-06
1.307462618888047245e+01 4.672407097964700388e-06
1.317448402868301116e+01 4.636028578522765302e-06
1.327510453565674453e+01 3.891384094569720954e-06
1.337649353469450197e+01 4.685132349895975116e-06
1.347865689517689169e+01 3.717985600720929312e-06
1.358160053131209644e+01 4.153175360279073514e-06
1.368533040247822186e+01 4.122599164744125288e-06
1.378985251356829522e+01 4.315859795795439746e-06
1.389517291533790910e+01 3.495475054050014928e-06
1.400129770475546920e+01 3.467413743360758131e-06
1.410823302535516532e+01 2.776153211539542188e-06
1.421598506759258740e+01 3.306604399153015865e-06
1.432456006920312142e+01 3.610035633966400363e-06
1.443396431556304549e+01 2.930133201603597119e-06
1.454420414005338102e+01 3.338331352820512018e-06
1.465528592442653633e+01 2.781957812790271643e-06
1.476721609917572842e+01 2.651758954115756516e-06
1.488000114390725059e+01 3.367661857376459963e-06
1.499364758771559814e+01 3.448065670187913254e-06
1.510816200956140420e+01 2.488761012544669526e-06
1.522355103865231740e+01 2.265089217516878014e-06
1.533982135482673925e+01 3.265962553630394266e-06
1.545697968894052465e+01 2.432658095076840868e-06
1.557503282325665950e+01 3.517394828950059116e-06
1.569398759183785330e+01 2.993860036404256341e-06
1.581385088094217650e+01 2.277077082759499989e-06
1.593462962942168204e+01 2.458307312864064753e-06
1.605633082912410003e+01 1.950872778168461265e-06
1.617896152529763043e+01 3.193477661700400709e-06
1.630252881699875189e+01 2.112407112786972230e-06
1.642703985750318907e+01 2.953405247461549991e-06
1.655250185472002045e+01 2.555105489121064522e-06
1.667892207160893037e+01 3.474826554867731614e-06
1.680630782660069400e+01 2.609346443196772705e-06
1.693466649402079582e+01 2.406586529960152200e-06
1.706400550451636988e+01 2.295551437906083012e-06
1.719433234548630907e+01 1.275655218279412552e-06
1.732565456151473171e+01 2.621678652733717609e-06
1.745797975480775932e+01 2.510867005886268809e-06
1.759131558563357700e+01 1.514350583593592485e-06
1.772566977276590450e+01 2.562045921034023006e-06
1.786105009393079257e+01 2.630555875776914273e-06
1.799746438625691525e+01 1.826928215164752142e-06
1.813492054672925491e+01 1.725910432428982383e-06
1.827342653264623351e+01 1.286392835667199204e-06
1.841299036208040008e+01 1.786670788475371510e-06
1.855362011434253589e+01 2.449324738965664305e-06
1.869532393044939056e+01 2.011729870991819128e-06
1.883811001359499926e+01 1.330285399724539564e-06
1.898198662962550998e+01 1.403073050718429870e-06
1.912696210751772696e+01 1.964791864459061727e-06
1.927304483986123529e+01 1.543241543300516416e-06
1.942024328334427707e+01 1.048042734484132240e-06
1.956856595924331188e+01 2.240724051039438377e-06
1.971802145391628613e+01 1.112119333394618513e-06
1.986861841929972172e+01 1.735111847973350978e-06
2.002036557340952783e+01 1.173875745760354263e-06
2.017327170084572430e+01 1.165942408753214119e-06
2.032734565330098775e+01 8.474537885272874442e-07
2.048259635007306656e+01 1.299694403643618988e-06
2.063903277858106478e+01 1.897675444946386868e-06
2.079666399488577966e+01 1.657149023777464903e-06
2.095549912421395078e+01 1.719342686141676046e-06
2.111554736148649880e+01 1.187682937297380898e-06
2.127681797185082857e+01 9.571381925305329050e-07
2.143932029121715743e+01 1.242512850250309660e-06
2.160306372679898601e+01 9.424778585710026097e-07
2.176805775765772211e+01 1.656282587123795738e-06
2.193431193525134404e+01 8.561767204377842086e-07
2.210183588398740895e+01 9.929847202435119246e-07
2.227063930178012185e+01 1.615974325774568858e-06
2.244073196061181008e+01 6.281186329795398199e-07
2.261212370709861119e+01 1.039081998138456276e-06
2.278482446306047393e+01 8.937606746866853624e-07
2.295884422609555031e+01 7.507525270331225128e-07
2.313419307015891846e+01 8.126704112400134485e-07
2.331088114614578188e+01 1.344068865162093522e-06
2.348891868247912029e+01 1.400622525999486442e-06
2.366831598570178841e+01 9.917656914013201133e-07
2.384908344107317646e+01 5.915256770418152028e-07
2.403123151317036843e+01 6.508452725180760386e-07
2.421477074649395789e+01 5.821208294884267957e-07
2.439971176607850367e+01 5.777911949193232167e-07
2.458606527810756148e+01 9.563289739560202742e-07
2.477384207053348675e+01 8.854494656624750519e-07
2.496305301370191287e+01 8.152912494668311656e-07
2.515370906098105408e+01 6.228633931275891881e-07
2.534582124939582215e+01 6.796757666332423631e-07
2.553940070026671805e+01 3.678639024723790312e-07
2.573445861985366534e+01 6.087036166965424885e-07
2.593100630000469309e+01 9.674358142690288294e-07
2.612905511880966003e+01 8.388676176006087008e-07
2.632861654125893835e+01 8.329200564976689286e-07
2.652970211990708549e+01 7.680806232964209960e-07
2.673232349554165310e+01 4.690899921333212367e-07
2.693649239785701255e+01 4.646182540866242132e-07
2.714222064613342411e+01 5.772284772861056228e-07
2.734952014992126834e+01 3.438522385373986941e-07
2.755840290973046081e+01 6.823095278010384805e-07
2.776888101772517103e+01 3.943857645350673374e-07
2.798096665842379238e+01 5.036922213878649519e-07
2.819467210940434398e+01 7.772865803981686709e-07
2.841000974201522311e+01 3.310335505916260773e-07
2.862699202209135763e+01 7.111750085394913147e-07
2.884563151067587228e+01 8.148218540538699077e-07
2.906594086474717642e+01 2.694670848877739619e-07
2.928793283795175029e+01 6.952394554540425936e-07
2.951162028134242377e+01 3.711285206819875650e-07
2.973701614412232175e+01 9.480617836083362468e-07
2.996413347439450092e+01 4.702338058993020083e-07
3.019298541991724250e+01 1.089511969187484829e-06
3.042358522886523176e+01 4.632651479081566083e-07
3.065594625059649658e+01 7.667469277896305601e-07
3.089008193642516886e+01 6.081707481683617074e-07
3.112600584040018958e+01 3.523383675479364511e-07
3.136373162008992921e+01 5.996788441000386898e-07
3.160327303737282278e+01 4.457263856775134086e-07
3.184464395923409441e+01 5.412430914197830011e-07
3.208785835856844670e+01 4.881049888301594405e-07
3.233293031498900660e+01 2.906184904284096964e-07
3.257987401564231078e+01 6.247150989900165068e-07
3.282870375602964685e+01 5.722886663197862543e-07
3.307943394083464739e+01 1.417709671708592167e-07
3.333207908475711889e+01 5.644867091418244644e-07
3.358665381335332967e+01 4.664599431379477471e-07
3.384317286388262858e+01 4.619196068584361778e-07
3.410165108616060081e+01 2.300999675710395849e-07
3.436210344341879619e+01 4.104661609133226348e-07
3.462454501317083100e+01 5.425826830731035725e-07
3.488899098808531107e+01 2.690874972036695576e-07
3.515545667686525633e+01 2.676793642146554546e-07
3.542395750513435360e+01 3.542633911864233915e-07
3.569450901632996676e+01 1.758469089975555559e-07
3.596712687260290409e+01 4.359580333595672918e-07
3.624182685572413476e+01 4.322130145207782543e-07
3.651862486799832652e+01 1.712702388001093477e-07
3.679753693318444618e+01 1.705856001193608335e-07
3.707857919742345842e+01 1.264147792326835536e-07
3.736176793017290265e+01 4.199005388019800464e-07
3.764711952514880267e+01 4.162925537614099077e-07
3.793465050127463911e+01 2.484640502614490706e-07
3.822437750363764764e+01 2.864438881134800592e-07
3.851631730445244273e+01 2.440792101664829945e-07
3.881048680403189621e+01 2.423069698869884647e-07
3.910690303176554039e+01 2.001771917041967071e-07
3.940558314710532528e+01 1.191325130637799852e-07
3.970654444055901422e+01 2.760147858816684301e-07
4.000980433469116804e+01 1.567018316224694698e-07
4.031538038513167521e+01 1.945282441992707129e-07
4.062329028159209088e+01 2.312623516819868032e-07
4.093355184888959997e+01 2.292218101104365644e-07
4.124618304797896684e+01 1.137787069735839658e-07
4.156120197699230800e+01 1.884309408155129147e-07
4.187862687228675185e+01 2.992048298581007296e-07
4.219847610950009198e+01 3.712979121647209014e-07
4.252076820461459761e+01 1.843338542629451140e-07
4.284552181502894541e+01 4.023991317196491192e-07
4.317275574063820898e+01 4.351349989969463219e-07
4.350248892492221842e+01 1.801650897385240339e-07
4.383474045604216940e+01 2.859574330470609454e-07
4.416952956794561658e+01 2.479799688262076008e-07
4.450687564148002906e+01 2.817364231059718436e-07
4.484679820551461660e+01 2.796789436991587336e-07
4.518931693807093097e+01 6.931267975110268767e-08
4.553445166746195127e+01 1.377041418627306469e-07
4.588222237343995147e+01 1.708297420184834953e-07
4.623264918835322135e+01 2.711347117862871418e-07
4.658575239831141346e+01 3.360955320774685121e-07
4.694155244435995655e+01 3.335633424830290386e-07
4.730006992366332952e+01 9.924708305524487706e-08
4.766132559069743735e+01 2.302356416739557331e-07
4.802534035845116023e+01 2.283770527187833818e-07
4.839213529963691940e+01 1.945662682534802899e-07
4.876173164791060799e+01 1.283687890365382536e-07
4.913415079910075178e+01 1.592316300789248233e-07
4.950941431244714153e+01 2.213055247328012936e-07
4.988754391184892256e+01 1.884265239941297879e-07
5.026856148712214889e+01 1.245940283219019869e-07
5.065248909526700771e+01 9.287910255990290654e-08
5.103934896174460789e+01 6.125296256693280381e-08
5.142916348176368757e+01 1.828347201644329435e-07
5.182195522157707757e+01 1.509804869077242430e-07
5.221774691978801286e+01 1.500842697173435529e-07
5.261656148866648408e+01 1.786678879537763396e-07
5.301842201547557920e+01 1.774515004510110895e-07
5.342335176380803574e+01 1.174855835872197455e-07
5.383137417493298926e+01 8.754146838218653971e-08
5.424251286915296077e+01 1.445193760375468655e-07
5.465679164717121807e+01 5.725673345590752179e-08
5.507423449146955363e+01 5.697736275600883875e-08
5.549486556769667800e+01 2.825634016062011905e-08
5.591870922606719319e+01 1.118043367538009053e-07
5.634579000277113892e+01 2.775116229412812799e-08
5.677613262139447414e+01 1.655451454404280300e-07
5.720976199435020249e+01 1.640861318362006165e-07
5.764670322432060345e+01 1.628191117313137174e-07
5.808698160571049129e+01 1.886063013898033661e-07
5.853062262611141620e+01 5.355050240576044716e-08
5.897765196777716312e+01 7.977238169227869132e-08
5.942809550911043459e+01 7.921236594286013582e-08
5.988197932616098740e+01 1.568863540921475560e-07
6.033932969413523040e+01 7.774778809197529859e-08
6.080017308891720518e+01 1.031675733447653595e-07
6.126453618860131201e+01 1.279411116139524291e-07
6.173244587503663183e+01 1.015725245597382572e-07
6.220392923538312857e+01 1.511712760846694592e-07
6.267901356367983112e+01 9.994967861328302355e-08
6.315772636242475357e+01 7.427303203701723539e-08
6.364009534416704383e+01 1.233898496283010120e-07
6.412614843311123991e+01 1.712829545772110563e-07
6.461591376673376885e+01 9.698301166084339504e-08
6.510941969741192281e+01 2.407030663051372493e-08
6.560669479406510618e+01 4.775459328444467422e-08
6.610776784380868776e+01 9.476111781048725899e-08
6.661266785362042242e+01 9.408372548871813734e-08
6.712142405201964834e+01 7.003664017809060760e-08
6.763406589075952979e+01 4.626887742364395814e-08
6.815062304653176284e+01 1.609703586835782397e-07
6.867112542268469610e+01 6.837666667180727802e-08
6.919560315095429814e+01 9.072046809583724968e-08
6.972408659320856827e+01 1.121030050605849841e-07
7.025660634320522036e+01 4.458004321743924375e-08
7.079319322836265371e+01 8.849499993915950208e-08
7.133387831154462333e+01 8.782210686665399354e-08
7.187869289285829666e+01 0.000000000000000000e+00
7.242766851146639340e+01 6.485139472677070915e-08
7.298083694741293925e+01 6.455230625663128242e-08
7.353823022346294636e+01 8.510357628301399951e-08
7.409988060695627610e+01 8.467293729233312241e-08
7.466582061167545703e+01 6.291778983531084198e-08
7.523608299972798363e+01 1.039973018725115343e-07
7.581070078344298224e+01 1.033473500109886557e-07
7.638970722728217311e+01 6.160357065072185394e-08
7.697313584976564016e+01 8.148331021770290133e-08
7.756102042541199637e+01 2.024674861063442770e-08
7.815339498669379736e+01 1.002805944575907755e-07
7.875029382600763483e+01 1.591279649832941538e-07
7.935175149765926506e+01 3.950299566572605591e-08
7.995780281986401405e+01 1.371591673778736677e-07
8.056848287676226050e+01 5.828748315953227262e-08
8.118382702045050792e+01 7.701201057061795741e-08
8.180387087302804616e+01 3.818681790716288410e-08
8.242865032865888963e+01 3.804637830563465689e-08
8.305820155564990159e+01 5.657060523770825643e-08
8.369256099854430886e+01 3.754188101624430990e-08
8.433176538023161584e+01 9.295515431557341751e-08
8.497585170407356259e+01 3.683288526153966286e-08
8.562485725604614117e+01 3.658989662329342148e-08
8.627881960689798291e+01 0.000000000000000000e+00
8.693777661432541493e+01 7.207115357261189767e-08
8.760176642516411505e+01 7.143047302401712318e-08
8.827082747759727965e+01 5.334357049434636096e-08
8.894499850338092983e+01 7.050556363672734465e-08
8.962431853008587268e+01 8.748406137541001890e-08
9.030882688335715613e+01 1.728141946998945798e-08
9.099856318919067633e+01 3.440331400159379300e-08
9.169356737622699427e+01 8.536434818938568895e-08
9.239387967806285928e+01 3.399037439225734680e-08
9.309954063558021176e+01 1.682949584988848754e-08
9.381059109929316264e+01 5.008654075589366728e-08
9.452707223171287865e+01 0.000000000000000000e+00
9.524902550973044413e+01 3.285601284287161042e-08
9.597649272701789869e+01 6.531383920811182287e-08
9.670951599644754992e+01 8.106885481070597655e-08
9.744813775253007293e+01 4.835169136777461102e-08
9.819240075387101285e+01 4.799242835653535940e-08
9.894234808564596051e+01 1.581564750901310151e-08
9.969802316209487003e+01 7.845465385189237062e-08
1.004594697290351206e+02 6.250210019845756122e-08
1.012267318663940330e+02 0.000000000000000000e+00
1.019998539907607551e+02 0.000000000000000000e+00
1.027788808579573896e+02 3.044436563495324660e-08
1.035638575656300304e+02 1.507137480981462713e-08
1.043548295558592258e+02 1.497343079264934500e-08
1.051518426177907060e+02 2.973682221573560545e-08
1.059549428902863042e+02 1.481178242452907062e-08
1.067641768645947025e+02 0.000000000000000000e+00
1.075795913870428819e+02 1.456122792808531827e-08
1.084012336617479093e+02 5.768699094409734032e-08
1.092291512533496842e+02 2.872363183900350288e-08
1.100633920897645339e+02 1.420237632679818145e-08
1.109040044649596268e+02 1.408449570431124528e-08
1.117510370417487309e+02 4.199110895706812872e-08
1.126045388546091885e+02 6.949066707581437852e-08
1.134645593125205778e+02 1.385705165131269297e-08
1.143311482018251581e+02 5.491948871659983959e-08
1.152043556891097040e+02 1.364863895585107716e-08
1.160842323241099052e+02 2.691988514345933182e-08
1.169708290426363391e+02 4.017100288032499176e-08
1.178641971695234076e+02 2.663945674066955856e-08
1.187643884216004722e+02 0.000000000000000000e+00
1.196714549106856964e+02 0.000000000000000000e+00
1.205854491466028264e+02 2.601994775670307773e-08
1.215064240402207503e+02 2.579870694879820582e-08
1.224344329065167187e+02 2.560919503927524737e-08
1.233695294676628009e+02 6.348357043021098840e-08
1.243117678561356172e+02 0.000000000000000000e+00
1.252612026178502873e+02 8.756841792240126155e-08
1.262178887153177698e+02 2.487964921157210700e-08
1.271818815308268711e+02 6.151850653696898428e-08
1.281532368696502999e+02 6.112635990757084811e-08
1.291320109632751496e+02 6.060518957336556508e-08
1.301182604726581644e+02 1.202547059237662864e-08
1.311120424915058038e+02 2.384039849450406646e-08
1.321134145495791472e+02 1.181774795687016701e-08
1.331224346160248615e+02 5.888804175494175255e-08
1.341391611027304975e+02 1.168181781690933177e-08
1.351636528677061619e+02 0.000000000000000000e+00
1.361959692184915980e+02 1.152802416929337831e-08
1.372361699155896986e+02 1.142556777275962431e-08
1.382843151759259683e+02 1.129116656056411813e-08
1.393404656763344747e+02 0.000000000000000000e+00
1.404046825570703732e+02 2.235026727122075112e-08
1.414770274253492062e+02 1.109086535210176579e-08
1.425575623589134011e+02 0.000000000000000000e+00
1.436463499096261103e+02 2.180759347251445609e-08
1.447434531070921366e+02 2.167444983258394516e-08
1.458489354623067129e+02 0.000000000000000000e+00
1.469628609713321055e+02 1.062618656458450882e-08
1.480852941190023273e+02 2.119778107098333493e-08
1.492162998826563580e+02 2.100014673270707038e-08
1.503559437358994160e+02 2.083107547864214593e-08
1.515042916523934196e+02 3.109183517720828080e-08
1.526614101096758418e+02 1.027590819231736586e-08
1.538273660930082656e+02 2.039599413581868993e-08
1.550022270992544691e+02 1.007892379423141875e-08
1.561860611407872170e+02 1.002530628160608114e-08
1.573789367494260318e+02 0.000000000000000000e+00
1.585809229804039546e+02 1.976146066464683367e-08
1.597920894163653998e+02 1.954398090233262786e-08
1.610125061713944206e+02 0.000000000000000000e+00
1.622422438950733863e+02 0.000000000000000000e+00
1.634813737765729229e+02 0.000000000000000000e+00
1.647299675487729473e+02 0.000000000000000000e+00
1.659880974924153065e+02 9.460281397185364483e-09
1.672558364402883058e+02 9.343837791729770881e-09
1.685332577814427282e+02 1.861603919027163336e-08
1.698204354654404540e+02 0.000000000000000000e+00
1.711174440066350826e+02 1.828023821750758081e-08
1.724243584884858365e+02 0.000000000000000000e+00
1.737412545679041500e+02 0.000000000000000000e+00
1.750682084796334834e+02 8.921223483466061844e-09
1.764052970406620489e+02 8.885667888969206703e-09
1.777525976546700690e+02 8.833647142984279953e-09
1.791101883165108575e+02 1.749162661311458017e-08
1.804781476167256642e+02 8.684740082725166258e-09
1.818565547460933089e+02 1.723865763627806024e-08
1.832454895002142905e+02 1.707220437923115373e-08
1.846450322841304228e+02 8.491838417798831345e-09
1.860552641169795152e+02 8.446173372013957650e-09
1.874762666366852955e+02 0.000000000000000000e+00
1.889081221046837413e+02 2.492696865056870279e-08
1.903509134106845408e+02 0.000000000000000000e+00
1.918047240774702118e+02 8.164132154677836516e-09
1.932696382657309186e+02 8.083255814923412724e-09
1.947457407789366925e+02 8.054576018668917674e-09
1.962331170682464574e+02 1.594372074011880466e-08
1.977318532374547715e+02 1.579520685355506751e-08
1.992420360479763985e+02 7.843376093726712131e-09
