1.003818764619345688e-01 0.000000000000000000e+00
1.011485459784472879e-01 0.000000000000000000e+00
1.019210709558087680e-01 0.000000000000000000e+00
1.026994961152724595e-01 0.000000000000000000e+00
1.034838665196517182e-01 0.000000000000000000e+00
1.042742275759283854e-01 0.000000000000000000e+00
1.050706250378814766e-01 0.000000000000000000e+00
1.058731050087358544e-01 0.000000000000000000e+00
1.066817139438310941e-01 0.000000000000000000e+00
1.074964986533107902e-01 0.000000000000000000e+00
1.083175063048323894e-01 0.000000000000000000e+00
1.091447844262976724e-01 0.000000000000000000e+00
1.099783809086041647e-01 0.000000000000000000e+00
1.108183440084175297e-01 0.000000000000000000e+00
1.116647223509651676e-01 0.000000000000000000e+00
1.125175649328510052e-01 0.000000000000000000e+00
1.133769211248920050e-01 0.000000000000000000e+00
1.142428406749761566e-01 0.000000000000000000e+00
1.151153737109424230e-01 0.000000000000000000e+00
1.159945707434826001e-01 0.000000000000000000e+00
1.168804826690653942e-01 0.000000000000000000e+00
1.177731607728827179e-01 0.000000000000000000e+00
1.186726567318187042e-01 0.000000000000000000e+00
1.195790226174411192e-01 0.000000000000000000e+00
1.204923108990159364e-01 0.000000000000000000e+00
1.214125744465446438e-01 0.000000000000000000e+00
1.223398665338249064e-01 0.000000000000000000e+00
1.232742408415345714e-01 0.000000000000000000e+00
1.242157514603392660e-01 0.000000000000000000e+00
1.251644528940235868e-01 0.000000000000000000e+00
1.261204000626464650e-01 0.000000000000000000e+00
1.270836483057203870e-01 0.000000000000000000e+00
1.280542533854148735e-01 0.000000000000000000e+00
1.290322714897847722e-01 0.000000000000000000e+00
1.300177592360227119e-01 0.000000000000000000e+00
1.310107736737369521e-01 0.000000000000000000e+00
1.320113722882536866e-01 0.000000000000000000e+00
1.330196130039449920e-01 0.000000000000000000e+00
1.340355541875820067e-01 0.000000000000000000e+00
1.350592546517138115e-01 0.000000000000000000e+00
1.360907736580721228e-01 0.000000000000000000e+00
1.371301709210017705e-01 0.000000000000000000e+00
1.381775066109176553e-01 0.000000000000000000e+00
1.392328413577879620e-01 0.000000000000000000e+00
1.402962362546441299e-01 0.000000000000000000e+00
1.413677528611173018e-01 0.000000000000000000e+00
1.424474532070021393e-01 0.000000000000000000e+00
1.435353997958477290e-01 0.000000000000000000e+00
1.446316556085757710e-01 0.000000000000000000e+00
1.457362841071265513e-01 0.000000000000000000e+00
1.468493492381329202e-01 0.000000000000000000e+00
1.479709154366219692e-01 0.000000000000000000e+00
1.491010476297450760e-01 0.000000000000000000e+00
1.502398112405367581e-01 0.000000000000000000e+00
1.513872721917017827e-01 0.000000000000000000e+00
1.525434969094315862e-01 0.000000000000000000e+00
1.537085523272495868e-01 0.000000000000000000e+00
1.548825058898858631e-01 0.000000000000000000e+00
1.560654255571816418e-01 0.000000000000000000e+00
1.572573798080234009e-01 0.000000000000000000e+00
1.584584376443071152e-01 0.000000000000000000e+00
1.596686685949328388e-01 0.000000000000000000e+00
1.608881427198295411e-01 0.000000000000000000e+00
1.621169306140110011e-01 0.000000000000000000e+00
1.633551034116623724e-01 0.000000000000000000e+00
1.646027327902583326e-01 0.000000000000000000e+00
1.658598909747124317e-01 0.000000000000000000e+00
1.671266507415579139e-01 0.000000000000000000e+00
1.684030854231611252e-01 0.000000000000000000e+00
1.696892689119663122e-01 0.000000000000000000e+00
1.709852756647735894e-01 0.000000000000000000e+00
1.722911807070489909e-01 0.000000000000000000e+00
1.736070596372676911e-01 0.000000000000000000e+00
1.749329886312905313e-01 0.000000000000000000e+00
1.762690444467736595e-01 0.000000000000000000e+00
1.776153044276120585e-01 0.000000000000000000e+00
1.789718465084169652e-01 0.000000000000000000e+00
1.803387492190275665e-01 0.000000000000000000e+00
1.817160916890568911e-01 0.000000000000000000e+00
1.831039536524727285e-01 0.000000000000000000e+00
1.845024154522134641e-01 0.000000000000000000e+00
1.859115580448389149e-01 0.000000000000000000e+00
1.873314630052169971e-01 0.000000000000000000e+00
1.887622125312461430e-01 0.000000000000000000e+00
1.902038894486135501e-01 0.000000000000000000e+00
1.916565772155901515e-01 0.000000000000000000e+00
1.931203599278616956e-01 0.000000000000000000e+00
1.945953223233973239e-01 0.000000000000000000e+00
1.960815497873548141e-01 0.000000000000000000e+00
1.975791283570236256e-01 0.000000000000000000e+00
1.990881447268055271e-01 0.000000000000000000e+00
2.006086862532332482e-01 0.000000000000000000e+00
2.021408409600277400e-01 0.000000000000000000e+00
2.036846975431935991e-01 0.000000000000000000e+00
2.052403453761537377e-01 0.000000000000000000e+00
2.068078745149232178e-01 0.000000000000000000e+00
2.083873757033224972e-01 0.000000000000000000e+00
2.099789403782307273e-01 0.000000000000000000e+00
2.115826606748788530e-01 0.000000000000000000e+00
2.131986294321833453e-01 0.000000000000000000e+00
2.148269401981205418e-01 0.000000000000000000e+00
2.164676872351422587e-01 0.000000000000000000e+00
2.181209655256325375e-01 0.000000000000000000e+00
2.197868707774061070e-01 0.000000000000000000e+00
2.214654994292489798e-01 0.000000000000000000e+00
2.231569486565012084e-01 0.000000000000000000e+00
2.248613163766823297e-01 0.000000000000000000e+00
2.265787012551598312e-01 0.000000000000000000e+00
2.283092027108608313e-01 0.000000000000000000e+00
2.300529209220272819e-01 0.000000000000000000e+00
2.318099568320156068e-01 0.000000000000000000e+00
2.335804121551398604e-01 0.000000000000000000e+00
2.353643893825602684e-01 0.000000000000000000e+00
2.371619917882162865e-01 0.000000000000000000e+00
2.389733234348050406e-01 0.000000000000000000e+00
2.407984891798055638e-01 0.000000000000000000e+00
2.426375946815489959e-01 0.000000000000000000e+00
2.444907464053350243e-01 0.000000000000000000e+00
2.463580516295952316e-01 0.000000000000000000e+00
2.482396184521032390e-01 0.000000000000000000e+00
2.501355557962327558e-01 0.000000000000000000e+00
2.520459734172627586e-01 0.000000000000000000e+00
2.539709819087314635e-01 0.000000000000000000e+00
2.559106927088385386e-01 0.000000000000000000e+00
2.578652181068959992e-01 0.000000000000000000e+00
2.598346712498288968e-01 0.000000000000000000e+00
2.618191661487251354e-01 0.000000000000000000e+00
2.638188176854358025e-01 0.000000000000000000e+00
2.658337416192252944e-01 0.000000000000000000e+00
2.678640545934727890e-01 0.000000000000000000e+00
2.699098741424248438e-01 0.000000000000000000e+00
2.719713186979990649e-01 0.000000000000000000e+00
2.740485075966404560e-01 0.000000000000000000e+00
2.761415610862294479e-01 0.000000000000000000e+00
2.782506003330433297e-01 0.000000000000000000e+00
2.803757474287703610e-01 0.000000000000000000e+00
2.825171253975775620e-01 0.000000000000000000e+00
2.846748582032325170e-01 0.000000000000000000e+00
2.868490707562799669e-01 0.000000000000000000e+00
2.890398889212724143e-01 0.000000000000000000e+00
2.912474395240567393e-01 0.000000000000000000e+00
2.934718503591156602e-01 0.000000000000000000e+00
2.957132501969662597e-01 0.000000000000000000e+00
2.979717687916139113e-01 0.000000000000000000e+00
3.002475368880643813e-01 0.000000000000000000e+00
3.025406862298920529e-01 0.000000000000000000e+00
3.048513495668665474e-01 0.000000000000000000e+00
3.071796606626379655e-01 0.000000000000000000e+00
3.095257543024800828e-01 0.000000000000000000e+00
3.118897663010932186e-01 0.000000000000000000e+00
3.142718335104664473e-01 0.000000000000000000e+00
3.166720938277997055e-01 0.000000000000000000e+00
3.190906862034871283e-01 0.000000000000000000e+00
3.215277506491602821e-01 0.000000000000000000e+00
3.239834282457938475e-01 0.000000000000000000e+00
3.264578611518724749e-01 0.000000000000000000e+00
3.289511926116204799e-01 0.000000000000000000e+00
3.314635669632940984e-01 0.000000000000000000e+00
3.339951296475371922e-01 0.000000000000000000e+00
3.365460272158006805e-01 0.000000000000000000e+00
3.391164073388266975e-01 0.000000000000000000e+00
3.417064188151969217e-01 0.000000000000000000e+00
3.443162115799464074e-01 0.000000000000000000e+00
3.469459367132436967e-01 0.000000000000000000e+00
3.495957464491361577e-01 0.000000000000000000e+00
3.522657941843635454e-01 0.000000000000000000e+00
3.549562344872373987e-01 0.000000000000000000e+00
3.576672231065893826e-01 0.000000000000000000e+00
3.603989169807875204e-01 0.000000000000000000e+00
3.631514742468208712e-01 0.000000000000000000e+00
3.659250542494547620e-01 0.000000000000000000e+00
3.687198175504546316e-01 0.000000000000000000e+00
3.715359259378811507e-01 0.000000000000000000e+00
3.743735424354559527e-01 0.000000000000000000e+00
3.772328313119991394e-01 0.000000000000000000e+00
3.801139580909387861e-01 0.000000000000000000e+00
3.830170895598929426e-01 0.000000000000000000e+00
3.859423937803250215e-01 0.000000000000000000e+00
3.888900400972727933e-01 0.000000000000000000e+00
3.918601991491514891e-01 0.000000000000000000e+00
3.948530428776324541e-01 0.000000000000000000e+00
3.978687445375965748e-01 0.000000000000000000e+00
4.009074787071638113e-01 0.000000000000000000e+00
4.039694212977997800e-01 0.000000000000000000e+00
4.070547495644989411e-01 0.000000000000000000e+00
4.101636421160458901e-01 0.000000000000000000e+00
4.132962789253552538e-01 0.000000000000000000e+00
4.164528413398899120e-01 0.000000000000000000e+00
4.196335120921593775e-01 0.000000000000000000e+00
4.228384753102979454e-01 0.000000000000000000e+00
4.260679165287238890e-01 0.000000000000000000e+00
4.293220226988802568e-01 0.000000000000000000e+00
4.326009822000570493e-01 0.000000000000000000e+00
4.359049848502964952e-01 0.000000000000000000e+00
4.392342219173819284e-01 0.000000000000000000e+00
4.425888861299096533e-01 0.000000000000000000e+00
4.459691716884466306e-01 0.000000000000000000e+00
4.493752742767720409e-01 0.000000000000000000e+00
4.528073910732057783e-01 0.000000000000000000e+00
4.562657207620228750e-01 0.000000000000000000e+00
4.597504635449554122e-01 0.000000000000000000e+00
4.632618211527818053e-01 0.000000000000000000e+00
4.667999968570054614e-01 0.000000000000000000e+00
4.703651954816218117e-01 0.000000000000000000e+00
4.739576234149754375e-01 0.000000000000000000e+00
4.775774886217079018e-01 0.000000000000000000e+00
4.812250006547968972e-01 0.000000000000000000e+00
4.849003706676870973e-01 0.000000000000000000e+00
4.886038114265137677e-01 0.000000000000000000e+00
4.923355373224197473e-01 0.000000000000000000e+00
4.960957643839665199e-01 0.000000000000000000e+00
4.998847102896398775e-01 0.000000000000000000e+00
5.037025943804516182e-01 0.000000000000000000e+00
5.075496376726369441e-01 0.000000000000000000e+00
5.114260628704487832e-01 0.000000000000000000e+00
5.153320943790506981e-01 0.000000000000000000e+00
5.192679583175066060e-01 0.000000000000000000e+00
5.232338825318720854e-01 0.000000000000000000e+00
5.272300966083831586e-01 0.000000000000000000e+00
5.312568318867476602e-01 0.000000000000000000e+00
5.353143214735371913e-01 0.000000000000000000e+00
5.394028002556814361e-01 0.000000000000000000e+00
5.435225049140661735e-01 0.000000000000000000e+00
5.476736739372339846e-01 0.000000000000000000e+00
5.518565476351910970e-01 0.000000000000000000e+00
5.560713681533180353e-01 0.000000000000000000e+00
5.603183794863880740e-01 0.000000000000000000e+00
5.645978274926913842e-01 0.000000000000000000e+00
5.689099599082683145e-01 0.000000000000000000e+00
5.732550263612503638e-01 0.000000000000000000e+00
5.776332783863111775e-01 0.000000000000000000e+00
5.820449694392276774e-01 0.000000000000000000e+00
5.864903549115527692e-01 0.000000000000000000e+00
5.909696921454001828e-01 0.000000000000000000e+00
5.954832404483410002e-01 0.000000000000000000e+00
6.000312611084158698e-01 0.000000000000000000e+00
6.046140174092602404e-01 0.000000000000000000e+00
6.092317746453459471e-01 0.000000000000000000e+00
6.138848001373393704e-01 0.000000000000000000e+00
6.185733632475765020e-01 0.000000000000000000e+00
6.232977353956554722e-01 0.000000000000000000e+00
6.280581900741497581e-01 0.000000000000000000e+00
6.328550028644405190e-01 0.000000000000000000e+00
6.376884514526697245e-01 0.000000000000000000e+00
6.425588156458151845e-01 0.000000000000000000e+00
6.474663773878889250e-01 0.000000000000000000e+00
6.524114207762584661e-01 0.000000000000000000e+00
6.573942320780932214e-01 0.000000000000000000e+00
6.624150997469364643e-01 0.000000000000000000e+00
6.674743144394041927e-01 0.000000000000000000e+00
6.725721690320105584e-01 0.000000000000000000e+00
6.777089586381226383e-01 0.000000000000000000e+00
6.828849806250443244e-01 0.000000000000000000e+00
6.881005346312309978e-01 0.000000000000000000e+00
6.933559225836360973e-01 0.000000000000000000e+00
6.986514487151883612e-01 0.000000000000000000e+00
7.039874195824046277e-01 0.000000000000000000e+00
7.093641440831359724e-01 0.000000000000000000e+00
7.147819334744500708e-01 0.000000000000000000e+00
7.202411013906493409e-01 0.000000000000000000e+00
7.257419638614276414e-01 0.000000000000000000e+00
7.312848393301645267e-01 0.000000000000000000e+00
7.368700486723602783e-01 0.000000000000000000e+00
7.424979152142111571e-01 2.104887177815773117e-06
7.481687647513268757e-01 0.000000000000000000e+00
7.538829255675907337e-01 6.228190348912491386e-05
7.596407284541633054e-01 1.462902778195001902e-04
7.654425067286326767e-01 4.254004759503737169e-04
7.712885962543096774e-01 1.023167800218787674e-03
7.771793354596711056e-01 2.538138757548496702e-03
7.831150653579508347e-01 5.496151422185209003e-03
7.890961295668817987e-01 1.230251639752210323e-02
7.951228743285869704e-01 2.392511619978187828e-02
8.011956485296237718e-01 4.521647737565819697e-02
8.073148037211809180e-01 8.089064288844484418e-02
8.134806941394295832e-01 1.368950562925094483e-01
8.196936767260303291e-01 2.196620035788983405e-01
8.259541111487957998e-01 3.359005394153926072e-01
8.322623598225118435e-01 4.900515116547488614e-01
8.386187879299183967e-01 6.920461780339984825e-01
8.450237634428487965e-01 9.353868341865881897e-01
8.514776571435325181e-01 1.220624023253570334e+00
8.579808426460586723e-01 1.543922552691637806e+00
8.645336964180048156e-01 1.895453291428481624e+00
8.711365978022310719e-01 2.268609674553408340e+00
8.777899290388395670e-01 2.641703061487866044e+00
8.844940752873023948e-01 3.008047201822146466e+00
8.912494246487583371e-01 3.356461027617267501e+00
8.980563681884800031e-01 3.671071420297990606e+00
9.049152999585122759e-01 3.952340719016155912e+00
9.118266170204843979e-01 4.188381657449586015e+00
9.187907194685952517e-01 4.368910390609539007e+00
9.258080104527748322e-01 4.500606104368650051e+00
9.328788962020224673e-01 4.579136255637993536e+00
9.400037860479233398e-01 4.614298765615804321e+00
9.471830924483448655e-01 4.601476689161548173e+00
9.544172310113129276e-01 4.549160918297405765e+00
9.617066205190725192e-01 4.456623104228696342e+00
9.690516829523299069e-01 4.334340956389961086e+00
9.764528435146813123e-01 4.187008882631069184e+00
9.839105306572277776e-01 4.024354140329085006e+00
9.914251761033785471e-01 3.843047262610655768e+00
9.989972148738428537e-01 3.657931964356405441e+00
1.006627085311812886e+00 3.466488351932279777e+00
1.014315229108340155e+00 3.270150090770501894e+00
1.022062091327904820e+00 3.075862699199650940e+00
1.029868120434179746e+00 2.881077948459669802e+00
1.037733768315991956e+00 2.690535600996983412e+00
1.045659490313482376e+00 2.508010109460286241e+00
1.053645745244466525e+00 2.334909750592666811e+00
1.061692995430993491e+00 2.168021013486582937e+00
1.069801706726111412e+00 2.010707423725358378e+00
1.077972348540833902e+00 1.864601314779068764e+00
1.086205393871315206e+00 1.721890995499163690e+00
1.094501319326231403e+00 1.593117434459443205e+00
1.102860605154371676e+00 1.469677774628571854e+00
1.111283735272438733e+00 1.356621462641574238e+00
1.119771197293064180e+00 1.249920591094490829e+00
1.128323482553034385e+00 1.151980764480036168e+00
1.136941086141734836e+00 1.062118906322611300e+00
1.145624506929811659e+00 9.766750131473986851e-01
1.154374247598049186e+00 8.998812547043778531e-01
1.163190814666471562e+00 8.305201486076186912e-01
1.172074718523663961e+00 7.640856429621026846e-01
1.181026473456318726e+00 7.025606645382923565e-01
1.190046597679009999e+00 6.470826901441228962e-01
1.199135613364188391e+00 5.963447386682780849e-01
1.208294046672413469e+00 5.494941939330071357e-01
1.217522427782810501e+00 5.067877244312960494e-01
1.226821290923763907e+00 4.679528696837123025e-01
1.236191174403842963e+00 4.285190793909502416e-01
1.245632620642964428e+00 3.963313843322127661e-01
1.255146176203792763e+00 3.677867683970212909e-01
1.264732391823380597e+00 3.391159052100630733e-01
1.274391822445051226e+00 3.118832517886024891e-01
1.284125027250524465e+00 2.889725661978920779e-01
1.293932569692285650e+00 2.688067114300581872e-01
1.303815017526205322e+00 2.466430754218602028e-01
1.313772942844406266e+00 2.297822591557612260e-01
1.323806922108381467e+00 2.116780867091941076e-01
1.333917536182366304e+00 1.967440451555810543e-01
1.344105370366962093e+00 1.820962238953937329e-01
1.354371014433021658e+00 1.694301556145509646e-01
1.364715062655789790e+00 1.570850077397430988e-01
1.375138113849305288e+00 1.458566239536881193e-01
1.385640771401068339e+00 1.355766678955233617e-01
1.396223643306966578e+00 1.276872542268998878e-01
1.406887342206475600e+00 1.176094061921308109e-01
1.417632485418122146e+00 1.095689884667673530e-01
1.428459694975221517e+00 1.020946967252513854e-01
1.439369597661886768e+00 9.546810765598760795e-02
1.450362825049312576e+00 8.907159731198302510e-02
1.461440013532337545e+00 8.285176478916228548e-02
1.472601804366283851e+00 7.772465010619630799e-02
1.483848843704080878e+00 7.262152691238497881e-02
1.495181782633669076e+00 6.796149741866801264e-02
1.506601277215691814e+00 6.331695531069210514e-02
1.518107988521476326e+00 5.969813185773066577e-02
1.529702582671299993e+00 5.587632723281377861e-02
1.541385730872953275e+00 5.256649342971398547e-02
1.553158109460597069e+00 4.922454136639891481e-02
1.565020399933912287e+00 4.602925888563593609e-02
1.576973288997555844e+00 4.332947413619058635e-02
1.589017468600909977e+00 4.088362249575878266e-02
1.601153635978140644e+00 3.838262642115652240e-02
1.613382493688560348e+00 3.607662591977685296e-02
1.625704749657298942e+00 3.392573756988721823e-02
1.638121117216285949e+00 3.183578584223149821e-02
1.650632315145542872e+00 3.002769733442011216e-02
1.663239067714795461e+00 2.855071260216051829e-02
1.675942104725400839e+00 2.660746374979015838e-02
1.688742161552594379e+00 2.526360670321874460e-02
1.701639979188063201e+00 2.393526879667894069e-02
1.714636304282838086e+00 2.246277298116797563e-02
1.727731889190519565e+00 2.146695086818682999e-02
1.740927492010831301e+00 2.012848469466052559e-02
1.754223876633505208e+00 1.883893962822915866e-02
1.767621812782504076e+00 1.807142750715108950e-02
1.781122076060578596e+00 1.688931469997907026e-02
1.794725447994169887e+00 1.606893924300566157e-02
1.808432716078648639e+00 1.510749665513847623e-02
1.822244673823904648e+00 1.449401863896315236e-02
1.836162120800284292e+00 1.360054685484655447e-02
1.850185862684873506e+00 1.290036901182365844e-02
1.864316711308142471e+00 1.239513206819452089e-02
1.878555484700939138e+00 1.148887495241584893e-02
1.892903007141845784e+00 1.106755243544500604e-02
1.907360109204898402e+00 1.051920737024388333e-02
1.921927627807664241e+00 1.001560227445604835e-02
1.936606406259693713e+00 9.515165598686812706e-03
1.951397294311338904e+00 9.093126529688043413e-03
1.966301148202944216e+00 8.648544971282741065e-03
1.981318830714416501e+00 8.147064969561296569e-03
1.996451211215167332e+00 7.823369321929294143e-03
2.011699165714443627e+00 7.358684913433844940e-03
2.027063576912038645e+00 6.933441109429236762e-03
2.042545334249390443e+00 6.723115964843085629e-03
2.058145333961072687e+00 6.419453877035297996e-03
2.073864479126675597e+00 6.017237903858483651e-03
2.089703679723088570e+00 5.822495893947655064e-03
2.105663852677174930e+00 5.499533538885157877e-03
2.121745921918852140e+00 5.363176506374179447e-03
2.137950818434581013e+00 5.053608399128190799e-03
2.154279480321258600e+00 4.857474990484982741e-03
2.170732852840524529e+00 4.538502850456755180e-03
2.187311888473481680e+00 4.330772709958886045e-03
2.204017546975835184e+00 4.176989051376568673e-03
2.220850795433451541e+00 4.021261531333785930e-03
2.237812608318344942e+00 3.821295909676138830e-03
2.254903967545088150e+00 3.607800249080655389e-03
2.272125862527654583e+00 3.517643376774767187e-03
2.289479290236696052e+00 3.273861510118854581e-03
2.306965255257257041e+00 3.213337685776673867e-03
2.324584769846928634e+00 3.034564723195921562e-03
2.342338853994450965e+00 2.976101285248261737e-03
2.360228535478756218e+00 2.826097746901914520e-03
2.378254849928468584e+00 2.636720400842776889e-03
2.396418840881856305e+00 2.619442486123107951e-03
2.414721559847241572e+00 2.445671911681707080e-03
2.433164066363873168e+00 2.318347310011765507e-03
2.451747428063260070e+00 2.238068226504457293e-03
2.470472720730979344e+00 2.185114387950493498e-03
2.489341028368951214e+00 2.049564884169532974e-03
2.508353443258192428e+00 1.979189008961571624e-03
2.527511066022048780e+00 2.024206248665743561e-03
2.546815005689907707e+00 1.861340861848655116e-03
2.566266379761402039e+00 1.760440563373979247e-03
2.585866314271100030e+00 1.679943998601688901e-03
2.605615943853691441e+00 1.669535647830965291e-03
2.625516411809674544e+00 1.545911505766352700e-03
2.645568870171534748e+00 1.526523729713879281e-03
2.665774479770441019e+00 1.455026903511673570e-03
2.686134410303444575e+00 1.392540910977904276e-03
2.706649840401191387e+00 1.307916697431590024e-03
2.727321957696154264e+00 1.265921569924232520e-03
2.748151958891383195e+00 1.268207990327603488e-03
2.769141049829782819e+00 1.187995000880970493e-03
2.790290445563917920e+00 1.151033005135572397e-03
2.811601370426352720e+00 1.124344371361921243e-03
2.833075058100528398e+00 1.085880949143216718e-03
2.854712751692177974e+00 1.042062644367775567e-03
2.876515703801291846e+00 9.786872234709711148e-04
2.898485176594628676e+00 9.544445473653268225e-04
2.920622441878783171e+00 9.027010495448708127e-04
2.942928781173810293e+00 8.910325162698392058e-04
2.965405485787410811e+00 8.409696480659329537e-04
2.988053856889687943e+00 8.388310851802900734e-04
3.010875205588466663e+00 7.772379057003860666e-04
3.033870853005199208e+00 7.708499944251122338e-04
3.057042130351439457e+00 7.133169885582651666e-04
3.080390379005908841e+00 7.191038272784111562e-04
3.103916950592149782e+00 7.060740018537455670e-04
3.127623207056766663e+00 6.712232139494527525e-04
3.151510520748272093e+00 6.636136243059400242e-04
3.175580274496530464e+00 6.057616761897922182e-04
3.199833861692807702e+00 5.830319452760265300e-04
3.224272686370440510e+00 5.577641726370499275e-04
3.248898163286108698e+00 5.737551433805236113e-04
3.273711718001736770e+00 5.335714930324673283e-04
3.298714786967021251e+00 5.062359906588474430e-04
3.323908817602584165e+00 4.892221659470536105e-04
3.349295268383767343e+00 4.915680849201717589e-04
3.374875608925059112e+00 4.622812262085050942e-04
3.400651320065169791e+00 4.292795009437723789e-04
3.426623893952761790e+00 4.237892081642137760e-04
3.452794834132823176e+00 4.178709241780941149e-04
3.479165655633714493e+00 4.178450614560485512e-04
3.505737885054867498e+00 4.080107741041507806e-04
3.532513060655161574e+00 3.977595517876869645e-04
3.559492732441974283e+00 3.701330884832095035e-04
3.586678462260907807e+00 3.669038970843821142e-04
3.614071823886209955e+00 3.528351701873897535e-04
3.641674403111871072e+00 3.235350093526349435e-04
3.669487797843431487e+00 3.291420188212171413e-04
3.697513618190481299e+00 3.003546238010944020e-04
3.725753486559869376e+00 2.989582512201398442e-04
3.754209037749625999e+00 3.016771347986249314e-04
3.782881919043597829e+00 2.824232171167747165e-04
3.811773790306809850e+00 2.807362757654516153e-04
3.840886324081555170e+00 2.724330839767007410e-04
3.870221205684216237e+00 2.541976324447302728e-04
3.899780133302832574e+00 2.554817998961275271e-04
3.929564818095400369e+00 2.439703423747622321e-04
3.959576984288936341e+00 2.203587317447798207e-04
3.989818369279292121e+00 2.249394931216903276e-04
4.020290723731728910e+00 2.115359392711503052e-04
4.050995811682269299e+00 1.940862330424124598e-04
4.081935410639808026e+00 1.968471033422112204e-04
4.113111311689019445e+00 2.087053202867735857e-04
4.144525319594036361e+00 1.991921431709225726e-04
4.176179252902931793e+00 1.939112024466227327e-04
4.208074944052993871e+00 1.634390057570640200e-04
4.240214239476800984e+00 1.806608492225128895e-04
4.272598999709120271e+00 1.800157856399420221e-04
4.305231099494601921e+00 1.611930923844051523e-04
4.338112427896314571e+00 1.643091724714647512e-04
4.371244888405103168e+00 1.770780591914716579e-04
4.404630399049775491e+00 1.522520624346516787e-04
4.438270892508145771e+00 1.559975905975025752e-04
4.472168316218908757e+00 1.428962977816053588e-04
4.506324632494379756e+00 1.334899561368081374e-04
4.540741818634090876e+00 1.455830969269176014e-04
4.575421867039255019e+00 1.242725455993695357e-04
4.610366785328114503e+00 1.291022595313631683e-04
4.645578596452149434e+00 1.193566595237695007e-04
4.681059338813191140e+00 1.224910434598929551e-04
4.716811066381425555e+00 1.159141371737696595e-04
4.752835848814294550e+00 1.064655405800411575e-04
4.789135771576313871e+00 1.108916481663789602e-04
4.825712936059790792e+00 1.090631005883927813e-04
4.862569459706477915e+00 1.063225506978223480e-04
4.899707476130153339e+00 1.016598194111965799e-04
4.937129135240129862e+00 1.002597360700351541e-04
4.974836603365720755e+00 9.007383920052161781e-05
5.012832063381637226e+00 9.251213034546419700e-05
5.051117714834363781e+00 8.404329378149616805e-05
5.089695774069483036e+00 8.557803459510954572e-05
5.128568474359980200e+00 8.582798691868444741e-05
5.167738066035535205e+00 7.639563842122174767e-05
5.207206816612779399e+00 8.754625487510683769e-05
5.246977010926572760e+00 7.523532644506671866e-05
5.287050951262264320e+00 7.972166474382236983e-05
5.327430957488979324e+00 7.467787436102172639e-05
5.368119367193910918e+00 6.799573269240158488e-05
5.409118535817638573e+00 7.094774164804035471e-05
5.450430836790491895e+00 6.552781618889172530e-05
5.492058661669943831e+00 6.016727793358815364e-05
5.534004420279054592e+00 6.342056793588091341e-05
5.576270540845982282e+00 6.911168246326157203e-05
5.618859470144546009e+00 7.108246924327618816e-05
5.661773673635872584e+00 6.005148776166022243e-05
5.705015635611118796e+00 5.407767368515721773e-05
5.748587859335287931e+00 5.614618336845355332e-05
5.792492867192146733e+00 5.138040709770699132e-05
5.836733200830237500e+00 5.448893996548239310e-05
5.881311421310018162e+00 4.848479674876793956e-05
5.926230109252122347e+00 4.679418974352481965e-05
5.971491864986748332e+00 4.904649268038306062e-05
6.017099308704191074e+00 5.311408530308594502e-05
6.063055080606527092e+00 4.393074598793082595e-05
6.109361841060454879e+00 4.205151665381657260e-05
6.156022270751298819e+00 4.376678277721847231e-05
6.203039070838196167e+00 4.522187305505372731e-05
6.250414963110467070e+00 3.759592879729959774e-05
6.298152690145174759e+00 3.904853276212677608e-05
6.346255015465900762e+00 4.196130059693499827e-05
6.394724723702712943e+00 4.409984819767684140e-05
6.443564620753374328e+00 3.792370625184911991e-05
6.492777533945774948e+00 3.955206265821667206e-05
6.542366312201600920e+00 3.446694365830007249e-05
6.592333826201270064e+00 3.254780487882981660e-05
6.642682968550095879e+00 2.924395726190313167e-05
6.693416653945753581e+00 3.791456113892381624e-05
6.744537819347007357e+00 3.065633463025658188e-05
6.796049424143726370e+00 3.481509585518125286e-05
6.847954450328215259e+00 2.882890401424251207e-05
6.900255902667822738e+00 2.929727510030976476e-05
6.952956808878900219e+00 3.154093210311017690e-05
7.006060219802071387e+00 2.729577686133779024e-05
7.059569209578839377e+00 2.662655731789738674e-05
7.113486875829561740e+00 2.334026234755778121e-05
7.167816339832755901e+00 2.513305554198904263e-05
7.222560746705797285e+00 3.037506728306434988e-05
7.277723265586987011e+00 2.690496904089283565e-05
7.333307089819009583e+00 2.392918764891174672e-05
7.389315437133804565e+00 2.205011550549502113e-05
7.445751549838826477e+00 2.609519979780664266e-05
7.502618695004750649e+00 2.276263928873727672e-05
7.559920164654601038e+00 1.844209704005462543e-05
7.617659275954320464e+00 2.653995755230659901e-05
7.675839371404808986e+00 1.734487344443388115e-05
7.734463819035411802e+00 2.146722478209612083e-05
7.793536012598893947e+00 2.653272660004636830e-05
7.853059371767910690e+00 2.214133670472850449e-05
7.913037342332964741e+00 2.078120431026674332e-05
7.973473396401889346e+00 1.689465206291726994e-05
8.034371032600834184e+00 2.008520121666773953e-05
8.095733776276818006e+00 1.780554039552214004e-05
8.157565179701792957e+00 1.421205536011895361e-05
8.219868822278293408e+00 1.544034616733374503e-05
8.282648310746649756e+00 1.588768899657269491e-05
8.345907279393774303e+00 1.501774846573487579e-05
8.409649390263549407e+00 1.862632150595512647e-05
8.473878333368830340e+00 1.737847909581213414e-05
8.538597826905046873e+00 1.541434595850134018e-05
8.603811617465460415e+00 1.583609418097696054e-05
8.669523480258041204e+00 1.662908430842559339e-05
8.735737219324033020e+00 1.434742290134696588e-05
8.802456667758143283e+00 1.299417997575506796e-05
8.869685687930459750e+00 1.624224712797619919e-05
8.937428171710028124e+00 1.331896554115017145e-05
9.005688040690165153e+00 1.165776900717826944e-05
9.074469246415468149e+00 1.208140153100161932e-05
9.143775770610570675e+00 1.165206208369535687e-05
9.213611625410646155e+00 1.224103261826054536e-05
9.283980853593664762e+00 1.215487269221669127e-05
9.354887528814433750e+00 1.105625098844198688e-05
9.426335755840423047e+00 1.362513330427370081e-05
9.498329670789374291e+00 9.896275625867317273e-06
9.570873441368757284e+00 1.112971287834413070e-05
9.643971267117024126e+00 1.267275371413238325e-05
9.717627379646726737e+00 9.671777459971370563e-06
9.791846042889485346e+00 9.916913378058777215e-06
9.866631553342816829e+00 1.095429317773263735e-05
9.941988240318867298e+00 9.296505280254894601e-06
1.001792046619502941e+01 9.072729796789065037e-06
1.009443262666647811e+01 1.071098017556441215e-05
1.017152915100063915e+01 8.165227531487007738e-06
1.024921450229360431e+01 7.187997884472661316e-06
1.032749317772848840e+01 9.706116704167424265e-06
1.040636970883577561e+01 6.775519103155762709e-06
1.048584866175564301e+01 1.016059384371817168e-05
1.056593463750229134e+01 7.557901828113706074e-06
1.064663227223031328e+01 6.623061387541126115e-06
1.072794623750306187e+01 7.447781285794196574e-06
1.080988124056310262e+01 7.971685286676216513e-06
1.089244202460468713e+01 6.465900597480153912e-06
1.097563336904835118e+01 6.849506312505245250e-06
1.105946008981760897e+01 8.499004340296967565e-06
1.114392703961772924e+01 7.306493809203859801e-06
1.122903910821665363e+01 7.256246962268342553e-06
1.131480122272806810e+01 7.199470687068186500e-06
1.140121834789663069e+01 7.008892773510069553e-06
1.148829548638539144e+01 5.725081870839552929e-06
1.157603767906538295e+01 4.598782188327930598e-06
1.166445000530744025e+01 6.719340357144046369e-06
1.175353758327623055e+01 6.525722075896038649e-06
1.184330557022655483e+01 5.689037036235148378e-06
1.193375916280191262e+01 4.593522951088502316e-06
1.202490359733531022e+01 5.858933389736407718e-06
1.211674415015240314e+01 5.302670270240745407e-06
1.220928613787693706e+01 5.130397158408519017e-06
1.230253491773851593e+01 4.203448406879929064e-06
1.239649588788276091e+01 5.938963951598249639e-06
1.249117448768377869e+01 4.135794747243607489e-06
1.258657619805906158e+01 3.485380428838728487e-06
1.268270654178675727e+01 5.806559352020150445e-06
1.277957108382539175e+01 6.619597174960366196e-06
1.287717543163603651e+01 4.743588230297523359e-06
1.297552523550690928e+01 3.982180144655255940e-06
1.307462618888047245e+01 4.672407097235250860e-06
1.317448402868301116e+01 4.636028579252215677e-06
1.327510453565674453e+01 3.891384097487523300e-06
1.337649353469450197e+01 4.685132346248724090e-06
1.347865689517689169e+01 3.717985597803128660e-06
1.358160053131209644e+01 4.268590781507641672e-06
1.368533040247822186e+01 4.122599169120827536e-06
1.378985251356829522e+01 4.315859791418739193e-06
1.389517291533790910e+01 3.495475056967816850e-06
1.400129770475546920e+01 3.467413746278559630e-06
1.410823302535516532e+01 2.776153210810092237e-06
1.421598506759258740e+01 3.417204804496857810e-06
1.432456006920312142e+01 3.719127768847102015e-06
1.443396431556304549e+01 2.930133199415246842e-06
1.454420414005338102e+01 3.445655868489177936e-06
1.465528592442653633e+01 2.781957814978623191e-06
1.476721609917572842e+01 2.651758957033558014e-06
1.488000114390725059e+01 3.683299514592829563e-06
1.499364758771559814e+01 3.552512804346603069e-06
1.510816200956140420e+01 2.695690109739616773e-06
1.522355103865231740e+01 2.265089218975779187e-06
1.533982135482673925e+01 3.367909317544860082e-06
1.545697968894052465e+01 2.432658093617940966e-06
1.557503282325665950e+01 3.618218476520497127e-06
1.569398759183785330e+01 3.193657125432458837e-06
1.581385088094217650e+01 2.277077085677301487e-06
1.593462962942168204e+01 2.556796319103207695e-06
1.605633082912410003e+01 1.950872775250660613e-06
1.617896152529763043e+01 3.290353979588094029e-06
1.630252881699875189e+01 2.208397419952458860e-06
1.642703985750318907e+01 2.953405244543749763e-06
1.655250185472002045e+01 2.650022982103672783e-06
1.667892207160893037e+01 3.474826550491030637e-06
1.680630782660069400e+01 2.609346443196773129e-06
1.693466649402079582e+01 2.591484855454763834e-06
1.706400550451636988e+01 2.387205528672682574e-06
1.719433234548630907e+01 1.366876354050724334e-06
1.732565456151473171e+01 2.621678654922068733e-06
1.745797975480775932e+01 2.510867008074619933e-06
1.759131558563357700e+01 1.514350584323043072e-06
1.772566977276590450e+01 2.650331082202443995e-06
1.786105009393079257e+01 2.630555875776914697e-06
1.799746438625691525e+01 1.826928212976401653e-06
1.813492054672925491e+01 1.725910432428982807e-06
1.827342653264623351e+01 1.543060669541087657e-06
1.841299036208040008e+01 1.786670792852073546e-06
1.855362011434253589e+01 2.449324735318413279e-06
1.869532393044939056e+01 2.095748904990518691e-06
1.883811001359499926e+01 1.413616829827144256e-06
1.898198662962550998e+01 1.485527549566334796e-06
1.912696210751772696e+01 1.964791863729611776e-06
1.927304483986123529e+01 1.624666934437353602e-06
1.942024328334427707e+01 1.128745420577895747e-06
1.956856595924331188e+01 2.320768406076430996e-06
1.971802145391628613e+01 1.191803274347845921e-06
1.986861841929972172e+01 1.814047226330343819e-06
2.002036557340952783e+01 1.173875745030904312e-06
2.017327170084572430e+01 1.321003155984134805e-06
2.032734565330098775e+01 9.248094051885556152e-07
2.048259635007306656e+01 1.299694406561420487e-06
2.063903277858106478e+01 1.973833014673021637e-06
2.079666399488577966e+01 1.657149023777465326e-06
2.095549912421395078e+01 1.719342686871126632e-06
2.111554736148649880e+01 1.187682940215182185e-06
2.127681797185082857e+01 1.177387802984304964e-06
2.143932029121715743e+01 1.315822661442421512e-06
2.160306372679898601e+01 1.015209481948576547e-06
2.176805775765772211e+01 1.656282590771047399e-06
2.193431193525134404e+01 9.989161663310933895e-07
2.210183588398740895e+01 1.134947347554938764e-06
2.227063930178012185e+01 1.827060635190015408e-06
2.244073196061181008e+01 6.980626030659153739e-07
2.261212370709861119e+01 1.247263243406191127e-06
2.278482446306047393e+01 9.627644395430654154e-07
2.295884422609555031e+01 8.871441179640312727e-07
2.313419307015891846e+01 8.126704126989140919e-07
2.331088114614578188e+01 1.411099922945305562e-06
2.348891868247912029e+01 1.467430336986551827e-06
2.366831598570178841e+01 1.057760842996950686e-06
2.384908344107317646e+01 5.915256777712655774e-07
2.403123151317036843e+01 9.117061674459693269e-07
2.421477074649395789e+01 7.118377571470960228e-07
2.439971176607850367e+01 7.062639809513649706e-07
2.458606527810756148e+01 1.020152813241897601e-06
2.477384207053348675e+01 8.854494693097266073e-07
2.496305301370191287e+01 8.779118707451126076e-07
2.515370906098105408e+01 7.475874496073198142e-07
2.534582124939582215e+01 7.414261603048029360e-07
2.553940070026671805e+01 3.678639046607298904e-07
2.573445861985366534e+01 7.304515664078931584e-07
2.593100630000469309e+01 1.028074501657680733e-06
2.612905511880966003e+01 9.587297129646055907e-07
2.632861654125893835e+01 1.011473102718782015e-06
2.652970211990708549e+01 8.859744743639998246e-07
2.673232349554165310e+01 7.037021114843511899e-07
2.693649239785701255e+01 4.646182555455248566e-07
2.714222064613342411e+01 6.922584730400598401e-07
2.734952014992126834e+01 4.010158970566914049e-07
2.755840290973046081e+01 7.959152930574265784e-07
2.776888101772517103e+01 6.763717289310584395e-07
2.798096665842379238e+01 6.156119316435759062e-07
2.819467210940434398e+01 9.994691764401216192e-07
2.841000974201522311e+01 3.861166462503204462e-07
2.862699202209135763e+01 7.658162396973041773e-07
2.884563151067587228e+01 8.690478492928973185e-07
2.906594086474717642e+01 3.233010844936089311e-07
2.928793283795175029e+01 7.488813069170799175e-07
2.951162028134242377e+01 5.304729602451243489e-07
2.973701614412232175e+01 1.053312065126943319e-06
2.996413347439450092e+01 6.273433491610249107e-07
3.019298541991724250e+01 1.089511967728584503e-06
3.042358522886523176e+01 7.203509852351538043e-07
3.065594625059649658e+01 9.202715395571075376e-07
3.089008193642516886e+01 8.616900244767055533e-07
3.112600584040018958e+01 4.024834780543366392e-07
3.136373162008992921e+01 6.497079727430039749e-07
3.160327303737282278e+01 4.953348804696972885e-07
3.184464395923409441e+01 5.412430885019820320e-07
3.208785835856844670e+01 6.341540432373624008e-07
3.233293031498900660e+01 2.906184889695092119e-07
3.257987401564231078e+01 6.247150982605663439e-07
3.282870375602964685e+01 6.677600330805416688e-07
3.307943394083464739e+01 2.362968263276084872e-07
3.333207908475711889e+01 6.584492605400879923e-07
3.358665381335332967e+01 4.664599467851991966e-07
3.384317286388262858e+01 6.009218864451096952e-07
3.410165108616060081e+01 4.135760379194149820e-07
3.436210344341879619e+01 5.928386065583274109e-07
3.462454501317083100e+01 8.138286177892661355e-07
3.488899098808531107e+01 5.833432903941377753e-07
3.515545667686525633e+01 4.462236504674795352e-07
3.542395750513435360e+01 3.983541337519413501e-07
3.569450901632996676e+01 1.758469075386550449e-07
3.596712687260290409e+01 5.665072893067439503e-07
3.624182685572413476e+01 5.185577052118004749e-07
3.651862486799832652e+01 2.140628961621039436e-07
3.679753693318444618e+01 2.559902066691322692e-07
3.707857919742345842e+01 2.107342015819028211e-07
3.736176793017290265e+01 4.199005395314304210e-07
3.764711952514880267e+01 4.993684909892445704e-07
3.793465050127463911e+01 3.310891274076759435e-07
3.822437750363764764e+01 3.685147821946450393e-07
3.851631730445244273e+01 2.848770996908024373e-07
3.881048680403189621e+01 3.231442665451747409e-07
3.910690303176554039e+01 3.204309354830572996e-07
3.940558314710532528e+01 1.191325108754291922e-07
3.970654444055901422e+01 3.548589537769356269e-07
4.000980433469116804e+01 1.959147577411909226e-07
4.031538038513167521e+01 2.333857821465856420e-07
4.062329028159209088e+01 3.086156508797479700e-07
4.093355184888959997e+01 4.207580805390603840e-07
4.124618304797896684e+01 1.898752304660461419e-07
4.156120197699230800e+01 3.766937586623116253e-07
4.187862687228675185e+01 3.367292179274270051e-07
4.219847610950009198e+01 4.085010430407607707e-07
4.252076820461459761e+01 3.683250944876070706e-07
4.284552181502894541e+01 4.754467274233053222e-07
4.317275574063820898e+01 5.442476620671377460e-07
4.350248892492221842e+01 2.162094509297030901e-07
4.383474045604216940e+01 3.929095701886373254e-07
4.416952956794561658e+01 2.479799666378568475e-07
4.450687564148002906e+01 3.170662075184326281e-07
4.484679820551461660e+01 3.844221267087135588e-07
4.518931693807093097e+01 6.931268121000325161e-08
4.553445166746195127e+01 1.377041425921809422e-07
4.588222237343995147e+01 1.708297427479337905e-07
4.623264918835322135e+01 3.726425217064469383e-07
4.658575239831141346e+01 4.708096995927416245e-07
4.694155244435995655e+01 3.668859270368678704e-07
4.730006992366332952e+01 1.322946874703584384e-07
4.766132559069743735e+01 2.960663766376923672e-07
4.802534035845116023e+01 3.263078201493641437e-07
4.839213529963691940e+01 2.593603019288415013e-07
4.876173164791060799e+01 1.283687912248890863e-07
4.913415079910075178e+01 2.550047412382516138e-07
4.950941431244714153e+01 2.847219040397680870e-07
4.988754391184892256e+01 3.452808595961384246e-07
5.026856148712214889e+01 2.180178055626010516e-07
5.065248909526700771e+01 2.473515656551024950e-07
5.103934896174460789e+01 9.194993245358773573e-08
5.142916348176368757e+01 2.132663729400855763e-07
5.182195522157707757e+01 2.112740057232480633e-07
5.221774691978801286e+01 1.500842704467938481e-07
5.261656148866648408e+01 2.976393734116156200e-07
5.301842201547557920e+01 2.366577138245983980e-07
5.342335176380803574e+01 1.467853578622047617e-07
5.383137417493298926e+01 8.754146984108709042e-08
5.424251286915296077e+01 2.311641494394260841e-07
5.465679164717121807e+01 1.719838067491046072e-07
5.507423449146955363e+01 1.138711414528620853e-07
5.549486556769667800e+01 1.130188320625665126e-07
5.591870922606719319e+01 1.678553370575827240e-07
5.634579000277113892e+01 5.557212495511529372e-08
5.677613262139447414e+01 2.483485921433079144e-07
5.720976199435020249e+01 2.735829394663314075e-07
5.764670322432060345e+01 2.714644430033569441e-07
5.808698160571049129e+01 2.965446596727398710e-07
5.853062262611141620e+01 1.071459754206490163e-07
5.897765196777716312e+01 1.594435390295292132e-07
5.942809550911043459e+01 1.054743810421188070e-07
5.988197932616098740e+01 1.829533878637609329e-07
6.033932969413523040e+01 7.774778955087584929e-08
6.080017308891720518e+01 1.546776392198144378e-07
6.126453618860131201e+01 2.301845042922474833e-07
6.173244587503663183e+01 1.522389512903976212e-07
6.220392923538312857e+01 1.763721883251301885e-07
6.267901356367983112e+01 1.500798747794685146e-07
6.315772636242475357e+01 1.239362633185401666e-07
6.364009534416704383e+01 1.727404202879661734e-07
6.412614843311123991e+01 2.690171096293434196e-07
6.461591376673376885e+01 1.211968697277359778e-07
6.510941969741192281e+01 4.816301613771103117e-08
6.560669479406510618e+01 1.432639972295144237e-07
6.610776784380868776e+01 2.134181744590149444e-07
6.661266785362042242e+01 9.408372548871815058e-08
6.712142405201964834e+01 9.345786955795485973e-08
6.763406589075952979e+01 1.620559287633231252e-07
6.815062304653176284e+01 2.070154721308343992e-07
6.867112542268469610e+01 1.139511336988896163e-07
6.919560315095429814e+01 1.133292065872790192e-07
6.972408659320856827e+01 1.346380369789733794e-07
7.025660634320522036e+01 4.458004394688951910e-08
7.079319322836265371e+01 2.213831148990906735e-07
7.133387831154462333e+01 8.782210540775346931e-08
7.187869289285829666e+01 8.717616479326375755e-08
7.242766851146639340e+01 8.643639207277917494e-08
7.298083694741293925e+01 1.289574590514518835e-07
7.353823022346294636e+01 1.490097982234524703e-07
7.409988060695627610e+01 1.481374697999547557e-07
7.466582061167545703e+01 8.384139024506455305e-08
7.523608299972798363e+01 1.247696573338917038e-07
7.581070078344298224e+01 1.240784098336995459e-07
7.638970722728217311e+01 1.026592026744428220e-07
7.697313584976564016e+01 1.221139243945214437e-07
7.756102042541199637e+01 8.085208334460367972e-08
7.815339498669379736e+01 1.002805937281405200e-07
7.875029382600763483e+01 1.988272061139829642e-07
7.935175149765926506e+01 3.950299493627579380e-08
7.995780281986401405e+01 1.568160978188699759e-07
8.056848287676226050e+01 1.166637586531459680e-07
8.118382702045050792e+01 1.349153579236141609e-07
8.180387087302804616e+01 7.647354205271659763e-08
8.242865032865888963e+01 1.331637982887164167e-07
8.305820155564990159e+01 1.696690144890988532e-07
8.369256099854430886e+01 3.754188101624431652e-08
8.433176538023161584e+01 1.300883031916370557e-07
8.497585170407356259e+01 7.375444687456784740e-08
8.562485725604614117e+01 3.658989735274369683e-08
8.627881960689798291e+01 3.626212762744923924e-08
8.693777661432541493e+01 1.261372153811029917e-07
8.760176642516411505e+01 8.936058386546341607e-08
8.827082747759727965e+01 7.102282776473830442e-08
8.894499850338092983e+01 8.807856553358086230e-08
8.962431853008587268e+01 1.225029329288592549e-07
9.030882688335715613e+01 5.202522845683295045e-08
9.099856318919067633e+01 6.881582637108873711e-08
9.169356737622699427e+01 8.536434818938570219e-08
9.239387967806285928e+01 5.100305052332765270e-08
9.309954063558021176e+01 1.682949584988849085e-08
9.381059109929316264e+01 1.168923494019685188e-07
9.452707223171287865e+01 3.306433216869870558e-08
9.524902550973044413e+01 8.218086089767569212e-08
9.597649272701789869e+01 9.800215070452506151e-08
9.670951599644754992e+01 1.457701264836179824e-07
9.744813775253007293e+01 4.835169209722489299e-08
9.819240075387101285e+01 9.589979332876813112e-08
9.894234808564596051e+01 4.742575418505481340e-08
9.969802316209487003e+01 9.412123163323623670e-08
1.004594697290351206e+02 1.248711450204672576e-07
1.012267318663940330e+02 1.553390609573783627e-08
1.019998539907607551e+02 1.534030561745311241e-08
1.027788808579573896e+02 3.044436709385379731e-08
1.035638575656300304e+02 3.023709671751456092e-08
1.043548295558592258e+02 2.993353379942068457e-08
1.051518426177907060e+02 4.465754366134542354e-08
1.059549428902863042e+02 2.964290111680782636e-08
1.067641768645947025e+02 0.000000000000000000e+00
1.075795913870428819e+02 2.912155206728646143e-08
1.084012336617479093e+02 8.662624828282944672e-08
1.092291512533496842e+02 4.302179738687022630e-08
1.100633920897645339e+02 2.841206685145083066e-08
1.109040044649596268e+02 2.818887111682311205e-08
1.117510370417487309e+02 4.199110749816759125e-08
1.126045388546091885e+02 8.337967594344342363e-08
1.134645593125205778e+02 5.523752611639573636e-08
1.143311482018251581e+02 8.222239725493395872e-08
1.152043556891097040e+02 2.726592176240807130e-08
1.160842323241099052e+02 4.037603603268700997e-08
1.169708290426363391e+02 4.017100360977526712e-08
1.178641971695234076e+02 3.991275560133680623e-08
1.187643884216004722e+02 3.955514990111034667e-08
1.196714549106856964e+02 5.228893567108997829e-08
1.205854491466028264e+02 3.903161468913063795e-08
1.215064240402207503e+02 3.864691574698632362e-08
1.224344329065167187e+02 7.673114887436799238e-08
1.233695294676628009e+02 1.143042985058740278e-07
1.243117678561356172e+02 2.515771273658746119e-08
1.252612026178502873e+02 8.756841865185154352e-08
1.262178887153177698e+02 6.213398676709582211e-08
1.271818815308268711e+02 1.108231707028099778e-07
1.281532368696502999e+02 8.555913110655763558e-08
1.291320109632751496e+02 9.699054031707717233e-08
1.301182604726581644e+02 4.817684140867299628e-08
1.311120424915058038e+02 7.156790874933466477e-08
1.321134145495791472e+02 1.181774795687016866e-08
1.331224346160248615e+02 5.888804248439203452e-08
1.341391611027304975e+02 3.506985137389925344e-08
1.351636528677061619e+02 1.158827311432072182e-08
1.361959692184915980e+02 2.299793960065076860e-08
1.372361699155896986e+02 1.142556704330935557e-08
1.382843151759259683e+02 1.129116510166358066e-08
1.393404656763344747e+02 1.124005689796607206e-08
1.404046825570703732e+02 4.465360098263759729e-08
1.414770274253492062e+02 2.220220637327451125e-08
1.425575623589134011e+02 0.000000000000000000e+00
1.436463499096261103e+02 2.180759420196473145e-08
1.447434531070921366e+02 3.248302303645681204e-08
1.458489354623067129e+02 2.147313687659749750e-08
1.469628609713321055e+02 3.194070593893241209e-08
1.480852941190023273e+02 2.119778107098333824e-08
1.492162998826563580e+02 2.100014819160761447e-08
1.503559437358994160e+02 4.167268713698010506e-08
1.515042916523934196e+02 3.109183298885748121e-08
1.526614101096758418e+02 2.055192507272492230e-08
1.538273660930082656e+02 3.056561048208412865e-08
1.550022270992544691e+02 2.022056864045425817e-08
1.561860611407872170e+02 2.001745831900322257e-08
1.573789367494260318e+02 9.980911938191058134e-09
1.585809229804039546e+02 1.976146212354737776e-08
1.597920894163653998e+02 2.931706224637730748e-08
1.610125061713944206e+02 1.951709263594056259e-08
1.622422438950733863e+02 4.829508748574506062e-08
1.634813737765729229e+02 0.000000000000000000e+00
1.647299675487729473e+02 1.903233354139851367e-08
1.659880974924153065e+02 9.460282856085905264e-09
1.672558364402883058e+02 2.807495140930074535e-08
1.685332577814427282e+02 1.861603991972190872e-08
1.698204354654404540e+02 1.840167126280804826e-08
1.711174440066350826e+02 3.658621873503351042e-08
1.724243584884858365e+02 0.000000000000000000e+00
1.737412545679041500e+02 0.000000000000000000e+00
1.750682084796334834e+02 1.785826728438176563e-08
1.764052970406620489e+02 4.439153576093769821e-08
1.777525976546700690e+02 1.764001722258273547e-08
1.791101883165108575e+02 3.495102757221356918e-08
1.804781476167256642e+02 8.684740812175438303e-09
1.818565547460933089e+02 3.441745585397281974e-08
1.832454895002142905e+02 1.707220364978088830e-08
1.846450322841304228e+02 8.491839147249101736e-09
1.860552641169795152e+02 8.446174101464228040e-09
1.874762666366852955e+02 1.676527869539388388e-08
1.889081221046837413e+02 5.805760638988422606e-08
1.903509134106845408e+02 1.641698734566145337e-08
1.918047240774702118e+02 8.164132154677838171e-09
1.932696382657309186e+02 2.430262341131399612e-08
1.947457407789366925e+02 2.409917900163942937e-08
1.962331170682464574e+02 2.393498485207783954e-08
1.977318532374547715e+02 3.160652872246874672e-08
1.992420360479763985e+02 1.571430352414066739e-08
