1.003818764619345688e-01 0.000000000000000000e+00
1.011485459784472879e-01 0.000000000000000000e+00
1.019210709558087680e-01 0.000000000000000000e+00
1.026994961152724595e-01 0.000000000000000000e+00
1.034838665196517182e-01 0.000000000000000000e+00
1.042742275759283854e-01 0.000000000000000000e+00
1.050706250378814766e-01 0.000000000000000000e+00
1.058731050087358544e-01 0.000000000000000000e+00
1.066817139438310941e-01 0.000000000000000000e+00
1.074964986533107902e-01 0.000000000000000000e+00
1.083175063048323894e-01 0.000000000000000000e+00
1.091447844262976724e-01 0.000000000000000000e+00
1.099783809086041647e-01 0.000000000000000000e+00
1.108183440084175297e-01 0.000000000000000000e+00
1.116647223509651676e-01 0.000000000000000000e+00
1.125175649328510052e-01 0.000000000000000000e+00
1.133769211248920050e-01 0.000000000000000000e+00
1.142428406749761566e-01 0.000000000000000000e+00
1.151153737109424230e-01 0.000000000000000000e+00
1.159945707434826001e-01 0.000000000000000000e+00
1.168804826690653942e-01 0.000000000000000000e+00
1.177731607728827179e-01 0.000000000000000000e+00
1.186726567318187042e-01 0.000000000000000000e+00
1.195790226174411192e-01 0.000000000000000000e+00
1.204923108990159364e-01 0.000000000000000000e+00
1.214125744465446438e-01 0.000000000000000000e+00
1.223398665338249064e-01 0.000000000000000000e+00
1.232742408415345714e-01 0.000000000000000000e+00
1.242157514603392660e-01 0.000000000000000000e+00
1.251644528940235868e-01 0.000000000000000000e+00
1.261204000626464650e-01 0.000000000000000000e+00
1.270836483057203870e-01 0.000000000000000000e+00
1.280542533854148735e-01 0.000000000000000000e+00
1.290322714897847722e-01 0.000000000000000000e+00
1.300177592360227119e-01 0.000000000000000000e+00
1.310107736737369521e-01 0.000000000000000000e+00
1.320113722882536866e-01 0.000000000000000000e+00
1.330196130039449920e-01 0.000000000000000000e+00
1.340355541875820067e-01 0.000000000000000000e+00
1.350592546517138115e-01 0.000000000000000000e+00
1.360907736580721228e-01 0.000000000000000000e+00
1.371301709210017705e-01 0.000000000000000000e+00
1.381775066109176553e-01 0.000000000000000000e+00
1.392328413577879620e-01 0.000000000000000000e+00
1.402962362546441299e-01 0.000000000000000000e+00
1.413677528611173018e-01 0.000000000000000000e+00
1.424474532070021393e-01 0.000000000000000000e+00
1.435353997958477290e-01 0.000000000000000000e+00
1.446316556085757710e-01 0.000000000000000000e+00
1.457362841071265513e-01 0.000000000000000000e+00
1.468493492381329202e-01 0.000000000000000000e+00
1.479709154366219692e-01 0.000000000000000000e+00
1.491010476297450760e-01 0.000000000000000000e+00
1.502398112405367581e-01 0.000000000000000000e+00
1.513872721917017827e-01 0.000000000000000000e+00
1.525434969094315862e-01 0.000000000000000000e+00
1.537085523272495868e-01 0.000000000000000000e+00
1.548825058898858631e-01 0.000000000000000000e+00
1.560654255571816418e-01 0.000000000000000000e+00
1.572573798080234009e-01 0.000000000000000000e+00
1.584584376443071152e-01 0.000000000000000000e+00
1.596686685949328388e-01 0.000000000000000000e+00
1.608881427198295411e-01 0.000000000000000000e+00
1.621169306140110011e-01 0.000000000000000000e+00
1.633551034116623724e-01 0.000000000000000000e+00
1.646027327902583326e-01 0.000000000000000000e+00
1.658598909747124317e-01 0.000000000000000000e+00
1.671266507415579139e-01 0.000000000000000000e+00
1.684030854231611252e-01 0.000000000000000000e+00
1.696892689119663122e-01 0.000000000000000000e+00
1.709852756647735894e-01 0.000000000000000000e+00
1.722911807070489909e-01 0.000000000000000000e+00
1.736070596372676911e-01 0.000000000000000000e+00
1.749329886312905313e-01 0.000000000000000000e+00
1.762690444467736595e-01 0.000000000000000000e+00
1.776153044276120585e-01 0.000000000000000000e+00
1.789718465084169652e-01 0.000000000000000000e+00
1.803387492190275665e-01 0.000000000000000000e+00
1.817160916890568911e-01 0.000000000000000000e+00
1.831039536524727285e-01 0.000000000000000000e+00
1.845024154522134641e-01 0.000000000000000000e+00
1.859115580448389149e-01 0.000000000000000000e+00
1.873314630052169971e-01 0.000000000000000000e+00
1.887622125312461430e-01 0.000000000000000000e+00
1.902038894486135501e-01 0.000000000000000000e+00
1.916565772155901515e-01 0.000000000000000000e+00
1.931203599278616956e-01 0.000000000000000000e+00
1.945953223233973239e-01 0.000000000000000000e+00
1.960815497873548141e-01 0.000000000000000000e+00
1.975791283570236256e-01 0.000000000000000000e+00
1.990881447268055271e-01 0.000000000000000000e+00
2.006086862532332482e-01 0.000000000000000000e+00
2.021408409600277400e-01 0.000000000000000000e+00
2.036846975431935991e-01 0.000000000000000000e+00
2.052403453761537377e-01 0.000000000000000000e+00
2.068078745149232178e-01 0.000000000000000000e+00
2.083873757033224972e-01 0.000000000000000000e+00
2.099789403782307273e-01 0.000000000000000000e+00
2.115826606748788530e-01 0.000000000000000000e+00
2.131986294321833453e-01 0.000000000000000000e+00
2.148269401981205418e-01 0.000000000000000000e+00
2.164676872351422587e-01 0.000000000000000000e+00
2.181209655256325375e-01 0.000000000000000000e+00
2.197868707774061070e-01 0.000000000000000000e+00
2.214654994292489798e-01 0.000000000000000000e+00
2.231569486565012084e-01 0.000000000000000000e+00
2.248613163766823297e-01 0.000000000000000000e+00
2.265787012551598312e-01 0.000000000000000000e+00
2.283092027108608313e-01 0.000000000000000000e+00
2.300529209220272819e-01 0.000000000000000000e+00
2.318099568320156068e-01 0.000000000000000000e+00
2.335804121551398604e-01 0.000000000000000000e+00
2.353643893825602684e-01 0.000000000000000000e+00
2.371619917882162865e-01 0.000000000000000000e+00
2.389733234348050406e-01 0.000000000000000000e+00
2.407984891798055638e-01 0.000000000000000000e+00
2.426375946815489959e-01 0.000000000000000000e+00
2.444907464053350243e-01 0.000000000000000000e+00
2.463580516295952316e-01 0.000000000000000000e+00
2.482396184521032390e-01 0.000000000000000000e+00
2.501355557962327558e-01 0.000000000000000000e+00
2.520459734172627586e-01 0.000000000000000000e+00
2.539709819087314635e-01 0.000000000000000000e+00
2.559106927088385386e-01 0.000000000000000000e+00
2.578652181068959992e-01 0.000000000000000000e+00
2.598346712498288968e-01 0.000000000000000000e+00
2.618191661487251354e-01 0.000000000000000000e+00
2.638188176854358025e-01 0.000000000000000000e+00
2.658337416192252944e-01 0.000000000000000000e+00
2.678640545934727890e-01 0.000000000000000000e+00
2.699098741424248438e-01 0.000000000000000000e+00
2.719713186979990649e-01 0.000000000000000000e+00
2.740485075966404560e-01 0.000000000000000000e+00
2.761415610862294479e-01 0.000000000000000000e+00
2.782506003330433297e-01 0.000000000000000000e+00
2.803757474287703610e-01 0.000000000000000000e+00
2.825171253975775620e-01 0.000000000000000000e+00
2.846748582032325170e-01 0.000000000000000000e+00
2.868490707562799669e-01 0.000000000000000000e+00
2.890398889212724143e-01 0.000000000000000000e+00
2.912474395240567393e-01 0.000000000000000000e+00
2.934718503591156602e-01 0.000000000000000000e+00
2.957132501969662597e-01 0.000000000000000000e+00
2.979717687916139113e-01 0.000000000000000000e+00
3.002475368880643813e-01 0.000000000000000000e+00
3.025406862298920529e-01 0.000000000000000000e+00
3.048513495668665474e-01 0.000000000000000000e+00
3.071796606626379655e-01 0.000000000000000000e+00
3.095257543024800828e-01 0.000000000000000000e+00
3.118897663010932186e-01 0.000000000000000000e+00
3.142718335104664473e-01 0.000000000000000000e+00
3.166720938277997055e-01 0.000000000000000000e+00
3.190906862034871283e-01 0.000000000000000000e+00
3.215277506491602821e-01 0.000000000000000000e+00
3.239834282457938475e-01 0.000000000000000000e+00
3.264578611518724749e-01 0.000000000000000000e+00
3.289511926116204799e-01 0.000000000000000000e+00
3.314635669632940984e-01 0.000000000000000000e+00
3.339951296475371922e-01 0.000000000000000000e+00
3.365460272158006805e-01 0.000000000000000000e+00
3.391164073388266975e-01 0.000000000000000000e+00
3.417064188151969217e-01 0.000000000000000000e+00
3.443162115799464074e-01 0.000000000000000000e+00
3.469459367132436967e-01 0.000000000000000000e+00
3.495957464491361577e-01 0.000000000000000000e+00
3.522657941843635454e-01 0.000000000000000000e+00
3.549562344872373987e-01 0.000000000000000000e+00
3.576672231065893826e-01 0.000000000000000000e+00
3.603989169807875204e-01 0.000000000000000000e+00
3.631514742468208712e-01 0.000000000000000000e+00
3.659250542494547620e-01 0.000000000000000000e+00
3.687198175504546316e-01 0.000000000000000000e+00
3.715359259378811507e-01 0.000000000000000000e+00
3.743735424354559527e-01 0.000000000000000000e+00
3.772328313119991394e-01 0.000000000000000000e+00
3.801139580909387861e-01 0.000000000000000000e+00
3.830170895598929426e-01 0.000000000000000000e+00
3.859423937803250215e-01 0.000000000000000000e+00
3.888900400972727933e-01 0.000000000000000000e+00
3.918601991491514891e-01 0.000000000000000000e+00
3.948530428776324541e-01 0.000000000000000000e+00
3.978687445375965748e-01 0.000000000000000000e+00
4.009074787071638113e-01 0.000000000000000000e+00
4.039694212977997800e-01 0.000000000000000000e+00
4.070547495644989411e-01 0.000000000000000000e+00
4.101636421160458901e-01 0.000000000000000000e+00
4.132962789253552538e-01 0.000000000000000000e+00
4.164528413398899120e-01 0.000000000000000000e+00
4.196335120921593775e-01 0.000000000000000000e+00
4.228384753102979454e-01 0.000000000000000000e+00
4.260679165287238890e-01 0.000000000000000000e+00
4.293220226988802568e-01 0.000000000000000000e+00
4.326009822000570493e-01 0.000000000000000000e+00
4.359049848502964952e-01 0.000000000000000000e+00
4.392342219173819284e-01 0.000000000000000000e+00
4.425888861299096533e-01 0.000000000000000000e+00
4.459691716884466306e-01 0.000000000000000000e+00
4.493752742767720409e-01 0.000000000000000000e+00
4.528073910732057783e-01 0.000000000000000000e+00
4.562657207620228750e-01 0.000000000000000000e+00
4.597504635449554122e-01 0.000000000000000000e+00
4.632618211527818053e-01 0.000000000000000000e+00
4.667999968570054614e-01 0.000000000000000000e+00
4.703651954816218117e-01 0.000000000000000000e+00
4.739576234149754375e-01 0.000000000000000000e+00
4.775774886217079018e-01 0.000000000000000000e+00
4.812250006547968972e-01 0.000000000000000000e+00
4.849003706676870973e-01 0.000000000000000000e+00
4.886038114265137677e-01 0.000000000000000000e+00
4.923355373224197473e-01 0.000000000000000000e+00
4.960957643839665199e-01 0.000000000000000000e+00
4.998847102896398775e-01 0.000000000000000000e+00
5.037025943804516182e-01 0.000000000000000000e+00
5.075496376726369441e-01 0.000000000000000000e+00
5.114260628704487832e-01 0.000000000000000000e+00
5.153320943790506981e-01 0.000000000000000000e+00
5.192679583175066060e-01 0.000000000000000000e+00
5.232338825318720854e-01 0.000000000000000000e+00
5.272300966083831586e-01 0.000000000000000000e+00
5.312568318867476602e-01 0.000000000000000000e+00
5.353143214735371913e-01 0.000000000000000000e+00
5.394028002556814361e-01 0.000000000000000000e+00
5.435225049140661735e-01 0.000000000000000000e+00
5.476736739372339846e-01 0.000000000000000000e+00
5.518565476351910970e-01 0.000000000000000000e+00
5.560713681533180353e-01 0.000000000000000000e+00
5.603183794863880740e-01 0.000000000000000000e+00
5.645978274926913842e-01 0.000000000000000000e+00
5.689099599082683145e-01 0.000000000000000000e+00
5.732550263612503638e-01 0.000000000000000000e+00
5.776332783863111775e-01 0.000000000000000000e+00
5.820449694392276774e-01 0.000000000000000000e+00
5.864903549115527692e-01 0.000000000000000000e+00
5.909696921454001828e-01 0.000000000000000000e+00
5.954832404483410002e-01 0.000000000000000000e+00
6.000312611084158698e-01 0.000000000000000000e+00
6.046140174092602404e-01 0.000000000000000000e+00
6.092317746453459471e-01 0.000000000000000000e+00
6.138848001373393704e-01 0.000000000000000000e+00
6.185733632475765020e-01 0.000000000000000000e+00
6.232977353956554722e-01 0.000000000000000000e+00
6.280581900741497581e-01 0.000000000000000000e+00
6.328550028644405190e-01 0.000000000000000000e+00
6.376884514526697245e-01 0.000000000000000000e+00
6.425588156458151845e-01 0.000000000000000000e+00
6.474663773878889250e-01 0.000000000000000000e+00
6.524114207762584661e-01 0.000000000000000000e+00
6.573942320780932214e-01 0.000000000000000000e+00
6.624150997469364643e-01 0.000000000000000000e+00
6.674743144394041927e-01 0.000000000000000000e+00
6.725721690320105584e-01 0.000000000000000000e+00
6.777089586381226383e-01 0.000000000000000000e+00
6.828849806250443244e-01 0.000000000000000000e+00
6.881005346312309978e-01 0.000000000000000000e+00
6.933559225836360973e-01 0.000000000000000000e+00
6.986514487151883612e-01 0.000000000000000000e+00
7.039874195824046277e-01 0.000000000000000000e+00
7.093641440831359724e-01 0.000000000000000000e+00
7.147819334744500708e-01 0.000000000000000000e+00
7.202411013906493409e-01 0.000000000000000000e+00
7.257419638614276414e-01 0.000000000000000000e+00
7.312848393301645267e-01 2.351891640968521827e-05
7.368700486723602783e-01 1.337644607227515370e-04
7.424979152142111571e-01 4.132661227355993771e-04
7.481687647513268757e-01 8.118091071547013779e-04
7.538829255675907337e-01 1.796392745012217237e-03
7.596407284541633054e-01 3.048136575150863035e-03
7.654425067286326767e-01 5.755505705981622290e-03
7.712885962543096774e-01 1.002556694318881836e-02
7.771793354596711056e-01 1.586850165089298548e-02
7.831150653579508347e-01 2.698442853703285696e-02
7.890961295668817987e-01 4.376743523885108511e-02
7.951228743285869704e-01 6.702052508338883496e-02
8.011956485296237718e-01 1.048687986955413043e-01
8.073148037211809180e-01 1.567447102454934127e-01
8.134806941394295832e-01 2.241328219212047335e-01
8.196936767260303291e-01 3.117269858152968975e-01
8.259541111487957998e-01 4.303972784913910887e-01
8.322623598225118435e-01 5.726375100048087807e-01
8.386187879299183967e-01 7.544134660670026582e-01
8.450237634428487965e-01 9.659199678223063801e-01
8.514776571435325181e-01 1.214868745459747101e+00
8.579808426460586723e-01 1.497919342214900862e+00
8.645336964180048156e-01 1.805470172990935707e+00
8.711365978022310719e-01 2.120229066432535614e+00
8.777899290388395670e-01 2.454576066613013641e+00
8.844940752873023948e-01 2.772164517454985155e+00
8.912494246487583371e-01 3.070810952437392327e+00
8.980563681884800031e-01 3.365674518262097958e+00
9.049152999585122759e-01 3.632833442334236995e+00
9.118266170204843979e-01 3.873691394440665459e+00
9.187907194685952517e-01 4.076271716833224090e+00
9.258080104527748322e-01 4.236682741304539590e+00
9.328788962020224673e-01 4.358967307894482168e+00
9.400037860479233398e-01 4.437314903934120203e+00
9.471830924483448655e-01 4.472893991386165169e+00
9.544172310113129276e-01 4.480481866173542826e+00
9.617066205190725192e-01 4.435393330331001138e+00
9.690516829523299069e-01 4.348891619469857694e+00
9.764528435146813123e-01 4.242015716330691966e+00
9.839105306572277776e-01 4.107827683249036355e+00
9.914251761033785471e-01 3.961278992389984932e+00
9.989972148738428537e-01 3.793160567198987199e+00
1.006627085311812886e+00 3.606594719292294915e+00
1.014315229108340155e+00 3.420938283847312800e+00
1.022062091327904820e+00 3.236603124801743725e+00
1.029868120434179746e+00 3.039012534056976023e+00
1.037733768315991956e+00 2.855157523069896452e+00
1.045659490313482376e+00 2.668168582178212400e+00
1.053645745244466525e+00 2.491926551979289695e+00
1.061692995430993491e+00 2.313115459064690072e+00
1.069801706726111412e+00 2.150244353968112421e+00
1.077972348540833902e+00 1.994327598178540883e+00
1.086205393871315206e+00 1.842722485561720136e+00
1.094501319326231403e+00 1.701190181435984661e+00
1.102860605154371676e+00 1.570113404237186927e+00
1.111283735272438733e+00 1.447415664635521182e+00
1.119771197293064180e+00 1.331159255109300776e+00
1.128323482553034385e+00 1.224353081651554653e+00
1.136941086141734836e+00 1.128559120981583730e+00
1.145624506929811659e+00 1.036280890928791054e+00
1.154374247598049186e+00 9.516281925867051683e-01
1.163190814666471562e+00 8.748788603326713709e-01
1.172074718523663961e+00 8.029385898509576736e-01
1.181026473456318726e+00 7.372631579621276021e-01
1.190046597679009999e+00 6.773174193434677859e-01
1.199135613364188391e+00 6.220281752185776725e-01
1.208294046672413469e+00 5.712696224763772479e-01
1.217522427782810501e+00 5.211460691053662053e-01
1.226821290923763907e+00 4.794360411730788085e-01
1.236191174403842963e+00 4.390149914272183373e-01
1.245632620642964428e+00 4.020118142981484732e-01
1.255146176203792763e+00 3.695827182347266038e-01
1.264732391823380597e+00 3.392318686706323194e-01
1.274391822445051226e+00 3.103310558905115202e-01
1.284125027250524465e+00 2.853773118964765265e-01
1.293932569692285650e+00 2.616938985992165456e-01
1.303815017526205322e+00 2.403880960628085872e-01
1.313772942844406266e+00 2.212650637550746258e-01
1.323806922108381467e+00 2.026497649315695815e-01
1.333917536182366304e+00 1.871479593300772182e-01
1.344105370366962093e+00 1.722891312335093073e-01
1.354371014433021658e+00 1.585059280135204252e-01
1.364715062655789790e+00 1.463951154056721549e-01
1.375138113849305288e+00 1.348534333416272213e-01
1.385640771401068339e+00 1.245585196506780318e-01
1.396223643306966578e+00 1.161372327088290718e-01
1.406887342206475600e+00 1.064223901780052828e-01
1.417632485418122146e+00 9.890676120482040645e-02
1.428459694975221517e+00 9.091480502669035957e-02
1.439369597661886768e+00 8.462457130069843403e-02
1.450362825049312576e+00 7.807487829530944390e-02
1.461440013532337545e+00 7.225069775799318472e-02
1.472601804366283851e+00 6.719935267823608227e-02
1.483848843704080878e+00 6.226865257648660917e-02
1.495181782633669076e+00 5.846930520040057033e-02
1.506601277215691814e+00 5.417148861985682934e-02
1.518107988521476326e+00 4.999320950767447563e-02
1.529702582671299993e+00 4.648787833840898470e-02
1.541385730872953275e+00 4.347530697994738541e-02
1.553158109460597069e+00 4.039818779741138205e-02
1.565020399933912287e+00 3.729080008632514737e-02
1.576973288997555844e+00 3.476842734273390828e-02
1.589017468600909977e+00 3.235442893147624094e-02
1.601153635978140644e+00 3.081638570265439470e-02
1.613382493688560348e+00 2.867367895147337337e-02
1.625704749657298942e+00 2.632162272149389873e-02
1.638121117216285949e+00 2.509825091412599962e-02
1.650632315145542872e+00 2.327350711928538249e-02
1.663239067714795461e+00 2.199934730472483113e-02
1.675942104725400839e+00 2.048414410831063057e-02
1.688742161552594379e+00 1.921529311533234571e-02
1.701639979188063201e+00 1.798433224867072161e-02
1.714636304282838086e+00 1.697873235453519966e-02
1.727731889190519565e+00 1.569967989130346964e-02
1.740927492010831301e+00 1.470627506987573496e-02
1.754223876633505208e+00 1.388249036705482137e-02
1.767621812782504076e+00 1.310549263377403136e-02
1.781122076060578596e+00 1.231056364007463572e-02
1.794725447994169887e+00 1.127651137311646776e-02
1.808432716078648639e+00 1.076082477533052417e-02
1.822244673823904648e+00 1.013479420827812644e-02
1.836162120800284292e+00 9.598299536339475677e-03
1.850185862684873506e+00 9.013850817949267680e-03
1.864316711308142471e+00 8.490635452421782178e-03
1.878555484700939138e+00 7.934516234230373777e-03
1.892903007141845784e+00 7.521784683659629017e-03
1.907360109204898402e+00 6.908848106912325766e-03
1.921927627807664241e+00 6.655223463940319363e-03
1.936606406259693713e+00 6.372729936044293012e-03
1.951397294311338904e+00 6.050936835320527840e-03
1.966301148202944216e+00 5.584335992752371795e-03
1.981318830714416501e+00 5.357749413003911644e-03
1.996451211215167332e+00 5.051349781958987262e-03
2.011699165714443627e+00 4.806719253806642465e-03
2.027063576912038645e+00 4.632631411807267875e-03
2.042545334249390443e+00 4.263910788409441995e-03
2.058145333961072687e+00 3.967768520547307505e-03
2.073864479126675597e+00 3.880499719041188497e-03
2.089703679723088570e+00 3.689882745245296261e-03
2.105663852677174930e+00 3.408021542840548781e-03
2.121745921918852140e+00 3.188807191340452263e-03
2.137950818434581013e+00 3.046725316537802174e-03
2.154279480321258600e+00 2.905786095323325668e-03
2.170732852840524529e+00 2.771263618909343852e-03
2.187311888473481680e+00 2.505442150481433389e-03
2.204017546975835184e+00 2.403212848545091887e-03
2.220850795433451541e+00 2.334284984589464918e-03
2.237812608318344942e+00 2.217223177908261844e-03
2.254903967545088150e+00 2.089122982635107945e-03
2.272125862527654583e+00 2.000266195350077370e-03
2.289479290236696052e+00 1.852565347081744449e-03
2.306965255257257041e+00 1.771948609574721615e-03
2.324584769846928634e+00 1.734103070786988977e-03
2.342338853994450965e+00 1.636192092212343735e-03
2.360228535478756218e+00 1.550002571239312774e-03
2.378254849928468584e+00 1.428360094078268659e-03
2.396418840881856305e+00 1.358670814591939448e-03
2.414721559847241572e+00 1.304282310187435340e-03
2.433164066363873168e+00 1.224290637832001682e-03
2.451747428063260070e+00 1.149780445364409400e-03
2.470472720730979344e+00 1.110685931926059904e-03
2.489341028368951214e+00 1.009035157621564595e-03
2.508353443258192428e+00 1.002085404629802102e-03
2.527511066022048780e+00 9.623307469881133567e-04
2.546815005689907707e+00 9.138271232893018133e-04
2.566266379761402039e+00 8.353907772700875766e-04
2.585866314271100030e+00 7.842666736252315932e-04
2.605615943853691441e+00 7.422682727763239103e-04
2.625516411809674544e+00 7.122191743748315694e-04
2.645568870171534748e+00 6.997637546285225951e-04
2.665774479770441019e+00 6.943603755411817966e-04
2.686134410303444575e+00 6.297319088489173678e-04
2.706649840401191387e+00 6.087553174852411084e-04
2.727321957696154264e+00 5.944098132908915083e-04
2.748151958891383195e+00 5.665040578440348014e-04
2.769141049829782819e+00 4.904019898811829998e-04
2.790290445563917920e+00 4.805140558951899259e-04
2.811601370426352720e+00 4.862942789612792775e-04
2.833075058100528398e+00 5.080685205745543581e-04
2.854712751692177974e+00 4.514683851719742389e-04
2.876515703801291846e+00 4.306003520705603722e-04
2.898485176594628676e+00 4.030762512657961347e-04
2.920622441878783171e+00 3.935632229456227779e-04
2.942928781173810293e+00 3.666869728604390372e-04
2.965405485787410811e+00 3.496108548746861043e-04
2.988053856889687943e+00 3.212938789511898276e-04
3.010875205588466663e+00 3.349625749732306032e-04
3.033870853005199208e+00 2.761788806552699783e-04
3.057042130351439457e+00 2.997452680005518425e-04
3.080390379005908841e+00 2.704846338030201928e-04
3.103916950592149782e+00 2.785104655755008831e-04
3.127623207056766663e+00 2.678868167834804262e-04
3.151510520748272093e+00 2.564413438970949304e-04
3.175580274496530464e+00 2.303144683456086238e-04
3.199833861692807702e+00 2.114388714911757375e-04
3.224272686370440510e+00 2.234160145661008383e-04
3.248898163286108698e+00 2.265670037411879974e-04
3.273711718001736770e+00 1.999783071705465282e-04
3.298714786967021251e+00 1.965560570912697474e-04
3.323908817602584165e+00 1.752756195531077286e-04
3.349295268383767343e+00 1.824028088794512866e-04
3.374875608925059112e+00 1.842529293342569667e-04
3.400651320065169791e+00 1.621046821011297749e-04
3.426623893952761790e+00 1.690876274505437001e-04
3.452794834132823176e+00 1.496937677039122732e-04
3.479165655633714493e+00 1.525845247516475318e-04
3.505737885054867498e+00 1.438256027887579677e-04
3.532513060655161574e+00 1.369984950918945292e-04
3.559492732441974283e+00 1.275887304009877782e-04
3.586678462260907807e+00 1.366727396793545322e-04
3.614071823886209955e+00 1.313347833663014463e-04
3.641674403111871072e+00 1.260096913071850325e-04
3.669487797843431487e+00 1.105375633990260159e-04
3.697513618190481299e+00 1.042184247679760390e-04
3.725753486559869376e+00 1.017044506090616885e-04
3.754209037749625999e+00 9.302394782854922885e-05
3.782881919043597829e+00 1.022674035954585826e-04
3.811773790306809850e+00 8.544925337829916475e-05
3.840886324081555170e+00 9.787090847623976188e-05
3.870221205684216237e+00 9.065830927369982872e-05
3.899780133302832574e+00 9.276927848723775204e-05
3.929564818095400369e+00 8.089261183331831367e-05
3.959576984288936341e+00 8.347418172375528677e-05
3.989818369279292121e+00 7.695623955315744819e-05
4.020290723731728910e+00 7.165498954993519990e-05
4.050995811682269299e+00 5.335560873489198169e-05
4.081935410639808026e+00 6.677550024558488847e-05
4.113111311689019445e+00 5.787116821290033702e-05
4.144525319594036361e+00 5.480596754714696297e-05
4.176179252902931793e+00 6.598627006123966219e-05
4.208074944052993871e+00 5.509299701982176462e-05
4.240214239476800984e+00 5.283530527297935147e-05
4.272598999709120271e+00 4.914417708913266033e-05
4.305231099494601921e+00 4.945723205097529550e-05
4.338112427896314571e+00 5.739649724964710159e-05
4.371244888405103168e+00 5.051233538244269736e-05
4.404630399049775491e+00 4.906911299580603807e-05
4.438270892508145771e+00 3.881802231002347113e-05
4.472168316218908757e+00 4.306354206980501535e-05
4.506324632494379756e+00 3.891652368086050113e-05
4.540741818634090876e+00 3.552768047627419924e-05
4.575421867039255019e+00 3.491180221992881032e-05
4.610366785328114503e+00 3.906417808497455291e-05
4.645578596452149434e+00 3.033591486381078309e-05
4.681059338813191140e+00 3.211389576993333578e-05
4.716811066381425555e+00 3.586442890928725151e-05
4.752835848814294550e+00 3.097968683598580726e-05
4.789135771576313871e+00 2.583278574650021275e-05
4.825712936059790792e+00 2.239284230511374104e-05
4.862569459706477915e+00 2.254110801762820773e-05
4.899707476130153339e+00 2.715839694349098552e-05
4.937129135240129862e+00 2.221298331748003995e-05
4.974836603365720755e+00 2.235599451661701684e-05
5.012832063381637226e+00 1.999172604020833704e-05
5.051117714834363781e+00 2.202049573974259740e-05
5.089695774069483036e+00 1.753496211361766567e-05
5.128568474359980200e+00 1.924410366683152173e-05
5.167738066035535205e+00 1.818512856720887042e-05
5.207206816612779399e+00 1.804865139776241464e-05
5.246977010926572760e+00 1.492347704902370125e-05
5.287050951262264320e+00 1.540552887417995687e-05
5.327430957488979324e+00 1.675293018138644294e-05
5.368119367193910918e+00 1.225655403385968604e-05
5.409118535817638573e+00 1.649364493916261127e-05
5.450430836790491895e+00 1.465439281480922501e-05
5.492058661669943831e+00 1.197887822417171770e-05
5.534004420279054592e+00 1.160120015437821241e-05
5.576270540845982282e+00 1.488736367496233712e-05
5.618859470144546009e+00 1.199100519616280635e-05
5.661773673635872584e+00 1.217390443524842346e-05
5.705015635611118796e+00 1.509764946489752622e-05
5.748587859335287931e+00 1.008092558480513189e-05
5.792492867192146733e+00 9.730121346720957550e-06
5.836733200830237500e+00 1.260556916070567924e-05
5.881311421310018162e+00 8.258961987294223989e-06
5.926230109252122347e+00 8.458259215545119007e-06
5.971491864986748332e+00 9.708828267476676531e-06
6.017099308704191074e+00 8.853871710105803018e-06
6.063055080606527092e+00 9.299116597846775027e-06
6.109361841060454879e+00 7.434034977044376511e-06
6.156022270751298819e+00 1.068179029787732434e-05
6.203039070838196167e+00 6.817962795475461213e-06
6.250414963110467070e+00 6.763980341895602348e-06
6.298152690145174759e+00 8.209248880118996661e-06
6.346255015465900762e+00 8.633527751784265250e-06
6.394724723702712943e+00 8.323787761561562306e-06
6.443564620753374328e+00 9.727367149103456159e-06
6.492777533945774948e+00 5.792731594152983126e-06
6.542366312201600920e+00 4.309756184125735365e-06
6.592333826201270064e+00 6.171274340065379282e-06
6.642682968550095879e+00 6.369251028083565694e-06
6.693416653945753581e+00 4.911427030018229108e-06
6.744537819347007357e+00 4.412127549520646118e-06
6.796049424143726370e+00 6.456866258108549137e-06
6.847954450328215259e+00 4.802114134893866212e-06
6.900255902667822738e+00 4.085157846315168309e-06
6.952956808878900219e+00 5.405349263033750265e-06
7.006060219802071387e+00 5.817473238759266258e-06
7.059569209578839377e+00 4.878348467744817355e-06
7.113486875829561740e+00 5.503490907923077935e-06
7.167816339832755901e+00 7.651556547597047016e-06
7.222560746705797285e+00 4.121195089876429971e-06
7.277723265586987011e+00 2.367922475686660939e-06
7.333307089819009583e+00 3.845477995321158233e-06
7.389315437133804565e+00 4.450784513075756781e-06
7.445751549838826477e+00 2.731721437234472038e-06
7.502618695004750649e+00 3.341896563625819765e-06
7.559920164654601038e+00 4.557134171859166198e-06
7.617659275954320464e+00 5.342292493157150293e-06
7.675839371404808986e+00 2.448472763651646505e-06
7.734463819035411802e+00 3.444289045914370971e-06
7.793536012598893947e+00 2.814965666450849712e-06
7.853059371767910690e+00 2.990868241140864033e-06
7.913037342332964741e+00 2.971240545757320764e-06
7.973473396401889346e+00 1.769918090927324010e-06
8.034371032600834184e+00 2.338402931884909368e-06
8.095733776276818006e+00 2.320349326042086141e-06
8.157565179701792957e+00 1.729840490467427152e-06
8.219868822278293408e+00 1.713526761762545403e-06
8.282648310746649756e+00 2.267491437478727837e-06
8.345907279393774303e+00 2.440654561954998740e-06
8.409649390263549407e+00 3.723992310759930536e-06
8.473878333368830340e+00 2.589000819272549595e-06
8.538597826905046873e+00 2.751351042589850132e-06
8.603811617465460415e+00 1.820193479516889061e-06
8.669523480258041204e+00 2.531407827572209441e-06
8.735737219324033020e+00 3.225150500790916655e-06
8.802456667758143283e+00 2.136701947561228133e-06
8.869685687930459750e+00 1.411973703545494720e-06
8.937428171710028124e+00 1.399962949584779160e-06
9.005688040690165153e+00 1.392084640294169201e-06
9.074469246415468149e+00 8.618174722868176499e-07
9.143775770610570675e+00 8.567567025433283884e-07
9.213611625410646155e+00 1.528968579045772118e-06
9.283980853593664762e+00 1.013850312899749217e-06
9.354887528814433750e+00 1.508209049959482416e-06
9.426335755840423047e+00 1.330386447458594933e-06
9.498329670789374291e+00 1.648699499044455858e-06
9.570873441368757284e+00 1.800378290388095220e-06
9.643971267117024126e+00 1.787844418551593611e-06
9.717627379646726737e+00 1.450231302856173433e-06
9.791846042889485346e+00 1.119772698804842363e-06
9.866631553342816829e+00 6.353620183226094992e-07
9.941988240318867298e+00 1.573272811530640503e-06
1.001792046619502941e+01 2.033778961297332844e-06
1.009443262666647811e+01 1.551154409317580785e-06
1.017152915100063915e+01 7.685131858612376934e-07
1.024921450229360431e+01 1.375903366203443721e-06
1.032749317772848840e+01 1.515460932974103862e-06
1.040636970883577561e+01 1.054095384853380169e-06
1.048584866175564301e+01 7.473503865323689449e-07
1.056593463750229134e+01 1.333104017227528779e-06
1.064663227223031328e+01 1.323348864158955801e-06
1.072794623750306187e+01 7.295919971379825687e-07
1.080988124056310262e+01 4.348110725993108939e-07
1.089244202460468713e+01 8.623729962368481743e-07
1.097563336904835118e+01 1.285189867235402291e-06
1.105946008981760897e+01 5.655359873827724105e-07
1.114392703961772924e+01 1.265062838558515154e-06
1.122903910821665363e+01 6.978276566566624675e-07
1.131480122272806810e+01 9.698569237730060122e-07
1.140121834789663069e+01 4.115198185980364388e-07
1.148829548638539144e+01 5.457002035214043834e-07
1.157603767906538295e+01 8.131106161606988435e-07
1.166445000530744025e+01 1.074251968867626932e-06
1.175353758327623055e+01 2.670989960708361614e-07
1.184330557022655483e+01 7.932230479236005371e-07
1.193375916280191262e+01 7.860222863735228165e-07
1.202490359733531022e+01 6.513595456842304830e-07
1.211674415015240314e+01 5.171494085191902927e-07
1.220928613787693706e+01 5.129450303279475143e-07
1.230253491773851593e+01 6.370329949951071597e-07
1.239649588788276091e+01 0.000000000000000000e+00
1.249117448768377869e+01 5.016812270438433588e-07
1.258657619805906158e+01 7.464214605361935460e-07
1.268270654178675727e+01 3.702470483399755285e-07
1.277957108382539175e+01 6.133902719003141709e-07
1.287717543163603651e+01 4.864839691296538481e-07
1.297552523550690928e+01 8.455989526514029705e-07
1.307462618888047245e+01 8.391005334704971204e-07
1.317448402868301116e+01 5.940809919396381377e-07
1.327510453565674453e+01 5.885877371877439544e-07
1.337649353469450197e+01 3.504738749451686080e-07
1.347865689517689169e+01 6.961714820835647721e-07
1.358160053131209644e+01 3.450508472103668642e-07
1.368533040247822186e+01 4.579292112458247058e-07
1.378985251356829522e+01 6.817907579130485897e-07
1.389517291533790910e+01 6.781552494085964151e-07
1.400129770475546920e+01 1.119411170088762540e-07
1.410823302535516532e+01 3.327050116998888459e-07
1.421598506759258740e+01 3.302790834722006707e-07
1.432456006920312142e+01 1.093782192240655879e-07
1.443396431556304549e+01 3.255751612270718551e-07
1.454420414005338102e+01 4.310398153444760088e-07
1.465528592442653633e+01 0.000000000000000000e+00
1.476721609917572842e+01 2.126474879760238672e-07
1.488000114390725059e+01 3.159058394777472501e-07
1.499364758771559814e+01 7.311559679848476682e-07
1.510816200956140420e+01 4.150349762693709589e-07
1.522355103865231740e+01 2.060352340362054772e-07
1.533982135482673925e+01 6.128825592345455784e-07
1.545697968894052465e+01 1.016992485670371962e-07
1.557503282325665950e+01 1.008062196856456388e-07
1.569398759183785330e+01 4.994176814273149001e-07
1.581385088094217650e+01 9.922836270907295539e-08
1.593462962942168204e+01 2.955561302549025199e-07
1.605633082912410003e+01 5.843181501222856633e-07
1.617896152529763043e+01 5.806033788806068674e-07
1.630252881699875189e+01 0.000000000000000000e+00
1.642703985750318907e+01 9.506237940028631004e-08
1.655250185472002045e+01 1.887278109431734829e-07
1.667892207160893037e+01 1.883211043556973937e-07
1.680630782660069400e+01 1.862805433928985177e-07
1.693466649402079582e+01 2.770541849601133210e-07
1.706400550451636988e+01 1.840406780724540568e-07
1.719433234548630907e+01 0.000000000000000000e+00
1.732565456151473171e+01 0.000000000000000000e+00
1.745797975480775932e+01 2.686109440689698208e-07
1.759131558563357700e+01 4.452296291152761562e-07
1.772566977276590450e+01 6.189655613645948841e-07
1.786105009393079257e+01 2.634619305637620128e-07
1.799746438625691525e+01 1.737639531915883789e-07
1.813492054672925491e+01 4.312459107130893908e-07
1.827342653264623351e+01 2.568184512463010729e-07
1.841299036208040008e+01 0.000000000000000000e+00
1.855362011434253589e+01 8.439145281436124825e-08
1.869532393044939056e+01 1.673227303379153459e-07
1.883811001359499926e+01 8.303952384635775406e-08
1.898198662962550998e+01 8.281435574258112596e-08
1.912696210751772696e+01 2.460884861839051622e-07
1.927304483986123529e+01 1.625088311998554505e-07
1.942024328334427707e+01 2.419047479403008866e-07
1.956856595924331188e+01 7.977312633258071329e-08
1.971802145391628613e+01 1.588639967237263619e-07
1.986861841929972172e+01 2.364361178959172978e-07
2.002036557340952783e+01 0.000000000000000000e+00
2.017327170084572430e+01 1.552875726400847887e-07
2.032734565330098775e+01 1.545091807203618585e-07
2.048259635007306656e+01 0.000000000000000000e+00
2.063903277858106478e+01 7.597574643890712509e-08
2.079666399488577966e+01 1.505742784789393066e-07
2.095549912421395078e+01 1.492293038795557365e-07
2.111554736148649880e+01 2.232020703669603533e-07
2.127681797185082857e+01 1.473271221629043399e-07
2.143932029121715743e+01 1.458577186233014143e-07
2.160306372679898601e+01 7.253108780432680408e-08
2.176805775765772211e+01 7.218686551879653289e-08
2.193431193525134404e+01 0.000000000000000000e+00
2.210183588398740895e+01 7.085106520184150709e-08
2.227063930178012185e+01 2.812055907862716263e-07
2.244073196061181008e+01 1.394434949972968885e-07
2.261212370709861119e+01 0.000000000000000000e+00
2.278482446306047393e+01 0.000000000000000000e+00
2.295884422609555031e+01 6.825879221065388039e-08
2.313419307015891846e+01 6.783617575469915519e-08
2.331088114614578188e+01 1.346653755607083410e-07
2.348891868247912029e+01 6.645691792662192401e-08
2.366831598570178841e+01 6.629296810298699041e-08
2.384908344107317646e+01 6.546913504350864357e-08
2.403123151317036843e+01 0.000000000000000000e+00
2.421477074649395789e+01 6.470747707327739749e-08
2.439971176607850367e+01 2.563995584696849882e-07
2.458606527810756148e+01 1.278681949244589381e-07
2.477384207053348675e+01 1.261515561418102637e-07
2.496305301370191287e+01 0.000000000000000000e+00
2.515370906098105408e+01 0.000000000000000000e+00
2.534582124939582215e+01 1.238181022014660753e-07
2.553940070026671805e+01 0.000000000000000000e+00
2.573445861985366534e+01 6.086147348273249410e-08
2.593100630000469309e+01 0.000000000000000000e+00
2.612905511880966003e+01 1.797883726421872614e-07
2.632861654125893835e+01 5.935673947520161632e-08
2.652970211990708549e+01 5.922326752209561335e-08
2.673232349554165310e+01 5.848276728491820308e-08
2.693649239785701255e+01 5.826225487422773818e-08
2.714222064613342411e+01 1.154691434709686911e-07
2.734952014992126834e+01 5.710366843884172135e-08
2.755840290973046081e+01 1.135009339040153155e-07
2.776888101772517103e+01 5.639314870648448079e-08
2.798096665842379238e+01 5.578729893118926803e-08
2.819467210940434398e+01 1.112751107781783114e-07
2.841000974201522311e+01 0.000000000000000000e+00
2.862699202209135763e+01 5.455386114445970762e-08
2.884563151067587228e+01 5.435992425252750154e-08
2.906594086474717642e+01 5.382686416749271106e-08
2.928793283795175029e+01 0.000000000000000000e+00
2.951162028134242377e+01 0.000000000000000000e+00
2.973701614412232175e+01 0.000000000000000000e+00
2.996413347439450092e+01 5.216171805048118199e-08
3.019298541991724250e+01 0.000000000000000000e+00
3.042358522886523176e+01 5.151535630672901616e-08
3.065594625059649658e+01 0.000000000000000000e+00
3.089008193642516886e+01 5.056478688019475806e-08
3.112600584040018958e+01 5.048061539137611306e-08
3.136373162008992921e+01 0.000000000000000000e+00
3.160327303737282278e+01 4.942043006315101775e-08
3.184464395923409441e+01 0.000000000000000000e+00
3.208785835856844670e+01 0.000000000000000000e+00
3.233293031498900660e+01 0.000000000000000000e+00
3.257987401564231078e+01 4.809719224135610791e-08
3.282870375602964685e+01 0.000000000000000000e+00
3.307943394083464739e+01 0.000000000000000000e+00
3.333207908475711889e+01 0.000000000000000000e+00
3.358665381335332967e+01 0.000000000000000000e+00
3.384317286388262858e+01 0.000000000000000000e+00
3.410165108616060081e+01 0.000000000000000000e+00
3.436210344341879619e+01 0.000000000000000000e+00
3.462454501317083100e+01 9.048312383910273346e-08
3.488899098808531107e+01 4.493759708542179277e-08
3.515545667686525633e+01 4.460783195210642537e-08
3.542395750513435360e+01 0.000000000000000000e+00
3.569450901632996676e+01 4.384247947354585288e-08
3.596712687260290409e+01 8.718844649034840829e-08
3.624182685572413476e+01 4.319937029733195126e-08
3.651862486799832652e+01 0.000000000000000000e+00
3.679753693318444618e+01 4.266111485553873689e-08
3.707857919742345842e+01 0.000000000000000000e+00
3.736176793017290265e+01 4.194454797295116508e-08
3.764711952514880267e+01 4.150328832494528777e-08
3.793465050127463911e+01 4.131981872042937807e-08
3.822437750363764764e+01 0.000000000000000000e+00
3.851631730445244273e+01 0.000000000000000000e+00
3.881048680403189621e+01 0.000000000000000000e+00
3.910690303176554039e+01 4.005286563182629509e-08
3.940558314710532528e+01 0.000000000000000000e+00
3.970654444055901422e+01 0.000000000000000000e+00
4.000980433469116804e+01 0.000000000000000000e+00
4.031538038513167521e+01 0.000000000000000000e+00
4.062329028159209088e+01 3.867085187264432991e-08
4.093355184888959997e+01 3.839951408315474347e-08
4.124618304797896684e+01 3.793088692348778951e-08
4.156120197699230800e+01 0.000000000000000000e+00
4.187862687228675185e+01 0.000000000000000000e+00
4.219847610950009198e+01 0.000000000000000000e+00
4.252076820461459761e+01 0.000000000000000000e+00
4.284552181502894541e+01 0.000000000000000000e+00
4.317275574063820898e+01 0.000000000000000000e+00
4.350248892492221842e+01 0.000000000000000000e+00
4.383474045604216940e+01 3.569309857890632765e-08
4.416952956794561658e+01 0.000000000000000000e+00
4.450687564148002906e+01 0.000000000000000000e+00
4.484679820551461660e+01 0.000000000000000000e+00
4.518931693807093097e+01 3.462394899951972554e-08
4.553445166746195127e+01 0.000000000000000000e+00
4.588222237343995147e+01 3.412135219950922519e-08
4.623264918835322135e+01 3.376728251051052043e-08
4.658575239831141346e+01 0.000000000000000000e+00
4.694155244435995655e+01 0.000000000000000000e+00
4.730006992366332952e+01 3.302429106913788830e-08
4.766132559069743735e+01 3.293743730601302187e-08
4.802534035845116023e+01 6.503244940976283946e-08
4.839213529963691940e+01 0.000000000000000000e+00
4.876173164791060799e+01 3.205345508388427872e-08
4.913415079910075178e+01 0.000000000000000000e+00
4.950941431244714153e+01 3.164163481847583578e-08
4.988754391184892256e+01 0.000000000000000000e+00
5.026856148712214889e+01 3.104586362689783736e-08
5.065248909526700771e+01 0.000000000000000000e+00
5.103934896174460789e+01 0.000000000000000000e+00
5.142916348176368757e+01 0.000000000000000000e+00
5.182195522157707757e+01 0.000000000000000000e+00
5.221774691978801286e+01 0.000000000000000000e+00
5.261656148866648408e+01 0.000000000000000000e+00
5.301842201547557920e+01 0.000000000000000000e+00
5.342335176380803574e+01 0.000000000000000000e+00
5.383137417493298926e+01 2.909109095610869965e-08
5.424251286915296077e+01 0.000000000000000000e+00
5.465679164717121807e+01 2.864243281086612078e-08
5.507423449146955363e+01 2.844787311788510923e-08
5.549486556769667800e+01 0.000000000000000000e+00
5.591870922606719319e+01 0.000000000000000000e+00
5.634579000277113892e+01 0.000000000000000000e+00
5.677613262139447414e+01 0.000000000000000000e+00
5.720976199435020249e+01 0.000000000000000000e+00
5.764670322432060345e+01 0.000000000000000000e+00
5.808698160571049129e+01 0.000000000000000000e+00
5.853062262611141620e+01 0.000000000000000000e+00
5.897765196777716312e+01 2.654343721148913033e-08
5.942809550911043459e+01 0.000000000000000000e+00
5.988197932616098740e+01 5.227204134914783085e-08
6.033932969413523040e+01 2.599379778331199784e-08
6.080017308891720518e+01 0.000000000000000000e+00
6.126453618860131201e+01 0.000000000000000000e+00
6.173244587503663183e+01 0.000000000000000000e+00
6.220392923538312857e+01 0.000000000000000000e+00
6.267901356367983112e+01 0.000000000000000000e+00
6.315772636242475357e+01 0.000000000000000000e+00
6.364009534416704383e+01 0.000000000000000000e+00
6.412614843311123991e+01 0.000000000000000000e+00
6.461591376673376885e+01 2.418196597525146430e-08
6.510941969741192281e+01 0.000000000000000000e+00
6.560669479406510618e+01 0.000000000000000000e+00
6.610776784380868776e+01 0.000000000000000000e+00
6.661266785362042242e+01 0.000000000000000000e+00
6.712142405201964834e+01 0.000000000000000000e+00
6.763406589075952979e+01 0.000000000000000000e+00
6.815062304653176284e+01 0.000000000000000000e+00
6.867112542268469610e+01 0.000000000000000000e+00
6.919560315095429814e+01 2.271871022586099130e-08
6.972408659320856827e+01 0.000000000000000000e+00
7.025660634320522036e+01 0.000000000000000000e+00
7.079319322836265371e+01 0.000000000000000000e+00
7.133387831154462333e+01 0.000000000000000000e+00
7.187869289285829666e+01 2.181812824088338033e-08
7.242766851146639340e+01 0.000000000000000000e+00
7.298083694741293925e+01 0.000000000000000000e+00
7.353823022346294636e+01 0.000000000000000000e+00
7.409988060695627610e+01 0.000000000000000000e+00
7.466582061167545703e+01 2.095364246282815474e-08
7.523608299972798363e+01 0.000000000000000000e+00
7.581070078344298224e+01 2.060634117726501921e-08
7.638970722728217311e+01 0.000000000000000000e+00
7.697313584976564016e+01 0.000000000000000000e+00
7.756102042541199637e+01 0.000000000000000000e+00
7.815339498669379736e+01 0.000000000000000000e+00
7.875029382600763483e+01 0.000000000000000000e+00
7.935175149765926506e+01 0.000000000000000000e+00
7.995780281986401405e+01 0.000000000000000000e+00
8.056848287676226050e+01 0.000000000000000000e+00
8.118382702045050792e+01 0.000000000000000000e+00
8.180387087302804616e+01 0.000000000000000000e+00
8.242865032865888963e+01 0.000000000000000000e+00
8.305820155564990159e+01 0.000000000000000000e+00
8.369256099854430886e+01 0.000000000000000000e+00
8.433176538023161584e+01 0.000000000000000000e+00
8.497585170407356259e+01 0.000000000000000000e+00
8.562485725604614117e+01 0.000000000000000000e+00
8.627881960689798291e+01 0.000000000000000000e+00
8.693777661432541493e+01 0.000000000000000000e+00
8.760176642516411505e+01 1.788100171000083064e-08
8.827082747759727965e+01 0.000000000000000000e+00
8.894499850338092983e+01 0.000000000000000000e+00
8.962431853008587268e+01 1.747890049561983738e-08
9.030882688335715613e+01 0.000000000000000000e+00
9.099856318919067633e+01 0.000000000000000000e+00
9.169356737622699427e+01 0.000000000000000000e+00
9.239387967806285928e+01 0.000000000000000000e+00
9.309954063558021176e+01 0.000000000000000000e+00
9.381059109929316264e+01 0.000000000000000000e+00
9.452707223171287865e+01 0.000000000000000000e+00
9.524902550973044413e+01 1.638597727291937365e-08
9.597649272701789869e+01 0.000000000000000000e+00
9.670951599644754992e+01 0.000000000000000000e+00
9.744813775253007293e+01 0.000000000000000000e+00
9.819240075387101285e+01 0.000000000000000000e+00
9.894234808564596051e+01 0.000000000000000000e+00
9.969802316209487003e+01 0.000000000000000000e+00
1.004594697290351206e+02 0.000000000000000000e+00
1.012267318663940330e+02 0.000000000000000000e+00
1.019998539907607551e+02 0.000000000000000000e+00
1.027788808579573896e+02 0.000000000000000000e+00
1.035638575656300304e+02 0.000000000000000000e+00
1.043548295558592258e+02 0.000000000000000000e+00
1.051518426177907060e+02 0.000000000000000000e+00
1.059549428902863042e+02 0.000000000000000000e+00
1.067641768645947025e+02 0.000000000000000000e+00
1.075795913870428819e+02 0.000000000000000000e+00
1.084012336617479093e+02 0.000000000000000000e+00
1.092291512533496842e+02 0.000000000000000000e+00
1.100633920897645339e+02 0.000000000000000000e+00
1.109040044649596268e+02 0.000000000000000000e+00
1.117510370417487309e+02 0.000000000000000000e+00
1.126045388546091885e+02 0.000000000000000000e+00
1.134645593125205778e+02 0.000000000000000000e+00
1.143311482018251581e+02 1.373521494951119095e-08
1.152043556891097040e+02 0.000000000000000000e+00
1.160842323241099052e+02 1.345776947994694971e-08
1.169708290426363391e+02 1.334525252138005703e-08
1.178641971695234076e+02 0.000000000000000000e+00
1.187643884216004722e+02 0.000000000000000000e+00
1.196714549106856964e+02 1.310842403590629092e-08
1.205854491466028264e+02 0.000000000000000000e+00
1.215064240402207503e+02 0.000000000000000000e+00
1.224344329065167187e+02 0.000000000000000000e+00
1.233695294676628009e+02 0.000000000000000000e+00
1.243117678561356172e+02 0.000000000000000000e+00
1.252612026178502873e+02 0.000000000000000000e+00
1.262178887153177698e+02 0.000000000000000000e+00
1.271818815308268711e+02 0.000000000000000000e+00
1.281532368696502999e+02 1.225193330222818936e-08
1.291320109632751496e+02 0.000000000000000000e+00
1.301182604726581644e+02 0.000000000000000000e+00
1.311120424915058038e+02 0.000000000000000000e+00
1.321134145495791472e+02 0.000000000000000000e+00
1.331224346160248615e+02 0.000000000000000000e+00
1.341391611027304975e+02 0.000000000000000000e+00
1.351636528677061619e+02 0.000000000000000000e+00
1.361959692184915980e+02 0.000000000000000000e+00
1.372361699155896986e+02 0.000000000000000000e+00
1.382843151759259683e+02 0.000000000000000000e+00
1.393404656763344747e+02 0.000000000000000000e+00
1.404046825570703732e+02 0.000000000000000000e+00
1.414770274253492062e+02 0.000000000000000000e+00
1.425575623589134011e+02 0.000000000000000000e+00
1.436463499096261103e+02 0.000000000000000000e+00
1.447434531070921366e+02 0.000000000000000000e+00
1.458489354623067129e+02 0.000000000000000000e+00
1.469628609713321055e+02 0.000000000000000000e+00
1.480852941190023273e+02 0.000000000000000000e+00
1.492162998826563580e+02 0.000000000000000000e+00
1.503559437358994160e+02 0.000000000000000000e+00
1.515042916523934196e+02 0.000000000000000000e+00
1.526614101096758418e+02 0.000000000000000000e+00
1.538273660930082656e+02 0.000000000000000000e+00
1.550022270992544691e+02 0.000000000000000000e+00
1.561860611407872170e+02 0.000000000000000000e+00
1.573789367494260318e+02 0.000000000000000000e+00
1.585809229804039546e+02 0.000000000000000000e+00
1.597920894163653998e+02 0.000000000000000000e+00
1.610125061713944206e+02 0.000000000000000000e+00
1.622422438950733863e+02 0.000000000000000000e+00
1.634813737765729229e+02 0.000000000000000000e+00
1.647299675487729473e+02 0.000000000000000000e+00
1.659880974924153065e+02 0.000000000000000000e+00
1.672558364402883058e+02 0.000000000000000000e+00
1.685332577814427282e+02 0.000000000000000000e+00
1.698204354654404540e+02 0.000000000000000000e+00
1.711174440066350826e+02 0.000000000000000000e+00
1.724243584884858365e+02 0.000000000000000000e+00
1.737412545679041500e+02 0.000000000000000000e+00
1.750682084796334834e+02 0.000000000000000000e+00
1.764052970406620489e+02 0.000000000000000000e+00
1.777525976546700690e+02 0.000000000000000000e+00
1.791101883165108575e+02 0.000000000000000000e+00
1.804781476167256642e+02 0.000000000000000000e+00
1.818565547460933089e+02 0.000000000000000000e+00
1.832454895002142905e+02 0.000000000000000000e+00
1.846450322841304228e+02 0.000000000000000000e+00
1.860552641169795152e+02 0.000000000000000000e+00
1.874762666366852955e+02 0.000000000000000000e+00
1.889081221046837413e+02 8.290338128734924734e-09
1.903509134106845408e+02 0.000000000000000000e+00
1.918047240774702118e+02 0.000000000000000000e+00
1.932696382657309186e+02 0.000000000000000000e+00
1.947457407789366925e+02 0.000000000000000000e+00
1.962331170682464574e+02 0.000000000000000000e+00
1.977318532374547715e+02 0.000000000000000000e+00
1.992420360479763985e+02 0.000000000000000000e+00
