1.003818764619345688e-01 0.000000000000000000e+00
1.011485459784472879e-01 0.000000000000000000e+00
1.019210709558087680e-01 0.000000000000000000e+00
1.026994961152724595e-01 0.000000000000000000e+00
1.034838665196517182e-01 0.000000000000000000e+00
1.042742275759283854e-01 0.000000000000000000e+00
1.050706250378814766e-01 0.000000000000000000e+00
1.058731050087358544e-01 0.000000000000000000e+00
1.066817139438310941e-01 0.000000000000000000e+00
1.074964986533107902e-01 0.000000000000000000e+00
1.083175063048323894e-01 0.000000000000000000e+00
1.091447844262976724e-01 0.000000000000000000e+00
1.099783809086041647e-01 0.000000000000000000e+00
1.108183440084175297e-01 0.000000000000000000e+00
1.116647223509651676e-01 0.000000000000000000e+00
1.125175649328510052e-01 0.000000000000000000e+00
1.133769211248920050e-01 0.000000000000000000e+00
1.142428406749761566e-01 0.000000000000000000e+00
1.151153737109424230e-01 0.000000000000000000e+00
1.159945707434826001e-01 0.000000000000000000e+00
1.168804826690653942e-01 0.000000000000000000e+00
1.177731607728827179e-01 0.000000000000000000e+00
1.186726567318187042e-01 0.000000000000000000e+00
1.195790226174411192e-01 0.000000000000000000e+00
1.204923108990159364e-01 0.000000000000000000e+00
1.214125744465446438e-01 0.000000000000000000e+00
1.223398665338249064e-01 0.000000000000000000e+00
1.232742408415345714e-01 0.000000000000000000e+00
1.242157514603392660e-01 0.000000000000000000e+00
1.251644528940235868e-01 0.000000000000000000e+00
1.261204000626464650e-01 0.000000000000000000e+00
1.270836483057203870e-01 0.000000000000000000e+00
1.280542533854148735e-01 0.000000000000000000e+00
1.290322714897847722e-01 0.000000000000000000e+00
1.300177592360227119e-01 0.000000000000000000e+00
1.310107736737369521e-01 0.000000000000000000e+00
1.320113722882536866e-01 0.000000000000000000e+00
1.330196130039449920e-01 0.000000000000000000e+00
1.340355541875820067e-01 0.000000000000000000e+00
1.350592546517138115e-01 0.000000000000000000e+00
1.360907736580721228e-01 0.000000000000000000e+00
1.371301709210017705e-01 0.000000000000000000e+00
1.381775066109176553e-01 0.000000000000000000e+00
1.392328413577879620e-01 0.000000000000000000e+00
1.402962362546441299e-01 0.000000000000000000e+00
1.413677528611173018e-01 0.000000000000000000e+00
1.424474532070021393e-01 0.000000000000000000e+00
1.435353997958477290e-01 0.000000000000000000e+00
1.446316556085757710e-01 0.000000000000000000e+00
1.457362841071265513e-01 0.000000000000000000e+00
1.468493492381329202e-01 0.000000000000000000e+00
1.479709154366219692e-01 0.000000000000000000e+00
1.491010476297450760e-01 0.000000000000000000e+00
1.502398112405367581e-01 0.000000000000000000e+00
1.513872721917017827e-01 0.000000000000000000e+00
1.525434969094315862e-01 0.000000000000000000e+00
1.537085523272495868e-01 0.000000000000000000e+00
1.548825058898858631e-01 0.000000000000000000e+00
1.560654255571816418e-01 0.000000000000000000e+00
1.572573798080234009e-01 0.000000000000000000e+00
1.584584376443071152e-01 0.000000000000000000e+00
1.596686685949328388e-01 0.000000000000000000e+00
1.608881427198295411e-01 0.000000000000000000e+00
1.621169306140110011e-01 0.000000000000000000e+00
1.633551034116623724e-01 0.000000000000000000e+00
1.646027327902583326e-01 0.000000000000000000e+00
1.658598909747124317e-01 0.000000000000000000e+00
1.671266507415579139e-01 0.000000000000000000e+00
1.684030854231611252e-01 0.000000000000000000e+00
1.696892689119663122e-01 0.000000000000000000e+00
1.709852756647735894e-01 0.000000000000000000e+00
1.722911807070489909e-01 0.000000000000000000e+00
1.736070596372676911e-01 0.000000000000000000e+00
1.749329886312905313e-01 0.000000000000000000e+00
1.762690444467736595e-01 0.000000000000000000e+00
1.776153044276120585e-01 0.000000000000000000e+00
1.789718465084169652e-01 0.000000000000000000e+00
1.803387492190275665e-01 0.000000000000000000e+00
1.817160916890568911e-01 0.000000000000000000e+00
1.831039536524727285e-01 0.000000000000000000e+00
1.845024154522134641e-01 0.000000000000000000e+00
1.859115580448389149e-01 0.000000000000000000e+00
1.873314630052169971e-01 0.000000000000000000e+00
1.887622125312461430e-01 0.000000000000000000e+00
1.902038894486135501e-01 0.000000000000000000e+00
1.916565772155901515e-01 0.000000000000000000e+00
1.931203599278616956e-01 0.000000000000000000e+00
1.945953223233973239e-01 0.000000000000000000e+00
1.960815497873548141e-01 0.000000000000000000e+00
1.975791283570236256e-01 0.000000000000000000e+00
1.990881447268055271e-01 0.000000000000000000e+00
2.006086862532332482e-01 0.000000000000000000e+00
2.021408409600277400e-01 0.000000000000000000e+00
2.036846975431935991e-01 0.000000000000000000e+00
2.052403453761537377e-01 0.000000000000000000e+00
2.068078745149232178e-01 0.000000000000000000e+00
2.083873757033224972e-01 0.000000000000000000e+00
2.099789403782307273e-01 0.000000000000000000e+00
2.115826606748788530e-01 0.000000000000000000e+00
2.131986294321833453e-01 0.000000000000000000e+00
2.148269401981205418e-01 0.000000000000000000e+00
2.164676872351422587e-01 0.000000000000000000e+00
2.181209655256325375e-01 0.000000000000000000e+00
2.197868707774061070e-01 0.000000000000000000e+00
2.214654994292489798e-01 0.000000000000000000e+00
2.231569486565012084e-01 0.000000000000000000e+00
2.248613163766823297e-01 0.000000000000000000e+00
2.265787012551598312e-01 0.000000000000000000e+00
2.283092027108608313e-01 0.000000000000000000e+00
2.300529209220272819e-01 0.000000000000000000e+00
2.318099568320156068e-01 0.000000000000000000e+00
2.335804121551398604e-01 0.000000000000000000e+00
2.353643893825602684e-01 0.000000000000000000e+00
2.371619917882162865e-01 0.000000000000000000e+00
2.389733234348050406e-01 0.000000000000000000e+00
2.407984891798055638e-01 0.000000000000000000e+00
2.426375946815489959e-01 0.000000000000000000e+00
2.444907464053350243e-01 0.000000000000000000e+00
2.463580516295952316e-01 0.000000000000000000e+00
2.482396184521032390e-01 0.000000000000000000e+00
2.501355557962327558e-01 0.000000000000000000e+00
2.520459734172627586e-01 0.000000000000000000e+00
2.539709819087314635e-01 0.000000000000000000e+00
2.559106927088385386e-01 0.000000000000000000e+00
2.578652181068959992e-01 0.000000000000000000e+00
2.598346712498288968e-01 0.000000000000000000e+00
2.618191661487251354e-01 0.000000000000000000e+00
2.638188176854358025e-01 0.000000000000000000e+00
2.658337416192252944e-01 0.000000000000000000e+00
2.678640545934727890e-01 0.000000000000000000e+00
2.699098741424248438e-01 0.000000000000000000e+00
2.719713186979990649e-01 0.000000000000000000e+00
2.740485075966404560e-01 0.000000000000000000e+00
2.761415610862294479e-01 0.000000000000000000e+00
2.782506003330433297e-01 0.000000000000000000e+00
2.803757474287703610e-01 0.000000000000000000e+00
2.825171253975775620e-01 0.000000000000000000e+00
2.846748582032325170e-01 0.000000000000000000e+00
2.868490707562799669e-01 0.000000000000000000e+00
2.890398889212724143e-01 0.000000000000000000e+00
2.912474395240567393e-01 0.000000000000000000e+00
2.934718503591156602e-01 0.000000000000000000e+00
2.957132501969662597e-01 0.000000000000000000e+00
2.979717687916139113e-01 0.000000000000000000e+00
3.002475368880643813e-01 0.000000000000000000e+00
3.025406862298920529e-01 0.000000000000000000e+00
3.048513495668665474e-01 0.000000000000000000e+00
3.071796606626379655e-01 0.000000000000000000e+00
3.095257543024800828e-01 0.000000000000000000e+00
3.118897663010932186e-01 0.000000000000000000e+00
3.142718335104664473e-01 0.000000000000000000e+00
3.166720938277997055e-01 0.000000000000000000e+00
3.190906862034871283e-01 0.000000000000000000e+00
3.215277506491602821e-01 0.000000000000000000e+00
3.239834282457938475e-01 0.000000000000000000e+00
3.264578611518724749e-01 0.000000000000000000e+00
3.289511926116204799e-01 0.000000000000000000e+00
3.314635669632940984e-01 0.000000000000000000e+00
3.339951296475371922e-01 0.000000000000000000e+00
3.365460272158006805e-01 0.000000000000000000e+00
3.391164073388266975e-01 0.000000000000000000e+00
3.417064188151969217e-01 0.000000000000000000e+00
3.443162115799464074e-01 0.000000000000000000e+00
3.469459367132436967e-01 0.000000000000000000e+00
3.495957464491361577e-01 0.000000000000000000e+00
3.522657941843635454e-01 0.000000000000000000e+00
3.549562344872373987e-01 0.000000000000000000e+00
3.576672231065893826e-01 0.000000000000000000e+00
3.603989169807875204e-01 0.000000000000000000e+00
3.631514742468208712e-01 0.000000000000000000e+00
3.659250542494547620e-01 0.000000000000000000e+00
3.687198175504546316e-01 0.000000000000000000e+00
3.715359259378811507e-01 0.000000000000000000e+00
3.743735424354559527e-01 0.000000000000000000e+00
3.772328313119991394e-01 0.000000000000000000e+00
3.801139580909387861e-01 0.000000000000000000e+00
3.830170895598929426e-01 0.000000000000000000e+00
3.859423937803250215e-01 0.000000000000000000e+00
3.888900400972727933e-01 0.000000000000000000e+00
3.918601991491514891e-01 0.000000000000000000e+00
3.948530428776324541e-01 0.000000000000000000e+00
3.978687445375965748e-01 0.000000000000000000e+00
4.009074787071638113e-01 0.000000000000000000e+00
4.039694212977997800e-01 0.000000000000000000e+00
4.070547495644989411e-01 0.000000000000000000e+00
4.101636421160458901e-01 0.000000000000000000e+00
4.132962789253552538e-01 0.000000000000000000e+00
4.164528413398899120e-01 0.000000000000000000e+00
4.196335120921593775e-01 0.000000000000000000e+00
4.228384753102979454e-01 0.000000000000000000e+00
4.260679165287238890e-01 0.000000000000000000e+00
4.293220226988802568e-01 0.000000000000000000e+00
4.326009822000570493e-01 0.000000000000000000e+00
4.359049848502964952e-01 0.000000000000000000e+00
4.392342219173819284e-01 0.000000000000000000e+00
4.425888861299096533e-01 0.000000000000000000e+00
4.459691716884466306e-01 0.000000000000000000e+00
4.493752742767720409e-01 0.000000000000000000e+00
4.528073910732057783e-01 0.000000000000000000e+00
4.562657207620228750e-01 0.000000000000000000e+00
4.597504635449554122e-01 0.000000000000000000e+00
4.632618211527818053e-01 0.000000000000000000e+00
4.667999968570054614e-01 0.000000000000000000e+00
4.703651954816218117e-01 0.000000000000000000e+00
4.739576234149754375e-01 0.000000000000000000e+00
4.775774886217079018e-01 0.000000000000000000e+00
4.812250006547968972e-01 0.000000000000000000e+00
4.849003706676870973e-01 0.000000000000000000e+00
4.886038114265137677e-01 0.000000000000000000e+00
4.923355373224197473e-01 0.000000000000000000e+00
4.960957643839665199e-01 0.000000000000000000e+00
4.998847102896398775e-01 0.000000000000000000e+00
5.037025943804516182e-01 0.000000000000000000e+00
5.075496376726369441e-01 0.000000000000000000e+00
5.114260628704487832e-01 0.000000000000000000e+00
5.153320943790506981e-01 0.000000000000000000e+00
5.192679583175066060e-01 0.000000000000000000e+00
5.232338825318720854e-01 0.000000000000000000e+00
5.272300966083831586e-01 0.000000000000000000e+00
5.312568318867476602e-01 0.000000000000000000e+00
5.353143214735371913e-01 0.000000000000000000e+00
5.394028002556814361e-01 0.000000000000000000e+00
5.435225049140661735e-01 0.000000000000000000e+00
5.476736739372339846e-01 0.000000000000000000e+00
5.518565476351910970e-01 0.000000000000000000e+00
5.560713681533180353e-01 0.000000000000000000e+00
5.603183794863880740e-01 0.000000000000000000e+00
5.645978274926913842e-01 0.000000000000000000e+00
5.689099599082683145e-01 0.000000000000000000e+00
5.732550263612503638e-01 0.000000000000000000e+00
5.776332783863111775e-01 0.000000000000000000e+00
5.820449694392276774e-01 0.000000000000000000e+00
5.864903549115527692e-01 0.000000000000000000e+00
5.909696921454001828e-01 0.000000000000000000e+00
5.954832404483410002e-01 0.000000000000000000e+00
6.000312611084158698e-01 0.000000000000000000e+00
6.046140174092602404e-01 0.000000000000000000e+00
6.092317746453459471e-01 0.000000000000000000e+00
6.138848001373393704e-01 0.000000000000000000e+00
6.185733632475765020e-01 0.000000000000000000e+00
6.232977353956554722e-01 0.000000000000000000e+00
6.280581900741497581e-01 0.000000000000000000e+00
6.328550028644405190e-01 0.000000000000000000e+00
6.376884514526697245e-01 0.000000000000000000e+00
6.425588156458151845e-01 0.000000000000000000e+00
6.474663773878889250e-01 0.000000000000000000e+00
6.524114207762584661e-01 0.000000000000000000e+00
6.573942320780932214e-01 0.000000000000000000e+00
6.624150997469364643e-01 0.000000000000000000e+00
6.674743144394041927e-01 0.000000000000000000e+00
6.725721690320105584e-01 0.000000000000000000e+00
6.777089586381226383e-01 0.000000000000000000e+00
6.828849806250443244e-01 0.000000000000000000e+00
6.881005346312309978e-01 0.000000000000000000e+00
6.933559225836360973e-01 0.000000000000000000e+00
6.986514487151883612e-01 0.000000000000000000e+00
7.039874195824046277e-01 0.000000000000000000e+00
7.093641440831359724e-01 0.000000000000000000e+00
7.147819334744500708e-01 0.000000000000000000e+00
7.202411013906493409e-01 0.000000000000000000e+00
7.257419638614276414e-01 0.000000000000000000e+00
7.312848393301645267e-01 0.000000000000000000e+00
7.368700486723602783e-01 0.000000000000000000e+00
7.424979152142111571e-01 0.000000000000000000e+00
7.481687647513268757e-01 0.000000000000000000e+00
7.538829255675907337e-01 0.000000000000000000e+00
7.596407284541633054e-01 0.000000000000000000e+00
7.654425067286326767e-01 0.000000000000000000e+00
7.712885962543096774e-01 0.000000000000000000e+00
7.771793354596711056e-01 0.000000000000000000e+00
7.831150653579508347e-01 0.000000000000000000e+00
7.890961295668817987e-01 0.000000000000000000e+00
7.951228743285869704e-01 0.000000000000000000e+00
8.011956485296237718e-01 0.000000000000000000e+00
8.073148037211809180e-01 0.000000000000000000e+00
8.134806941394295832e-01 0.000000000000000000e+00
8.196936767260303291e-01 0.000000000000000000e+00
8.259541111487957998e-01 0.000000000000000000e+00
8.322623598225118435e-01 0.000000000000000000e+00
8.386187879299183967e-01 6.267185601013574202e-06
8.450237634428487965e-01 5.797146680937556243e-05
8.514776571435325181e-01 2.600882024420633374e-04
8.579808426460586723e-01 9.870817321596379347e-04
8.645336964180048156e-01 6.121473535790009253e-03
8.711365978022310719e-01 2.605739093261419045e-02
8.777899290388395670e-01 8.307781232703594088e-02
8.844940752873023948e-01 2.296171460499353278e-01
8.912494246487583371e-01 5.393477256376272289e-01
8.980563681884800031e-01 1.055710548083537148e+00
9.049152999585122759e-01 1.795279185709545589e+00
9.118266170204843979e-01 2.714224076014963849e+00
9.187907194685952517e-01 3.736325274516665296e+00
9.258080104527748322e-01 4.758905912716844711e+00
9.328788962020224673e-01 5.666140566726769023e+00
9.400037860479233398e-01 6.363668923341178285e+00
9.471830924483448655e-01 6.840282121112659652e+00
9.544172310113129276e-01 7.124903221589891089e+00
9.617066205190725192e-01 7.190158724864044615e+00
9.690516829523299069e-01 7.072283931283780412e+00
9.764528435146813123e-01 6.827128865332532826e+00
9.839105306572277776e-01 6.477476313466383750e+00
9.914251761033785471e-01 6.056312040299870247e+00
9.989972148738428537e-01 5.611368498166711127e+00
1.006627085311812886e+00 5.138990351065114481e+00
1.014315229108340155e+00 4.673343161299007065e+00
1.022062091327904820e+00 4.228847722936319720e+00
1.029868120434179746e+00 3.812631392801806296e+00
1.037733768315991956e+00 3.428250798724041370e+00
1.045659490313482376e+00 3.062609089593307132e+00
1.053645745244466525e+00 2.735758125740046509e+00
1.061692995430993491e+00 2.440500044501495047e+00
1.069801706726111412e+00 2.177903401022626362e+00
1.077972348540833902e+00 1.944533777594084079e+00
1.086205393871315206e+00 1.730651967791893453e+00
1.094501319326231403e+00 1.541541209077709196e+00
1.102860605154371676e+00 1.374013070777015288e+00
1.111283735272438733e+00 1.224329176678807363e+00
1.119771197293064180e+00 1.093935679860519095e+00
1.128323482553034385e+00 9.797224894676478391e-01
1.136941086141734836e+00 8.755211280723955714e-01
1.145624506929811659e+00 7.830065010266334946e-01
1.154374247598049186e+00 7.014907847106501837e-01
1.163190814666471562e+00 6.311525939140745223e-01
1.172074718523663961e+00 5.674795550041769054e-01
1.181026473456318726e+00 5.123361556972586550e-01
1.190046597679009999e+00 4.603576851188523889e-01
1.199135613364188391e+00 4.164043457025439210e-01
1.208294046672413469e+00 3.761298442340304526e-01
1.217522427782810501e+00 3.412466891787888645e-01
1.226821290923763907e+00 3.096130698576728402e-01
1.236191174403842963e+00 2.802466049277235194e-01
1.245632620642964428e+00 2.562135149442367199e-01
1.255146176203792763e+00 2.321428218471437988e-01
1.264732391823380597e+00 2.117885698114519710e-01
1.274391822445051226e+00 1.939991634829749401e-01
1.284125027250524465e+00 1.782042889720204804e-01
1.293932569692285650e+00 1.619660110797943031e-01
1.303815017526205322e+00 1.491167138013162197e-01
1.313772942844406266e+00 1.370743166689686598e-01
1.323806922108381467e+00 1.258764227963576343e-01
1.333917536182366304e+00 1.160604433487701370e-01
1.344105370366962093e+00 1.071563394061300911e-01
1.354371014433021658e+00 9.870347282676303347e-02
1.364715062655789790e+00 9.107004076472850762e-02
1.375138113849305288e+00 8.461953998488527806e-02
1.385640771401068339e+00 7.792618576300278099e-02
1.396223643306966578e+00 7.219797812367638457e-02
1.406887342206475600e+00 6.738634637849820475e-02
1.417632485418122146e+00 6.247287286730356104e-02
1.428459694975221517e+00 5.804510624018747317e-02
1.439369597661886768e+00 5.406387658714360139e-02
1.450362825049312576e+00 5.033960154374128582e-02
1.461440013532337545e+00 4.681587643957139944e-02
1.472601804366283851e+00 4.363684654345726527e-02
1.483848843704080878e+00 4.066776736497708378e-02
1.495181782633669076e+00 3.817969468137469291e-02
1.506601277215691814e+00 3.608175430143539808e-02
1.518107988521476326e+00 3.378169718586342130e-02
1.529702582671299993e+00 3.144247016028510477e-02
1.541385730872953275e+00 2.915651421231540280e-02
1.553158109460597069e+00 2.795634816972130191e-02
1.565020399933912287e+00 2.587564255018479434e-02
1.576973288997555844e+00 2.422423914431771907e-02
1.589017468600909977e+00 2.288932861130182558e-02
1.601153635978140644e+00 2.152934933588188104e-02
1.613382493688560348e+00 2.009729742605027847e-02
1.625704749657298942e+00 1.898643877827062287e-02
1.638121117216285949e+00 1.825631165575254330e-02
1.650632315145542872e+00 1.686342965592727700e-02
1.663239067714795461e+00 1.590455025897219779e-02
1.675942104725400839e+00 1.513682002284803645e-02
1.688742161552594379e+00 1.405416371027294088e-02
1.701639979188063201e+00 1.332717018055536683e-02
1.714636304282838086e+00 1.285713126047934723e-02
1.727731889190519565e+00 1.202202877914428959e-02
1.740927492010831301e+00 1.126369932142164652e-02
1.754223876633505208e+00 1.086259944295677772e-02
1.767621812782504076e+00 1.029385234966479629e-02
1.781122076060578596e+00 9.700036513968760335e-03
1.794725447994169887e+00 8.987144151853466295e-03
1.808432716078648639e+00 8.714521578209375591e-03
1.822244673823904648e+00 8.423097447762244866e-03
1.836162120800284292e+00 7.871585114873048961e-03
1.850185862684873506e+00 7.265234907974986618e-03
1.864316711308142471e+00 6.892337364714678713e-03
1.878555484700939138e+00 6.727823742688072463e-03
1.892903007141845784e+00 6.285987157816615503e-03
1.907360109204898402e+00 6.105805571787474746e-03
1.921927627807664241e+00 5.842583776544904919e-03
1.936606406259693713e+00 5.537058478495493312e-03
1.951397294311338904e+00 5.178262102837466289e-03
1.966301148202944216e+00 4.999647313208579157e-03
1.981318830714416501e+00 4.697255607959673930e-03
1.996451211215167332e+00 4.554677135536614949e-03
2.011699165714443627e+00 4.416799052314316840e-03
2.027063576912038645e+00 4.050168694655022564e-03
2.042545334249390443e+00 3.837084384220560904e-03
2.058145333961072687e+00 3.736809414604343703e-03
2.073864479126675597e+00 3.649068816190153761e-03
2.089703679723088570e+00 3.337276332539728524e-03
2.105663852677174930e+00 3.301240015333900372e-03
2.121745921918852140e+00 3.067787351696144634e-03
2.137950818434581013e+00 2.939310046875366535e-03
2.154279480321258600e+00 2.773229628448506661e-03
2.170732852840524529e+00 2.676088251632796275e-03
2.187311888473481680e+00 2.762262053646733027e-03
2.204017546975835184e+00 2.488072683602389132e-03
2.220850795433451541e+00 2.353328193180597404e-03
2.237812608318344942e+00 2.276555169568181096e-03
2.254903967545088150e+00 2.221717295559312057e-03
2.272125862527654583e+00 2.174713403551710271e-03
2.289479290236696052e+00 2.105774361940561216e-03
2.306965255257257041e+00 1.953795111115981791e-03
2.324584769846928634e+00 1.880155680304072298e-03
2.342338853994450965e+00 1.726609633079239682e-03
2.360228535478756218e+00 1.699974094274931975e-03
2.378254849928468584e+00 1.585597957056434325e-03
2.396418840881856305e+00 1.485322987440217124e-03
2.414721559847241572e+00 1.474355412638443490e-03
2.433164066363873168e+00 1.482189394639710309e-03
2.451747428063260070e+00 1.344311311417411767e-03
2.470472720730979344e+00 1.410116760228054223e-03
2.489341028368951214e+00 1.259704305803728422e-03
2.508353443258192428e+00 1.284773048207782722e-03
2.527511066022048780e+00 1.162562928988018036e-03
2.546815005689907707e+00 1.139060982984217143e-03
2.566266379761402039e+00 1.099891072977882394e-03
2.585866314271100030e+00 1.093623887376868765e-03
2.605615943853691441e+00 9.620129897555836345e-04
2.625516411809674544e+00 9.103087085472217352e-04
2.645568870171534748e+00 9.620129897555836345e-04
2.665774479770441019e+00 8.711387985408868776e-04
2.686134410303444575e+00 8.648716129398732484e-04
2.706649840401191387e+00 8.727055949411402849e-04
2.727321957696154264e+00 7.677302361241628622e-04
2.748151958891383195e+00 7.160259549158008545e-04
2.769141049829782819e+00 7.551958649221357121e-04
2.790290445563917920e+00 7.771310145256831977e-04
2.811601370426352720e+00 7.426614937201085620e-04
2.833075058100528398e+00 6.423865241038913612e-04
2.854712751692177974e+00 6.564876917061719186e-04
2.876515703801291846e+00 6.502205061051583978e-04
2.898485176594628676e+00 5.765810752932487961e-04
2.920622441878783171e+00 5.750142788929954972e-04
2.942928781173810293e+00 5.530791292894479032e-04
2.965405485787410811e+00 5.483787400886877897e-04
2.988053856889687943e+00 4.857068840785520392e-04
3.010875205588466663e+00 4.496705668727239420e-04
3.033870853005199208e+00 4.590713452742443317e-04
3.057042130351439457e+00 4.308690100696832169e-04
3.080390379005908841e+00 4.418365848714570139e-04
3.103916950592149782e+00 4.481037704724705889e-04
3.127623207056766663e+00 4.120674532666425459e-04
3.151510520748272093e+00 4.606381416744977390e-04
3.175580274496530464e+00 4.167678424674027137e-04
3.199833861692807702e+00 3.854319144623348384e-04
3.224272686370440510e+00 3.368612260544796453e-04
3.248898163286108698e+00 3.415616152552398131e-04
3.273711718001736770e+00 3.337276332539728307e-04
3.298714786967021251e+00 3.619299684585339455e-04
3.323908817602584165e+00 3.039585016491583628e-04
3.349295268383767343e+00 2.835901484458642303e-04
3.374875608925059112e+00 2.820233520456108772e-04
3.400651320065169791e+00 2.444202384395294269e-04
3.426623893952761790e+00 2.851569448461176376e-04
3.452794834132823176e+00 3.196264656516922733e-04
3.479165655633714493e+00 2.522542204407963551e-04
3.505737885054867498e+00 2.428534420392760196e-04
3.532513060655161574e+00 2.538210168410497624e-04
3.559492732441974283e+00 2.585214060418099301e-04
3.586678462260907807e+00 2.475538312400361873e-04
3.614071823886209955e+00 2.115175140342081444e-04
3.641674403111871072e+00 2.146511068347149319e-04
3.669487797843431487e+00 2.115175140342081444e-04
3.697513618190481299e+00 2.068171248334479495e-04
3.725753486559869376e+00 2.068171248334479495e-04
3.754209037749625999e+00 1.911491608309140119e-04
3.782881919043597829e+00 1.958495500316742067e-04
3.811773790306809850e+00 1.566796400253393491e-04
3.840886324081555170e+00 1.707808076276199065e-04
3.870221205684216237e+00 1.519792508245791814e-04
3.899780133302832574e+00 1.629468256263529242e-04
3.929564818095400369e+00 1.989831428321809943e-04
3.959576984288936341e+00 1.519792508245791814e-04
3.989818369279292121e+00 1.801815860291402691e-04
4.020290723731728910e+00 1.269105084205248812e-04
4.050995811682269299e+00 1.253437120202715010e-04
4.081935410639808026e+00 1.237769156200180937e-04
4.113111311689019445e+00 1.347444904217918636e-04
4.144525319594036361e+00 1.519792508245791814e-04
4.176179252902931793e+00 1.159429336187511249e-04
4.208074944052993871e+00 1.316108976212850760e-04
4.240214239476800984e+00 1.269105084205248812e-04
4.272598999709120271e+00 1.457120652235656063e-04
4.305231099494601921e+00 1.159429336187511249e-04
4.338112427896314571e+00 1.284773048207782885e-04
4.371244888405103168e+00 1.049753588169773685e-04
4.404630399049775491e+00 9.870817321596379347e-05
4.438270892508145771e+00 1.081089516174841560e-04
4.472168316218908757e+00 9.400778401520361218e-05
4.506324632494379756e+00 8.930739481444343090e-05
4.540741818634090876e+00 6.580544881064253802e-05
4.575421867039255019e+00 9.400778401520361218e-05
4.610366785328114503e+00 7.520622721216288704e-05
4.645578596452149434e+00 7.520622721216288704e-05
4.681059338813191140e+00 8.930739481444343090e-05
4.716811066381425555e+00 7.833982001266967456e-05
4.752835848814294550e+00 6.737224521089593178e-05
4.789135771576313871e+00 6.267185601013575049e-05
4.825712936059790792e+00 7.833982001266967456e-05
4.862569459706477915e+00 7.677302361241628080e-05
4.899707476130153339e+00 7.833982001266967456e-05
4.937129135240129862e+00 7.520622721216288704e-05
4.974836603365720755e+00 5.483787400886877490e-05
5.012832063381637226e+00 4.857068840785519985e-05
5.051117714834363781e+00 5.640467040912216867e-05
5.089695774069483036e+00 6.267185601013575049e-05
5.128568474359980200e+00 3.760311360608144352e-05
5.167738066035535205e+00 5.013748480810859362e-05
5.207206816612779399e+00 4.700389200760180609e-05
5.246977010926572760e+00 4.857068840785519985e-05
5.287050951262264320e+00 5.483787400886877490e-05
5.327430957488979324e+00 5.953826320962895619e-05
5.368119367193910918e+00 4.543709560734841233e-05
5.409118535817638573e+00 5.797146680937556243e-05
5.450430836790491895e+00 3.916991000633483728e-05
5.492058661669943831e+00 3.760311360608144352e-05
5.534004420279054592e+00 5.640467040912216867e-05
5.576270540845982282e+00 4.230350280684162480e-05
5.618859470144546009e+00 4.073670640658823104e-05
5.661773673635872584e+00 4.543709560734841233e-05
5.705015635611118796e+00 3.603631720582804976e-05
5.748587859335287931e+00 3.603631720582804976e-05
5.792492867192146733e+00 3.916991000633483728e-05
5.836733200830237500e+00 3.290272440532126901e-05
5.881311421310018162e+00 4.700389200760180609e-05
5.926230109252122347e+00 3.133592800506787525e-05
5.971491864986748332e+00 4.387029920709501857e-05
6.017099308704191074e+00 2.820233520456108433e-05
6.063055080606527092e+00 3.916991000633483728e-05
6.109361841060454879e+00 2.036835320329411552e-05
6.156022270751298819e+00 3.290272440532126901e-05
6.203039070838196167e+00 2.506874240405429681e-05
6.250414963110467070e+00 2.350194600380090305e-05
6.298152690145174759e+00 2.663553880430769057e-05
6.346255015465900762e+00 2.976913160481447809e-05
6.394724723702712943e+00 3.446952080557466277e-05
6.443564620753374328e+00 2.976913160481447809e-05
6.492777533945774948e+00 1.880155680304072176e-05
6.542366312201600920e+00 2.193514960354750928e-05
6.592333826201270064e+00 3.603631720582804976e-05
6.642682968550095879e+00 3.290272440532126901e-05
6.693416653945753581e+00 2.820233520456108433e-05
6.744537819347007357e+00 2.193514960354750928e-05
6.796049424143726370e+00 3.446952080557466277e-05
6.847954450328215259e+00 1.880155680304072176e-05
6.900255902667822738e+00 2.663553880430769057e-05
6.952956808878900219e+00 1.566796400253393762e-05
7.006060219802071387e+00 1.566796400253393762e-05
7.059569209578839377e+00 1.723476040278733138e-05
7.113486875829561740e+00 2.036835320329411552e-05
7.167816339832755901e+00 1.566796400253393762e-05
7.222560746705797285e+00 2.663553880430769057e-05
7.277723265586987011e+00 2.506874240405429681e-05
7.333307089819009583e+00 2.193514960354750928e-05
7.389315437133804565e+00 2.350194600380090305e-05
7.445751549838826477e+00 1.723476040278733138e-05
7.502618695004750649e+00 2.036835320329411552e-05
7.559920164654601038e+00 2.193514960354750928e-05
7.617659275954320464e+00 2.036835320329411552e-05
7.675839371404808986e+00 2.506874240405429681e-05
7.734463819035411802e+00 1.880155680304072176e-05
7.793536012598893947e+00 9.400778401520360880e-06
7.853059371767910690e+00 1.096757480177375464e-05
7.913037342332964741e+00 9.400778401520360880e-06
7.973473396401889346e+00 1.723476040278733138e-05
8.034371032600834184e+00 1.566796400253393762e-05
8.095733776276818006e+00 2.193514960354750928e-05
8.157565179701792957e+00 1.723476040278733138e-05
8.219868822278293408e+00 7.833982001266968811e-06
8.282648310746649756e+00 1.410116760228054217e-05
8.345907279393774303e+00 1.096757480177375464e-05
8.409649390263549407e+00 1.880155680304072176e-05
8.473878333368830340e+00 1.096757480177375464e-05
8.538597826905046873e+00 1.410116760228054217e-05
8.603811617465460415e+00 1.723476040278733138e-05
8.669523480258041204e+00 1.410116760228054217e-05
8.735737219324033020e+00 2.193514960354750928e-05
8.802456667758143283e+00 1.723476040278733138e-05
8.869685687930459750e+00 6.267185601013574202e-06
8.937428171710028124e+00 1.410116760228054217e-05
9.005688040690165153e+00 1.253437120202714840e-05
9.074469246415468149e+00 1.566796400253393762e-05
9.143775770610570675e+00 7.833982001266968811e-06
9.213611625410646155e+00 1.096757480177375464e-05
9.283980853593664762e+00 1.410116760228054217e-05
9.354887528814433750e+00 6.267185601013574202e-06
9.426335755840423047e+00 1.410116760228054217e-05
9.498329670789374291e+00 9.400778401520360880e-06
9.570873441368757284e+00 9.400778401520360880e-06
9.643971267117024126e+00 6.267185601013574202e-06
9.717627379646726737e+00 1.096757480177375464e-05
9.791846042889485346e+00 7.833982001266968811e-06
9.866631553342816829e+00 1.410116760228054217e-05
9.941988240318867298e+00 7.833982001266968811e-06
1.001792046619502941e+01 7.833982001266968811e-06
1.009443262666647811e+01 6.267185601013574202e-06
1.017152915100063915e+01 6.267185601013574202e-06
1.024921450229360431e+01 7.833982001266968811e-06
1.032749317772848840e+01 6.267185601013574202e-06
1.040636970883577561e+01 7.833982001266968811e-06
1.048584866175564301e+01 3.133592800506787101e-06
1.056593463750229134e+01 4.700389200760180440e-06
1.064663227223031328e+01 1.096757480177375464e-05
1.072794623750306187e+01 1.096757480177375464e-05
1.080988124056310262e+01 1.096757480177375464e-05
1.089244202460468713e+01 4.700389200760180440e-06
1.097563336904835118e+01 1.566796400253393762e-05
1.105946008981760897e+01 4.700389200760180440e-06
1.114392703961772924e+01 4.700389200760180440e-06
1.122903910821665363e+01 1.096757480177375464e-05
1.131480122272806810e+01 3.133592800506787101e-06
1.140121834789663069e+01 4.700389200760180440e-06
1.148829548638539144e+01 3.133592800506787101e-06
1.157603767906538295e+01 1.253437120202714840e-05
1.166445000530744025e+01 4.700389200760180440e-06
1.175353758327623055e+01 4.700389200760180440e-06
1.184330557022655483e+01 1.566796400253393551e-06
1.193375916280191262e+01 4.700389200760180440e-06
1.202490359733531022e+01 3.133592800506787101e-06
1.211674415015240314e+01 1.566796400253393551e-06
1.220928613787693706e+01 1.096757480177375464e-05
1.230253491773851593e+01 9.400778401520360880e-06
1.239649588788276091e+01 4.700389200760180440e-06
1.249117448768377869e+01 7.833982001266968811e-06
1.258657619805906158e+01 6.267185601013574202e-06
1.268270654178675727e+01 3.133592800506787101e-06
1.277957108382539175e+01 7.833982001266968811e-06
1.287717543163603651e+01 6.267185601013574202e-06
1.297552523550690928e+01 1.566796400253393551e-06
1.307462618888047245e+01 3.133592800506787101e-06
1.317448402868301116e+01 3.133592800506787101e-06
1.327510453565674453e+01 4.700389200760180440e-06
1.337649353469450197e+01 3.133592800506787101e-06
1.347865689517689169e+01 4.700389200760180440e-06
1.358160053131209644e+01 1.566796400253393551e-06
1.368533040247822186e+01 4.700389200760180440e-06
1.378985251356829522e+01 1.566796400253393551e-06
1.389517291533790910e+01 3.133592800506787101e-06
1.400129770475546920e+01 4.700389200760180440e-06
1.410823302535516532e+01 6.267185601013574202e-06
1.421598506759258740e+01 6.267185601013574202e-06
1.432456006920312142e+01 0.000000000000000000e+00
1.443396431556304549e+01 4.700389200760180440e-06
1.454420414005338102e+01 3.133592800506787101e-06
1.465528592442653633e+01 4.700389200760180440e-06
1.476721609917572842e+01 4.700389200760180440e-06
1.488000114390725059e+01 3.133592800506787101e-06
1.499364758771559814e+01 3.133592800506787101e-06
1.510816200956140420e+01 6.267185601013574202e-06
1.522355103865231740e+01 6.267185601013574202e-06
1.533982135482673925e+01 1.566796400253393551e-06
1.545697968894052465e+01 1.566796400253393551e-06
1.557503282325665950e+01 1.566796400253393551e-06
1.569398759183785330e+01 4.700389200760180440e-06
1.581385088094217650e+01 0.000000000000000000e+00
1.593462962942168204e+01 1.566796400253393551e-06
1.605633082912410003e+01 1.566796400253393551e-06
1.617896152529763043e+01 3.133592800506787101e-06
1.630252881699875189e+01 0.000000000000000000e+00
1.642703985750318907e+01 4.700389200760180440e-06
1.655250185472002045e+01 3.133592800506787101e-06
1.667892207160893037e+01 1.566796400253393551e-06
1.680630782660069400e+01 7.833982001266968811e-06
1.693466649402079582e+01 7.833982001266968811e-06
1.706400550451636988e+01 0.000000000000000000e+00
1.719433234548630907e+01 0.000000000000000000e+00
1.732565456151473171e+01 3.133592800506787101e-06
1.745797975480775932e+01 1.566796400253393551e-06
1.759131558563357700e+01 3.133592800506787101e-06
1.772566977276590450e+01 1.566796400253393551e-06
1.786105009393079257e+01 3.133592800506787101e-06
1.799746438625691525e+01 3.133592800506787101e-06
1.813492054672925491e+01 1.566796400253393551e-06
1.827342653264623351e+01 3.133592800506787101e-06
1.841299036208040008e+01 1.566796400253393551e-06
1.855362011434253589e+01 1.566796400253393551e-06
1.869532393044939056e+01 1.566796400253393551e-06
1.883811001359499926e+01 4.700389200760180440e-06
1.898198662962550998e+01 4.700389200760180440e-06
1.912696210751772696e+01 1.566796400253393551e-06
1.927304483986123529e+01 3.133592800506787101e-06
1.942024328334427707e+01 0.000000000000000000e+00
1.956856595924331188e+01 0.000000000000000000e+00
1.971802145391628613e+01 0.000000000000000000e+00
1.986861841929972172e+01 1.566796400253393551e-06
2.002036557340952783e+01 3.133592800506787101e-06
2.017327170084572430e+01 0.000000000000000000e+00
2.032734565330098775e+01 0.000000000000000000e+00
2.048259635007306656e+01 4.700389200760180440e-06
2.063903277858106478e+01 0.000000000000000000e+00
2.079666399488577966e+01 3.133592800506787101e-06
2.095549912421395078e+01 1.566796400253393551e-06
2.111554736148649880e+01 0.000000000000000000e+00
2.127681797185082857e+01 1.566796400253393551e-06
2.143932029121715743e+01 0.000000000000000000e+00
2.160306372679898601e+01 1.566796400253393551e-06
2.176805775765772211e+01 4.700389200760180440e-06
2.193431193525134404e+01 4.700389200760180440e-06
2.210183588398740895e+01 1.566796400253393551e-06
2.227063930178012185e+01 1.566796400253393551e-06
2.244073196061181008e+01 1.566796400253393551e-06
2.261212370709861119e+01 3.133592800506787101e-06
2.278482446306047393e+01 4.700389200760180440e-06
2.295884422609555031e+01 1.566796400253393551e-06
2.313419307015891846e+01 3.133592800506787101e-06
2.331088114614578188e+01 0.000000000000000000e+00
2.348891868247912029e+01 0.000000000000000000e+00
2.366831598570178841e+01 1.566796400253393551e-06
2.384908344107317646e+01 0.000000000000000000e+00
2.403123151317036843e+01 1.566796400253393551e-06
2.421477074649395789e+01 3.133592800506787101e-06
2.439971176607850367e+01 1.566796400253393551e-06
2.458606527810756148e+01 1.566796400253393551e-06
2.477384207053348675e+01 0.000000000000000000e+00
2.496305301370191287e+01 0.000000000000000000e+00
2.515370906098105408e+01 0.000000000000000000e+00
2.534582124939582215e+01 0.000000000000000000e+00
2.553940070026671805e+01 0.000000000000000000e+00
2.573445861985366534e+01 0.000000000000000000e+00
2.593100630000469309e+01 0.000000000000000000e+00
2.612905511880966003e+01 1.566796400253393551e-06
2.632861654125893835e+01 1.566796400253393551e-06
2.652970211990708549e+01 1.566796400253393551e-06
2.673232349554165310e+01 0.000000000000000000e+00
2.693649239785701255e+01 1.566796400253393551e-06
2.714222064613342411e+01 0.000000000000000000e+00
2.734952014992126834e+01 0.000000000000000000e+00
2.755840290973046081e+01 0.000000000000000000e+00
2.776888101772517103e+01 1.566796400253393551e-06
2.798096665842379238e+01 0.000000000000000000e+00
2.819467210940434398e+01 1.566796400253393551e-06
2.841000974201522311e+01 0.000000000000000000e+00
2.862699202209135763e+01 1.566796400253393551e-06
2.884563151067587228e+01 3.133592800506787101e-06
2.906594086474717642e+01 0.000000000000000000e+00
2.928793283795175029e+01 0.000000000000000000e+00
2.951162028134242377e+01 0.000000000000000000e+00
2.973701614412232175e+01 1.566796400253393551e-06
2.996413347439450092e+01 1.566796400253393551e-06
3.019298541991724250e+01 3.133592800506787101e-06
3.042358522886523176e+01 0.000000000000000000e+00
3.065594625059649658e+01 1.566796400253393551e-06
3.089008193642516886e+01 1.566796400253393551e-06
3.112600584040018958e+01 0.000000000000000000e+00
3.136373162008992921e+01 1.566796400253393551e-06
3.160327303737282278e+01 0.000000000000000000e+00
3.184464395923409441e+01 0.000000000000000000e+00
3.208785835856844670e+01 0.000000000000000000e+00
3.233293031498900660e+01 0.000000000000000000e+00
3.257987401564231078e+01 1.566796400253393551e-06
3.282870375602964685e+01 0.000000000000000000e+00
3.307943394083464739e+01 0.000000000000000000e+00
3.333207908475711889e+01 0.000000000000000000e+00
3.358665381335332967e+01 3.133592800506787101e-06
3.384317286388262858e+01 0.000000000000000000e+00
3.410165108616060081e+01 0.000000000000000000e+00
3.436210344341879619e+01 0.000000000000000000e+00
3.462454501317083100e+01 1.566796400253393551e-06
3.488899098808531107e+01 6.267185601013574202e-06
3.515545667686525633e+01 0.000000000000000000e+00
3.542395750513435360e+01 1.566796400253393551e-06
3.569450901632996676e+01 0.000000000000000000e+00
3.596712687260290409e+01 0.000000000000000000e+00
3.624182685572413476e+01 0.000000000000000000e+00
3.651862486799832652e+01 1.566796400253393551e-06
3.679753693318444618e+01 0.000000000000000000e+00
3.707857919742345842e+01 0.000000000000000000e+00
3.736176793017290265e+01 0.000000000000000000e+00
3.764711952514880267e+01 0.000000000000000000e+00
3.793465050127463911e+01 1.566796400253393551e-06
3.822437750363764764e+01 0.000000000000000000e+00
3.851631730445244273e+01 0.000000000000000000e+00
3.881048680403189621e+01 1.566796400253393551e-06
3.910690303176554039e+01 1.566796400253393551e-06
3.940558314710532528e+01 0.000000000000000000e+00
3.970654444055901422e+01 0.000000000000000000e+00
4.000980433469116804e+01 1.566796400253393551e-06
4.031538038513167521e+01 0.000000000000000000e+00
4.062329028159209088e+01 0.000000000000000000e+00
4.093355184888959997e+01 1.566796400253393551e-06
4.124618304797896684e+01 3.133592800506787101e-06
4.156120197699230800e+01 0.000000000000000000e+00
4.187862687228675185e+01 0.000000000000000000e+00
4.219847610950009198e+01 0.000000000000000000e+00
4.252076820461459761e+01 0.000000000000000000e+00
4.284552181502894541e+01 0.000000000000000000e+00
4.317275574063820898e+01 1.566796400253393551e-06
4.350248892492221842e+01 0.000000000000000000e+00
4.383474045604216940e+01 0.000000000000000000e+00
4.416952956794561658e+01 0.000000000000000000e+00
4.450687564148002906e+01 1.566796400253393551e-06
4.484679820551461660e+01 0.000000000000000000e+00
4.518931693807093097e+01 0.000000000000000000e+00
4.553445166746195127e+01 0.000000000000000000e+00
4.588222237343995147e+01 0.000000000000000000e+00
4.623264918835322135e+01 0.000000000000000000e+00
4.658575239831141346e+01 0.000000000000000000e+00
4.694155244435995655e+01 0.000000000000000000e+00
4.730006992366332952e+01 1.566796400253393551e-06
4.766132559069743735e+01 0.000000000000000000e+00
4.802534035845116023e+01 0.000000000000000000e+00
4.839213529963691940e+01 0.000000000000000000e+00
4.876173164791060799e+01 1.566796400253393551e-06
4.913415079910075178e+01 3.133592800506787101e-06
4.950941431244714153e+01 1.566796400253393551e-06
4.988754391184892256e+01 0.000000000000000000e+00
5.026856148712214889e+01 1.566796400253393551e-06
5.065248909526700771e+01 0.000000000000000000e+00
5.103934896174460789e+01 0.000000000000000000e+00
5.142916348176368757e+01 0.000000000000000000e+00
5.182195522157707757e+01 0.000000000000000000e+00
5.221774691978801286e+01 0.000000000000000000e+00
5.261656148866648408e+01 0.000000000000000000e+00
5.301842201547557920e+01 0.000000000000000000e+00
5.342335176380803574e+01 0.000000000000000000e+00
5.383137417493298926e+01 0.000000000000000000e+00
5.424251286915296077e+01 0.000000000000000000e+00
5.465679164717121807e+01 0.000000000000000000e+00
5.507423449146955363e+01 0.000000000000000000e+00
5.549486556769667800e+01 0.000000000000000000e+00
5.591870922606719319e+01 0.000000000000000000e+00
5.634579000277113892e+01 0.000000000000000000e+00
5.677613262139447414e+01 0.000000000000000000e+00
5.720976199435020249e+01 0.000000000000000000e+00
5.764670322432060345e+01 0.000000000000000000e+00
5.808698160571049129e+01 1.566796400253393551e-06
5.853062262611141620e+01 0.000000000000000000e+00
5.897765196777716312e+01 0.000000000000000000e+00
5.942809550911043459e+01 1.566796400253393551e-06
5.988197932616098740e+01 1.566796400253393551e-06
6.033932969413523040e+01 0.000000000000000000e+00
6.080017308891720518e+01 0.000000000000000000e+00
6.126453618860131201e+01 0.000000000000000000e+00
6.173244587503663183e+01 0.000000000000000000e+00
6.220392923538312857e+01 0.000000000000000000e+00
6.267901356367983112e+01 0.000000000000000000e+00
6.315772636242475357e+01 0.000000000000000000e+00
6.364009534416704383e+01 0.000000000000000000e+00
6.412614843311123991e+01 0.000000000000000000e+00
6.461591376673376885e+01 0.000000000000000000e+00
6.510941969741192281e+01 1.566796400253393551e-06
6.560669479406510618e+01 0.000000000000000000e+00
6.610776784380868776e+01 0.000000000000000000e+00
6.661266785362042242e+01 0.000000000000000000e+00
6.712142405201964834e+01 0.000000000000000000e+00
6.763406589075952979e+01 1.566796400253393551e-06
6.815062304653176284e+01 0.000000000000000000e+00
6.867112542268469610e+01 0.000000000000000000e+00
6.919560315095429814e+01 0.000000000000000000e+00
6.972408659320856827e+01 0.000000000000000000e+00
7.025660634320522036e+01 1.566796400253393551e-06
7.079319322836265371e+01 3.133592800506787101e-06
7.133387831154462333e+01 0.000000000000000000e+00
7.187869289285829666e+01 0.000000000000000000e+00
7.242766851146639340e+01 0.000000000000000000e+00
7.298083694741293925e+01 1.566796400253393551e-06
7.353823022346294636e+01 0.000000000000000000e+00
7.409988060695627610e+01 0.000000000000000000e+00
7.466582061167545703e+01 0.000000000000000000e+00
7.523608299972798363e+01 0.000000000000000000e+00
7.581070078344298224e+01 0.000000000000000000e+00
7.638970722728217311e+01 0.000000000000000000e+00
7.697313584976564016e+01 0.000000000000000000e+00
7.756102042541199637e+01 0.000000000000000000e+00
7.815339498669379736e+01 0.000000000000000000e+00
7.875029382600763483e+01 0.000000000000000000e+00
7.935175149765926506e+01 0.000000000000000000e+00
7.995780281986401405e+01 0.000000000000000000e+00
8.056848287676226050e+01 0.000000000000000000e+00
8.118382702045050792e+01 0.000000000000000000e+00
8.180387087302804616e+01 0.000000000000000000e+00
8.242865032865888963e+01 0.000000000000000000e+00
8.305820155564990159e+01 0.000000000000000000e+00
8.369256099854430886e+01 0.000000000000000000e+00
8.433176538023161584e+01 0.000000000000000000e+00
8.497585170407356259e+01 0.000000000000000000e+00
8.562485725604614117e+01 1.566796400253393551e-06
8.627881960689798291e+01 0.000000000000000000e+00
8.693777661432541493e+01 0.000000000000000000e+00
8.760176642516411505e+01 0.000000000000000000e+00
8.827082747759727965e+01 0.000000000000000000e+00
8.894499850338092983e+01 0.000000000000000000e+00
8.962431853008587268e+01 0.000000000000000000e+00
9.030882688335715613e+01 0.000000000000000000e+00
9.099856318919067633e+01 0.000000000000000000e+00
9.169356737622699427e+01 1.566796400253393551e-06
9.239387967806285928e+01 0.000000000000000000e+00
9.309954063558021176e+01 0.000000000000000000e+00
9.381059109929316264e+01 1.566796400253393551e-06
9.452707223171287865e+01 0.000000000000000000e+00
9.524902550973044413e+01 0.000000000000000000e+00
9.597649272701789869e+01 0.000000000000000000e+00
9.670951599644754992e+01 1.566796400253393551e-06
9.744813775253007293e+01 0.000000000000000000e+00
9.819240075387101285e+01 0.000000000000000000e+00
9.894234808564596051e+01 0.000000000000000000e+00
9.969802316209487003e+01 0.000000000000000000e+00
1.004594697290351206e+02 0.000000000000000000e+00
1.012267318663940330e+02 0.000000000000000000e+00
1.019998539907607551e+02 0.000000000000000000e+00
1.027788808579573896e+02 0.000000000000000000e+00
1.035638575656300304e+02 0.000000000000000000e+00
1.043548295558592258e+02 0.000000000000000000e+00
1.051518426177907060e+02 0.000000000000000000e+00
1.059549428902863042e+02 0.000000000000000000e+00
1.067641768645947025e+02 0.000000000000000000e+00
1.075795913870428819e+02 0.000000000000000000e+00
1.084012336617479093e+02 0.000000000000000000e+00
1.092291512533496842e+02 0.000000000000000000e+00
1.100633920897645339e+02 0.000000000000000000e+00
1.109040044649596268e+02 0.000000000000000000e+00
1.117510370417487309e+02 0.000000000000000000e+00
1.126045388546091885e+02 0.000000000000000000e+00
1.134645593125205778e+02 0.000000000000000000e+00
1.143311482018251581e+02 0.000000000000000000e+00
1.152043556891097040e+02 0.000000000000000000e+00
1.160842323241099052e+02 0.000000000000000000e+00
1.169708290426363391e+02 0.000000000000000000e+00
1.178641971695234076e+02 0.000000000000000000e+00
1.187643884216004722e+02 0.000000000000000000e+00
1.196714549106856964e+02 0.000000000000000000e+00
1.205854491466028264e+02 0.000000000000000000e+00
1.215064240402207503e+02 0.000000000000000000e+00
1.224344329065167187e+02 0.000000000000000000e+00
1.233695294676628009e+02 0.000000000000000000e+00
1.243117678561356172e+02 0.000000000000000000e+00
1.252612026178502873e+02 0.000000000000000000e+00
1.262178887153177698e+02 0.000000000000000000e+00
1.271818815308268711e+02 0.000000000000000000e+00
1.281532368696502999e+02 0.000000000000000000e+00
1.291320109632751496e+02 0.000000000000000000e+00
1.301182604726581644e+02 0.000000000000000000e+00
1.311120424915058038e+02 0.000000000000000000e+00
1.321134145495791472e+02 0.000000000000000000e+00
1.331224346160248615e+02 0.000000000000000000e+00
1.341391611027304975e+02 0.000000000000000000e+00
1.351636528677061619e+02 0.000000000000000000e+00
1.361959692184915980e+02 0.000000000000000000e+00
1.372361699155896986e+02 0.000000000000000000e+00
1.382843151759259683e+02 0.000000000000000000e+00
1.393404656763344747e+02 0.000000000000000000e+00
1.404046825570703732e+02 0.000000000000000000e+00
1.414770274253492062e+02 0.000000000000000000e+00
1.425575623589134011e+02 0.000000000000000000e+00
1.436463499096261103e+02 0.000000000000000000e+00
1.447434531070921366e+02 0.000000000000000000e+00
1.458489354623067129e+02 0.000000000000000000e+00
1.469628609713321055e+02 0.000000000000000000e+00
1.480852941190023273e+02 0.000000000000000000e+00
1.492162998826563580e+02 0.000000000000000000e+00
1.503559437358994160e+02 0.000000000000000000e+00
1.515042916523934196e+02 0.000000000000000000e+00
1.526614101096758418e+02 0.000000000000000000e+00
1.538273660930082656e+02 0.000000000000000000e+00
1.550022270992544691e+02 0.000000000000000000e+00
1.561860611407872170e+02 0.000000000000000000e+00
1.573789367494260318e+02 0.000000000000000000e+00
1.585809229804039546e+02 0.000000000000000000e+00
1.597920894163653998e+02 0.000000000000000000e+00
1.610125061713944206e+02 0.000000000000000000e+00
1.622422438950733863e+02 0.000000000000000000e+00
1.634813737765729229e+02 1.566796400253393551e-06
1.647299675487729473e+02 0.000000000000000000e+00
1.659880974924153065e+02 0.000000000000000000e+00
1.672558364402883058e+02 0.000000000000000000e+00
1.685332577814427282e+02 0.000000000000000000e+00
1.698204354654404540e+02 0.000000000000000000e+00
1.711174440066350826e+02 0.000000000000000000e+00
1.724243584884858365e+02 0.000000000000000000e+00
1.737412545679041500e+02 0.000000000000000000e+00
1.750682084796334834e+02 0.000000000000000000e+00
1.764052970406620489e+02 0.000000000000000000e+00
1.777525976546700690e+02 0.000000000000000000e+00
1.791101883165108575e+02 0.000000000000000000e+00
1.804781476167256642e+02 0.000000000000000000e+00
1.818565547460933089e+02 0.000000000000000000e+00
1.832454895002142905e+02 0.000000000000000000e+00
1.846450322841304228e+02 0.000000000000000000e+00
1.860552641169795152e+02 1.566796400253393551e-06
1.874762666366852955e+02 0.000000000000000000e+00
1.889081221046837413e+02 0.000000000000000000e+00
1.903509134106845408e+02 0.000000000000000000e+00
1.918047240774702118e+02 0.000000000000000000e+00
1.932696382657309186e+02 0.000000000000000000e+00
1.947457407789366925e+02 1.566796400253393551e-06
1.962331170682464574e+02 1.566796400253393551e-06
1.977318532374547715e+02 0.000000000000000000e+00
1.992420360479763985e+02 0.000000000000000000e+00
