1.003818764619345688e-01 0.000000000000000000e+00
1.011485459784472879e-01 0.000000000000000000e+00
1.019210709558087680e-01 0.000000000000000000e+00
1.026994961152724595e-01 0.000000000000000000e+00
1.034838665196517182e-01 0.000000000000000000e+00
1.042742275759283854e-01 0.000000000000000000e+00
1.050706250378814766e-01 0.000000000000000000e+00
1.058731050087358544e-01 0.000000000000000000e+00
1.066817139438310941e-01 0.000000000000000000e+00
1.074964986533107902e-01 0.000000000000000000e+00
1.083175063048323894e-01 0.000000000000000000e+00
1.091447844262976724e-01 0.000000000000000000e+00
1.099783809086041647e-01 0.000000000000000000e+00
1.108183440084175297e-01 0.000000000000000000e+00
1.116647223509651676e-01 0.000000000000000000e+00
1.125175649328510052e-01 0.000000000000000000e+00
1.133769211248920050e-01 0.000000000000000000e+00
1.142428406749761566e-01 0.000000000000000000e+00
1.151153737109424230e-01 0.000000000000000000e+00
1.159945707434826001e-01 0.000000000000000000e+00
1.168804826690653942e-01 0.000000000000000000e+00
1.177731607728827179e-01 0.000000000000000000e+00
1.186726567318187042e-01 0.000000000000000000e+00
1.195790226174411192e-01 0.000000000000000000e+00
1.204923108990159364e-01 0.000000000000000000e+00
1.214125744465446438e-01 0.000000000000000000e+00
1.223398665338249064e-01 0.000000000000000000e+00
1.232742408415345714e-01 0.000000000000000000e+00
1.242157514603392660e-01 0.000000000000000000e+00
1.251644528940235868e-01 0.000000000000000000e+00
1.261204000626464650e-01 0.000000000000000000e+00
1.270836483057203870e-01 0.000000000000000000e+00
1.280542533854148735e-01 0.000000000000000000e+00
1.290322714897847722e-01 0.000000000000000000e+00
1.300177592360227119e-01 0.000000000000000000e+00
1.310107736737369521e-01 0.000000000000000000e+00
1.320113722882536866e-01 0.000000000000000000e+00
1.330196130039449920e-01 0.000000000000000000e+00
1.340355541875820067e-01 0.000000000000000000e+00
1.350592546517138115e-01 0.000000000000000000e+00
1.360907736580721228e-01 0.000000000000000000e+00
1.371301709210017705e-01 0.000000000000000000e+00
1.381775066109176553e-01 0.000000000000000000e+00
1.392328413577879620e-01 0.000000000000000000e+00
1.402962362546441299e-01 0.000000000000000000e+00
1.413677528611173018e-01 0.000000000000000000e+00
1.424474532070021393e-01 0.000000000000000000e+00
1.435353997958477290e-01 0.000000000000000000e+00
1.446316556085757710e-01 0.000000000000000000e+00
1.457362841071265513e-01 0.000000000000000000e+00
1.468493492381329202e-01 0.000000000000000000e+00
1.479709154366219692e-01 0.000000000000000000e+00
1.491010476297450760e-01 0.000000000000000000e+00
1.502398112405367581e-01 0.000000000000000000e+00
1.513872721917017827e-01 0.000000000000000000e+00
1.525434969094315862e-01 0.000000000000000000e+00
1.537085523272495868e-01 0.000000000000000000e+00
1.548825058898858631e-01 0.000000000000000000e+00
1.560654255571816418e-01 0.000000000000000000e+00
1.572573798080234009e-01 0.000000000000000000e+00
1.584584376443071152e-01 0.000000000000000000e+00
1.596686685949328388e-01 0.000000000000000000e+00
1.608881427198295411e-01 0.000000000000000000e+00
1.621169306140110011e-01 0.000000000000000000e+00
1.633551034116623724e-01 0.000000000000000000e+00
1.646027327902583326e-01 0.000000000000000000e+00
1.658598909747124317e-01 0.000000000000000000e+00
1.671266507415579139e-01 0.000000000000000000e+00
1.684030854231611252e-01 0.000000000000000000e+00
1.696892689119663122e-01 0.000000000000000000e+00
1.709852756647735894e-01 0.000000000000000000e+00
1.722911807070489909e-01 0.000000000000000000e+00
1.736070596372676911e-01 0.000000000000000000e+00
1.749329886312905313e-01 0.000000000000000000e+00
1.762690444467736595e-01 0.000000000000000000e+00
1.776153044276120585e-01 0.000000000000000000e+00
1.789718465084169652e-01 0.000000000000000000e+00
1.803387492190275665e-01 0.000000000000000000e+00
1.817160916890568911e-01 0.000000000000000000e+00
1.831039536524727285e-01 0.000000000000000000e+00
1.845024154522134641e-01 0.000000000000000000e+00
1.859115580448389149e-01 0.000000000000000000e+00
1.873314630052169971e-01 0.000000000000000000e+00
1.887622125312461430e-01 0.000000000000000000e+00
1.902038894486135501e-01 0.000000000000000000e+00
1.916565772155901515e-01 0.000000000000000000e+00
1.931203599278616956e-01 0.000000000000000000e+00
1.945953223233973239e-01 0.000000000000000000e+00
1.960815497873548141e-01 0.000000000000000000e+00
1.975791283570236256e-01 0.000000000000000000e+00
1.990881447268055271e-01 0.000000000000000000e+00
2.006086862532332482e-01 0.000000000000000000e+00
2.021408409600277400e-01 0.000000000000000000e+00
2.036846975431935991e-01 0.000000000000000000e+00
2.052403453761537377e-01 0.000000000000000000e+00
2.068078745149232178e-01 0.000000000000000000e+00
2.083873757033224972e-01 0.000000000000000000e+00
2.099789403782307273e-01 0.000000000000000000e+00
2.115826606748788530e-01 0.000000000000000000e+00
2.131986294321833453e-01 0.000000000000000000e+00
2.148269401981205418e-01 0.000000000000000000e+00
2.164676872351422587e-01 0.000000000000000000e+00
2.181209655256325375e-01 0.000000000000000000e+00
2.197868707774061070e-01 0.000000000000000000e+00
2.214654994292489798e-01 0.000000000000000000e+00
2.231569486565012084e-01 0.000000000000000000e+00
2.248613163766823297e-01 0.000000000000000000e+00
2.265787012551598312e-01 0.000000000000000000e+00
2.283092027108608313e-01 0.000000000000000000e+00
2.300529209220272819e-01 0.000000000000000000e+00
2.318099568320156068e-01 0.000000000000000000e+00
2.335804121551398604e-01 0.000000000000000000e+00
2.353643893825602684e-01 0.000000000000000000e+00
2.371619917882162865e-01 0.000000000000000000e+00
2.389733234348050406e-01 0.000000000000000000e+00
2.407984891798055638e-01 0.000000000000000000e+00
2.426375946815489959e-01 0.000000000000000000e+00
2.444907464053350243e-01 0.000000000000000000e+00
2.463580516295952316e-01 0.000000000000000000e+00
2.482396184521032390e-01 0.000000000000000000e+00
2.501355557962327558e-01 0.000000000000000000e+00
2.520459734172627586e-01 0.000000000000000000e+00
2.539709819087314635e-01 0.000000000000000000e+00
2.559106927088385386e-01 0.000000000000000000e+00
2.578652181068959992e-01 0.000000000000000000e+00
2.598346712498288968e-01 0.000000000000000000e+00
2.618191661487251354e-01 0.000000000000000000e+00
2.638188176854358025e-01 0.000000000000000000e+00
2.658337416192252944e-01 0.000000000000000000e+00
2.678640545934727890e-01 0.000000000000000000e+00
2.699098741424248438e-01 0.000000000000000000e+00
2.719713186979990649e-01 0.000000000000000000e+00
2.740485075966404560e-01 0.000000000000000000e+00
2.761415610862294479e-01 0.000000000000000000e+00
2.782506003330433297e-01 0.000000000000000000e+00
2.803757474287703610e-01 0.000000000000000000e+00
2.825171253975775620e-01 0.000000000000000000e+00
2.846748582032325170e-01 0.000000000000000000e+00
2.868490707562799669e-01 0.000000000000000000e+00
2.890398889212724143e-01 0.000000000000000000e+00
2.912474395240567393e-01 0.000000000000000000e+00
2.934718503591156602e-01 0.000000000000000000e+00
2.957132501969662597e-01 0.000000000000000000e+00
2.979717687916139113e-01 0.000000000000000000e+00
3.002475368880643813e-01 0.000000000000000000e+00
3.025406862298920529e-01 0.000000000000000000e+00
3.048513495668665474e-01 0.000000000000000000e+00
3.071796606626379655e-01 0.000000000000000000e+00
3.095257543024800828e-01 0.000000000000000000e+00
3.118897663010932186e-01 0.000000000000000000e+00
3.142718335104664473e-01 0.000000000000000000e+00
3.166720938277997055e-01 0.000000000000000000e+00
3.190906862034871283e-01 0.000000000000000000e+00
3.215277506491602821e-01 0.000000000000000000e+00
3.239834282457938475e-01 0.000000000000000000e+00
3.264578611518724749e-01 0.000000000000000000e+00
3.289511926116204799e-01 0.000000000000000000e+00
3.314635669632940984e-01 0.000000000000000000e+00
3.339951296475371922e-01 0.000000000000000000e+00
3.365460272158006805e-01 0.000000000000000000e+00
3.391164073388266975e-01 0.000000000000000000e+00
3.417064188151969217e-01 0.000000000000000000e+00
3.443162115799464074e-01 0.000000000000000000e+00
3.469459367132436967e-01 0.000000000000000000e+00
3.495957464491361577e-01 0.000000000000000000e+00
3.522657941843635454e-01 0.000000000000000000e+00
3.549562344872373987e-01 0.000000000000000000e+00
3.576672231065893826e-01 0.000000000000000000e+00
3.603989169807875204e-01 0.000000000000000000e+00
3.631514742468208712e-01 0.000000000000000000e+00
3.659250542494547620e-01 0.000000000000000000e+00
3.687198175504546316e-01 0.000000000000000000e+00
3.715359259378811507e-01 0.000000000000000000e+00
3.743735424354559527e-01 0.000000000000000000e+00
3.772328313119991394e-01 0.000000000000000000e+00
3.801139580909387861e-01 0.000000000000000000e+00
3.830170895598929426e-01 0.000000000000000000e+00
3.859423937803250215e-01 0.000000000000000000e+00
3.888900400972727933e-01 0.000000000000000000e+00
3.918601991491514891e-01 0.000000000000000000e+00
3.948530428776324541e-01 0.000000000000000000e+00
3.978687445375965748e-01 0.000000000000000000e+00
4.009074787071638113e-01 0.000000000000000000e+00
4.039694212977997800e-01 0.000000000000000000e+00
4.070547495644989411e-01 0.000000000000000000e+00
4.101636421160458901e-01 0.000000000000000000e+00
4.132962789253552538e-01 0.000000000000000000e+00
4.164528413398899120e-01 0.000000000000000000e+00
4.196335120921593775e-01 0.000000000000000000e+00
4.228384753102979454e-01 0.000000000000000000e+00
4.260679165287238890e-01 0.000000000000000000e+00
4.293220226988802568e-01 0.000000000000000000e+00
4.326009822000570493e-01 0.000000000000000000e+00
4.359049848502964952e-01 0.000000000000000000e+00
4.392342219173819284e-01 0.000000000000000000e+00
4.425888861299096533e-01 0.000000000000000000e+00
4.459691716884466306e-01 0.000000000000000000e+00
4.493752742767720409e-01 0.000000000000000000e+00
4.528073910732057783e-01 0.000000000000000000e+00
4.562657207620228750e-01 0.000000000000000000e+00
4.597504635449554122e-01 0.000000000000000000e+00
4.632618211527818053e-01 0.000000000000000000e+00
4.667999968570054614e-01 0.000000000000000000e+00
4.703651954816218117e-01 0.000000000000000000e+00
4.739576234149754375e-01 0.000000000000000000e+00
4.775774886217079018e-01 0.000000000000000000e+00
4.812250006547968972e-01 0.000000000000000000e+00
4.849003706676870973e-01 0.000000000000000000e+00
4.886038114265137677e-01 0.000000000000000000e+00
4.923355373224197473e-01 0.000000000000000000e+00
4.960957643839665199e-01 0.000000000000000000e+00
4.998847102896398775e-01 0.000000000000000000e+00
5.037025943804516182e-01 0.000000000000000000e+00
5.075496376726369441e-01 0.000000000000000000e+00
5.114260628704487832e-01 0.000000000000000000e+00
5.153320943790506981e-01 0.000000000000000000e+00
5.192679583175066060e-01 0.000000000000000000e+00
5.232338825318720854e-01 0.000000000000000000e+00
5.272300966083831586e-01 0.000000000000000000e+00
5.312568318867476602e-01 0.000000000000000000e+00
5.353143214735371913e-01 0.000000000000000000e+00
5.394028002556814361e-01 0.000000000000000000e+00
5.435225049140661735e-01 0.000000000000000000e+00
5.476736739372339846e-01 0.000000000000000000e+00
5.518565476351910970e-01 0.000000000000000000e+00
5.560713681533180353e-01 0.000000000000000000e+00
5.603183794863880740e-01 0.000000000000000000e+00
5.645978274926913842e-01 0.000000000000000000e+00
5.689099599082683145e-01 0.000000000000000000e+00
5.732550263612503638e-01 0.000000000000000000e+00
5.776332783863111775e-01 0.000000000000000000e+00
5.820449694392276774e-01 0.000000000000000000e+00
5.864903549115527692e-01 0.000000000000000000e+00
5.909696921454001828e-01 0.000000000000000000e+00
5.954832404483410002e-01 0.000000000000000000e+00
6.000312611084158698e-01 0.000000000000000000e+00
6.046140174092602404e-01 0.000000000000000000e+00
6.092317746453459471e-01 0.000000000000000000e+00
6.138848001373393704e-01 0.000000000000000000e+00
6.185733632475765020e-01 0.000000000000000000e+00
6.232977353956554722e-01 0.000000000000000000e+00
6.280581900741497581e-01 0.000000000000000000e+00
6.328550028644405190e-01 0.000000000000000000e+00
6.376884514526697245e-01 0.000000000000000000e+00
6.425588156458151845e-01 0.000000000000000000e+00
6.474663773878889250e-01 0.000000000000000000e+00
6.524114207762584661e-01 0.000000000000000000e+00
6.573942320780932214e-01 0.000000000000000000e+00
6.624150997469364643e-01 0.000000000000000000e+00
6.674743144394041927e-01 0.000000000000000000e+00
6.725721690320105584e-01 0.000000000000000000e+00
6.777089586381226383e-01 0.000000000000000000e+00
6.828849806250443244e-01 0.000000000000000000e+00
6.881005346312309978e-01 0.000000000000000000e+00
6.933559225836360973e-01 0.000000000000000000e+00
6.986514487151883612e-01 0.000000000000000000e+00
7.039874195824046277e-01 0.000000000000000000e+00
7.093641440831359724e-01 0.000000000000000000e+00
7.147819334744500708e-01 0.000000000000000000e+00
7.202411013906493409e-01 0.000000000000000000e+00
7.257419638614276414e-01 0.000000000000000000e+00
7.312848393301645267e-01 0.000000000000000000e+00
7.368700486723602783e-01 0.000000000000000000e+00
7.424979152142111571e-01 0.000000000000000000e+00
7.481687647513268757e-01 0.000000000000000000e+00
7.538829255675907337e-01 0.000000000000000000e+00
7.596407284541633054e-01 0.000000000000000000e+00
7.654425067286326767e-01 0.000000000000000000e+00
7.712885962543096774e-01 1.825722930009289184e-05
7.771793354596711056e-01 7.247389539964541527e-05
7.831150653579508347e-01 3.239332391412347452e-04
7.890961295668817987e-01 8.274535985929897582e-04
7.951228743285869704e-01 2.067337794819325194e-03
8.011956485296237718e-01 5.185787968514361454e-03
8.073148037211809180e-01 1.260973352505363222e-02
8.134806941394295832e-01 2.665655025899391073e-02
8.196936767260303291e-01 5.487669609870002296e-02
8.259541111487957998e-01 1.043037744678062956e-01
8.322623598225118435e-01 1.849463848048198689e-01
8.386187879299183967e-01 3.092555379384621106e-01
8.450237634428487965e-01 4.871533404460037797e-01
8.514776571435325181e-01 7.249775133647504699e-01
8.579808426460586723e-01 1.025932062719050908e+00
8.645336964180048156e-01 1.390394072486374144e+00
8.711365978022310719e-01 1.805028030153851937e+00
8.777899290388395670e-01 2.255209208288263767e+00
8.844940752873023948e-01 2.715869052264301864e+00
8.912494246487583371e-01 3.175962874007541625e+00
8.980563681884800031e-01 3.615707716641643810e+00
9.049152999585122759e-01 4.014312665882413533e+00
9.118266170204843979e-01 4.360053815714587166e+00
9.187907194685952517e-01 4.640942203889533602e+00
9.258080104527748322e-01 4.848005280392195360e+00
9.328788962020224673e-01 4.987659466176240564e+00
9.400037860479233398e-01 5.060141922815523330e+00
9.471830924483448655e-01 5.071773819663558669e+00
9.544172310113129276e-01 5.024441149812195029e+00
9.617066205190725192e-01 4.921002935087936514e+00
9.690516829523299069e-01 4.777134390823327692e+00
9.764528435146813123e-01 4.601930822614315630e+00
9.839105306572277776e-01 4.399730408303159201e+00
9.914251761033785471e-01 4.184710548222107640e+00
9.989972148738428537e-01 3.954478148869164489e+00
1.006627085311812886e+00 3.714828433889289183e+00
1.014315229108340155e+00 3.486499043530423059e+00
1.022062091327904820e+00 3.260191060266437013e+00
1.029868120434179746e+00 3.030547411363171406e+00
1.037733768315991956e+00 2.815634486609424059e+00
1.045659490313482376e+00 2.602479874806385762e+00
1.053645745244466525e+00 2.406467787740552478e+00
1.061692995430993491e+00 2.214145436669083811e+00
1.069801706726111412e+00 2.041820730788344918e+00
1.077972348540833902e+00 1.874922398614839558e+00
1.086205393871315206e+00 1.720463300205268720e+00
1.094501319326231403e+00 1.579248456675059309e+00
1.102860605154371676e+00 1.444502127401287028e+00
1.111283735272438733e+00 1.323365387998906906e+00
1.119771197293064180e+00 1.213722697858083066e+00
1.128323482553034385e+00 1.109303671495557753e+00
1.136941086141734836e+00 1.019822770975738369e+00
1.145624506929811659e+00 9.314718118242705236e-01
1.154374247598049186e+00 8.536478575173630512e-01
1.163190814666471562e+00 7.823991296866165124e-01
1.172074718523663961e+00 7.158689217207216959e-01
1.181026473456318726e+00 6.546572883402007603e-01
1.190046597679009999e+00 6.004136370078733131e-01
1.199135613364188391e+00 5.491856486670851911e-01
1.208294046672413469e+00 5.053576432052800937e-01
1.217522427782810501e+00 4.620093428057810980e-01
1.226821290923763907e+00 4.239444068342860805e-01
1.236191174403842963e+00 3.892824435991120713e-01
1.245632620642964428e+00 3.593429348150559144e-01
1.255146176203792763e+00 3.289782288302450231e-01
1.264732391823380597e+00 3.028388589271320819e-01
1.274391822445051226e+00 2.793322026538933023e-01
1.284125027250524465e+00 2.566348941183432819e-01
1.293932569692285650e+00 2.361157408810702629e-01
1.303815017526205322e+00 2.175284847255336551e-01
1.313772942844406266e+00 2.014289170331860501e-01
1.323806922108381467e+00 1.864122083624539794e-01
1.333917536182366304e+00 1.714289464119269912e-01
1.344105370366962093e+00 1.596349082272333630e-01
1.354371014433021658e+00 1.471932889075552031e-01
1.364715062655789790e+00 1.357546284012604021e-01
1.375138113849305288e+00 1.265614984941807464e-01
1.385640771401068339e+00 1.167160885030326112e-01
1.396223643306966578e+00 1.086634028099892624e-01
1.406887342206475600e+00 1.006933489655658376e-01
1.417632485418122146e+00 9.347362726550871581e-02
1.428459694975221517e+00 8.678660995888247409e-02
1.439369597661886768e+00 8.031735824218783071e-02
1.450362825049312576e+00 7.560087790039145272e-02
1.461440013532337545e+00 7.009752416543063580e-02
1.472601804366283851e+00 6.591369226465682019e-02
1.483848843704080878e+00 6.104557635837794261e-02
1.495181782633669076e+00 5.713171068304265243e-02
1.506601277215691814e+00 5.343312757458337781e-02
1.518107988521476326e+00 4.959120312377801598e-02
1.529702582671299993e+00 4.679509321856385740e-02
1.541385730872953275e+00 4.397957050724928679e-02
1.553158109460597069e+00 4.105026114900542367e-02
1.565020399933912287e+00 3.862477986571970223e-02
1.576973288997555844e+00 3.606712208956452254e-02
1.589017468600909977e+00 3.389789073321865936e-02
1.601153635978140644e+00 3.168557089461530168e-02
1.613382493688560348e+00 2.993993698529464481e-02
1.625704749657298942e+00 2.807436331590832876e-02
1.638121117216285949e+00 2.631476028876367224e-02
1.650632315145542872e+00 2.495845036709437928e-02
1.663239067714795461e+00 2.333712347869783266e-02
1.675942104725400839e+00 2.175057584274062844e-02
1.688742161552594379e+00 2.083297913203060320e-02
1.701639979188063201e+00 1.940662128389836899e-02
1.714636304282838086e+00 1.846111891013349146e-02
1.727731889190519565e+00 1.713109697188415145e-02
1.740927492010831301e+00 1.636270846796904557e-02
1.754223876633505208e+00 1.542138550738697024e-02
1.767621812782504076e+00 1.449358812565787642e-02
1.781122076060578596e+00 1.377807341855922380e-02
1.794725447994169887e+00 1.280502932196610384e-02
1.808432716078648639e+00 1.232332681799491736e-02
1.822244673823904648e+00 1.172392817799815072e-02
1.836162120800284292e+00 1.107742056742349462e-02
1.850185862684873506e+00 1.043620018386478589e-02
1.864316711308142471e+00 9.941116254489757234e-03
1.878555484700939138e+00 9.419554497764852027e-03
1.892903007141845784e+00 8.797249521283457413e-03
1.907360109204898402e+00 8.442951692083042539e-03
1.921927627807664241e+00 7.931600037202068271e-03
1.936606406259693713e+00 7.538288993872130188e-03
1.951397294311338904e+00 7.300258240275384232e-03
1.966301148202944216e+00 6.804726060322075984e-03
1.981318830714416501e+00 6.460337429040455097e-03
1.996451211215167332e+00 6.135467499969935595e-03
2.011699165714443627e+00 5.846479742670660125e-03
2.027063576912038645e+00 5.575029658498701322e-03
2.042545334249390443e+00 5.229257140761233574e-03
2.058145333961072687e+00 5.024710028340202521e-03
2.073864479126675597e+00 4.835757500435130390e-03
2.089703679723088570e+00 4.482832482482972808e-03
2.105663852677174930e+00 4.379048514689483709e-03
2.121745921918852140e+00 4.103536654769661743e-03
2.137950818434581013e+00 3.899512197536549995e-03
2.154279480321258600e+00 3.706555840152152975e-03
2.170732852840524529e+00 3.601016658420587869e-03
2.187311888473481680e+00 3.424145986229954006e-03
2.204017546975835184e+00 3.309230018362050840e-03
2.220850795433451541e+00 3.143159267466102622e-03
2.237812608318344942e+00 2.891687023349340680e-03
2.254903967545088150e+00 2.784927185872019574e-03
2.272125862527654583e+00 2.670861828810905392e-03
2.289479290236696052e+00 2.486486235366345329e-03
2.306965255257257041e+00 2.429720684228831810e-03
2.324584769846928634e+00 2.323671281511544787e-03
2.342338853994450965e+00 2.303959551082574927e-03
2.360228535478756218e+00 2.092726496611028390e-03
2.378254849928468584e+00 2.069552970256426094e-03
2.396418840881856305e+00 1.912019027742182728e-03
2.414721559847241572e+00 1.879457603718559262e-03
2.433164066363873168e+00 1.775064472638465500e-03
2.451747428063260070e+00 1.693768755596423113e-03
2.470472720730979344e+00 1.615085978958438664e-03
2.489341028368951214e+00 1.587099798530660884e-03
2.508353443258192428e+00 1.519472996415564001e-03
2.527511066022048780e+00 1.476427308088564851e-03
2.546815005689907707e+00 1.407315835578637226e-03
2.566266379761402039e+00 1.395478452007645632e-03
2.585866314271100030e+00 1.297664278263414937e-03
2.605615943853691441e+00 1.184979248563322552e-03
2.625516411809674544e+00 1.207677969733221340e-03
2.645568870171534748e+00 1.168862378815486254e-03
2.665774479770441019e+00 1.087267118033376744e-03
2.686134410303444575e+00 1.045648573699792250e-03
2.706649840401191387e+00 1.042367376765402720e-03
2.727321957696154264e+00 9.368513898841169000e-04
2.748151958891383195e+00 9.342424320257887915e-04
2.769141049829782819e+00 8.735013688190181296e-04
2.790290445563917920e+00 8.415489816014010875e-04
2.811601370426352720e+00 8.117748751652109412e-04
2.833075058100528398e+00 7.801979338047670704e-04
2.854712751692177974e+00 7.424080769852185041e-04
2.876515703801291846e+00 7.553119932242032333e-04
2.898485176594628676e+00 6.820591537535627752e-04
2.920622441878783171e+00 6.945462644100356287e-04
2.942928781173810293e+00 6.519889613414709935e-04
2.965405485787410811e+00 6.148759315257303288e-04
2.988053856889687943e+00 6.055657773077360471e-04
3.010875205588466663e+00 5.811192105232654368e-04
3.033870853005199208e+00 5.922450872303952488e-04
3.057042130351439457e+00 5.385962103064012184e-04
3.080390379005908841e+00 5.359714121857755238e-04
3.103916950592149782e+00 5.157997595691654310e-04
3.127623207056766663e+00 4.827937654708284033e-04
3.151510520748272093e+00 4.642701438871143257e-04
3.175580274496530464e+00 4.587833931073402875e-04
3.199833861692807702e+00 4.499314529812780696e-04
3.224272686370440510e+00 4.130231859347219302e-04
3.248898163286108698e+00 4.011982964106423043e-04
3.273711718001736770e+00 3.928297679906644739e-04
3.298714786967021251e+00 3.704168043674649271e-04
3.323908817602584165e+00 3.643122977158264292e-04
3.349295268383767343e+00 3.694773385550832734e-04
3.374875608925059112e+00 3.602124435151777626e-04
3.400651320065169791e+00 3.570270359031265501e-04
3.426623893952761790e+00 3.040335208237026818e-04
3.452794834132823176e+00 3.071010253596096482e-04
3.479165655633714493e+00 2.944644370424449637e-04
3.505737885054867498e+00 2.801444663585987314e-04
3.532513060655161574e+00 2.621232205212434751e-04
3.559492732441974283e+00 2.376546843255797489e-04
3.586678462260907807e+00 2.428562162683155462e-04
3.614071823886209955e+00 2.297352508989983905e-04
3.641674403111871072e+00 2.331120835534895397e-04
3.669487797843431487e+00 2.428702602780917876e-04
3.697513618190481299e+00 2.199061737794965894e-04
3.725753486559869376e+00 2.169546468533692591e-04
3.754209037749625999e+00 2.044678853796932862e-04
3.782881919043597829e+00 1.784796137378340697e-04
3.811773790306809850e+00 1.824611239075795094e-04
3.840886324081555170e+00 1.986362587558420300e-04
3.870221205684216237e+00 1.849539576397576024e-04
3.899780133302832574e+00 1.839434690119905375e-04
3.929564818095400369e+00 1.650420401634816812e-04
3.959576984288936341e+00 1.650050641617848768e-04
3.989818369279292121e+00 1.542874422325500540e-04
4.020290723731728910e+00 1.577971140385964308e-04
4.050995811682269299e+00 1.589088898543099520e-04
4.081935410639808026e+00 1.346967813180591732e-04
4.113111311689019445e+00 1.405413101825740111e-04
4.144525319594036361e+00 1.319009099680938852e-04
4.176179252902931793e+00 1.342864144581660645e-04
4.208074944052993871e+00 1.258195935930904214e-04
4.240214239476800984e+00 1.289338581999249095e-04
4.272598999709120271e+00 1.187809364347805057e-04
4.305231099494601921e+00 1.080590799527386063e-04
4.338112427896314571e+00 1.105115879146889368e-04
4.371244888405103168e+00 1.146884820384606445e-04
4.404630399049775491e+00 1.123607029704457174e-04
4.438270892508145771e+00 9.775636735116057581e-05
4.472168316218908757e+00 8.931969396738250432e-05
4.506324632494379756e+00 9.386158192495576088e-05
4.540741818634090876e+00 8.208754790704028313e-05
4.575421867039255019e+00 8.937427447130523700e-05
4.610366785328114503e+00 8.527884374269674179e-05
4.645578596452149434e+00 7.857532394249313614e-05
4.681059338813191140e+00 8.067265618981638085e-05
4.716811066381425555e+00 7.804512821402761341e-05
4.752835848814294550e+00 6.988961420117492684e-05
4.789135771576313871e+00 8.044050681576945562e-05
4.825712936059790792e+00 7.237856801232584489e-05
4.862569459706477915e+00 6.603509115317337521e-05
4.899707476130153339e+00 6.843119969470324703e-05
4.937129135240129862e+00 6.028754012027530168e-05
4.974836603365720755e+00 6.296607887927948470e-05
5.012832063381637226e+00 5.373810348968677681e-05
5.051117714834363781e+00 4.900289159421346026e-05
5.089695774069483036e+00 5.662817963710941455e-05
5.128568474359980200e+00 6.230994679068296610e-05
5.167738066035535205e+00 5.366580347352332552e-05
5.207206816612779399e+00 5.051691653389049896e-05
5.246977010926572760e+00 5.553227651207241089e-05
5.287050951262264320e+00 4.651712832603546884e-05
5.327430957488979324e+00 5.028277995949177861e-05
5.368119367193910918e+00 4.728313369282553558e-05
5.409118535817638573e+00 3.823381132111519442e-05
5.450430836790491895e+00 3.737133056198318012e-05
5.492058661669943831e+00 4.336227477695134405e-05
5.534004420279054592e+00 3.849688427941940844e-05
5.576270540845982282e+00 3.511760005523813965e-05
5.618859470144546009e+00 4.014841321659314043e-05
5.661773673635872584e+00 3.653886868668983657e-05
5.705015635611118796e+00 3.350056687178884317e-05
5.748587859335287931e+00 3.597974505343246482e-05
5.792492867192146733e+00 3.271593581447603520e-05
5.836733200830237500e+00 4.214775292150875816e-05
5.881311421310018162e+00 3.516827058119305062e-05
5.926230109252122347e+00 3.302986325333927980e-05
5.971491864986748332e+00 2.990101660326673224e-05
6.017099308704191074e+00 2.655345596304740038e-05
6.063055080606527092e+00 2.946332608338349618e-05
6.109361841060454879e+00 3.564217677268629393e-05
6.156022270751298819e+00 2.722808742861217184e-05
6.203039070838196167e+00 2.853283507506836072e-05
6.250414963110467070e+00 2.831729471708138729e-05
6.298152690145174759e+00 2.736490222968739844e-05
6.346255015465900762e+00 2.665315877200261224e-05
6.394724723702712943e+00 2.645744818755013322e-05
6.443564620753374328e+00 2.186915823382791645e-05
6.492777533945774948e+00 2.341328292331579160e-05
6.542366312201600920e+00 2.082727068811928767e-05
6.592333826201270064e+00 2.328879782724027568e-05
6.642682968550095879e+00 2.193674821688078124e-05
6.693416653945753581e+00 2.036168562259542769e-05
6.744537819347007357e+00 2.043871313706373095e-05
6.796049424143726370e+00 2.097881601247927904e-05
6.847954450328215259e+00 1.921217678314888192e-05
6.900255902667822738e+00 1.703386920468834574e-05
6.952956808878900219e+00 1.757742539171344308e-05
7.006060219802071387e+00 1.922997411664218928e-05
7.059569209578839377e+00 1.775216614626469680e-05
7.113486875829561740e+00 2.003437424859020891e-05
7.167816339832755901e+00 1.901086328077998707e-05
7.222560746705797285e+00 1.431597929573742412e-05
7.277723265586987011e+00 1.721639476449312743e-05
7.333307089819009583e+00 1.473729635902505475e-05
7.389315437133804565e+00 1.569289371795611141e-05
7.445751549838826477e+00 1.346286622766833936e-05
7.502618695004750649e+00 1.419494690364055323e-05
7.559920164654601038e+00 1.450929541394560590e-05
7.617659275954320464e+00 1.316250500154823404e-05
7.675839371404808986e+00 1.245430961525776670e-05
7.734463819035411802e+00 1.357194167626761033e-05
7.793536012598893947e+00 1.024865064899670911e-05
7.853059371767910690e+00 1.197116210315309793e-05
7.913037342332964741e+00 1.068912149242189896e-05
7.973473396401889346e+00 1.394699835860970428e-05
8.034371032600834184e+00 9.945627937497132241e-06
8.095733776276818006e+00 1.045236339477054593e-05
8.157565179701792957e+00 8.255986903896649439e-06
8.219868822278293408e+00 8.960044140613096216e-06
8.282648310746649756e+00 8.887810932483207000e-06
8.345907279393774303e+00 8.074123029349236676e-06
8.409649390263549407e+00 8.756543601727520852e-06
8.473878333368830340e+00 7.949662150246721652e-06
8.538597826905046873e+00 6.421449635043746497e-06
8.603811617465460415e+00 8.558262963934600359e-06
8.669523480258041204e+00 9.039883538958119462e-06
8.735737219324033020e+00 8.424951921693799809e-06
8.802456667758143283e+00 6.764813331615606801e-06
8.869685687930459750e+00 7.769147851664665817e-06
8.937428171710028124e+00 7.360505255713478070e-06
9.005688040690165153e+00 7.478837336055932329e-06
9.074469246415468149e+00 7.941804710122065352e-06
9.143775770610570675e+00 9.082047143940032982e-06
9.213611625410646155e+00 4.080580377299129493e-06
9.283980853593664762e+00 8.096214483173722862e-06
9.354887528814433750e+00 6.529917412615493949e-06
9.426335755840423047e+00 6.646277768593364404e-06
9.498329670789374291e+00 4.945739655900602163e-06
9.570873441368757284e+00 7.532539064902299011e-06
9.643971267117024126e+00 6.172788542474241623e-06
9.717627379646726737e+00 8.706458077717628186e-06
9.791846042889485346e+00 4.319779744093110015e-06
9.866631553342816829e+00 6.350974949421921006e-06
9.941988240318867298e+00 6.620170113727318452e-06
1.001792046619502941e+01 4.220523447567904787e-06
1.009443262666647811e+01 6.054300583285186564e-06
1.017152915100063915e+01 5.850237742903389671e-06
1.024921450229360431e+01 5.501928196990590634e-06
1.032749317772848840e+01 5.916563808442128571e-06
1.040636970883577561e+01 4.364386693499682518e-06
1.048584866175564301e+01 4.782387095022728893e-06
1.056593463750229134e+01 4.744921852698946338e-06
1.064663227223031328e+01 4.414204329600798724e-06
1.072794623750306187e+01 3.650840480986314956e-06
1.080988124056310262e+01 4.057349488598349203e-06
1.089244202460468713e+01 4.172820512915827233e-06
1.097563336904835118e+01 4.566839708795901475e-06
1.105946008981760897e+01 2.974712170294583630e-06
1.114392703961772924e+01 2.667938963880656234e-06
1.122903910821665363e+01 3.067025339061490081e-06
1.131480122272806810e+01 4.153442810211720950e-06
1.140121834789663069e+01 5.082698275844282043e-06
1.148829548638539144e+01 2.998713313234041652e-06
1.157603767906538295e+01 2.707676286976402073e-06
1.166445000530744025e+01 2.284516958991654719e-06
1.175353758327623055e+01 2.400065849058098202e-06
1.184330557022655483e+01 4.362864950094479215e-06
1.193375916280191262e+01 3.280182368029497441e-06
1.202490359733531022e+01 1.954456685372305270e-06
1.211674415015240314e+01 2.070076412947861075e-06
1.220928613787693706e+01 2.567874291389432323e-06
1.230253491773851593e+01 2.292034008366656367e-06
1.239649588788276091e+01 2.651911221552551689e-06
1.249117448768377869e+01 2.131093151339303666e-06
1.258657619805906158e+01 2.241259139127732721e-06
1.268270654178675727e+01 1.604053847334770501e-06
1.277957108382539175e+01 2.452080790127622221e-06
1.287717543163603651e+01 2.797666648367548825e-06
1.297552523550690928e+01 2.416401830947510040e-06
1.307462618888047245e+01 2.397546004412755696e-06
1.317448402868301116e+01 3.210514927727943979e-06
1.327510453565674453e+01 1.771350501774610155e-06
1.337649353469450197e+01 2.107168637732977387e-06
1.347865689517689169e+01 1.626765969506726386e-06
1.358160053131209644e+01 1.615543621869293376e-06
1.368533040247822186e+01 1.601015763552136423e-06
1.378985251356829522e+01 2.044384602293026083e-06
1.389517291533790910e+01 1.239704825179360917e-06
1.400129770475546920e+01 1.677951298165310348e-06
1.410823302535516532e+01 1.554148680287175780e-06
1.421598506759258740e+01 9.918128044119178851e-07
1.432456006920312142e+01 1.530280143128154872e-06
1.443396431556304549e+01 2.172698455122592747e-06
1.454420414005338102e+01 1.830856284580172191e-06
1.465528592442653633e+01 1.603692506084150097e-06
1.476721609917572842e+01 1.801019719191807279e-06
1.488000114390725059e+01 1.368960628463481658e-06
1.499364758771559814e+01 1.880617518235843682e-06
1.510816200956140420e+01 1.347496085609885429e-06
1.522355103865231740e+01 1.337223112757594598e-06
1.533982135482673925e+01 1.632769019305717713e-06
1.545697968894052465e+01 1.014176314945465391e-06
1.557503282325665950e+01 8.045003830238755266e-07
1.569398759183785330e+01 1.296995290735594217e-06
1.581385088094217650e+01 1.088233946182586546e-06
1.593462962942168204e+01 1.671859485380700786e-06
1.605633082912410003e+01 1.562114542044469086e-06
1.617896152529763043e+01 1.065365439655963161e-06
1.630252881699875189e+01 1.345851138290716633e-06
1.642703985750318907e+01 7.627034056085370407e-07
1.655250185472002045e+01 8.504797671350126361e-07
1.667892207160893037e+01 1.221199310628328711e-06
1.680630782660069400e+01 1.305049084636244102e-06
1.693466649402079582e+01 1.294705949015044523e-06
1.706400550451636988e+01 1.192612499045401756e-06
1.719433234548630907e+01 1.093795075432199874e-06
1.732565456151473171e+01 9.931854105369666778e-07
1.745797975480775932e+01 1.076600338920084193e-06
1.759131558563357700e+01 1.157996836327539942e-06
1.772566977276590450e+01 8.845829117830618646e-07
1.786105009393079257e+01 8.771058004630840379e-07
1.799746438625691525e+01 8.700613033838140925e-07
1.813492054672925491e+01 2.591478223889037180e-07
1.827342653264623351e+01 6.010020244609686492e-07
1.841299036208040008e+01 7.643342672700463155e-07
1.855362011434253589e+01 9.280613374095225293e-07
1.869532393044939056e+01 4.187811773322104279e-07
1.883811001359499926e+01 7.491344180418982440e-07
1.898198662962550998e+01 6.601001292354080117e-07
1.912696210751772696e+01 8.188990515696483506e-07
1.927304483986123529e+01 5.686778101119901741e-07
1.942024328334427707e+01 1.208869839052252135e-06
1.956856595924331188e+01 8.000659021413319479e-07
1.971802145391628613e+01 6.350399242843836256e-07
1.986861841929972172e+01 1.340340920195462698e-06
2.002036557340952783e+01 7.822593972873966920e-07
2.017327170084572430e+01 1.009060210050167305e-06
2.032734565330098775e+01 7.693816201505481667e-07
2.048259635007306656e+01 7.643590619665507570e-07
2.063903277858106478e+01 6.070855025628014142e-07
2.079666399488577966e+01 9.791290242017665436e-07
2.095549912421395078e+01 2.982351861178472802e-07
2.111554736148649880e+01 8.905016642824107250e-07
2.127681797185082857e+01 5.896230057954626731e-07
2.143932029121715743e+01 1.022978439499037317e-06
2.160306372679898601e+01 5.806700180857123062e-07
2.176805775765772211e+01 5.759004247455290896e-07
2.193431193525134404e+01 1.071453737955922029e-06
2.210183588398740895e+01 5.675593242777639320e-07
2.227063930178012185e+01 7.739183639289275091e-07
2.244073196061181008e+01 6.287638009246079241e-07
2.261212370709861119e+01 4.154928568445320898e-07
2.278482446306047393e+01 8.261401672148504712e-07
2.295884422609555031e+01 2.046371121339569013e-07
2.313419307015891846e+01 4.743013602057144074e-07
2.331088114614578188e+01 3.360678343301462274e-07
2.348891868247912029e+01 2.669529012148498870e-07
2.366831598570178841e+01 2.647716368270702467e-07
2.384908344107317646e+01 5.917799992310257669e-07
2.403123151317036843e+01 4.566346819465703497e-07
2.421477074649395789e+01 5.173619071880689529e-07
2.439971176607850367e+01 5.132623425414192283e-07
2.458606527810756148e+01 3.823871226485431249e-07
2.477384207053348675e+01 3.795794805169965992e-07
2.496305301370191287e+01 3.140471647650050779e-07
2.515370906098105408e+01 3.117476282670628118e-07
2.534582124939582215e+01 4.946872152259253925e-07
2.553940070026671805e+01 3.681714181153245443e-07
2.573445861985366534e+01 6.684664110075781461e-07
2.593100630000469309e+01 3.021011279868918483e-07
2.612905511880966003e+01 4.798410925316548718e-07
2.632861654125893835e+01 3.568412418871857099e-07
2.652970211990708549e+01 2.947125797835420655e-07
2.673232349554165310e+01 2.931796437148937006e-07
2.693649239785701255e+01 2.326261564166549424e-07
2.714222064613342411e+01 2.882414426453459672e-07
2.734952014992126834e+01 4.002518185565499111e-07
2.755840290973046081e+01 5.109382155926559082e-07
2.776888101772517103e+01 2.257383544372705878e-07
2.798096665842379238e+01 2.797148498952468254e-07
2.819467210940434398e+01 2.778095090249825914e-07
2.841000974201522311e+01 1.654041985543963984e-07
2.862699202209135763e+01 4.376742889164521856e-07
2.884563151067587228e+01 2.713945117306386052e-07
2.906594086474717642e+01 1.079069495622421020e-07
2.928793283795175029e+01 2.675751750792800455e-07
2.951162028134242377e+01 3.713249028973730285e-07
2.973701614412232175e+01 1.581225576478309683e-07
2.996413347439450092e+01 3.136889951580667298e-07
3.019298541991724250e+01 2.075649229427252779e-07
3.042358522886523176e+01 2.055933619746889578e-07
3.065594625059649658e+01 3.573395371629514674e-07
3.089008193642516886e+01 5.054465225808778437e-08
3.112600584040018958e+01 3.017122967261961109e-07
3.136373162008992921e+01 2.994977877062141113e-07
3.160327303737282278e+01 1.982683225076653744e-07
3.184464395923409441e+01 2.950309068932583606e-07
3.208785835856844670e+01 9.753200267586764948e-08
3.233293031498900660e+01 2.421811553601537733e-07
3.257987401564231078e+01 9.623268354923338198e-08
3.282870375602964685e+01 1.910746684531214882e-07
3.307943394083464739e+01 9.472590916426991508e-08
3.333207908475711889e+01 9.393370726802250141e-08
3.358665381335332967e+01 1.861069363755631786e-07
3.384317286388262858e+01 9.275660584048298492e-08
3.410165108616060081e+01 3.213348724978135689e-07
3.436210344341879619e+01 1.366466623814872918e-07
3.462454501317083100e+01 1.357667201869360330e-07
3.488899098808531107e+01 4.487627360017053701e-08
3.515545667686525633e+01 3.117037066917656293e-07
3.542395750513435360e+01 2.209138416211929674e-07
3.569450901632996676e+01 1.319556007770862093e-07
3.596712687260290409e+01 8.702127471812922025e-08
3.624182685572413476e+01 2.594704707537197125e-07
3.651862486799832652e+01 8.599102520743772381e-08
3.679753693318444618e+01 8.495727434217527667e-08
3.707857919742345842e+01 8.437942099606865135e-08
3.736176793017290265e+01 1.256676100136616079e-07
3.764711952514880267e+01 8.325931870314884363e-08
3.793465050127463911e+01 1.240897654253963997e-07
3.822437750363764764e+01 1.640274338413457821e-07
3.851631730445244273e+01 1.217422027433713850e-07
3.881048680403189621e+01 1.617176201382889189e-07
3.910690303176554039e+01 1.203503960651941634e-07
3.940558314710532528e+01 7.961306494996576096e-08
3.970654444055901422e+01 7.903555152703207193e-08
4.000980433469116804e+01 1.956656175769524556e-07
4.031538038513167521e+01 1.552490419067251119e-07
4.062329028159209088e+01 1.924415126615543843e-07
4.093355184888959997e+01 1.149463820780149622e-07
4.124618304797896684e+01 1.520506610056905301e-07
4.156120197699230800e+01 1.129544381202335814e-07
4.187862687228675185e+01 1.496831165307984126e-07
4.219847610950009198e+01 1.483476437298724101e-07
4.252076820461459761e+01 1.103305171691672815e-07
4.284552181502894541e+01 1.828015526199424223e-07
4.317275574063820898e+01 2.540704461224047589e-07
4.350248892492221842e+01 7.192027529455905892e-08
4.383474045604216940e+01 7.138778053802145768e-08
4.416952956794561658e+01 3.534404075587163004e-08
4.450687564148002906e+01 1.055108340340509538e-07
4.484679820551461660e+01 1.394712189734069959e-07
4.518931693807093097e+01 6.934054946211579530e-08
4.553445166746195127e+01 1.030488186361411855e-07
4.588222237343995147e+01 1.024317632489194921e-07
4.623264918835322135e+01 1.353616134630762909e-07
4.658575239831141346e+01 6.720244948170735523e-08
4.694155244435995655e+01 6.653432975586372832e-08
4.730006992366332952e+01 9.950758947221170764e-08
4.766132559069743735e+01 6.570502954903929628e-08
4.802534035845116023e+01 6.526949240671357499e-08
4.839213529963691940e+01 6.463086794588591293e-08
4.876173164791060799e+01 6.422533157664235266e-08
4.913415079910075178e+01 9.564224210399531195e-08
4.950941431244714153e+01 0.000000000000000000e+00
4.988754391184892256e+01 1.256916898502744844e-07
5.026856148712214889e+01 1.558930621008363789e-07
5.065248909526700771e+01 3.087099537052442553e-08
5.103934896174460789e+01 3.076519756546973707e-08
5.142916348176368757e+01 6.097498692653043429e-08
5.182195522157707757e+01 1.208668334637795985e-07
5.221774691978801286e+01 1.500022387397818855e-07
5.261656148866648408e+01 5.950181314481737088e-08
5.301842201547557920e+01 2.959793056758139133e-08
5.342335176380803574e+01 8.802822052580437400e-08
5.383137417493298926e+01 1.453459010898894077e-07
5.424251286915296077e+01 8.657897485533946408e-08
5.465679164717121807e+01 5.724559569740657078e-08
5.507423449146955363e+01 1.140518158925390099e-07
5.549486556769667800e+01 2.822533100757247381e-08
5.591870922606719319e+01 1.399643380799987186e-07
5.634579000277113892e+01 1.113034502349810665e-07
5.677613262139447414e+01 1.102850462444724419e-07
5.720976199435020249e+01 5.484003015911819278e-08
5.764670322432060345e+01 1.087578560445648193e-07
5.808698160571049129e+01 5.398322972993436586e-08
5.853062262611141620e+01 8.023898022314970660e-08
5.897765196777716312e+01 1.062141759279806834e-07
5.942809550911043459e+01 1.055777441904530870e-07
5.988197932616098740e+01 2.621588027693630980e-08
6.033932969413523040e+01 5.198809297445359410e-08
6.080017308891720518e+01 5.161140922577245589e-08
6.126453618860131201e+01 5.115149244334871503e-08
6.173244587503663183e+01 1.775117075930379725e-07
6.220392923538312857e+01 1.008645656963454622e-07
6.267901356367983112e+01 2.492821482543238817e-08
6.315772636242475357e+01 9.910450332171893908e-08
6.364009534416704383e+01 2.458291269654232164e-08
6.412614843311123991e+01 4.888965751019812916e-08
6.461591376673376885e+01 7.254141705434460632e-08
6.510941969741192281e+01 4.810529427149645373e-08
6.560669479406510618e+01 7.172380334784960527e-08
6.610776784380868776e+01 2.364504642620553762e-08
6.661266785362042242e+01 1.173723977153443358e-07
6.712142405201964834e+01 2.329940072689819569e-08
6.763406589075952979e+01 9.251951161571061535e-08
6.815062304653176284e+01 2.291252365972235927e-08
6.867112542268469610e+01 2.273990542047642933e-08
6.919560315095429814e+01 6.802575653662450682e-08
6.972408659320856827e+01 0.000000000000000000e+00
7.025660634320522036e+01 2.236219168999233408e-08
7.079319322836265371e+01 1.108841608367623289e-07
7.133387831154462333e+01 4.394071165881075839e-08
7.187869289285829666e+01 0.000000000000000000e+00
7.242766851146639340e+01 6.479943336721595963e-08
7.298083694741293925e+01 6.450070800750605118e-08
7.353823022346294636e+01 4.254817844956005873e-08
7.409988060695627610e+01 6.337673379998985894e-08
7.466582061167545703e+01 0.000000000000000000e+00
7.523608299972798363e+01 4.164669781825534201e-08
7.581070078344298224e+01 2.066132263218332036e-08
7.638970722728217311e+01 8.195945686655608988e-08
7.697313584976564016e+01 4.073993743603716505e-08
7.756102042541199637e+01 1.212735194444406029e-07
7.815339498669379736e+01 4.012343934775134750e-08
7.875029382600763483e+01 9.942995058184507807e-08
7.935175149765926506e+01 3.947061397634297784e-08
7.995780281986401405e+01 7.840257372989894826e-08
8.056848287676226050e+01 5.830214621651690275e-08
8.118382702045050792e+01 1.933932785800889978e-08
8.180387087302804616e+01 3.828803074055330376e-08
8.242865032865888963e+01 3.792437057197838821e-08
8.305820155564990159e+01 3.763372167014548699e-08
8.369256099854430886e+01 1.876085375091480608e-08
8.433176538023161584e+01 3.718544178552809501e-08
8.497585170407356259e+01 3.691384827649876497e-08
8.562485725604614117e+01 9.148975448300566381e-08
8.627881960689798291e+01 1.810749150513889011e-08
8.693777661432541493e+01 1.799499881836498748e-08
8.760176642516411505e+01 3.578955675872457669e-08
8.827082747759727965e+01 0.000000000000000000e+00
8.894499850338092983e+01 3.526766745929262898e-08
8.962431853008587268e+01 3.492170372027842518e-08
9.030882688335715613e+01 1.735241709742327391e-08
9.099856318919067633e+01 5.163128233075811209e-08
9.169356737622699427e+01 1.714392893949562434e-08
9.239387967806285928e+01 3.381807092392174890e-08
9.309954063558021176e+01 5.045587322459455908e-08
9.381059109929316264e+01 3.334671565378401409e-08
9.452707223171287865e+01 1.659945444418326466e-08
9.524902550973044413e+01 4.931655797791548422e-08
9.597649272701789869e+01 3.256285281700643424e-08
9.670951599644754992e+01 4.852906759191262110e-08
9.744813775253007293e+01 4.820482611076686709e-08
9.819240075387101285e+01 1.594985396622451855e-08
9.894234808564596051e+01 6.326532142699087454e-08
9.969802316209487003e+01 3.135641587375324638e-08
1.004594697290351206e+02 3.117186530990904261e-08
1.012267318663940330e+02 1.548105979106566256e-08
1.019998539907607551e+02 1.533547055020978454e-08
1.027788808579573896e+02 3.053394330834218011e-08
1.035638575656300304e+02 1.516407778506368999e-08
1.043548295558592258e+02 3.007755049340433018e-08
1.051518426177907060e+02 1.493858471510309104e-08
1.059549428902863042e+02 1.473905345983727372e-08
1.067641768645947025e+02 2.939238281804447755e-08
1.075795913870428819e+02 2.911519443619030530e-08
1.084012336617479093e+02 2.884119155754683260e-08
1.092291512533496842e+02 7.166869567414708737e-08
1.100633920897645339e+02 5.683736401459223849e-08
1.109040044649596268e+02 0.000000000000000000e+00
1.117510370417487309e+02 4.195072700069138261e-08
1.126045388546091885e+02 1.393551957541073834e-08
1.134645593125205778e+02 4.142273294367519157e-08
1.143311482018251581e+02 1.368114470693295808e-08
1.152043556891097040e+02 1.363139337627513102e-08
1.160842323241099052e+02 2.699768242065910310e-08
1.169708290426363391e+02 0.000000000000000000e+00
1.178641971695234076e+02 1.327797394037139663e-08
1.187643884216004722e+02 0.000000000000000000e+00
1.196714549106856964e+02 0.000000000000000000e+00
1.205854491466028264e+02 2.592320423669660278e-08
1.215064240402207503e+02 0.000000000000000000e+00
1.224344329065167187e+02 0.000000000000000000e+00
1.233695294676628009e+02 0.000000000000000000e+00
1.243117678561356172e+02 1.263283914838835988e-08
1.252612026178502873e+02 0.000000000000000000e+00
1.262178887153177698e+02 4.967540451340420178e-08
1.271818815308268711e+02 1.230897989844993280e-08
1.281532368696502999e+02 1.224686878615662782e-08
1.291320109632751496e+02 0.000000000000000000e+00
1.301182604726581644e+02 2.408405647459631950e-08
1.311120424915058038e+02 0.000000000000000000e+00
1.321134145495791472e+02 1.183291822420973146e-08
1.331224346160248615e+02 1.178659530323596857e-08
1.341391611027304975e+02 2.331706943740188980e-08
1.351636528677061619e+02 1.160536519064322173e-08
1.361959692184915980e+02 2.298179723045987897e-08
1.372361699155896986e+02 2.282259355591392838e-08
1.382843151759259683e+02 2.260812537615863307e-08
1.393404656763344747e+02 2.249485363799269033e-08
1.404046825570703732e+02 2.233869468302573702e-08
1.414770274253492062e+02 2.217562055278114020e-08
1.425575623589134011e+02 2.193135219838265287e-08
1.436463499096261103e+02 1.091603746838375275e-08
1.447434531070921366e+02 3.247247629049020807e-08
1.458489354623067129e+02 0.000000000000000000e+00
1.469628609713321055e+02 4.272719906152876110e-08
1.480852941190023273e+02 0.000000000000000000e+00
1.492162998826563580e+02 0.000000000000000000e+00
1.503559437358994160e+02 1.039393298153546471e-08
1.515042916523934196e+02 1.037717024652700747e-08
1.526614101096758418e+02 1.029905794384442749e-08
1.538273660930082656e+02 1.020932697957722068e-08
1.550022270992544691e+02 1.009093013365803873e-08
1.561860611407872170e+02 1.004209061408640006e-08
1.573789367494260318e+02 3.976701020581432659e-08
1.585809229804039546e+02 1.971754126096822479e-08
1.597920894163653998e+02 9.839821737215413452e-09
1.610125061713944206e+02 1.952584063931057848e-08
1.622422438950733863e+02 1.927970854305192786e-08
1.634813737765729229e+02 2.880655732524911311e-08
1.647299675487729473e+02 9.533496249739923098e-09
1.659880974924153065e+02 1.890163227647996271e-08
1.672558364402883058e+02 0.000000000000000000e+00
1.685332577814427282e+02 0.000000000000000000e+00
1.698204354654404540e+02 1.844989334532601399e-08
1.711174440066350826e+02 1.828668791428500718e-08
1.724243584884858365e+02 9.084102496699645373e-09
1.737412545679041500e+02 0.000000000000000000e+00
1.750682084796334834e+02 8.970788450499303711e-09
1.764052970406620489e+02 1.777813512852405998e-08
1.777525976546700690e+02 1.761781247941314293e-08
1.791101883165108575e+02 1.750507980396135393e-08
1.804781476167256642e+02 0.000000000000000000e+00
1.818565547460933089e+02 0.000000000000000000e+00
1.832454895002142905e+02 8.554923814720284534e-09
1.846450322841304228e+02 8.506974222768763163e-09
1.860552641169795152e+02 8.406095820886270825e-09
1.874762666366852955e+02 8.379705819705419268e-09
1.889081221046837413e+02 0.000000000000000000e+00
1.903509134106845408e+02 0.000000000000000000e+00
1.918047240774702118e+02 0.000000000000000000e+00
1.932696382657309186e+02 0.000000000000000000e+00
1.947457407789366925e+02 0.000000000000000000e+00
1.962331170682464574e+02 7.990018186037520402e-09
1.977318532374547715e+02 3.174551848942824685e-08
1.992420360479763985e+02 7.843995652553486763e-09
