-5.748448701665372695e+00 2.897769480058280016e-08
-5.740196126676213595e+00 2.187557609055279902e-08
-5.731943551687052718e+00 5.155095411911090602e-08
-5.723690976697893618e+00 1.481268692327667001e-08
-5.715438401708732741e+00 5.235347124406503322e-08
-5.707185826719573640e+00 3.008542117724928696e-08
-5.698933251730412763e+00 7.585527358400624563e-09
-5.690680676741253663e+00 5.346455593639184251e-08
-5.682428101752092786e+00 7.725497642961667741e-09
-5.674175526762933686e+00 1.557523979802825538e-08
-5.665922951773772809e+00 4.692897723367688076e-08
-5.657670376784613708e+00 1.577135200244973752e-08
-5.649417801795453720e+00 2.375224908928854860e-08
-5.641165226806293731e+00 2.400858579846443227e-08
-5.632912651817134631e+00 2.416061684995443712e-08
-5.624660076827973754e+00 2.436009170192310116e-08
-5.616407501838814653e+00 5.736032338939720484e-08
-5.608154926849653776e+00 3.298822371899935680e-08
-5.599902351860494676e+00 3.324774252974055760e-08
-5.591649776871333799e+00 8.391026276157526953e-09
-5.583397201882174699e+00 4.223570285763265745e-08
-5.575144626893013822e+00 6.803944711307174983e-08
-5.566892051903854721e+00 2.570316330245432367e-08
-5.558639476914693844e+00 7.767016628062970487e-08
-5.550386901925534744e+00 2.610788558301912140e-08
-5.542134326936373867e+00 5.260476854264011589e-08
-5.533881751947214767e+00 6.176803781141493670e-08
-5.525629176958053890e+00 6.233791509224634294e-08
-5.517376601968894789e+00 2.692883982600068648e-08
-5.509124026979733912e+00 7.215321743525446164e-08
-5.500871451990574812e+00 4.556144678511944128e-08
-5.492618877001413935e+00 4.582754714008914762e-08
-5.484366302012254835e+00 1.847760919494127399e-08
-5.476113727023093958e+00 3.726620175828686902e-08
-5.467861152033934857e+00 2.817631790131747776e-08
-5.459608577044773980e+00 2.833289511356062126e-08
-5.451356002055614880e+00 6.663974993191981906e-08
-5.443103427066454891e+00 2.880042785145208053e-08
-5.434850852077294903e+00 6.766412090687525734e-08
-5.426598277088134914e+00 2.920936389214859243e-08
-5.418345702098974925e+00 2.948336571647444256e-08
-5.410093127109815825e+00 5.943799800371128011e-08
-5.401840552120654948e+00 5.981442119561721732e-08
-5.393587977131495848e+00 7.032641845554156989e-08
-5.385335402142334971e+00 2.023243264684149543e-08
-5.377082827153175870e+00 2.040161283764177555e-08
-5.368830252164014993e+00 3.083050078795216694e-08
-5.360577677174855893e+00 4.145665174980248176e-08
-5.352325102185695016e+00 9.390766588868636018e-08
-5.344072527196535916e+00 7.364325075184695809e-08
-5.335819952207375039e+00 1.165788870798861008e-07
-5.327567377218215938e+00 5.342604410611225651e-08
-5.319314802229055061e+00 8.608995708047472244e-08
-5.311062227239895961e+00 4.341320205313148288e-08
-5.302809652250735084e+00 6.555178841855400094e-08
-5.294557077261575984e+00 5.500996049445629168e-08
-5.286304502272415107e+00 5.553365088622856353e-08
-5.278051927283256006e+00 4.472149755449801248e-08
-5.269799352294095129e+00 6.753343011607888869e-08
-5.261546777304936029e+00 6.819054968486213357e-08
-5.253294202315775152e+00 6.867879882693508968e-08
-5.245041627326616052e+00 5.760864182596032058e-08
-5.236789052337456063e+00 4.639642500167195088e-08
-5.228536477348296074e+00 8.186021177709705412e-08
-5.220283902359136086e+00 2.359876769238535130e-08
-5.212031327369976097e+00 8.315994486369556122e-08
-5.203778752380816996e+00 5.977946134575268179e-08
-5.195526177391656120e+00 4.824671434212449869e-08
-5.187273602402497019e+00 4.854048644480916068e-08
-5.179021027413336142e+00 3.670163022027838360e-08
-5.170768452424177042e+00 7.405939240794675820e-08
-5.162515877435016165e+00 7.454421626689209942e-08
-5.154263302445857065e+00 1.002384132387838983e-07
-5.146010727456696188e+00 8.834432561828701588e-08
-5.137758152467537087e+00 7.635932864878827512e-08
-5.129505577478376210e+00 3.840241517391279014e-08
-5.121253002489217110e+00 1.032989968016913293e-07
-5.113000427500056233e+00 6.513034982007856914e-08
-5.104747852510897133e+00 9.177346786814170703e-08
-5.096495277521736256e+00 2.642404959109369820e-08
-5.088242702532577155e+00 5.330207583517722283e-08
-5.079990127543416278e+00 1.073980240882580812e-07
-5.071737552554257178e+00 5.402196964438579947e-08
-5.063484977565096301e+00 8.171897388130032694e-08
-5.055232402575937201e+00 9.621514268868470767e-08
-5.046979827586776324e+00 1.106571650349111371e-07
-5.038727252597617223e+00 5.563580580465588567e-08
-5.030474677608457235e+00 1.262748368583963424e-07
-5.022222102619297246e+00 1.274535763393884415e-07
-5.013969527630137257e+00 1.708965928547251452e-07
-5.005716952640977269e+00 1.292686014171910164e-07
-4.997464377651817280e+00 2.897574004976524437e-08
-4.989211802662657291e+00 1.313573196733850739e-07
-4.980959227673498191e+00 1.469113194853464677e-07
-4.972706652684337314e+00 1.037807749186141883e-07
-4.964454077695178214e+00 1.342454195018650690e-07
-4.956201502706017337e+00 7.530992546481795560e-08
-4.947948927716858236e+00 1.059707638810740933e-07
-4.939696352727697359e+00 7.635004301567086646e-08
-4.931443777738538259e+00 9.228954628808895042e-08
-4.923191202749377382e+00 9.289272051769096004e-08
-4.914938627760218282e+00 1.561222207738668805e-07
-4.906686052771057405e+00 1.890712258734248611e-07
-4.898433477781898304e+00 1.109735114851782996e-07
-4.890180902792737427e+00 1.759901145171993958e-07
-4.881928327803578327e+00 1.606881533052738060e-08
-4.873675752814417450e+00 9.740791191445448274e-08
-4.865423177825258350e+00 1.473658985567765655e-07
-4.857170602836097473e+00 1.153975341162022687e-07
-4.848918027846938372e+00 1.162432513721614894e-07
-4.840665452857777495e+00 1.839869992141023357e-07
-4.832412877868618395e+00 2.021222414473610490e-07
-4.824160302879457518e+00 1.697985331036223023e-07
-4.815907727890298418e+00 8.559953981631361079e-08
-4.807655152901138429e+00 1.206637596951395584e-07
-4.799402577911978440e+00 1.214434479398519470e-07
-4.791150002922818452e+00 1.226242613591492428e-07
-4.782897427933658463e+00 1.940919374291195419e-07
-4.774644852944499362e+00 1.244531827862291449e-07
-4.766392277955338486e+00 2.329339652642003415e-07
-4.758139702966179385e+00 1.263013935453997337e-07
-4.749887127977018508e+00 2.547117942775584877e-07
-4.741634552987859408e+00 1.832066694480820150e-07
-4.733381977998698531e+00 1.477633698140942045e-07
-4.725129403009539431e+00 1.861111203195789697e-07
-4.716876828020378554e+00 2.250522123127854419e-07
-4.708624253031219453e+00 2.081001328134530338e-07
-4.700371678042058576e+00 1.520818327064849532e-07
-4.692119103052899476e+00 1.917111322078315684e-07
-4.683866528063738599e+00 3.863678621638073558e-08
-4.675613953074579499e+00 1.558804690801785746e-07
-4.667361378085418622e+00 1.570788596440404605e-07
-4.659108803096259521e+00 1.777067619651073525e-07
-4.650856228107098644e+00 2.192129536625094209e-07
-4.642603653117939544e+00 8.030296907155739089e-08
-4.634351078128778667e+00 1.618999581775050387e-07
-4.626098503139619567e+00 1.836281733206544606e-07
-4.617845928150459578e+00 1.231419023786080246e-07
-4.609593353161299589e+00 1.448063276346223377e-07
-4.601340778172139601e+00 1.877181727186857794e-07
-4.593088203182979612e+00 1.891772150970444982e-07
-4.584835628193819623e+00 1.694082823769563906e-07
-4.576583053204659635e+00 1.280707251835311724e-07
-4.568330478215499646e+00 2.579293771992688393e-07
-4.560077903226339657e+00 1.947680204996957653e-07
-4.551825328237180557e+00 2.401813961049902159e-07
-4.543572753248019680e+00 2.418770659653746601e-07
-4.535320178258860579e+00 6.640960775384769046e-08
-4.527067603269699703e+00 3.792083361431226454e-07
-4.518815028280540602e+00 4.053623655660174595e-07
-4.510562453291379725e+00 1.586739634915418286e-07
-4.502309878302220625e+00 2.967837668951212219e-07
-4.494057303313059748e+00 2.764861394779551021e-07
-4.485804728323900648e+00 1.854051705143303628e-07
-4.477552153334739771e+00 1.636564408249324559e-07
-4.469299578345580670e+00 1.650224788949877379e-07
-4.461047003356419793e+00 2.132373848541911256e-07
-4.452794428367260693e+00 3.344402571192521820e-07
-4.444541853378099816e+00 2.410298294874923925e-07
-4.436289278388940716e+00 2.182034739828921156e-07
-4.428036703399779839e+00 3.668178801130144554e-07
-4.419784128410620738e+00 2.712635251103227959e-07
-4.411531553421459861e+00 3.724556669578977970e-07
-4.403278978432300761e+00 3.754847609043263417e-07
-4.395026403443140772e+00 3.275828034536441941e-07
-4.386773828453980784e+00 2.794730938319030830e-07
-4.378521253464820795e+00 1.281070372172842521e-07
-4.370268678475660806e+00 2.839834308022481256e-07
-4.362016103486500818e+00 3.642308903050336362e-07
-4.353763528497340829e+00 3.662430251866830348e-07
-4.345510953508181728e+00 2.374557657575533397e-07
-4.337258378519020852e+00 3.189275637823652228e-07
-4.329005803529861751e+00 1.877763069958111594e-07
-4.320753228540700874e+00 3.237501939701158698e-07
-4.312500653551541774e+00 2.993890390216000193e-07
-4.304248078562380897e+00 4.389593252457876741e-07
-4.295995503573221797e+00 5.251143600780957580e-07
-4.287742928584060920e+00 3.897473298800892069e-07
-4.279490353594901819e+00 5.327744519061366546e-07
-4.271237778605740942e+00 3.952645923584584554e-07
-4.262985203616581842e+00 3.699714929395071168e-07
-4.254732628627420965e+00 4.875192887246094476e-07
-4.246480053638261865e+00 3.757089525514853948e-07
-4.238227478649100988e+00 3.207545574338194353e-07
-4.229974903659941887e+00 1.468972678350130311e-07
-4.221722328670781010e+00 2.958762970212985779e-07
-4.213469753681621910e+00 2.975469071158083737e-07
-4.205217178692461033e+00 3.304036231883042724e-07
-4.196964603703301933e+00 4.235220748046939816e-07
-4.188712028714141944e+00 3.050422616420460836e-07
-4.180459453724981955e+00 5.832747598353540696e-07
-4.172206878735821967e+00 3.716807133921401458e-07
-4.163954303746661978e+00 4.678041504742636066e-07
-4.155701728757501989e+00 2.828952508405996791e-07
-4.147449153768342001e+00 5.073609341100404439e-07
-4.139196578779182012e+00 5.740812480960975723e-07
-4.130944003790022023e+00 2.249404387234589419e-07
-4.122691428800862923e+00 4.210371231101468505e-07
-4.114438853811702046e+00 6.850743024464276239e-07
-4.106186278822542945e+00 4.603035255395039123e-07
-4.097933703833382069e+00 5.304516045086138872e-07
-4.089681128844222968e+00 4.343950679388801422e-07
-4.081428553855062091e+00 5.046851638096457383e-07
-4.073175978865902991e+00 7.117677928537760288e-07
-4.064923403876742114e+00 4.440413634147133318e-07
-4.056670828887583014e+00 7.923558138716420482e-07
-4.048418253898422137e+00 5.552548404784382818e-07
-4.040165678909263036e+00 4.540983082887806101e-07
-4.031913103920102159e+00 6.695017244362099108e-07
-4.023660528930943059e+00 8.872410374922898833e-07
-4.015407953941782182e+00 4.649414612596023490e-07
-4.007155378952623082e+00 6.484038672225128631e-07
-3.998902803963462649e+00 5.808889150428014653e-07
-3.990650228974302660e+00 7.316957507956580259e-07
-3.982397653985143116e+00 5.531644767347643902e-07
-3.974145078995983127e+00 5.574241855021205076e-07
-3.965892504006823138e+00 7.858968526552927248e-07
-3.957639929017663150e+00 5.656170518913515654e-07
-3.949387354028503161e+00 4.943989509286857416e-07
-3.941134779039343172e+00 6.512471874935796227e-07
-3.932882204050183184e+00 4.244155794674078564e-07
-3.924629629061023639e+00 6.217253484595040005e-07
-3.916377054071863650e+00 4.311636151280008017e-07
-3.908124479082703662e+00 7.104457444443873975e-07
-3.899871904093543673e+00 5.966824032827212295e-07
-3.891619329104383684e+00 5.215022967663424399e-07
-3.883366754115223696e+00 4.849205094067069698e-07
-3.875114179126063707e+00 6.917369861620981751e-07
-3.866861604136903718e+00 5.332826514136140260e-07
-3.858609029147743730e+00 7.437488178557778440e-07
-3.850356454158583741e+00 8.323906153386174202e-07
-3.842103879169423752e+00 1.007020469438160702e-06
-3.833851304180263764e+00 7.193337746074777908e-07
-3.825598729191103775e+00 8.091305250402069518e-07
-3.817346154201943786e+00 7.294649033871872501e-07
-3.809093579212783798e+00 9.510215872734370997e-07
-3.800841004223623809e+00 9.151847487582376212e-07
-3.792588429234463820e+00 8.784471066291644449e-07
-3.784335854245303832e+00 5.307579393447847190e-07
-3.776083279256144287e+00 1.159289017411192284e-06
-3.767830704266984299e+00 8.091303699184760025e-07
-3.759578129277824310e+00 7.701061526727087189e-07
-3.751325554288664321e+00 6.389914625891660377e-07
-3.743072979299504333e+00 9.654184815170648245e-07
-3.734820404310344344e+00 1.157395662217247501e-06
-3.726567829321184355e+00 1.259934340569066222e-06
-3.718315254332024367e+00 7.532359823070071149e-07
-3.710062679342864378e+00 8.994749857525379759e-07
-3.701810104353704389e+00 1.098086936379968138e-06
-3.693557529364544401e+00 1.346326350570424393e-06
-3.685304954375384856e+00 1.115191709837323860e-06
-3.677052379386224867e+00 8.793141885029431785e-07
-3.668799804397064879e+00 9.839984767194877855e-07
-3.660547229407904890e+00 9.916985151379746585e-07
-3.652294654418744901e+00 1.099130798390384891e-06
-3.644042079429584913e+00 1.208927189343918704e-06
-3.635789504440424924e+00 1.014680932438687545e-06
-3.627536929451264935e+00 8.172614091055793512e-07
-3.619284354462104947e+00 1.236067559904936612e-06
-3.611031779472944958e+00 1.401268886207612681e-06
-3.602779204483784969e+00 1.046483506491404626e-06
-3.594526629494624981e+00 1.370561572082931299e-06
-3.586274054505465436e+00 1.275057713739480197e-06
-3.578021479516305448e+00 9.094521638859645325e-07
-3.569768904527145459e+00 8.086611362520891095e-07
-3.561516329537985470e+00 1.086731182011543938e-06
-3.553263754548825482e+00 1.204653013569065746e-06
-3.545011179559665493e+00 1.267857772484307701e-06
-3.536758604570505504e+00 9.448165449186175242e-07
-3.528506029581345516e+00 1.064080394436044656e-06
-3.520253454592185527e+00 1.297477805552617345e-06
-3.512000879603025538e+00 7.954588231226551048e-07
-3.503748304613865550e+00 1.719464426570146910e-06
-3.495495729624705561e+00 7.508251600880269193e-07
-3.487243154635545572e+00 8.150161068374446513e-07
-3.478990579646385584e+00 1.700394004434204455e-06
-3.470738004657226039e+00 1.535688400567442858e-06
-3.462485429668066050e+00 1.666275390383976891e-06
-3.454232854678906062e+00 1.379142171567673263e-06
-3.445980279689746073e+00 1.329308290749462720e-06
-3.437727704700586084e+00 1.034708865056124500e-06
-3.429475129711426096e+00 1.595268762768105331e-06
-3.421222554722266107e+00 4.946412069204146621e-07
-3.412969979733106118e+00 1.557643186216471850e-06
-3.404717404743946130e+00 1.756074477720895410e-06
-3.396464829754786141e+00 1.706900931758620079e-06
-3.388212254765626152e+00 1.402442783728290774e-06
-3.379959679776466164e+00 1.540350017855420646e-06
-3.371707104787306619e+00 1.423940938479813558e-06
-3.363454529798146631e+00 1.956036202746630133e-06
-3.355201954808986642e+00 2.233968736782861102e-06
-3.346949379819826653e+00 1.721297239595729685e-06
-3.338696804830666665e+00 2.401774347805565852e-06
-3.330444229841506676e+00 1.745909152721892130e-06
-3.322191654852346687e+00 1.761590631356496685e-06
-3.313939079863186699e+00 1.707321562672247718e-06
-3.305686504874026710e+00 1.512452429164159264e-06
-3.297433929884866721e+00 2.425518757900200009e-06
-3.289181354895706733e+00 2.093625391431889021e-06
-3.280928779906546744e+00 1.547957052696522285e-06
-3.272676204917386755e+00 2.126989996077839630e-06
-3.264423629928227211e+00 2.000359518809325421e-06
-3.256171054939067222e+00 2.518691961410591257e-06
-3.247918479949907233e+00 1.596248447600415646e-06
-3.239665904960747245e+00 2.044490016129482820e-06
-3.231413329971587256e+00 2.209118272209234029e-06
-3.223160754982427267e+00 1.853808847731255985e-06
-3.214908179993267279e+00 2.316790311582487722e-06
-3.206655605004107290e+00 2.485756513417060067e-06
-3.198403030014947301e+00 2.048298158915708506e-06
-3.190150455025787313e+00 2.600232844870275350e-06
-3.181897880036627324e+00 3.160571963880812527e-06
-3.173645305047467335e+00 2.254466681530934990e-06
-3.165392730058307791e+00 2.112177423264360069e-06
-3.157140155069147802e+00 2.208644240143967528e-06
-3.148887580079987814e+00 3.178740158674795506e-06
-3.140635005090827825e+00 1.999649481258297733e-06
-3.132382430101667836e+00 2.340086289242068858e-06
-3.124129855112507848e+00 2.113172602997501870e-06
-3.115877280123347859e+00 2.784284610045784713e-06
-3.107624705134187870e+00 2.476090473687604360e-06
-3.099372130145027882e+00 3.995037783307681564e-06
-3.091119555155867893e+00 2.767253852421838135e-06
-3.082866980166707904e+00 2.785296588959826552e-06
-3.074614405177547916e+00 2.724463832408635808e-06
-3.066361830188387927e+00 2.828480944821937495e-06
-3.058109255199227938e+00 3.972999116477869397e-06
-3.049856680210068394e+00 2.264371847568406458e-06
-3.041604105220908405e+00 3.069263856231021203e-06
-3.033351530231748416e+00 3.095161567871629146e-06
-3.025098955242588428e+00 3.562684192107744751e-06
-3.016846380253428439e+00 3.409682833150695661e-06
-3.008593805264268450e+00 2.803184117168457480e-06
-3.000341230275108462e+00 3.828467456965533240e-06
-2.992088655285948473e+00 4.224395446584374330e-06
-2.983836080296788484e+00 3.701363694621939081e-06
-2.975583505307628496e+00 3.913995425040300083e-06
-2.967330930318468507e+00 4.319268527731222534e-06
-2.959078355329308518e+00 4.636087822889789945e-06
-2.950825780340148974e+00 3.146621728999616314e-06
-2.942573205350988985e+00 4.899643808913954640e-06
-2.934320630361828997e+00 3.001663109702828872e-06
-2.926068055372669008e+00 4.292008504087014936e-06
-2.917815480383509019e+00 4.029429644107602277e-06
-2.909562905394349031e+00 4.654968920360821873e-06
-2.901310330405189042e+00 4.989579538788576392e-06
-2.893057755416029053e+00 4.022513665123618469e-06
-2.884805180426869065e+00 4.255800073644223328e-06
-2.876552605437709076e+00 4.083762741478566864e-06
-2.868300030448549087e+00 3.602054777517438407e-06
-2.860047455459389099e+00 4.459286070267863470e-06
-2.851794880470229110e+00 5.847984929799509765e-06
-2.843542305481069565e+00 3.684150145605098859e-06
-2.835289730491909577e+00 5.196779560051375430e-06
-2.827037155502749588e+00 4.597049932814612402e-06
-2.818784580513589599e+00 4.305342801475793475e-06
-2.810532005524429611e+00 4.774884114115405261e-06
-2.802279430535269622e+00 5.683326173239909633e-06
-2.794026855546109633e+00 4.405027392568025815e-06
-2.785774280556949645e+00 5.105953291246956669e-06
-2.777521705567789656e+00 5.593601885495722713e-06
-2.769269130578629667e+00 6.200151998195911194e-06
-2.761016555589469679e+00 6.134799085602274385e-06
-2.752763980600309690e+00 5.262185065476182148e-06
-2.744511405611150145e+00 6.456680170763907898e-06
-2.736258830621990157e+00 5.576572576269063979e-06
-2.728006255632830168e+00 6.674539541319466496e-06
-2.719753680643670180e+00 6.250734393251912538e-06
-2.711501105654510191e+00 5.942424148123702374e-06
-2.703248530665350202e+00 6.468016253252282131e-06
-2.694995955676190214e+00 5.189566683758374637e-06
-2.686743380687030225e+00 7.052140413774822283e-06
-2.678490805697870236e+00 7.352995591226287756e-06
-2.670238230708710248e+00 7.782670560387232097e-06
-2.661985655719550259e+00 6.096861671541645808e-06
-2.653733080730390270e+00 7.396136816247995091e-06
-2.645480505741230282e+00 6.948806910365421175e-06
-2.637227930752070293e+00 6.494611088910230951e-06
-2.628975355762910748e+00 7.823307592244521186e-06
-2.620722780773750760e+00 7.366924516032827745e-06
-2.612470205784590771e+00 7.422594674458108283e-06
-2.604217630795430782e+00 8.527747242281445074e-06
-2.595965055806270794e+00 7.933956887252675610e-06
-2.587712480817110805e+00 8.792069371135397397e-06
-2.579459905827950816e+00 1.034200288118621089e-05
-2.571207330838790828e+00 8.659502323583036403e-06
-2.562954755849630839e+00 7.495259155489625921e-06
-2.554702180860470850e+00 8.238811041027436594e-06
-2.546449605871310862e+00 7.889225548147513038e-06
-2.538197030882150873e+00 1.157816578479261355e-05
-2.529944455892991328e+00 9.555293440057188004e-06
-2.521691880903831340e+00 9.626457396693575253e-06
-2.513439305914671351e+00 1.056121920750143895e-05
-2.505186730925511362e+00 1.078168319879290233e-05
-2.496934155936351374e+00 9.707437100668011600e-06
-2.488681580947191385e+00 9.198386228427162431e-06
-2.480429005958031397e+00 1.102638043820365254e-05
-2.472176430968871408e+00 9.630565893588017480e-06
-2.463923855979711419e+00 1.149391650665550411e-05
-2.455671280990551431e+00 1.142680506261005384e-05
-2.447418706001391442e+00 1.243113208489370383e-05
-2.439166131012231453e+00 1.222195481252497749e-05
-2.430913556023071465e+00 1.231289492773182652e-05
-2.422660981033911476e+00 1.364738202022624714e-05
-2.414408406044751931e+00 1.406975780089243622e-05
-2.406155831055591943e+00 1.338873647370270603e-05
-2.397903256066431954e+00 1.269438193485153732e-05
-2.389650681077271965e+00 1.327190685495116762e-05
-2.381398106088111977e+00 9.987488889927631858e-06
-2.373145531098951988e+00 1.477519601814988096e-05
-2.364892956109791999e+00 1.128791997165677376e-05
-2.356640381120632011e+00 1.499610988547651326e-05
-2.348387806131472022e+00 1.328271115550458920e-05
-2.340135231142312033e+00 1.288728595453042720e-05
-2.331882656153152045e+00 1.735999810696723151e-05
-2.323630081163992056e+00 1.444604999144702420e-05
-2.315377506174832511e+00 1.592933462958545418e-05
-2.307124931185672523e+00 1.725344546736764674e-05
-2.298872356196512534e+00 1.512027565644935489e-05
-2.290619781207352545e+00 1.838960695956629957e-05
-2.282367206218192557e+00 1.641059192585526895e-05
-2.274114631229032568e+00 2.008957550989179429e-05
-2.265862056239872580e+00 1.881905407929626155e-05
-2.257609481250712591e+00 1.552660007135249834e-05
-2.249356906261552602e+00 1.801515951739243154e-05
-2.241104331272392614e+00 1.704725717921706492e-05
-2.232851756283232625e+00 1.570220852181128824e-05
-2.224599181294072636e+00 1.955135525294556025e-05
-2.216346606304912648e+00 1.706825761739777473e-05
-2.208094031315753103e+00 1.644427429328974548e-05
-2.199841456326593114e+00 1.751866325924421940e-05
-2.191588881337433126e+00 2.321626812630590993e-05
-2.183336306348273137e+00 2.243205862176371503e-05
-2.175083731359113148e+00 2.182474194172910311e-05
-2.166831156369953160e+00 2.395638054630000661e-05
-2.158578581380793171e+00 2.472461499100298690e-05
-2.150326006391633182e+00 2.132352662255089781e-05
-2.142073431402473194e+00 2.148615727659958479e-05
-2.133820856413313205e+00 2.650864275266234403e-05
-2.125568281424153216e+00 2.549083505237263229e-05
-2.117315706434993228e+00 2.465719402685667572e-05
-2.109063131445833683e+00 2.754119918000253839e-05
-2.100810556456673694e+00 2.420243641162073177e-05
-2.092557981467513706e+00 2.775545424627954194e-05
-2.084305406478353717e+00 2.817164802112355945e-05
-2.076052831489193728e+00 2.796326279396762717e-05
-2.067800256500033740e+00 2.322415782612165811e-05
-2.059547681510873751e+00 2.925046225498051540e-05
-2.051295106521713763e+00 2.838705067755368700e-05
-2.043042531532553774e+00 2.772514977999598893e-05
-2.034789956543393785e+00 3.236900595472420281e-05
-2.026537381554233797e+00 3.194257876135288249e-05
-2.018284806565073808e+00 3.308217382964247921e-05
-2.010032231575913819e+00 3.674514984265719094e-05
-2.001779656586753831e+00 4.158919393298482855e-05
-1.993527081597594286e+00 3.177672147057589722e-05
-1.985274506608434297e+00 3.619959360675717008e-05
-1.977021931619274309e+00 3.904981950490147143e-05
-1.968769356630114320e+00 3.957727704653637817e-05
-1.960516781640954331e+00 3.846004035771023711e-05
-1.952264206651794343e+00 3.851658034390885639e-05
-1.944011631662634354e+00 3.736558469800024091e-05
-1.935759056673474365e+00 4.614191734318371236e-05
-1.927506481684314377e+00 4.282163422647568816e-05
-1.919253906695154388e+00 4.168706224693400275e-05
-1.911001331705994399e+00 4.398054612121775613e-05
-1.902748756716834411e+00 4.532141367481917375e-05
-1.894496181727674644e+00 4.363873008169109804e-05
-1.886243606738514877e+00 4.194524762350714740e-05
-1.877991031749354889e+00 4.507155332785465492e-05
-1.869738456760194900e+00 5.058592376555157193e-05
-1.861485881771034911e+00 5.044747150051998312e-05
-1.853233306781874923e+00 5.607884350655956357e-05
-1.844980731792714934e+00 4.989842426986003713e-05
-1.836728156803554945e+00 5.801206535683140338e-05
-1.828475581814394957e+00 5.629424362850752515e-05
-1.820223006825234968e+00 6.105449408058559642e-05
-1.811970431836074980e+00 5.825262784885353186e-05
-1.803717856846914991e+00 5.868353100046787350e-05
-1.795465281857755224e+00 6.412649328662872337e-05
-1.787212706868595458e+00 6.711716139800066492e-05
-1.778960131879435469e+00 6.650349673973361231e-05
-1.770707556890275480e+00 6.475391763688979560e-05
-1.762454981901115492e+00 7.236670954902025188e-05
-1.754202406911955503e+00 6.027205412029084460e-05
-1.745949831922795514e+00 7.203654724823755631e-05
-1.737697256933635526e+00 7.782187208136301469e-05
-1.729444681944475537e+00 8.751694611645764656e-05
-1.721192106955315548e+00 7.841804855512374175e-05
-1.712939531966155560e+00 7.245548790588862047e-05
-1.704686956976995571e+00 8.111846011421265873e-05
-1.696434381987835582e+00 9.446754960903164136e-05
-1.688181806998675594e+00 8.543093044056357171e-05
-1.679929232009515605e+00 9.377244130559629642e-05
-1.671676657020355616e+00 1.034496558807783097e-04
-1.663424082031195628e+00 9.206041855727423097e-05
-1.655171507042035639e+00 1.034735111661522021e-04
-1.646918932052875650e+00 9.506138373699572828e-05
-1.638666357063715662e+00 1.111208742970608759e-04
-1.630413782074556117e+00 1.077690328341609995e-04
-1.622161207085396573e+00 1.140943290995323299e-04
-1.613908632096236584e+00 1.104006255602726227e-04
-1.605656057107076595e+00 1.122469729963360851e-04
-1.597403482117916607e+00 1.101002056952546588e-04
-1.589150907128756618e+00 1.159805365978742862e-04
-1.580898332139596629e+00 1.191773354616892033e-04
-1.572645757150436641e+00 1.455531960070816663e-04
-1.564393182161276652e+00 1.309337803683608477e-04
-1.556140607172116663e+00 1.281623349822048408e-04
-1.547888032182956675e+00 1.260059408364218151e-04
-1.539635457193796686e+00 1.465900205617054865e-04
-1.531382882204636697e+00 1.568548074050665785e-04
-1.523130307215476709e+00 1.374553526710714144e-04
-1.514877732226316720e+00 1.531866629578144934e-04
-1.506625157237156731e+00 1.575622791782192592e-04
-1.498372582247996743e+00 1.689424361371218565e-04
-1.490120007258836754e+00 1.585072841502274145e-04
-1.481867432269676765e+00 1.822085551003503438e-04
-1.473614857280516777e+00 1.914221664899749755e-04
-1.465362282291356788e+00 1.681677215861489239e-04
-1.457109707302196799e+00 1.962746477249385161e-04
-1.448857132313036811e+00 1.905106155618732199e-04
-1.440604557323876822e+00 1.973162693209593390e-04
-1.432351982334716833e+00 2.135482566187150836e-04
-1.424099407345557289e+00 2.073959458229472543e-04
-1.415846832356397744e+00 2.093608086854058996e-04
-1.407594257367237756e+00 2.302366627042314528e-04
-1.399341682378077767e+00 2.260822108621040444e-04
-1.391089107388917778e+00 2.309831645086004345e-04
-1.382836532399757790e+00 2.363880309277907653e-04
-1.374583957410597801e+00 2.553672056105347793e-04
-1.366331382421437812e+00 2.650677006713430097e-04
-1.358078807432277824e+00 2.658051881944785899e-04
-1.349826232443117835e+00 2.841236556954150681e-04
-1.341573657453957846e+00 3.077606783620876071e-04
-1.333321082464797858e+00 3.130142992424567367e-04
-1.325068507475637869e+00 3.145179740022929337e-04
-1.316815932486477880e+00 3.040441200007223087e-04
-1.308563357497317892e+00 3.176081403294131683e-04
-1.300310782508157903e+00 3.418372702461731504e-04
-1.292058207518997914e+00 3.444829787542210754e-04
-1.283805632529837926e+00 3.541738194699385741e-04
-1.275553057540677937e+00 3.832244581636111511e-04
-1.267300482551517948e+00 3.928938468557087752e-04
-1.259047907562357960e+00 3.854455321396408848e-04
-1.250795332573197971e+00 3.947885365679850052e-04
-1.242542757584037982e+00 4.106395523484422899e-04
-1.234290182594877994e+00 4.466781101150906516e-04
-1.226037607605718005e+00 4.393792497934562603e-04
-1.217785032616558016e+00 4.526348488367533721e-04
-1.209532457627398472e+00 4.745879986755372881e-04
-1.201279882638238927e+00 4.967994818866828177e-04
-1.193027307649078939e+00 5.000734708115409793e-04
-1.184774732659918950e+00 5.252820838288999473e-04
-1.176522157670758961e+00 5.961815832932783592e-04
-1.168269582681598973e+00 5.570107811564630092e-04
-1.160017007692438984e+00 5.905275787966813520e-04
-1.151764432703278995e+00 6.084836343659106531e-04
-1.143511857714119007e+00 6.413074018696432801e-04
-1.135259282724959018e+00 6.761849709817912028e-04
-1.127006707735799029e+00 6.757624905578110599e-04
-1.118754132746639041e+00 7.008938152529729446e-04
-1.110501557757479052e+00 7.338659472677649823e-04
-1.102248982768319063e+00 7.368634360990011312e-04
-1.093996407779159075e+00 7.809652760540939731e-04
-1.085743832789999086e+00 8.315670205585473391e-04
-1.077491257800839097e+00 8.650630143027505069e-04
-1.069238682811679109e+00 9.171473504566308305e-04
-1.060986107822519120e+00 8.773671485669773959e-04
-1.052733532833359131e+00 9.409255712315977302e-04
-1.044480957844199143e+00 9.757963878207674907e-04
-1.036228382855039154e+00 9.909702387653682425e-04
-1.027975807865879165e+00 1.063440576038465540e-03
-1.019723232876719177e+00 1.107841843329710569e-03
-1.011470657887559188e+00 1.173175054969973928e-03
-1.003218082898399199e+00 1.131164480512740966e-03
-9.949655079092396548e-01 1.289879785741701590e-03
-9.867129329200801102e-01 1.287568444125833551e-03
-9.784603579309201216e-01 1.303295953357134010e-03
-9.702077829417601329e-01 1.406004167246526935e-03
-9.619552079526001442e-01 1.445173126189272907e-03
-9.537026329634401556e-01 1.501907685107658564e-03
-9.454500579742801669e-01 1.586494989095197164e-03
-9.371974829851201783e-01 1.610220524895941913e-03
-9.289449079959601896e-01 1.633576507046614413e-03
-9.206923330068002009e-01 1.740604258967532944e-03
-9.124397580176402123e-01 1.808777454801659135e-03
-9.041871830284802236e-01 1.927490428507804563e-03
-8.959346080393202350e-01 1.970593325604848723e-03
-8.876820330501602463e-01 2.000985834973130397e-03
-8.794294580610002576e-01 2.146017582598250522e-03
-8.711768830718402690e-01 2.304789329463201742e-03
-8.629243080826802803e-01 2.383103357953309485e-03
-8.546717330935202916e-01 2.443930448994535102e-03
-8.464191581043603030e-01 2.618949761571127965e-03
-8.381665831152003143e-01 2.596386414490055566e-03
-8.299140081260403257e-01 2.778859026112003461e-03
-8.216614331368803370e-01 2.953936971731510683e-03
-8.134088581477203483e-01 3.050803398380434912e-03
-8.051562831585603597e-01 3.223353487589402429e-03
-7.969037081694003710e-01 3.409987910900664967e-03
-7.886511331802408264e-01 3.478057462266541128e-03
-7.803985581910812819e-01 3.649678444038060611e-03
-7.721459832019212932e-01 3.770435586948685334e-03
-7.638934082127613046e-01 4.063507330188801704e-03
-7.556408332236013159e-01 4.255921806583252628e-03
-7.473882582344413272e-01 4.433475275143931166e-03
-7.391356832452813386e-01 4.641978702603841156e-03
-7.308831082561213499e-01 4.844676180869797455e-03
-7.226305332669613612e-01 5.048866548883593902e-03
-7.143779582778013726e-01 5.426884197189721891e-03
-7.061253832886413839e-01 5.541719049639786711e-03
-6.978728082994813953e-01 5.873851827783302219e-03
-6.896202333103214066e-01 5.975241849238178103e-03
-6.813676583211614179e-01 6.598429275527235849e-03
-6.731150833320014293e-01 6.825124145177213254e-03
-6.648625083428414406e-01 7.228704879929230033e-03
-6.566099333536814520e-01 7.717761150859925312e-03
-6.483573583645214633e-01 8.196320652460958520e-03
-6.401047833753614746e-01 8.414434887942374292e-03
-6.318522083862014860e-01 8.895952785515521058e-03
-6.235996333970414973e-01 9.628392686983226756e-03
-6.153470584078815087e-01 1.008929332953329393e-02
-6.070944834187215200e-01 1.050800567745913475e-02
-5.988419084295615313e-01 1.105401489369173956e-02
-5.905893334404015427e-01 1.176070679165098012e-02
-5.823367584512415540e-01 1.256561024982723665e-02
-5.740841834620820094e-01 1.319816038309629472e-02
-5.658316084729224649e-01 1.396570727046092877e-02
-5.575790334837624762e-01 1.484340308079004460e-02
-5.493264584946024875e-01 1.558353580534126148e-02
-5.410738835054424989e-01 1.647173964985755926e-02
-5.328213085162825102e-01 1.759603296912680068e-02
-5.245687335271225216e-01 1.870358226521810427e-02
-5.163161585379625329e-01 1.989238451330962304e-02
-5.080635835488025442e-01 2.133354870924855651e-02
-4.998110085596425556e-01 2.257772023801727160e-02
-4.915584335704825669e-01 2.405952508830019529e-02
-4.833058585813225783e-01 2.556019332916617190e-02
-4.750532835921625896e-01 2.732427156894453452e-02
-4.668007086030026009e-01 2.919564094733953855e-02
-4.585481336138426123e-01 3.109556923246730928e-02
-4.502955586246826236e-01 3.331292217416390034e-02
-4.420429836355226350e-01 3.560903821622301429e-02
-4.337904086463626463e-01 3.817214470093686918e-02
-4.255378336572026576e-01 4.121334685820212534e-02
-4.172852586680426690e-01 4.399670165175446207e-02
-4.090326836788826803e-01 4.719457869948186224e-02
-4.007801086897226917e-01 5.041871851842173041e-02
-3.925275337005627030e-01 5.428317665463808922e-02
-3.842749587114027143e-01 5.842083083372878738e-02
-3.760223837222427257e-01 6.278251519788036195e-02
-3.677698087330831811e-01 6.784475901025202593e-02
-3.595172337439236365e-01 7.296092472609030932e-02
-3.512646587547636479e-01 7.875191019135187320e-02
-3.430120837656036592e-01 8.528419956279520431e-02
-3.347595087764436705e-01 9.247965902839931640e-02
-3.265069337872836819e-01 1.001936206472667235e-01
-3.182543587981236932e-01 1.082689651480031878e-01
-3.100017838089637046e-01 1.174180421640016181e-01
-3.017492088198037159e-01 1.281068569425489745e-01
-2.934966338306437272e-01 1.389599917422313091e-01
-2.852440588414837386e-01 1.503767966042912074e-01
-2.769914838523237499e-01 1.645339602991411632e-01
-2.687389088631637613e-01 1.792474384395787990e-01
-2.604863338740037726e-01 1.967910437478276320e-01
-2.522337588848437839e-01 2.154623174228268712e-01
-2.439811838956837953e-01 2.353657891789582013e-01
-2.357286089065238066e-01 2.575804789566291109e-01
-2.274760339173638179e-01 2.821699205857032822e-01
-2.192234589282038293e-01 3.095363521236322302e-01
-2.109708839390438406e-01 3.418274837464345683e-01
-2.027183089498838520e-01 3.779031949589777284e-01
-1.944657339607238633e-01 4.160863077277068833e-01
-1.862131589715638746e-01 4.589962482128607246e-01
-1.779605839824038860e-01 5.036740513382552686e-01
-1.697080089932438973e-01 5.586470427996831356e-01
-1.614554340040839087e-01 6.192202363842258528e-01
-1.532028590149243641e-01 6.861968716094508647e-01
-1.449502840257648195e-01 7.606781017184984783e-01
-1.366977090366048309e-01 8.452655288868649031e-01
-1.284451340474448422e-01 9.375131210165366102e-01
-1.201925590582848535e-01 1.042646134520877732e+00
-1.119399840691248649e-01 1.158284346609772086e+00
-1.036874090799648762e-01 1.285081823825807712e+00
-9.543483409080488755e-02 1.428352065264062443e+00
-8.718225910164489889e-02 1.587160456172289846e+00
-7.892968411248491023e-02 1.762351518205997447e+00
-7.067710912332492157e-02 1.955789219663815803e+00
-6.242453413416493291e-02 2.162537714009856060e+00
-5.417195914500494425e-02 2.395895135940687481e+00
-4.591938415584495559e-02 2.639114628441162846e+00
-3.766680916668496693e-02 2.902251048715427384e+00
-2.941423417752497826e-02 3.188865066112994917e+00
-2.116165918836498960e-02 3.484097283868754058e+00
-1.290908419920500094e-02 3.792742038392231230e+00
-4.656509210045012281e-03 4.102210038802321712e+00
3.596065779114976380e-03 4.414597960055091974e+00
1.184864076827496504e-02 4.713658164454210819e+00
2.010121575743495370e-02 4.991415477034967019e+00
2.835379074659494236e-02 5.234285019408511985e+00
3.660636573575493102e-02 5.427608101563475174e+00
4.485894072491491968e-02 5.556753254915447471e+00
5.311151571407446426e-02 5.603224610592209665e+00
6.136409070323400883e-02 5.555548571016559301e+00
6.961666569239399749e-02 5.402950314659569209e+00
7.786924068155398615e-02 5.133755235688181706e+00
8.612181567071397481e-02 4.754046538865410731e+00
9.437439065987396347e-02 4.274885255437562925e+00
1.026269656490339521e-01 3.713672982777497911e+00
1.108795406381939408e-01 3.104279592010044109e+00
1.191321156273539295e-01 2.487087539413138426e+00
1.273846906165139181e-01 1.890996971935537507e+00
1.356372656056739068e-01 1.361744973139549231e+00
1.438898405948338954e-01 9.171478924380295217e-01
1.521424155839938841e-01 5.754571832941555165e-01
1.603949905731538728e-01 3.305503430522021002e-01
1.686475655623138614e-01 1.737687473239786506e-01
1.769001405514738501e-01 8.277654310728856102e-02
1.851527155406338387e-01 3.425051447148371592e-02
1.934052905297938274e-01 1.308511973616990898e-02
2.016578655189538161e-01 4.071466358602204502e-03
2.099104405081138047e-01 1.152028420225852633e-03
2.181630154972737934e-01 2.628273571299682672e-04
2.264155904864337820e-01 3.910642111433412636e-05
2.346681654755937707e-01 7.160652313923287961e-06
2.429207404647537594e-01 0.000000000000000000e+00
2.511733154539137480e-01 1.826722921863043825e-06
2.594258904430737367e-01 1.830540849534266390e-06
2.676784654322332813e-01 0.000000000000000000e+00
2.759310404213928258e-01 0.000000000000000000e+00
2.841836154105528145e-01 1.871835295635297835e-06
2.924361903997128032e-01 0.000000000000000000e+00
3.006887653888727918e-01 0.000000000000000000e+00
3.089413403780327805e-01 0.000000000000000000e+00
3.171939153671927691e-01 0.000000000000000000e+00
3.254464903563527578e-01 0.000000000000000000e+00
3.336990653455127465e-01 0.000000000000000000e+00
3.419516403346727351e-01 0.000000000000000000e+00
3.502042153238327238e-01 0.000000000000000000e+00
3.584567903129927124e-01 0.000000000000000000e+00
3.667093653021527011e-01 0.000000000000000000e+00
3.749619402913126898e-01 0.000000000000000000e+00
3.832145152804726784e-01 0.000000000000000000e+00
3.914670902696326671e-01 0.000000000000000000e+00
3.997196652587926557e-01 0.000000000000000000e+00
4.079722402479526444e-01 0.000000000000000000e+00
4.162248152371126331e-01 0.000000000000000000e+00
4.244773902262726217e-01 0.000000000000000000e+00
4.327299652154326104e-01 0.000000000000000000e+00
4.409825402045925991e-01 0.000000000000000000e+00
4.492351151937525877e-01 4.376422062088359855e-06
4.574876901829125764e-01 0.000000000000000000e+00
4.657402651720725650e-01 0.000000000000000000e+00
4.739928401612325537e-01 0.000000000000000000e+00
4.822454151503920983e-01 0.000000000000000000e+00
4.904979901395516428e-01 0.000000000000000000e+00
4.987505651287116315e-01 2.278921511441490622e-06
5.070031401178716202e-01 0.000000000000000000e+00
5.152557151070316088e-01 0.000000000000000000e+00
5.235082900961915975e-01 0.000000000000000000e+00
5.317608650853515861e-01 0.000000000000000000e+00
5.400134400745115748e-01 0.000000000000000000e+00
5.482660150636715635e-01 0.000000000000000000e+00
5.565185900528315521e-01 0.000000000000000000e+00
5.647711650419915408e-01 0.000000000000000000e+00
5.730237400311515295e-01 0.000000000000000000e+00
5.812763150203115181e-01 2.470177222321185830e-06
5.895288900094715068e-01 0.000000000000000000e+00
5.977814649986314954e-01 0.000000000000000000e+00
6.060340399877914841e-01 2.518988725743609390e-06
6.142866149769514728e-01 0.000000000000000000e+00
6.225391899661114614e-01 0.000000000000000000e+00
6.307917649552714501e-01 0.000000000000000000e+00
6.390443399444314387e-01 0.000000000000000000e+00
6.472969149335914274e-01 0.000000000000000000e+00
6.555494899227514161e-01 0.000000000000000000e+00
6.638020649119114047e-01 0.000000000000000000e+00
6.720546399010713934e-01 0.000000000000000000e+00
6.803072148902313820e-01 0.000000000000000000e+00
6.885597898793909266e-01 0.000000000000000000e+00
6.968123648685504712e-01 0.000000000000000000e+00
7.050649398577104598e-01 0.000000000000000000e+00
7.133175148468704485e-01 0.000000000000000000e+00
7.215700898360304372e-01 0.000000000000000000e+00
7.298226648251904258e-01 0.000000000000000000e+00
7.380752398143504145e-01 0.000000000000000000e+00
7.463278148035104032e-01 0.000000000000000000e+00
7.545803897926703918e-01 0.000000000000000000e+00
7.628329647818303805e-01 0.000000000000000000e+00
7.710855397709903691e-01 0.000000000000000000e+00
7.793381147601503578e-01 0.000000000000000000e+00
7.875906897493103465e-01 0.000000000000000000e+00
7.958432647384703351e-01 0.000000000000000000e+00
8.040958397276303238e-01 0.000000000000000000e+00
8.123484147167903124e-01 0.000000000000000000e+00
8.206009897059503011e-01 3.076802012467100569e-06
8.288535646951102898e-01 0.000000000000000000e+00
8.371061396842702784e-01 0.000000000000000000e+00
8.453587146734302671e-01 0.000000000000000000e+00
8.536112896625902557e-01 0.000000000000000000e+00
8.618638646517502444e-01 0.000000000000000000e+00
8.701164396409102331e-01 0.000000000000000000e+00
8.783690146300702217e-01 0.000000000000000000e+00
8.866215896192302104e-01 0.000000000000000000e+00
8.948741646083901990e-01 3.296618968835457504e-06
9.031267395975497436e-01 0.000000000000000000e+00
9.113793145867092882e-01 0.000000000000000000e+00
9.196318895758692769e-01 0.000000000000000000e+00
9.278844645650292655e-01 0.000000000000000000e+00
9.361370395541892542e-01 0.000000000000000000e+00
9.443896145433492428e-01 0.000000000000000000e+00
9.526421895325092315e-01 0.000000000000000000e+00
9.608947645216692202e-01 0.000000000000000000e+00
9.691473395108292088e-01 0.000000000000000000e+00
9.773999144999891975e-01 0.000000000000000000e+00
9.856524894891491861e-01 0.000000000000000000e+00
9.939050644783091748e-01 0.000000000000000000e+00
1.002157639467469163e+00 0.000000000000000000e+00
1.010410214456629152e+00 0.000000000000000000e+00
1.018662789445789141e+00 0.000000000000000000e+00
1.026915364434949129e+00 0.000000000000000000e+00
1.035167939424109118e+00 0.000000000000000000e+00
1.043420514413269107e+00 0.000000000000000000e+00
1.051673089402429095e+00 0.000000000000000000e+00
1.059925664391589084e+00 0.000000000000000000e+00
1.068178239380749073e+00 0.000000000000000000e+00
1.076430814369909061e+00 0.000000000000000000e+00
1.084683389359069050e+00 0.000000000000000000e+00
1.092935964348229039e+00 0.000000000000000000e+00
1.101188539337389027e+00 0.000000000000000000e+00
1.109441114326549016e+00 0.000000000000000000e+00
1.117693689315708561e+00 0.000000000000000000e+00
1.125946264304868105e+00 0.000000000000000000e+00
1.134198839294028094e+00 0.000000000000000000e+00
1.142451414283188083e+00 0.000000000000000000e+00
1.150703989272348071e+00 0.000000000000000000e+00
1.158956564261508060e+00 0.000000000000000000e+00
1.167209139250668049e+00 0.000000000000000000e+00
1.175461714239828037e+00 0.000000000000000000e+00
1.183714289228988026e+00 0.000000000000000000e+00
1.191966864218148014e+00 0.000000000000000000e+00
1.200219439207308003e+00 0.000000000000000000e+00
1.208472014196467992e+00 0.000000000000000000e+00
1.216724589185627980e+00 0.000000000000000000e+00
1.224977164174787969e+00 0.000000000000000000e+00
1.233229739163947958e+00 0.000000000000000000e+00
1.241482314153107946e+00 0.000000000000000000e+00
1.249734889142267935e+00 0.000000000000000000e+00
1.257987464131427924e+00 0.000000000000000000e+00
1.266240039120587912e+00 0.000000000000000000e+00
1.274492614109747901e+00 0.000000000000000000e+00
1.282745189098907890e+00 0.000000000000000000e+00
1.290997764088067878e+00 0.000000000000000000e+00
1.299250339077227867e+00 0.000000000000000000e+00
1.307502914066387856e+00 0.000000000000000000e+00
1.315755489055547844e+00 0.000000000000000000e+00
1.324008064044707389e+00 0.000000000000000000e+00
1.332260639033866934e+00 0.000000000000000000e+00
1.340513214023026922e+00 0.000000000000000000e+00
1.348765789012186911e+00 0.000000000000000000e+00
1.357018364001346900e+00 0.000000000000000000e+00
1.365270938990506888e+00 0.000000000000000000e+00
1.373523513979666877e+00 0.000000000000000000e+00
1.381776088968826866e+00 0.000000000000000000e+00
1.390028663957986854e+00 0.000000000000000000e+00
1.398281238947146843e+00 0.000000000000000000e+00
1.406533813936306831e+00 0.000000000000000000e+00
1.414786388925466820e+00 0.000000000000000000e+00
1.423038963914626809e+00 0.000000000000000000e+00
1.431291538903786797e+00 0.000000000000000000e+00
1.439544113892946786e+00 0.000000000000000000e+00
1.447796688882106775e+00 0.000000000000000000e+00
1.456049263871266763e+00 0.000000000000000000e+00
1.464301838860426752e+00 0.000000000000000000e+00
1.472554413849586741e+00 0.000000000000000000e+00
1.480806988838746729e+00 0.000000000000000000e+00
1.489059563827906718e+00 0.000000000000000000e+00
1.497312138817066707e+00 0.000000000000000000e+00
1.505564713806226695e+00 0.000000000000000000e+00
1.513817288795386684e+00 0.000000000000000000e+00
1.522069863784546673e+00 0.000000000000000000e+00
1.530322438773706661e+00 0.000000000000000000e+00
1.538575013762866206e+00 0.000000000000000000e+00
1.546827588752025751e+00 0.000000000000000000e+00
1.555080163741185739e+00 0.000000000000000000e+00
1.563332738730345728e+00 0.000000000000000000e+00
1.571585313719505717e+00 0.000000000000000000e+00
1.579837888708665705e+00 0.000000000000000000e+00
1.588090463697825694e+00 0.000000000000000000e+00
1.596343038686985683e+00 0.000000000000000000e+00
1.604595613676145671e+00 0.000000000000000000e+00
1.612848188665305660e+00 0.000000000000000000e+00
1.621100763654465649e+00 0.000000000000000000e+00
1.629353338643625637e+00 0.000000000000000000e+00
1.637605913632785626e+00 0.000000000000000000e+00
1.645858488621945614e+00 0.000000000000000000e+00
1.654111063611105603e+00 0.000000000000000000e+00
1.662363638600265592e+00 0.000000000000000000e+00
1.670616213589425580e+00 0.000000000000000000e+00
1.678868788578585569e+00 0.000000000000000000e+00
1.687121363567745558e+00 0.000000000000000000e+00
1.695373938556905546e+00 0.000000000000000000e+00
1.703626513546065535e+00 0.000000000000000000e+00
1.711879088535225524e+00 0.000000000000000000e+00
1.720131663524385512e+00 0.000000000000000000e+00
1.728384238513545501e+00 0.000000000000000000e+00
1.736636813502705490e+00 0.000000000000000000e+00
1.744889388491865034e+00 0.000000000000000000e+00
1.753141963481024579e+00 0.000000000000000000e+00
1.761394538470184568e+00 0.000000000000000000e+00
1.769647113459344556e+00 0.000000000000000000e+00
1.777899688448504545e+00 0.000000000000000000e+00
1.786152263437664534e+00 0.000000000000000000e+00
1.794404838426824522e+00 0.000000000000000000e+00
1.802657413415984511e+00 0.000000000000000000e+00
1.810909988405144500e+00 0.000000000000000000e+00
1.819162563394304488e+00 0.000000000000000000e+00
1.827415138383464477e+00 0.000000000000000000e+00
1.835667713372624466e+00 0.000000000000000000e+00
1.843920288361784454e+00 0.000000000000000000e+00
1.852172863350944443e+00 0.000000000000000000e+00
1.860425438340104431e+00 0.000000000000000000e+00
1.868678013329264420e+00 0.000000000000000000e+00
1.876930588318424409e+00 0.000000000000000000e+00
1.885183163307584397e+00 0.000000000000000000e+00
1.893435738296744386e+00 0.000000000000000000e+00
1.901688313285904375e+00 0.000000000000000000e+00
1.909940888275064363e+00 0.000000000000000000e+00
1.918193463264224352e+00 0.000000000000000000e+00
1.926446038253384341e+00 0.000000000000000000e+00
1.934698613242544329e+00 0.000000000000000000e+00
1.942951188231704318e+00 0.000000000000000000e+00
1.951203763220864307e+00 0.000000000000000000e+00
1.959456338210023851e+00 0.000000000000000000e+00
1.967708913199183396e+00 0.000000000000000000e+00
1.975961488188343385e+00 0.000000000000000000e+00
1.984214063177503373e+00 0.000000000000000000e+00
1.992466638166663362e+00 0.000000000000000000e+00
2.000719213155823351e+00 0.000000000000000000e+00
2.008971788144983339e+00 0.000000000000000000e+00
2.017224363134143328e+00 0.000000000000000000e+00
2.025476938123303317e+00 0.000000000000000000e+00
2.033729513112463305e+00 0.000000000000000000e+00
2.041982088101623294e+00 0.000000000000000000e+00
2.050234663090783283e+00 0.000000000000000000e+00
2.058487238079943271e+00 0.000000000000000000e+00
2.066739813069103260e+00 0.000000000000000000e+00
2.074992388058263248e+00 0.000000000000000000e+00
2.083244963047423237e+00 0.000000000000000000e+00
2.091497538036583226e+00 0.000000000000000000e+00
2.099750113025743214e+00 0.000000000000000000e+00
2.108002688014903203e+00 0.000000000000000000e+00
2.116255263004063192e+00 0.000000000000000000e+00
2.124507837993223180e+00 0.000000000000000000e+00
2.132760412982383169e+00 0.000000000000000000e+00
2.141012987971543158e+00 0.000000000000000000e+00
2.149265562960703146e+00 0.000000000000000000e+00
2.157518137949863135e+00 0.000000000000000000e+00
2.165770712939022680e+00 0.000000000000000000e+00
2.174023287928182224e+00 0.000000000000000000e+00
2.182275862917342213e+00 0.000000000000000000e+00
2.190528437906502202e+00 0.000000000000000000e+00
2.198781012895662190e+00 0.000000000000000000e+00
2.207033587884822179e+00 0.000000000000000000e+00
2.215286162873982168e+00 0.000000000000000000e+00
2.223538737863142156e+00 0.000000000000000000e+00
2.231791312852302145e+00 0.000000000000000000e+00
2.240043887841462134e+00 0.000000000000000000e+00
2.248296462830622122e+00 0.000000000000000000e+00
2.256549037819782555e+00 0.000000000000000000e+00
2.264801612808942544e+00 0.000000000000000000e+00
2.273054187798101644e+00 0.000000000000000000e+00
2.281306762787261633e+00 0.000000000000000000e+00
2.289559337776421621e+00 0.000000000000000000e+00
2.297811912765581610e+00 0.000000000000000000e+00
2.306064487754741599e+00 0.000000000000000000e+00
2.314317062743901587e+00 0.000000000000000000e+00
2.322569637733061576e+00 0.000000000000000000e+00
2.330822212722221565e+00 0.000000000000000000e+00
2.339074787711381553e+00 0.000000000000000000e+00
2.347327362700541542e+00 0.000000000000000000e+00
2.355579937689701531e+00 0.000000000000000000e+00
2.363832512678861519e+00 0.000000000000000000e+00
2.372085087668021508e+00 0.000000000000000000e+00
2.380337662657181497e+00 0.000000000000000000e+00
2.388590237646341485e+00 0.000000000000000000e+00
2.396842812635501474e+00 0.000000000000000000e+00
2.405095387624661463e+00 0.000000000000000000e+00
2.413347962613821451e+00 0.000000000000000000e+00
2.421600537602981440e+00 0.000000000000000000e+00
2.429853112592141429e+00 0.000000000000000000e+00
2.438105687581301417e+00 0.000000000000000000e+00
2.446358262570461406e+00 0.000000000000000000e+00
2.454610837559621395e+00 0.000000000000000000e+00
2.462863412548781383e+00 0.000000000000000000e+00
2.471115987537941372e+00 0.000000000000000000e+00
2.479368562527101361e+00 0.000000000000000000e+00
2.487621137516261349e+00 0.000000000000000000e+00
2.495873712505420450e+00 0.000000000000000000e+00
