1.057389940310215007e-02 
2.022690907113127920e-02 
-4.142886890242632354e-03 
4.319115859830788273e-03 
-5.318405913430567303e-03 
1.177392848656787054e-02 
-3.802721015136652227e-02 
1.588159936736183164e-01 
-7.859072721571739306e-01 
4.397556337726585163e+00 
-2.715396003560300642e+01 
1.826373628913885625e+02 
-1.328111121962295783e+03 
1.038953189609629953e+04 
-8.706513145821048238e+04 
7.781898286003420362e+05 
-7.382110503391384147e+06 
7.391417862843744457e+07 
-7.765269874510054588e+08 
8.508772242057307243e+09 
-9.668606213906689453e+10 
1.133326271273128906e+12 
-1.363964005767632812e+13 
1.678567869022725312e+14 
-2.104994598971360500e+15 
2.681997176182738800e+16 
-3.463223340319989760e+17 
4.522805898487013376e+18 
-5.963134994513496474e+19 
7.925646228313172869e+20 
-1.060580223923408758e+22 
1.427384912999734386e+23 
