8.737184121212640889e-03 
1.546024778219488686e-02 
-5.405229323464749019e-03 
5.236384131729903205e-03 
-7.489783630306137002e-03 
1.763632651234978491e-02 
-6.319110271891448249e-02 
2.989301044235920246e-01 
-1.670937036652227370e+00 
1.043830447520280025e+01 
-7.106914345580813119e+01 
5.208891776074118525e+02 
-4.080344666849256100e+03 
3.400135166653570195e+04 
-3.005254497735305922e+05 
2.814373448583393358e+06 
-2.795140592529141158e+07 
2.952498785376140475e+08 
-3.330266330846619606e+09 
4.025173148699757385e+10 
-5.217592649010039673e+11 
7.229100815471794922e+12 
-1.062618707229177188e+14 
1.640520443711211750e+15 
-2.632155300052751200e+16 
4.347571009165299200e+17 
-7.335766267662765056e+18 
1.257102806412935332e+20 
-2.178571387687658062e+21 
3.806511884491209625e+22 
-inf 
inf 
