-5.748448701665372695e+00 0.000000000000000000e+00
-5.740196126676213595e+00 0.000000000000000000e+00
-5.731943551687052718e+00 7.355985941027055219e-09
-5.723690976697893618e+00 0.000000000000000000e+00
-5.715438401708732741e+00 0.000000000000000000e+00
-5.707185826719573640e+00 0.000000000000000000e+00
-5.698933251730412763e+00 7.571103293947853909e-09
-5.690680676741253663e+00 7.663229514038006966e-09
-5.682428101752092786e+00 0.000000000000000000e+00
-5.674175526762933686e+00 0.000000000000000000e+00
-5.665922951773772809e+00 7.798689308987561648e-09
-5.657670376784613708e+00 1.575613155107048125e-08
-5.649417801795453720e+00 0.000000000000000000e+00
-5.641165226806293731e+00 7.986512665789895179e-09
-5.632912651817134631e+00 0.000000000000000000e+00
-5.624660076827973754e+00 8.119891880127890258e-09
-5.616407501838814653e+00 2.452651431339709748e-08
-5.608154926849653776e+00 0.000000000000000000e+00
-5.599902351860494676e+00 2.498248853818270688e-08
-5.591649776871333799e+00 3.350031242028806949e-08
-5.583397201882174699e+00 2.531906209281652687e-08
-5.575144626893013822e+00 1.703990324105659483e-08
-5.566892051903854721e+00 1.715306975773841000e-08
-5.558639476914693844e+00 2.590304680627949408e-08
-5.550386901925534744e+00 1.740920833622853136e-08
-5.542134326936373867e+00 8.742500710941738935e-09
-5.533881751947214767e+00 0.000000000000000000e+00
-5.525629176958053890e+00 0.000000000000000000e+00
-5.517376601968894789e+00 0.000000000000000000e+00
-5.509124026979733912e+00 0.000000000000000000e+00
-5.500871451990574812e+00 9.101556883924782488e-09
-5.492618877001413935e+00 0.000000000000000000e+00
-5.484366302012254835e+00 9.211419139463268471e-09
-5.476113727023093958e+00 9.296801230667650032e-09
-5.467861152033934857e+00 1.879202736566374858e-08
-5.459608577044773980e+00 0.000000000000000000e+00
-5.451356002055614880e+00 9.527589960841034238e-09
-5.443103427066454891e+00 1.923280223062105570e-08
-5.434850852077294903e+00 0.000000000000000000e+00
-5.426598277088134914e+00 2.924678135409976459e-08
-5.418345702098974925e+00 9.839398434068144144e-09
-5.410093127109815825e+00 0.000000000000000000e+00
-5.401840552120654948e+00 9.996129608041024979e-09
-5.393587977131495848e+00 3.016460906724367281e-08
-5.385335402142334971e+00 1.009230776000654777e-08
-5.377082827153175870e+00 3.067081826951463949e-08
-5.368830252164014993e+00 0.000000000000000000e+00
-5.360577677174855893e+00 3.105183485997692665e-08
-5.352325102185695016e+00 1.047771173876539788e-08
-5.344072527196535916e+00 2.102028357615206864e-08
-5.335819952207375039e+00 0.000000000000000000e+00
-5.327567377218215938e+00 1.067356513356084545e-08
-5.319314802229055061e+00 1.077388006546022075e-08
-5.311062227239895961e+00 1.084998561607541140e-08
-5.302809652250735084e+00 1.092364320609469769e-08
-5.294557077261575984e+00 1.098578665813588601e-08
-5.286304502272415107e+00 0.000000000000000000e+00
-5.278051927283256006e+00 2.238312112486090988e-08
-5.269799352294095129e+00 0.000000000000000000e+00
-5.261546777304936029e+00 1.131942203873699795e-08
-5.253294202315775152e+00 2.289375843871423524e-08
-5.245041627326616052e+00 1.150014760710525926e-08
-5.236789052337456063e+00 4.658462096875286015e-08
-5.228536477348296074e+00 0.000000000000000000e+00
-5.220283902359136086e+00 0.000000000000000000e+00
-5.212031327369976097e+00 3.569382303394344414e-08
-5.203778752380816996e+00 0.000000000000000000e+00
-5.195526177391656120e+00 0.000000000000000000e+00
-5.187273602402497019e+00 1.214385491724936390e-08
-5.179021027413336142e+00 1.223401768079256798e-08
-5.170768452424177042e+00 2.469214523771001300e-08
-5.162515877435016165e+00 1.239176083933269214e-08
-5.154263302445857065e+00 2.501226584192230548e-08
-5.146010727456696188e+00 3.793167726223702441e-08
-5.137758152467537087e+00 1.276091155455792235e-08
-5.129505577478376210e+00 1.284672638679882075e-08
-5.121253002489217110e+00 2.585874998937017312e-08
-5.113000427500056233e+00 1.302725369253300546e-08
-5.104747852510897133e+00 0.000000000000000000e+00
-5.096495277521736256e+00 2.643940431834334307e-08
-5.088242702532577155e+00 2.661168525937376961e-08
-5.079990127543416278e+00 1.344400494245600551e-08
-5.071737552554257178e+00 2.700740760862579555e-08
-5.063484977565096301e+00 8.165338741568906626e-08
-5.055232402575937201e+00 0.000000000000000000e+00
-5.046979827586776324e+00 0.000000000000000000e+00
-5.038727252597617223e+00 2.788269799236202792e-08
-5.030474677608457235e+00 1.398851006227234659e-08
-5.022222102619297246e+00 2.829278949769978082e-08
-5.013969527630137257e+00 0.000000000000000000e+00
-5.005716952640977269e+00 1.436199288951962748e-08
-4.997464377651817280e+00 1.442380547490128205e-08
-4.989211802662657291e+00 1.462276839832327870e-08
-4.980959227673498191e+00 4.402198053472083090e-08
-4.972706652684337314e+00 1.477808062986634956e-08
-4.964454077695178214e+00 0.000000000000000000e+00
-4.956201502706017337e+00 1.502904276529761819e-08
-4.947948927716858236e+00 1.520161787388368298e-08
-4.939696352727697359e+00 1.525914568264704080e-08
-4.931443777738538259e+00 3.071952919800485552e-08
-4.923191202749377382e+00 3.098420760595877227e-08
-4.914938627760218282e+00 0.000000000000000000e+00
-4.906686052771057405e+00 0.000000000000000000e+00
-4.898433477781898304e+00 1.584117478783497452e-08
-4.890180902792737427e+00 7.983444044267648465e-08
-4.881928327803578327e+00 1.611467091551797283e-08
-4.873675752814417450e+00 0.000000000000000000e+00
-4.865423177825258350e+00 3.274366470495764669e-08
-4.857170602836097473e+00 1.646895120115193281e-08
-4.848918027846938372e+00 4.982345141660291497e-08
-4.840665452857777495e+00 3.342990449066329470e-08
-4.832412877868618395e+00 0.000000000000000000e+00
-4.824160302879457518e+00 0.000000000000000000e+00
-4.815907727890298418e+00 3.417322155055634645e-08
-4.807655152901138429e+00 0.000000000000000000e+00
-4.799402577911978440e+00 0.000000000000000000e+00
-4.791150002922818452e+00 3.500493267991511323e-08
-4.782897427933658463e+00 1.769606930884480309e-08
-4.774644852944499362e+00 0.000000000000000000e+00
-4.766392277955338486e+00 1.786704786816756299e-08
-4.758139702966179385e+00 3.615261156304962512e-08
-4.749887127977018508e+00 3.647148963827379257e-08
-4.741634552987859408e+00 3.667673350872467515e-08
-4.733381977998698531e+00 1.846700573095872271e-08
-4.725129403009539431e+00 5.571588270013215178e-08
-4.716876828020378554e+00 3.755755651737478032e-08
-4.708624253031219453e+00 5.673400341043599657e-08
-4.700371678042058576e+00 5.710776174844527787e-08
-4.692119103052899476e+00 3.834713491028473776e-08
-4.683866528063738599e+00 0.000000000000000000e+00
-4.675613953074579499e+00 3.895323787200479300e-08
-4.667361378085418622e+00 3.914114079459763522e-08
-4.659108803096259521e+00 0.000000000000000000e+00
-4.650856228107098644e+00 1.995091764941027200e-08
-4.642603653117939544e+00 6.017841477800909684e-08
-4.634351078128778667e+00 0.000000000000000000e+00
-4.626098503139619567e+00 0.000000000000000000e+00
-4.617845928150459578e+00 6.159724320802769226e-08
-4.609593353161299589e+00 6.212659467384882313e-08
-4.601340778172139601e+00 8.331450236451740814e-08
-4.593088203182979612e+00 1.259796477079400892e-07
-4.584835628193819623e+00 4.238057238670531179e-08
-4.576583053204659635e+00 6.402246706936642893e-08
-4.568330478215499646e+00 1.075162396132250546e-07
-4.560077903226339657e+00 2.165582084515685301e-08
-4.551825328237180557e+00 4.369315896641329799e-08
-4.543572753248019680e+00 8.796938804500576195e-08
-4.535320178258860579e+00 2.210617544990483459e-08
-4.527067603269699703e+00 2.234625876907657757e-08
-4.518815028280540602e+00 8.991272627753257312e-08
-4.510562453291379725e+00 0.000000000000000000e+00
-4.502309878302220625e+00 1.141547120188089949e-07
-4.494057303313059748e+00 9.203358926038948878e-08
-4.485804728323900648e+00 9.278952544575845688e-08
-4.477552153334739771e+00 9.351406370543515392e-08
-4.469299578345580670e+00 7.070524509013438943e-08
-4.461047003356419793e+00 4.754343509763327978e-08
-4.452794428367260693e+00 4.775226738022328838e-08
-4.444541853378099816e+00 2.409978952363552280e-08
-4.436289278388940716e+00 0.000000000000000000e+00
-4.428036703399779839e+00 9.772001315223216104e-08
-4.419784128410620738e+00 4.926637714550061675e-08
-4.411531553421459861e+00 4.962591981607176334e-08
-4.403278978432300761e+00 2.504078603639910378e-08
-4.395026403443140772e+00 1.010115117604421632e-07
-4.386773828453980784e+00 1.777700773747146946e-07
-4.378521253464820795e+00 7.684332149370655531e-08
-4.370268678475660806e+00 1.288207794129639568e-07
-4.362016103486500818e+00 2.593988736281046574e-08
-4.353763528497340829e+00 1.046403360442958565e-07
-4.345510953508181728e+00 2.631694910463312000e-08
-4.337258378519020852e+00 7.986336317989312047e-08
-4.329005803529861751e+00 8.041101525969780620e-08
-4.320753228540700874e+00 5.394438008060663166e-08
-4.312500653551541774e+00 1.359514971592965635e-07
-4.304248078562380897e+00 1.369780570413714374e-07
-4.295995503573221797e+00 1.934490021139718114e-07
-4.287742928584060920e+00 5.563185220605271281e-08
-4.279490353594901819e+00 1.123301444391110453e-07
-4.271237778605740942e+00 8.500990285584532591e-08
-4.262985203616581842e+00 1.991480521386693860e-07
-4.254732628627420965e+00 5.721321143862696101e-08
-4.246480053638261865e+00 1.444029999767336455e-07
-4.238227478649100988e+00 1.746178533022283222e-07
-4.229974903659941887e+00 5.873131218682053978e-08
-4.221722328670781010e+00 1.182943842557823676e-07
-4.213469753681621910e+00 8.947367734125142011e-08
-4.205217178692461033e+00 1.802445409477557089e-07
-4.196964603703301933e+00 1.209224594484113541e-07
-4.188712028714141944e+00 1.221872885082047269e-07
-4.180459453724981955e+00 2.149387280502061930e-07
-4.172206878735821967e+00 2.163647700693743591e-07
-4.163954303746661978e+00 9.338414092582635009e-08
-4.155701728757501989e+00 1.254522990257330231e-07
-4.147449153768342001e+00 1.583021336569635082e-07
-4.139196578779182012e+00 9.586563296715624296e-08
-4.130944003790022023e+00 9.623218053917588660e-08
-4.122691428800862923e+00 2.591155752761027729e-07
-4.114438853811702046e+00 1.303993669740942481e-07
-4.106186278822542945e+00 3.290868559770790844e-08
-4.097933703833382069e+00 1.656517482240455803e-07
-4.089681128844222968e+00 2.335447657194120935e-07
-4.081428553855062091e+00 1.009289984477074792e-07
-4.073175978865902991e+00 1.695160461436046180e-07
-4.064923403876742114e+00 1.707211259631495580e-07
-4.056670828887583014e+00 1.378121702786224864e-07
-4.048418253898422137e+00 1.040577711574685146e-07
-4.040165678909263036e+00 7.005486475265805560e-08
-4.031913103920102159e+00 2.112027973056669468e-07
-4.023660528930943059e+00 3.536664577725573391e-08
-4.015407953941782182e+00 7.139700312951486967e-08
-4.007155378952623082e+00 7.193220070948616149e-08
-3.998902803963462649e+00 1.450876435144559795e-07
-3.990650228974302660e+00 1.830210596524465668e-07
-3.982397653985143116e+00 3.699672864188720185e-08
-3.974145078995983127e+00 3.719825804800336501e-08
-3.965892504006823138e+00 1.119922640118820121e-07
-3.957639929017663150e+00 2.260759388846030463e-07
-3.949387354028503161e+00 1.898326774272614672e-07
-3.941134779039343172e+00 2.300191401043296783e-07
-3.932882204050183184e+00 2.700566703641401140e-07
-3.924629629061023639e+00 1.944997914147670311e-07
-3.916377054071863650e+00 3.130797288809186733e-07
-3.908124479082703662e+00 2.369447834927640000e-07
-3.899871904093543673e+00 3.183008716959825357e-07
-3.891619329104383684e+00 2.807617343496577129e-07
-3.883366754115223696e+00 2.424942857082458335e-07
-3.875114179126063707e+00 2.848284840583291736e-07
-3.866861604136903718e+00 5.739874725160583252e-07
-3.858609029147743730e+00 1.238012100884069252e-07
-3.850356454158583741e+00 2.081170594734746214e-07
-3.842103879169423752e+00 2.096743369702979231e-07
-3.833851304180263764e+00 8.432402514793556743e-08
-3.825598729191103775e+00 2.980350324637707799e-07
-3.817346154201943786e+00 2.144081028494390992e-07
-3.809093579212783798e+00 5.186886912476405219e-07
-3.800841004223623809e+00 2.615364933537223701e-07
-3.792588429234463820e+00 4.375937118309690249e-08
-3.784335854245303832e+00 1.768998374373152162e-07
-3.776083279256144287e+00 2.677566806220709861e-07
-3.767830704266984299e+00 4.498124524078284605e-08
-3.759578129277824310e+00 2.262214738300070488e-07
-3.751325554288664321e+00 4.109755613036314893e-07
-3.743072979299504333e+00 1.841235341616459861e-07
-3.734820404310344344e+00 3.244860548021372318e-07
-3.726567829321184355e+00 3.732578742009399973e-07
-3.718315254332024367e+00 1.882288066453585006e-07
-3.710062679342864378e+00 3.788158615524268091e-07
-3.701810104353704389e+00 2.386180113845916964e-07
-3.693557529364544401e+00 2.882984511430926639e-07
-3.685304954375384856e+00 3.390852119322437137e-07
-3.677052379386224867e+00 2.441484157407908158e-07
-3.668799804397064879e+00 2.953096708202804003e-07
-3.660547229407904890e+00 5.945801450484885774e-07
-3.652294654418744901e+00 3.492384457458210265e-07
-3.644042079429584913e+00 1.512194200453416875e-07
-3.635789504440424924e+00 2.535510994682909068e-07
-3.627536929451264935e+00 6.649882207982156088e-07
-3.619284354462104947e+00 2.062350225659488428e-07
-3.611031779472944958e+00 5.183531796066832956e-07
-3.602779204483784969e+00 5.230446644280398759e-07
-3.594526629494624981e+00 4.747220722714291707e-07
-3.586274054505465436e+00 1.591105074324029472e-07
-3.578021479516305448e+00 1.606538288850244282e-07
-3.569768904527145459e+00 5.387425499549072524e-07
-3.561516329537985470e+00 3.259482656216170287e-07
-3.553263754548825482e+00 3.280512982056754545e-07
-3.545011179559665493e+00 8.834734843848148448e-07
-3.536758604570505504e+00 3.892263575488090763e-07
-3.528506029581345516e+00 6.722648620003943143e-07
-3.520253454592185527e+00 6.208873708691767031e-07
-3.512000879603025538e+00 4.541856925867541312e-07
-3.503748304613865550e+00 6.297752342392938367e-07
-3.495495729624705561e+00 5.774800126855813710e-07
-3.487243154635545572e+00 5.227136239372717746e-07
-3.478990579646385584e+00 5.858630422761950540e-07
-3.470738004657226039e+00 8.862465771533054020e-07
-3.462485429668066050e+00 7.141280862249892040e-07
-3.454232854678906062e+00 6.590058615778786367e-07
-3.445980279689746073e+00 1.810922773208788347e-07
-3.437727704700586084e+00 4.869442327043389088e-07
-3.429475129711426096e+00 3.069196864124816168e-07
-3.421222554722266107e+00 6.802374483918029932e-07
-3.412969979733106118e+00 7.479400501943346453e-07
-3.404717404743946130e+00 6.264668302714768251e-07
-3.396464829754786141e+00 3.792677351939591332e-07
-3.388212254765626152e+00 5.100602996125776970e-07
-3.379959679776466164e+00 8.351183998977225674e-07
-3.371707104787306619e+00 3.231345939014440614e-07
-3.363454529798146631e+00 5.216639717589642641e-07
-3.355201954808986642e+00 1.051125977227095126e-06
-3.346949379819826653e+00 3.965532539409319843e-07
-3.338696804830666665e+00 5.335057198522984740e-07
-3.330444229841506676e+00 8.060451134090043131e-07
-3.322191654852346687e+00 5.423375667335033043e-07
-3.313939079863186699e+00 8.181758047444337098e-07
-3.305686504874026710e+00 1.031677294625164752e-06
-3.297433929884866721e+00 1.385593102207659323e-06
-3.289181354895706733e+00 8.386071955750981603e-07
-3.280928779906546744e+00 1.337077229912332794e-06
-3.272676204917386755e+00 6.378651904475839641e-07
-3.264423629928227211e+00 7.857718200224639613e-07
-3.256171054939067222e+00 6.477662584702628070e-07
-3.247918479949907233e+00 1.014365492988934420e-06
-3.239665904960747245e+00 8.038750057823839071e-07
-3.231413329971587256e+00 7.364437366875009573e-07
-3.223160754982427267e+00 8.906339125769505410e-07
-3.214908179993267279e+00 1.046848340669362169e-06
-3.206655605004107290e+00 8.288203562320713050e-07
-3.198403030014947301e+00 8.357292658571006358e-07
-3.190150455025787313e+00 1.070340354903840272e-06
-3.181897880036627324e+00 1.078847324653005952e-06
-3.173645305047467335e+00 8.539658299095491936e-07
-3.165392730058307791e+00 9.388029085725974251e-07
-3.157140155069147802e+00 1.576674507286763891e-06
-3.148887580079987814e+00 8.739014426319890166e-07
-3.140635005090827825e+00 1.040967866735215888e-06
-3.132382430101667836e+00 1.047280786212662746e-06
-3.124129855112507848e+00 8.133716364707158383e-07
-3.115877280123347859e+00 9.829619487653416828e-07
-3.107624705134187870e+00 1.816271237187054770e-06
-3.099372130145027882e+00 9.974656164362852601e-07
-3.091119555155867893e+00 1.842708106564928544e-06
-3.082866980166707904e+00 1.181923737223127207e-06
-3.074614405177547916e+00 1.105492459308918535e-06
-3.066361830188387927e+00 1.286118750472327909e-06
-3.058109255199227938e+00 2.072616789362621249e-06
-3.049856680210068394e+00 1.652764305337282468e-06
-3.041604105220908405e+00 1.491166451848800462e-06
-3.033351530231748416e+00 1.324326815178363263e-06
-3.025098955242588428e+00 1.512708453477306240e-06
-3.016846380253428439e+00 1.075798286778450663e-06
-3.008593805264268450e+00 1.444864576964540304e-06
-3.000341230275108462e+00 1.365790867758651331e-06
-2.992088655285948473e+00 1.285262955810854881e-06
-2.983836080296788484e+00 1.480042975297035769e-06
-2.975583505307628496e+00 1.211249591083289539e-06
-2.967330930318468507e+00 1.409316768310157259e-06
-2.959078355329308518e+00 1.419129368663744454e-06
-2.950825780340148974e+00 1.809574745424025942e-06
-2.942573205350988985e+00 1.633499727431915095e-06
-2.934320630361828997e+00 1.742679615133772672e-06
-2.926068055372669008e+00 1.949681806624658012e-06
-2.917815480383509019e+00 2.752454936804401268e-06
-2.909562905394349031e+00 1.484333391773524698e-06
-2.901310330405189042e+00 2.096671146971152836e-06
-2.893057755416029053e+00 1.509360809057033197e-06
-2.884805180426869065e+00 2.532101298873923404e-06
-2.876552605437709076e+00 2.348988992635767434e-06
-2.868300030448549087e+00 2.262976790215215886e-06
-2.860047455459389099e+00 1.762588761058973678e-06
-2.851794880470229110e+00 1.461476934941230929e-06
-2.843542305481069565e+00 1.367937129388188179e-06
-2.835289730491909577e+00 1.698079854732793477e-06
-2.827037155502749588e+00 2.563897140724086887e-06
-2.818784580513589599e+00 1.831217907617145016e-06
-2.810532005524429611e+00 2.604621283930587488e-06
-2.802279430535269622e+00 2.841120713314837764e-06
-2.794026855546109633e+00 2.755872756214968504e-06
-2.785774280556949645e+00 2.108514564226323086e-06
-2.777521705567789656e+00 3.579323803411183915e-06
-2.769269130578629667e+00 2.479873030096305492e-06
-2.761016555589469679e+00 2.497599639322421065e-06
-2.752763980600309690e+00 2.515338173425693097e-06
-2.744511405611150145e+00 2.306766799011583213e-06
-2.736258830621990157e+00 3.487306392137643223e-06
-2.728006255632830168e+00 3.981750184964698809e-06
-2.719753680643670180e+00 3.538552351987237589e-06
-2.711501105654510191e+00 2.257640955774713071e-06
-2.703248530665350202e+00 3.474259770420597911e-06
-2.694995955676190214e+00 2.291594739802983720e-06
-2.686743380687030225e+00 3.647986151784534520e-06
-2.678490805697870236e+00 4.043204468419061294e-06
-2.670238230708710248e+00 2.961797800806024931e-06
-2.661985655719550259e+00 3.357763761365144895e-06
-2.653733080730390270e+00 2.381807667826608202e-06
-2.645480505741230282e+00 3.155143270759512975e-06
-2.637227930752070293e+00 3.309987552584188270e-06
-2.628975355762910748e+00 3.850514270330213371e-06
-2.620722780773750760e+00 3.747073309890364335e-06
-2.612470205784590771e+00 3.126388001470584645e-06
-2.604217630795430782e+00 3.412027989202839719e-06
-2.595965055806270794e+00 3.438316379231931584e-06
-2.587712480817110805e+00 5.462063927085277463e-06
-2.579459905827950816e+00 3.627968373163937061e-06
-2.571207330838790828e+00 5.274783208547357725e-06
-2.562954755849630839e+00 4.223937140684203527e-06
-2.554702180860470850e+00 4.531539647018944820e-06
-2.546449605871310862e+00 3.319624778184409492e-06
-2.538197030882150873e+00 3.623551910971850199e-06
-2.529944455892991328e+00 4.496603842431489202e-06
-2.521691880903831340e+00 4.673617248467493915e-06
-2.513439305914671351e+00 4.138228207815554635e-06
-2.505186730925511362e+00 4.886101262844793634e-06
-2.496934155936351374e+00 4.342339199422796830e-06
-2.488681580947191385e+00 5.254553680571913423e-06
-2.480429005958031397e+00 5.587267860954876066e-06
-2.472176430968871408e+00 5.631228036365330422e-06
-2.463923855979711419e+00 7.313386203944679085e-06
-2.455671280990551431e+00 4.065289092039892384e-06
-2.447418706001391442e+00 6.516951799297236343e-06
-2.439166131012231453e+00 7.789392443752399169e-06
-2.430913556023071465e+00 5.847736774521406935e-06
-2.422660981033911476e+00 5.895415926789936876e-06
-2.414408406044751931e+00 5.784992613603754793e-06
-2.406155831055591943e+00 4.408669446173279382e-06
-2.397903256066431954e+00 6.029922265393549556e-06
-2.389650681077271965e+00 6.872593840025865587e-06
-2.381398106088111977e+00 8.378257845636621678e-06
-2.373145531098951988e+00 7.787253566963826381e-06
-2.364892956109791999e+00 6.542994155589552664e-06
-2.356640381120632011e+00 6.757297095637695347e-06
-2.348387806131472022e+00 7.967982229653455852e-06
-2.340135231142312033e+00 8.534174550139414603e-06
-2.331882656153152045e+00 9.104752367509220281e-06
-2.323630081163992056e+00 7.981637301849814231e-06
-2.315377506174832511e+00 7.700630839669844846e-06
-2.307124931185672523e+00 6.898835714585551842e-06
-2.298872356196512534e+00 6.257191417690759273e-06
-2.290619781207352545e+00 9.283484513685431102e-06
-2.282367206218192557e+00 1.059056109644335588e-05
-2.274114631229032568e+00 9.426964384550013318e-06
-2.265862056239872580e+00 9.135665370317426443e-06
-2.257609481250712591e+00 7.583591297700249543e-06
-2.249356906261552602e+00 9.460640016746173342e-06
-2.241104331272392614e+00 1.099972117815020548e-05
-2.232851756283232625e+00 8.495604421523784286e-06
-2.224599181294072636e+00 9.310030062129586519e-06
-2.216346606304912648e+00 9.560664415473632855e-06
-2.208094031315753103e+00 1.133227968927336318e-05
-2.199841456326593114e+00 1.047408727505878569e-05
-2.191588881337433126e+00 1.035727921153822930e-05
-2.183336306348273137e+00 1.140401475307396720e-05
-2.175083731359113148e+00 1.227871596347664434e-05
-2.166831156369953160e+00 1.471760980097645142e-05
-2.158578581380793171e+00 1.424178858134384682e-05
-2.150326006391633182e+00 1.275156891834395226e-05
-2.142073431402473194e+00 1.224866922122369821e-05
-2.133820856413313205e+00 1.295089953606210442e-05
-2.125568281424153216e+00 1.590348379302295316e-05
-2.117315706434993228e+00 1.561171772216395814e-05
-2.109063131445833683e+00 1.677389861853610610e-05
-2.100810556456673694e+00 1.481272962939336324e-05
-2.092557981467513706e+00 1.576468487244142973e-05
-2.084305406478353717e+00 1.821666709914115188e-05
-2.076052831489193728e+00 1.792454947423918662e-05
-2.067800256500033740e+00 1.526444563517723272e-05
-2.059547681510873751e+00 1.798548358976002792e-05
-2.051295106521713763e+00 1.768890987618475228e-05
-2.043042531532553774e+00 2.023978394986390147e-05
-2.034789956543393785e+00 2.195100071150947859e-05
-2.026537381554233797e+00 1.719755365532059648e-05
-2.018284806565073808e+00 2.318613999208798135e-05
-2.010032231575913819e+00 2.085967588459324888e-05
-2.001779656586753831e+00 2.764957341168545606e-05
-1.993527081597594286e+00 1.887461172144163128e-05
-1.985274506608434297e+00 2.042400326406360668e-05
-1.977021931619274309e+00 2.127095266753350165e-05
-1.968769356630114320e+00 2.520611799571489592e-05
-1.960516781640954331e+00 2.398067374770653174e-05
-1.952264206651794343e+00 2.176406289014274324e-05
-1.944011631662634354e+00 2.674831340497043814e-05
-1.935759056673474365e+00 2.451932042959197218e-05
-1.927506481684314377e+00 2.446703235407561374e-05
-1.919253906695154388e+00 2.858971224843178310e-05
-1.911001331705994399e+00 3.006367300272190410e-05
-1.902748756716834411e+00 3.128373537805710549e-05
-1.894496181727674644e+00 2.673242976729155905e-05
-1.886243606738514877e+00 3.583673409761108238e-05
-1.877991031749354889e+00 2.944400706269849731e-05
-1.869738456760194900e+00 3.612352393602262534e-05
-1.861485881771034911e+00 3.510207519937349249e-05
-1.853233306781874923e+00 3.301340031151517529e-05
-1.844980731792714934e+00 3.169015863980758561e-05
-1.836728156803554945e+00 4.014769227909129132e-05
-1.828475581814394957e+00 3.887487850725884937e-05
-1.820223006825234968e+00 3.485625662990859405e-05
-1.811970431836074980e+00 4.462571330112484523e-05
-1.803717856846914991e+00 4.168090475411840700e-05
-1.795465281857755224e+00 4.366380746794713228e-05
-1.787212706868595458e+00 4.595066923893827273e-05
-1.778960131879435469e+00 5.078323419389651247e-05
-1.770707556890275480e+00 4.467045296942209374e-05
-1.762454981901115492e+00 4.615616986143066306e-05
-1.754202406911955503e+00 4.018913056183013688e-05
-1.745949831922795514e+00 5.061750171711289643e-05
-1.737697256933635526e+00 5.101249747762055239e-05
-1.729444681944475537e+00 5.020878209272081755e-05
-1.721192106955315548e+00 5.562626832489398014e-05
-1.712939531966155560e+00 6.232084630902249536e-05
-1.704686956976995571e+00 5.767344895131913592e-05
-1.696434381987835582e+00 5.749558285982630553e-05
-1.688181806998675594e+00 5.735278928674164626e-05
-1.679929232009515605e+00 6.299978263613380876e-05
-1.671676657020355616e+00 6.938376354190556067e-05
-1.663424082031195628e+00 7.269815381188711022e-05
-1.655171507042035639e+00 5.943978286303207531e-05
-1.646918932052875650e+00 6.970382049818200411e-05
-1.638666357063715662e+00 7.343075006766823390e-05
-1.630413782074556117e+00 7.527467947102809190e-05
-1.622161207085396573e+00 8.786510851890366118e-05
-1.613908632096236584e+00 8.164863679827670897e-05
-1.605656057107076595e+00 7.636503524087058362e-05
-1.597403482117916607e+00 7.696084387177926664e-05
-1.589150907128756618e+00 8.854694563324089012e-05
-1.580898332139596629e+00 9.293697769031337161e-05
-1.572645757150436641e+00 9.262941851476263751e-05
-1.564393182161276652e+00 1.018748529562970309e-04
-1.556140607172116663e+00 9.162316970576602805e-05
-1.547888032182956675e+00 1.006399258438309732e-04
-1.539635457193796686e+00 1.021304656583414623e-04
-1.531382882204636697e+00 1.078182629363156139e-04
-1.523130307215476709e+00 1.104533147530967495e-04
-1.514877732226316720e+00 1.137767447167327287e-04
-1.506625157237156731e+00 1.233146322499022456e-04
-1.498372582247996743e+00 1.322466773421887196e-04
-1.490120007258836754e+00 1.270254962693654569e-04
-1.481867432269676765e+00 1.350020243263991911e-04
-1.473614857280516777e+00 1.408806752002058520e-04
-1.465362282291356788e+00 1.449778723820203464e-04
-1.457109707302196799e+00 1.509599877188293768e-04
-1.448857132313036811e+00 1.498119027795852113e-04
-1.440604557323876822e+00 1.478739935936918589e-04
-1.432351982334716833e+00 1.637055461429437139e-04
-1.424099407345557289e+00 1.758406188074630315e-04
-1.415846832356397744e+00 1.744546528492947732e-04
-1.407594257367237756e+00 2.006470168402245326e-04
-1.399341682378077767e+00 1.818731334396108269e-04
-1.391089107388917778e+00 1.828702267892776947e-04
-1.382836532399757790e+00 1.939435665029570625e-04
-1.374583957410597801e+00 1.909633345652943812e-04
-1.366331382421437812e+00 2.067977099123393552e-04
-1.358078807432277824e+00 2.228268819036188688e-04
-1.349826232443117835e+00 2.295066116655002401e-04
-1.341573657453957846e+00 2.501583394885694171e-04
-1.333321082464797858e+00 2.558812541551174283e-04
-1.325068507475637869e+00 2.467196343259051234e-04
-1.316815932486477880e+00 2.645063166118880927e-04
-1.308563357497317892e+00 2.695690184700801680e-04
-1.300310782508157903e+00 2.829660105309770787e-04
-1.292058207518997914e+00 2.754265208429248894e-04
-1.283805632529837926e+00 2.841854920573820401e-04
-1.275553057540677937e+00 3.171487504348960342e-04
-1.267300482551517948e+00 3.249747980973418586e-04
-1.259047907562357960e+00 3.251511645902377379e-04
-1.250795332573197971e+00 3.664678322321442963e-04
-1.242542757584037982e+00 3.692276303215972924e-04
-1.234290182594877994e+00 3.933340029420714576e-04
-1.226037607605718005e+00 4.061653558314946388e-04
-1.217785032616558016e+00 4.022247371059457961e-04
-1.209532457627398472e+00 4.052971974480723159e-04
-1.201279882638238927e+00 4.327486973992790572e-04
-1.193027307649078939e+00 4.557611274774086229e-04
-1.184774732659918950e+00 4.708877586956692978e-04
-1.176522157670758961e+00 4.827609066968918216e-04
-1.168269582681598973e+00 4.884833724587457626e-04
-1.160017007692438984e+00 5.378133009718494891e-04
-1.151764432703278995e+00 5.509073665353911254e-04
-1.143511857714119007e+00 5.444859743941162173e-04
-1.135259282724959018e+00 5.720325668750823444e-04
-1.127006707735799029e+00 5.876967849317171365e-04
-1.118754132746639041e+00 6.658650199753539129e-04
-1.110501557757479052e+00 6.600224346505515708e-04
-1.102248982768319063e+00 6.880663827755252333e-04
-1.093996407779159075e+00 7.260154332271192114e-04
-1.085743832789999086e+00 7.857162466996702377e-04
-1.077491257800839097e+00 7.911930707832896424e-04
-1.069238682811679109e+00 8.009875712864209137e-04
-1.060986107822519120e+00 8.289629344303595148e-04
-1.052733532833359131e+00 8.362375869007099803e-04
-1.044480957844199143e+00 8.759003296542950583e-04
-1.036228382855039154e+00 9.503656818470135282e-04
-1.027975807865879165e+00 1.001848926339985683e-03
-1.019723232876719177e+00 1.053457599357834678e-03
-1.011470657887559188e+00 1.096744993578519563e-03
-1.003218082898399199e+00 1.102299915814597062e-03
-9.949655079092396548e-01 1.181194985770575839e-03
-9.867129329200801102e-01 1.127971047415920764e-03
-9.784603579309201216e-01 1.213261315120465512e-03
-9.702077829417601329e-01 1.368027828266899469e-03
-9.619552079526001442e-01 1.384893773017305653e-03
-9.537026329634401556e-01 1.446036559819878975e-03
-9.454500579742801669e-01 1.525905681464607110e-03
-9.371974829851201783e-01 1.585733942589676645e-03
-9.289449079959601896e-01 1.666002588936924596e-03
-9.206923330068002009e-01 1.721903055482052435e-03
-9.124397580176402123e-01 1.820536469537131601e-03
-9.041871830284802236e-01 1.877755103958817732e-03
-8.959346080393202350e-01 2.018480594317331473e-03
-8.876820330501602463e-01 2.118075554166844437e-03
-8.794294580610002576e-01 2.204195546005210168e-03
-8.711768830718402690e-01 2.257426270424777500e-03
-8.629243080826802803e-01 2.423320217499060070e-03
-8.546717330935202916e-01 2.531253434601967930e-03
-8.464191581043603030e-01 2.793523475475252933e-03
-8.381665831152003143e-01 2.748111941460738925e-03
-8.299140081260403257e-01 2.919559988193989701e-03
-8.216614331368803370e-01 2.981457550264967563e-03
-8.134088581477203483e-01 3.217100323564831693e-03
-8.051562831585603597e-01 3.366788068414161388e-03
-7.969037081694003710e-01 3.646202097346080279e-03
-7.886511331802408264e-01 3.781574146421717419e-03
-7.803985581910812819e-01 3.947779252985797460e-03
-7.721459832019212932e-01 4.154414783555058881e-03
-7.638934082127613046e-01 4.283996604674321015e-03
-7.556408332236013159e-01 4.624322603229598372e-03
-7.473882582344413272e-01 4.857624193989664232e-03
-7.391356832452813386e-01 5.147223853748267644e-03
-7.308831082561213499e-01 5.335812641911728306e-03
-7.226305332669613612e-01 5.661346928906775544e-03
-7.143779582778013726e-01 5.940052165939608761e-03
-7.061253832886413839e-01 6.256745119980851831e-03
-6.978728082994813953e-01 6.600567636580580676e-03
-6.896202333103214066e-01 6.922742836354698129e-03
-6.813676583211614179e-01 7.398818653447186700e-03
-6.731150833320014293e-01 7.887998244522452865e-03
-6.648625083428414406e-01 8.243426046823008890e-03
-6.566099333536814520e-01 8.564118516721518776e-03
-6.483573583645214633e-01 9.173754254722249479e-03
-6.401047833753614746e-01 9.820039394572823224e-03
-6.318522083862014860e-01 1.032490540557174860e-02
-6.235996333970414973e-01 1.095611811819622791e-02
-6.153470584078815087e-01 1.164834360033194065e-02
-6.070944834187215200e-01 1.231109799257467351e-02
-5.988419084295615313e-01 1.308900485018320986e-02
-5.905893334404015427e-01 1.360676011654776869e-02
-5.823367584512415540e-01 1.458150683921765299e-02
-5.740841834620820094e-01 1.573116096555428334e-02
-5.658316084729224649e-01 1.638986075214643803e-02
-5.575790334837624762e-01 1.745694741989689547e-02
-5.493264584946024875e-01 1.876525126357184853e-02
-5.410738835054424989e-01 1.984997588515337308e-02
-5.328213085162825102e-01 2.137232542376923256e-02
-5.245687335271225216e-01 2.293433619545609536e-02
-5.163161585379625329e-01 2.467021103056326811e-02
-5.080635835488025442e-01 2.567226653310698825e-02
-4.998110085596425556e-01 2.795902279882682070e-02
-4.915584335704825669e-01 2.972651333985401947e-02
-4.833058585813225783e-01 3.178806468117955503e-02
-4.750532835921625896e-01 3.411481835754159170e-02
-4.668007086030026009e-01 3.659206017806069383e-02
-4.585481336138426123e-01 3.922681428528097120e-02
-4.502955586246826236e-01 4.203445965381837068e-02
-4.420429836355226350e-01 4.481124988053317854e-02
-4.337904086463626463e-01 4.835286834504047560e-02
-4.255378336572026576e-01 5.173130395503266338e-02
-4.172852586680426690e-01 5.573135179786951887e-02
-4.090326836788826803e-01 5.940394270655023623e-02
-4.007801086897226917e-01 6.378899880563339286e-02
-3.925275337005627030e-01 6.891388780389504087e-02
-3.842749587114027143e-01 7.454336867742736294e-02
-3.760223837222427257e-01 8.066426731373983749e-02
-3.677698087330831811e-01 8.633146851537557009e-02
-3.595172337439236365e-01 9.390633710926350741e-02
-3.512646587547636479e-01 1.006194576859022333e-01
-3.430120837656036592e-01 1.092876105374333828e-01
-3.347595087764436705e-01 1.179532015079244045e-01
-3.265069337872836819e-01 1.282091784489374497e-01
-3.182543587981236932e-01 1.394920902879027702e-01
-3.100017838089637046e-01 1.507789154186580938e-01
-3.017492088198037159e-01 1.642668458873138559e-01
-2.934966338306437272e-01 1.774959615070602625e-01
-2.852440588414837386e-01 1.930763785780980069e-01
-2.769914838523237499e-01 2.106533762460816583e-01
-2.687389088631637613e-01 2.296098591469312444e-01
-2.604863338740037726e-01 2.500753209089637275e-01
-2.522337588848437839e-01 2.730848016364771924e-01
-2.439811838956837953e-01 2.984602919205480154e-01
-2.357286089065238066e-01 3.260736515984945516e-01
-2.274760339173638179e-01 3.546631102890752674e-01
-2.192234589282038293e-01 3.900462892543684612e-01
-2.109708839390438406e-01 4.273012421169761210e-01
-2.027183089498838520e-01 4.664508010429624374e-01
-1.944657339607238633e-01 5.115865132829110484e-01
-1.862131589715638746e-01 5.588176959302595392e-01
-1.779605839824038860e-01 6.123475606939079441e-01
-1.697080089932438973e-01 6.722057577544586771e-01
-1.614554340040839087e-01 7.380487082281852462e-01
-1.532028590149243641e-01 8.091749420806223503e-01
-1.449502840257648195e-01 8.872763260933713703e-01
-1.366977090366048309e-01 9.755848533503447273e-01
-1.284451340474448422e-01 1.069796878672531815e+00
-1.201925590582848535e-01 1.176206172954996854e+00
-1.119399840691248649e-01 1.289002218747919759e+00
-1.036874090799648762e-01 1.412101396319662250e+00
-9.543483409080488755e-02 1.545346107079854425e+00
-8.718225910164489889e-02 1.684483988585352865e+00
-7.892968411248491023e-02 1.838780710270177643e+00
-7.067710912332492157e-02 2.005510951357360572e+00
-6.242453413416493291e-02 2.178102689112227708e+00
-5.417195914500494425e-02 2.366918297304406060e+00
-4.591938415584495559e-02 2.565382737874680519e+00
-3.766680916668496693e-02 2.770675032676612748e+00
-2.941423417752497826e-02 2.981476519029335304e+00
-2.116165918836498960e-02 3.199285106308145998e+00
-1.290908419920500094e-02 3.412292524612530631e+00
-4.656509210045012281e-03 3.626015065478400690e+00
3.596065779114976380e-03 3.830614703523826492e+00
1.184864076827496504e-02 4.033124940927346636e+00
2.010121575743495370e-02 4.204777280817290297e+00
2.835379074659494236e-02 4.367725117263471013e+00
3.660636573575493102e-02 4.499349392250456603e+00
4.485894072491491968e-02 4.608269665131509818e+00
5.311151571407446426e-02 4.662160682926018929e+00
6.136409070323400883e-02 4.657004061258268379e+00
6.961666569239399749e-02 4.597945616579623973e+00
7.786924068155398615e-02 4.492199541124413109e+00
8.612181567071397481e-02 4.315531360269381445e+00
9.437439065987396347e-02 4.082511916826714327e+00
1.026269656490339521e-01 3.790499231606220487e+00
1.108795406381939408e-01 3.447374567596988459e+00
1.191321156273539295e-01 3.055734712744089254e+00
1.273846906165139181e-01 2.651335426320608590e+00
1.356372656056739068e-01 2.246679122660233840e+00
1.438898405948338954e-01 1.839899441936188706e+00
1.521424155839938841e-01 1.458551439293978236e+00
1.603949905731538728e-01 1.124217280609011382e+00
1.686475655623138614e-01 8.264900240310270041e-01
1.769001405514738501e-01 5.836590492651144713e-01
1.851527155406338387e-01 3.917494952287828291e-01
1.934052905297938274e-01 2.491949441633356799e-01
2.016578655189538161e-01 1.493363386490332012e-01
2.099104405081138047e-01 8.514259617038524852e-02
2.181630154972737934e-01 4.508085865001769388e-02
2.264155904864337820e-01 2.302566944719881478e-02
2.346681654755937707e-01 1.137496587034988495e-02
2.429207404647537594e-01 4.876103240128128007e-03
2.511733154539137480e-01 1.997273382936018762e-03
2.594258904430737367e-01 7.806723092906471800e-04
2.676784654322332813e-01 2.677392302048564447e-04
2.759310404213928258e-01 3.905952538181895530e-05
2.841836154105528145e-01 0.000000000000000000e+00
2.924361903997128032e-01 0.000000000000000000e+00
3.006887653888727918e-01 0.000000000000000000e+00
3.089413403780327805e-01 0.000000000000000000e+00
3.171939153671927691e-01 0.000000000000000000e+00
3.254464903563527578e-01 0.000000000000000000e+00
3.336990653455127465e-01 0.000000000000000000e+00
3.419516403346727351e-01 0.000000000000000000e+00
3.502042153238327238e-01 0.000000000000000000e+00
3.584567903129927124e-01 0.000000000000000000e+00
3.667093653021527011e-01 0.000000000000000000e+00
3.749619402913126898e-01 0.000000000000000000e+00
3.832145152804726784e-01 0.000000000000000000e+00
3.914670902696326671e-01 0.000000000000000000e+00
3.997196652587926557e-01 0.000000000000000000e+00
4.079722402479526444e-01 0.000000000000000000e+00
4.162248152371126331e-01 0.000000000000000000e+00
4.244773902262726217e-01 0.000000000000000000e+00
4.327299652154326104e-01 0.000000000000000000e+00
4.409825402045925991e-01 0.000000000000000000e+00
4.492351151937525877e-01 0.000000000000000000e+00
4.574876901829125764e-01 0.000000000000000000e+00
4.657402651720725650e-01 0.000000000000000000e+00
4.739928401612325537e-01 0.000000000000000000e+00
4.822454151503920983e-01 0.000000000000000000e+00
4.904979901395516428e-01 0.000000000000000000e+00
4.987505651287116315e-01 0.000000000000000000e+00
5.070031401178716202e-01 0.000000000000000000e+00
5.152557151070316088e-01 0.000000000000000000e+00
5.235082900961915975e-01 0.000000000000000000e+00
5.317608650853515861e-01 0.000000000000000000e+00
5.400134400745115748e-01 0.000000000000000000e+00
5.482660150636715635e-01 0.000000000000000000e+00
5.565185900528315521e-01 0.000000000000000000e+00
5.647711650419915408e-01 0.000000000000000000e+00
5.730237400311515295e-01 0.000000000000000000e+00
5.812763150203115181e-01 0.000000000000000000e+00
5.895288900094715068e-01 0.000000000000000000e+00
5.977814649986314954e-01 0.000000000000000000e+00
6.060340399877914841e-01 0.000000000000000000e+00
6.142866149769514728e-01 0.000000000000000000e+00
6.225391899661114614e-01 0.000000000000000000e+00
6.307917649552714501e-01 0.000000000000000000e+00
6.390443399444314387e-01 0.000000000000000000e+00
6.472969149335914274e-01 0.000000000000000000e+00
6.555494899227514161e-01 0.000000000000000000e+00
6.638020649119114047e-01 0.000000000000000000e+00
6.720546399010713934e-01 0.000000000000000000e+00
6.803072148902313820e-01 0.000000000000000000e+00
6.885597898793909266e-01 0.000000000000000000e+00
6.968123648685504712e-01 0.000000000000000000e+00
7.050649398577104598e-01 0.000000000000000000e+00
7.133175148468704485e-01 0.000000000000000000e+00
7.215700898360304372e-01 0.000000000000000000e+00
7.298226648251904258e-01 0.000000000000000000e+00
7.380752398143504145e-01 0.000000000000000000e+00
7.463278148035104032e-01 0.000000000000000000e+00
7.545803897926703918e-01 0.000000000000000000e+00
7.628329647818303805e-01 0.000000000000000000e+00
7.710855397709903691e-01 0.000000000000000000e+00
7.793381147601503578e-01 0.000000000000000000e+00
7.875906897493103465e-01 0.000000000000000000e+00
7.958432647384703351e-01 0.000000000000000000e+00
8.040958397276303238e-01 0.000000000000000000e+00
8.123484147167903124e-01 0.000000000000000000e+00
8.206009897059503011e-01 0.000000000000000000e+00
8.288535646951102898e-01 0.000000000000000000e+00
8.371061396842702784e-01 0.000000000000000000e+00
8.453587146734302671e-01 0.000000000000000000e+00
8.536112896625902557e-01 0.000000000000000000e+00
8.618638646517502444e-01 0.000000000000000000e+00
8.701164396409102331e-01 0.000000000000000000e+00
8.783690146300702217e-01 0.000000000000000000e+00
8.866215896192302104e-01 0.000000000000000000e+00
8.948741646083901990e-01 0.000000000000000000e+00
9.031267395975497436e-01 0.000000000000000000e+00
9.113793145867092882e-01 0.000000000000000000e+00
9.196318895758692769e-01 0.000000000000000000e+00
9.278844645650292655e-01 0.000000000000000000e+00
9.361370395541892542e-01 0.000000000000000000e+00
9.443896145433492428e-01 0.000000000000000000e+00
9.526421895325092315e-01 0.000000000000000000e+00
9.608947645216692202e-01 0.000000000000000000e+00
9.691473395108292088e-01 0.000000000000000000e+00
9.773999144999891975e-01 0.000000000000000000e+00
9.856524894891491861e-01 0.000000000000000000e+00
9.939050644783091748e-01 0.000000000000000000e+00
1.002157639467469163e+00 0.000000000000000000e+00
1.010410214456629152e+00 0.000000000000000000e+00
1.018662789445789141e+00 0.000000000000000000e+00
1.026915364434949129e+00 0.000000000000000000e+00
1.035167939424109118e+00 0.000000000000000000e+00
1.043420514413269107e+00 0.000000000000000000e+00
1.051673089402429095e+00 0.000000000000000000e+00
1.059925664391589084e+00 0.000000000000000000e+00
1.068178239380749073e+00 0.000000000000000000e+00
1.076430814369909061e+00 0.000000000000000000e+00
1.084683389359069050e+00 0.000000000000000000e+00
1.092935964348229039e+00 0.000000000000000000e+00
1.101188539337389027e+00 0.000000000000000000e+00
1.109441114326549016e+00 0.000000000000000000e+00
1.117693689315708561e+00 0.000000000000000000e+00
1.125946264304868105e+00 0.000000000000000000e+00
1.134198839294028094e+00 0.000000000000000000e+00
1.142451414283188083e+00 0.000000000000000000e+00
1.150703989272348071e+00 0.000000000000000000e+00
1.158956564261508060e+00 0.000000000000000000e+00
1.167209139250668049e+00 0.000000000000000000e+00
1.175461714239828037e+00 0.000000000000000000e+00
1.183714289228988026e+00 0.000000000000000000e+00
1.191966864218148014e+00 0.000000000000000000e+00
1.200219439207308003e+00 0.000000000000000000e+00
1.208472014196467992e+00 0.000000000000000000e+00
1.216724589185627980e+00 0.000000000000000000e+00
1.224977164174787969e+00 0.000000000000000000e+00
1.233229739163947958e+00 0.000000000000000000e+00
1.241482314153107946e+00 0.000000000000000000e+00
1.249734889142267935e+00 0.000000000000000000e+00
1.257987464131427924e+00 0.000000000000000000e+00
1.266240039120587912e+00 0.000000000000000000e+00
1.274492614109747901e+00 0.000000000000000000e+00
1.282745189098907890e+00 0.000000000000000000e+00
1.290997764088067878e+00 0.000000000000000000e+00
1.299250339077227867e+00 0.000000000000000000e+00
1.307502914066387856e+00 0.000000000000000000e+00
1.315755489055547844e+00 0.000000000000000000e+00
1.324008064044707389e+00 0.000000000000000000e+00
1.332260639033866934e+00 0.000000000000000000e+00
1.340513214023026922e+00 0.000000000000000000e+00
1.348765789012186911e+00 0.000000000000000000e+00
1.357018364001346900e+00 0.000000000000000000e+00
1.365270938990506888e+00 0.000000000000000000e+00
1.373523513979666877e+00 0.000000000000000000e+00
1.381776088968826866e+00 0.000000000000000000e+00
1.390028663957986854e+00 0.000000000000000000e+00
1.398281238947146843e+00 0.000000000000000000e+00
1.406533813936306831e+00 0.000000000000000000e+00
1.414786388925466820e+00 0.000000000000000000e+00
1.423038963914626809e+00 0.000000000000000000e+00
1.431291538903786797e+00 0.000000000000000000e+00
1.439544113892946786e+00 0.000000000000000000e+00
1.447796688882106775e+00 0.000000000000000000e+00
1.456049263871266763e+00 0.000000000000000000e+00
1.464301838860426752e+00 0.000000000000000000e+00
1.472554413849586741e+00 0.000000000000000000e+00
1.480806988838746729e+00 0.000000000000000000e+00
1.489059563827906718e+00 0.000000000000000000e+00
1.497312138817066707e+00 0.000000000000000000e+00
1.505564713806226695e+00 0.000000000000000000e+00
1.513817288795386684e+00 0.000000000000000000e+00
1.522069863784546673e+00 0.000000000000000000e+00
1.530322438773706661e+00 0.000000000000000000e+00
1.538575013762866206e+00 0.000000000000000000e+00
1.546827588752025751e+00 0.000000000000000000e+00
1.555080163741185739e+00 0.000000000000000000e+00
1.563332738730345728e+00 0.000000000000000000e+00
1.571585313719505717e+00 0.000000000000000000e+00
1.579837888708665705e+00 0.000000000000000000e+00
1.588090463697825694e+00 0.000000000000000000e+00
1.596343038686985683e+00 0.000000000000000000e+00
1.604595613676145671e+00 0.000000000000000000e+00
1.612848188665305660e+00 0.000000000000000000e+00
1.621100763654465649e+00 0.000000000000000000e+00
1.629353338643625637e+00 0.000000000000000000e+00
1.637605913632785626e+00 0.000000000000000000e+00
1.645858488621945614e+00 0.000000000000000000e+00
1.654111063611105603e+00 0.000000000000000000e+00
1.662363638600265592e+00 0.000000000000000000e+00
1.670616213589425580e+00 0.000000000000000000e+00
1.678868788578585569e+00 0.000000000000000000e+00
1.687121363567745558e+00 0.000000000000000000e+00
1.695373938556905546e+00 0.000000000000000000e+00
1.703626513546065535e+00 0.000000000000000000e+00
1.711879088535225524e+00 0.000000000000000000e+00
1.720131663524385512e+00 0.000000000000000000e+00
1.728384238513545501e+00 0.000000000000000000e+00
1.736636813502705490e+00 0.000000000000000000e+00
1.744889388491865034e+00 0.000000000000000000e+00
1.753141963481024579e+00 0.000000000000000000e+00
1.761394538470184568e+00 0.000000000000000000e+00
1.769647113459344556e+00 0.000000000000000000e+00
1.777899688448504545e+00 0.000000000000000000e+00
1.786152263437664534e+00 0.000000000000000000e+00
1.794404838426824522e+00 0.000000000000000000e+00
1.802657413415984511e+00 0.000000000000000000e+00
1.810909988405144500e+00 0.000000000000000000e+00
1.819162563394304488e+00 0.000000000000000000e+00
1.827415138383464477e+00 0.000000000000000000e+00
1.835667713372624466e+00 0.000000000000000000e+00
1.843920288361784454e+00 0.000000000000000000e+00
1.852172863350944443e+00 0.000000000000000000e+00
1.860425438340104431e+00 0.000000000000000000e+00
1.868678013329264420e+00 0.000000000000000000e+00
1.876930588318424409e+00 0.000000000000000000e+00
1.885183163307584397e+00 0.000000000000000000e+00
1.893435738296744386e+00 0.000000000000000000e+00
1.901688313285904375e+00 0.000000000000000000e+00
1.909940888275064363e+00 0.000000000000000000e+00
1.918193463264224352e+00 0.000000000000000000e+00
1.926446038253384341e+00 0.000000000000000000e+00
1.934698613242544329e+00 0.000000000000000000e+00
1.942951188231704318e+00 0.000000000000000000e+00
1.951203763220864307e+00 0.000000000000000000e+00
1.959456338210023851e+00 0.000000000000000000e+00
1.967708913199183396e+00 0.000000000000000000e+00
1.975961488188343385e+00 0.000000000000000000e+00
1.984214063177503373e+00 0.000000000000000000e+00
1.992466638166663362e+00 0.000000000000000000e+00
2.000719213155823351e+00 0.000000000000000000e+00
2.008971788144983339e+00 0.000000000000000000e+00
2.017224363134143328e+00 0.000000000000000000e+00
2.025476938123303317e+00 0.000000000000000000e+00
2.033729513112463305e+00 0.000000000000000000e+00
2.041982088101623294e+00 0.000000000000000000e+00
2.050234663090783283e+00 0.000000000000000000e+00
2.058487238079943271e+00 0.000000000000000000e+00
2.066739813069103260e+00 0.000000000000000000e+00
2.074992388058263248e+00 0.000000000000000000e+00
2.083244963047423237e+00 0.000000000000000000e+00
2.091497538036583226e+00 0.000000000000000000e+00
2.099750113025743214e+00 0.000000000000000000e+00
2.108002688014903203e+00 0.000000000000000000e+00
2.116255263004063192e+00 0.000000000000000000e+00
2.124507837993223180e+00 0.000000000000000000e+00
2.132760412982383169e+00 0.000000000000000000e+00
2.141012987971543158e+00 0.000000000000000000e+00
2.149265562960703146e+00 0.000000000000000000e+00
2.157518137949863135e+00 0.000000000000000000e+00
2.165770712939022680e+00 0.000000000000000000e+00
2.174023287928182224e+00 0.000000000000000000e+00
2.182275862917342213e+00 0.000000000000000000e+00
2.190528437906502202e+00 0.000000000000000000e+00
2.198781012895662190e+00 0.000000000000000000e+00
2.207033587884822179e+00 0.000000000000000000e+00
2.215286162873982168e+00 0.000000000000000000e+00
2.223538737863142156e+00 0.000000000000000000e+00
2.231791312852302145e+00 0.000000000000000000e+00
2.240043887841462134e+00 0.000000000000000000e+00
2.248296462830622122e+00 0.000000000000000000e+00
2.256549037819782555e+00 0.000000000000000000e+00
2.264801612808942544e+00 0.000000000000000000e+00
2.273054187798101644e+00 0.000000000000000000e+00
2.281306762787261633e+00 0.000000000000000000e+00
2.289559337776421621e+00 0.000000000000000000e+00
2.297811912765581610e+00 0.000000000000000000e+00
2.306064487754741599e+00 0.000000000000000000e+00
2.314317062743901587e+00 0.000000000000000000e+00
2.322569637733061576e+00 0.000000000000000000e+00
2.330822212722221565e+00 0.000000000000000000e+00
2.339074787711381553e+00 0.000000000000000000e+00
2.347327362700541542e+00 0.000000000000000000e+00
2.355579937689701531e+00 0.000000000000000000e+00
2.363832512678861519e+00 0.000000000000000000e+00
2.372085087668021508e+00 0.000000000000000000e+00
2.380337662657181497e+00 0.000000000000000000e+00
2.388590237646341485e+00 0.000000000000000000e+00
2.396842812635501474e+00 0.000000000000000000e+00
2.405095387624661463e+00 0.000000000000000000e+00
2.413347962613821451e+00 0.000000000000000000e+00
2.421600537602981440e+00 0.000000000000000000e+00
2.429853112592141429e+00 0.000000000000000000e+00
2.438105687581301417e+00 0.000000000000000000e+00
2.446358262570461406e+00 0.000000000000000000e+00
2.454610837559621395e+00 0.000000000000000000e+00
2.462863412548781383e+00 0.000000000000000000e+00
2.471115987537941372e+00 0.000000000000000000e+00
2.479368562527101361e+00 0.000000000000000000e+00
2.487621137516261349e+00 0.000000000000000000e+00
2.495873712505420450e+00 0.000000000000000000e+00
