1.566531638002556862e-02 
2.933530199083370787e-02 
-8.256342538777033252e-03 
1.141638754180953653e-02 
-1.949919832159235228e-02 
5.295696054286964938e-02 
-1.875611247974438012e-01 
8.039657714361598817e-01 
-3.957410088790108027e+00 
2.180891851630964595e+01 
-1.322839788660895408e+02 
8.738568128185391970e+02 
-6.235541688299034831e+03 
4.774407894996245159e+04 
-3.898826787969358847e+05 
3.375741992620939389e+06 
-3.080987909805006534e+07 
2.947011878003119826e+08 
-2.937649960451129913e+09 
3.035522975302964401e+10 
-3.235630340515660400e+11 
3.542206572267813965e+12 
-3.967429235523488281e+13 
4.531294794759998125e+14 
-5.262361141673025000e+15 
6.199226268874158400e+16 
-7.392781177895385600e+17 
8.909321936237809664e+18 
-1.083469681873568236e+20 
1.327976193806928445e+21 
-1.638751101304158395e+22 
2.034231670044392748e+23 
