-5.748448701665372695e+00 3.900286638583670684e-05
-5.740196126676213595e+00 2.455736031700829803e-05
-5.731943551687052718e+00 3.033556274453966088e-05
-5.723690976697893618e+00 3.033556274453966088e-05
-5.715438401708732741e+00 3.466921456518818386e-05
-5.707185826719573640e+00 2.889101213765682101e-05
-5.698933251730412763e+00 2.022370849635977505e-05
-5.690680676741253663e+00 1.589005667571125207e-05
-5.682428101752092786e+00 3.178011335142250413e-05
-5.674175526762933686e+00 2.311280971012545817e-05
-5.665922951773772809e+00 2.744646153077398115e-05
-5.657670376784613708e+00 3.322466395830534061e-05
-5.649417801795453720e+00 3.033556274453966088e-05
-5.641165226806293731e+00 3.033556274453966088e-05
-5.632912651817134631e+00 2.889101213765682101e-05
-5.624660076827973754e+00 2.744646153077398115e-05
-5.616407501838814653e+00 3.178011335142250413e-05
-5.608154926849653776e+00 2.600191092389113790e-05
-5.599902351860494676e+00 3.033556274453966088e-05
-5.591649776871333799e+00 2.600191092389113790e-05
-5.583397201882174699e+00 3.322466395830534061e-05
-5.575144626893013822e+00 1.733460728259409193e-05
-5.566892051903854721e+00 3.466921456518818386e-05
-5.558639476914693844e+00 2.600191092389113790e-05
-5.550386901925534744e+00 3.322466395830534061e-05
-5.542134326936373867e+00 1.733460728259409193e-05
-5.533881751947214767e+00 3.611376517207102711e-05
-5.525629176958053890e+00 3.611376517207102711e-05
-5.517376601968894789e+00 2.022370849635977505e-05
-5.509124026979733912e+00 2.744646153077398115e-05
-5.500871451990574812e+00 3.755831577895386359e-05
-5.492618877001413935e+00 3.033556274453966088e-05
-5.484366302012254835e+00 3.178011335142250413e-05
-5.476113727023093958e+00 2.600191092389113790e-05
-5.467861152033934857e+00 2.889101213765682101e-05
-5.459608577044773980e+00 4.044741699271955010e-05
-5.451356002055614880e+00 2.600191092389113790e-05
-5.443103427066454891e+00 3.611376517207102711e-05
-5.434850852077294903e+00 2.455736031700829803e-05
-5.426598277088134914e+00 3.178011335142250413e-05
-5.418345702098974925e+00 3.466921456518818386e-05
-5.410093127109815825e+00 2.889101213765682101e-05
-5.401840552120654948e+00 2.455736031700829803e-05
-5.393587977131495848e+00 4.189196759960239335e-05
-5.385335402142334971e+00 3.033556274453966088e-05
-5.377082827153175870e+00 3.178011335142250413e-05
-5.368830252164014993e+00 2.166825910324261491e-05
-5.360577677174855893e+00 3.755831577895386359e-05
-5.352325102185695016e+00 3.466921456518818386e-05
-5.344072527196535916e+00 3.755831577895386359e-05
-5.335819952207375039e+00 3.178011335142250413e-05
-5.327567377218215938e+00 2.455736031700829803e-05
-5.319314802229055061e+00 4.333651820648522983e-05
-5.311062227239895961e+00 3.611376517207102711e-05
-5.302809652250735084e+00 3.322466395830534061e-05
-5.294557077261575984e+00 3.466921456518818386e-05
-5.286304502272415107e+00 2.455736031700829803e-05
-5.278051927283256006e+00 4.767017002713375281e-05
-5.269799352294095129e+00 4.911472063401659606e-05
-5.261546777304936029e+00 3.466921456518818386e-05
-5.253294202315775152e+00 3.611376517207102711e-05
-5.245041627326616052e+00 4.333651820648522983e-05
-5.236789052337456063e+00 4.478106881336807308e-05
-5.228536477348296074e+00 4.478106881336807308e-05
-5.220283902359136086e+00 3.900286638583670684e-05
-5.212031327369976097e+00 3.755831577895386359e-05
-5.203778752380816996e+00 4.333651820648522983e-05
-5.195526177391656120e+00 5.489292306154796230e-05
-5.187273602402497019e+00 3.322466395830534061e-05
-5.179021027413336142e+00 3.466921456518818386e-05
-5.170768452424177042e+00 3.900286638583670684e-05
-5.162515877435016165e+00 4.189196759960239335e-05
-5.154263302445857065e+00 4.478106881336807308e-05
-5.146010727456696188e+00 4.767017002713375281e-05
-5.137758152467537087e+00 3.611376517207102711e-05
-5.129505577478376210e+00 3.033556274453966088e-05
-5.121253002489217110e+00 4.189196759960239335e-05
-5.113000427500056233e+00 4.767017002713375281e-05
-5.104747852510897133e+00 5.489292306154796230e-05
-5.096495277521736256e+00 4.911472063401659606e-05
-5.088242702532577155e+00 4.478106881336807308e-05
-5.079990127543416278e+00 6.356022670284500826e-05
-5.071737552554257178e+00 4.767017002713375281e-05
-5.063484977565096301e+00 5.489292306154796230e-05
-5.055232402575937201e+00 3.178011335142250413e-05
-5.046979827586776324e+00 4.767017002713375281e-05
-5.038727252597617223e+00 3.611376517207102711e-05
-5.030474677608457235e+00 4.189196759960239335e-05
-5.022222102619297246e+00 4.911472063401659606e-05
-5.013969527630137257e+00 4.189196759960239335e-05
-5.005716952640977269e+00 3.611376517207102711e-05
-4.997464377651817280e+00 4.189196759960239335e-05
-4.989211802662657291e+00 6.067112548907932176e-05
-4.980959227673498191e+00 5.200382184778227579e-05
-4.972706652684337314e+00 4.622561942025091633e-05
-4.964454077695178214e+00 5.633747366843079878e-05
-4.956201502706017337e+00 3.322466395830534061e-05
-4.947948927716858236e+00 5.200382184778227579e-05
-4.939696352727697359e+00 4.622561942025091633e-05
-4.931443777738538259e+00 5.344837245466511905e-05
-4.923191202749377382e+00 5.344837245466511905e-05
-4.914938627760218282e+00 4.044741699271955010e-05
-4.906686052771057405e+00 3.755831577895386359e-05
-4.898433477781898304e+00 6.067112548907932176e-05
-4.890180902792737427e+00 5.633747366843079878e-05
-4.881928327803578327e+00 6.211567609596215823e-05
-4.873675752814417450e+00 5.778202427531364203e-05
-4.865423177825258350e+00 6.644932791661068122e-05
-4.857170602836097473e+00 6.211567609596215823e-05
-4.848918027846938372e+00 5.778202427531364203e-05
-4.840665452857777495e+00 5.344837245466511905e-05
-4.832412877868618395e+00 4.911472063401659606e-05
-4.824160302879457518e+00 5.344837245466511905e-05
-4.815907727890298418e+00 8.522848580608762318e-05
-4.807655152901138429e+00 5.055927124089943932e-05
-4.799402577911978440e+00 6.500477730972784474e-05
-4.791150002922818452e+00 6.067112548907932176e-05
-4.782897427933658463e+00 5.922657488219648528e-05
-4.774644852944499362e+00 4.622561942025091633e-05
-4.766392277955338486e+00 6.211567609596215823e-05
-4.758139702966179385e+00 6.356022670284500826e-05
-4.749887127977018508e+00 5.200382184778227579e-05
-4.741634552987859408e+00 5.200382184778227579e-05
-4.733381977998698531e+00 7.656118216479057721e-05
-4.725129403009539431e+00 7.367208095102489071e-05
-4.716876828020378554e+00 6.789387852349353125e-05
-4.708624253031219453e+00 5.344837245466511905e-05
-4.700371678042058576e+00 6.500477730972784474e-05
-4.692119103052899476e+00 7.078297973725920420e-05
-4.683866528063738599e+00 8.378393519920478670e-05
-4.675613953074579499e+00 5.633747366843079878e-05
-4.667361378085418622e+00 6.356022670284500826e-05
-4.659108803096259521e+00 5.922657488219648528e-05
-4.650856228107098644e+00 6.933842913037636772e-05
-4.642603653117939544e+00 6.211567609596215823e-05
-4.634351078128778667e+00 7.656118216479057721e-05
-4.626098503139619567e+00 8.089483398543910019e-05
-4.617845928150459578e+00 8.378393519920478670e-05
-4.609593353161299589e+00 7.367208095102489071e-05
-4.601340778172139601e+00 5.200382184778227579e-05
-4.593088203182979612e+00 6.644932791661068122e-05
-4.584835628193819623e+00 6.789387852349353125e-05
-4.576583053204659635e+00 6.789387852349353125e-05
-4.568330478215499646e+00 5.633747366843079878e-05
-4.560077903226339657e+00 5.778202427531364203e-05
-4.551825328237180557e+00 7.222753034414205423e-05
-4.543572753248019680e+00 7.656118216479057721e-05
-4.535320178258860579e+00 6.644932791661068122e-05
-4.527067603269699703e+00 6.933842913037636772e-05
-4.518815028280540602e+00 7.800573277167341369e-05
-4.510562453291379725e+00 7.078297973725920420e-05
-4.502309878302220625e+00 6.211567609596215823e-05
-4.494057303313059748e+00 6.933842913037636772e-05
-4.485804728323900648e+00 9.100668823361898264e-05
-4.477552153334739771e+00 8.667303641297045965e-05
-4.469299578345580670e+00 7.078297973725920420e-05
-4.461047003356419793e+00 7.511663155790772718e-05
-4.452794428367260693e+00 8.378393519920478670e-05
-4.444541853378099816e+00 7.511663155790772718e-05
-4.436289278388940716e+00 1.011185424817988786e-04
-4.428036703399779839e+00 7.367208095102489071e-05
-4.419784128410620738e+00 7.945028337855626372e-05
-4.411531553421459861e+00 1.011185424817988786e-04
-4.403278978432300761e+00 9.678489066115035565e-05
-4.395026403443140772e+00 6.933842913037636772e-05
-4.386773828453980784e+00 7.656118216479057721e-05
-4.378521253464820795e+00 8.667303641297045965e-05
-4.370268678475660806e+00 5.778202427531364203e-05
-4.362016103486500818e+00 6.789387852349353125e-05
-4.353763528497340829e+00 9.534034005426750562e-05
-4.345510953508181728e+00 8.956213762673614616e-05
-4.337258378519020852e+00 7.511663155790772718e-05
-4.329005803529861751e+00 8.378393519920478670e-05
-4.320753228540700874e+00 6.500477730972784474e-05
-4.312500653551541774e+00 1.011185424817988786e-04
-4.304248078562380897e+00 9.534034005426750562e-05
-4.295995503573221797e+00 7.367208095102489071e-05
-4.287742928584060920e+00 7.945028337855626372e-05
-4.279490353594901819e+00 1.054521943024474016e-04
-4.271237778605740942e+00 1.054521943024474016e-04
-4.262985203616581842e+00 7.656118216479057721e-05
-4.254732628627420965e+00 8.667303641297045965e-05
-4.246480053638261865e+00 7.656118216479057721e-05
-4.238227478649100988e+00 1.040076436955645516e-04
-4.229974903659941887e+00 8.811758701985330968e-05
-4.221722328670781010e+00 1.025630930886817151e-04
-4.213469753681621910e+00 9.967399187491602860e-05
-4.205217178692461033e+00 8.378393519920478670e-05
-4.196964603703301933e+00 1.011185424817988786e-04
-4.188712028714141944e+00 8.089483398543910019e-05
-4.180459453724981955e+00 1.011185424817988786e-04
-4.172206878735821967e+00 1.040076436955645516e-04
-4.163954303746661978e+00 1.097858461230959246e-04
-4.155701728757501989e+00 9.389578944738466914e-05
-4.147449153768342001e+00 1.054521943024474016e-04
-4.139196578779182012e+00 9.245123884050183267e-05
-4.130944003790022023e+00 1.083412955162130746e-04
-4.122691428800862923e+00 8.956213762673614616e-05
-4.114438853811702046e+00 1.068967449093302381e-04
-4.106186278822542945e+00 1.040076436955645516e-04
-4.097933703833382069e+00 1.083412955162130746e-04
-4.089681128844222968e+00 1.068967449093302381e-04
-4.081428553855062091e+00 1.155640485506272841e-04
-4.073175978865902991e+00 9.245123884050183267e-05
-4.064923403876742114e+00 1.025630930886817151e-04
-4.056670828887583014e+00 1.314541052263385260e-04
-4.048418253898422137e+00 1.126749473368615976e-04
-4.040165678909263036e+00 9.389578944738466914e-05
-4.031913103920102159e+00 1.097858461230959246e-04
-4.023660528930943059e+00 1.198977003712758070e-04
-4.015407953941782182e+00 8.956213762673614616e-05
-4.007155378952623082e+00 1.097858461230959246e-04
-3.998902803963462649e+00 9.245123884050183267e-05
-3.990650228974302660e+00 1.314541052263385260e-04
-3.982397653985143116e+00 1.170085991575101205e-04
-3.974145078995983127e+00 9.822944126803319213e-05
-3.965892504006823138e+00 1.083412955162130746e-04
-3.957639929017663150e+00 1.227868015850414800e-04
-3.949387354028503161e+00 1.025630930886817151e-04
-3.941134779039343172e+00 1.372323076538698990e-04
-3.932882204050183184e+00 1.300095546194556895e-04
-3.924629629061023639e+00 1.271204534056900165e-04
-3.916377054071863650e+00 9.245123884050183267e-05
-3.908124479082703662e+00 1.502332631158154544e-04
-3.899871904093543673e+00 1.343432064401042260e-04
-3.891619329104383684e+00 1.401214088676355719e-04
-3.883366754115223696e+00 1.068967449093302381e-04
-3.875114179126063707e+00 1.343432064401042260e-04
-3.866861604136903718e+00 1.285650040125728530e-04
-3.858609029147743730e+00 1.141194979437444476e-04
-3.850356454158583741e+00 1.516778137226983179e-04
-3.842103879169423752e+00 1.198977003712758070e-04
-3.833851304180263764e+00 1.300095546194556895e-04
-3.825598729191103775e+00 1.328986558332213624e-04
-3.817346154201943786e+00 1.328986558332213624e-04
-3.809093579212783798e+00 1.444550606882841085e-04
-3.800841004223623809e+00 1.141194979437444476e-04
-3.792588429234463820e+00 1.227868015850414800e-04
-3.784335854245303832e+00 1.386768582607527354e-04
-3.776083279256144287e+00 1.444550606882841085e-04
-3.767830704266984299e+00 1.646787691846438733e-04
-3.759578129277824310e+00 1.458996112951669449e-04
-3.751325554288664321e+00 1.372323076538698990e-04
-3.743072979299504333e+00 1.458996112951669449e-04
-3.734820404310344344e+00 1.328986558332213624e-04
-3.726567829321184355e+00 1.444550606882841085e-04
-3.718315254332024367e+00 1.661233197915267098e-04
-3.710062679342864378e+00 1.603451173639953639e-04
-3.701810104353704389e+00 1.343432064401042260e-04
-3.693557529364544401e+00 1.704569716121752464e-04
-3.685304954375384856e+00 1.617896679708782004e-04
-3.677052379386224867e+00 1.473441619020497814e-04
-3.668799804397064879e+00 1.458996112951669449e-04
-3.660547229407904890e+00 1.487887125089326179e-04
-3.652294654418744901e+00 1.516778137226983179e-04
-3.644042079429584913e+00 1.747906234328237558e-04
-3.635789504440424924e+00 1.444550606882841085e-04
-3.627536929451264935e+00 1.762351740397066194e-04
-3.619284354462104947e+00 1.487887125089326179e-04
-3.611031779472944958e+00 1.574560161502296639e-04
-3.602779204483784969e+00 1.444550606882841085e-04
-3.594526629494624981e+00 1.574560161502296639e-04
-3.586274054505465436e+00 1.415659594745184084e-04
-3.578021479516305448e+00 1.343432064401042260e-04
-3.569768904527145459e+00 1.516778137226983179e-04
-3.561516329537985470e+00 1.675678703984095734e-04
-3.553263754548825482e+00 1.502332631158154544e-04
-3.545011179559665493e+00 1.574560161502296639e-04
-3.536758604570505504e+00 1.820133764672379653e-04
-3.528506029581345516e+00 1.719015222190580828e-04
-3.520253454592185527e+00 1.531223643295811544e-04
-3.512000879603025538e+00 1.863470282878865018e-04
-3.503748304613865550e+00 1.603451173639953639e-04
-3.495495729624705561e+00 1.589005667571125274e-04
-3.487243154635545572e+00 1.747906234328237558e-04
-3.478990579646385584e+00 1.719015222190580828e-04
-3.470738004657226039e+00 1.603451173639953639e-04
-3.462485429668066050e+00 1.791242752534722923e-04
-3.454232854678906062e+00 1.892361295016521748e-04
-3.445980279689746073e+00 1.906806801085350112e-04
-3.437727704700586084e+00 1.906806801085350112e-04
-3.429475129711426096e+00 1.776797246465894558e-04
-3.421222554722266107e+00 1.964588825360663843e-04
-3.412969979733106118e+00 1.617896679708782004e-04
-3.404717404743946130e+00 1.719015222190580828e-04
-3.396464829754786141e+00 1.921252307154178477e-04
-3.388212254765626152e+00 1.776797246465894558e-04
-3.379959679776466164e+00 1.820133764672379653e-04
-3.371707104787306619e+00 1.964588825360663843e-04
-3.363454529798146631e+00 2.080152873911291032e-04
-3.355201954808986642e+00 2.181271416393089856e-04
-3.346949379819826653e+00 1.935697813223007113e-04
-3.338696804830666665e+00 1.979034331429492207e-04
-3.330444229841506676e+00 2.109043886048948032e-04
-3.322191654852346687e+00 2.036816355704805937e-04
-3.313939079863186699e+00 2.325726477081374046e-04
-3.305686504874026710e+00 2.123489392117776397e-04
-3.297433929884866721e+00 2.080152873911291032e-04
-3.289181354895706733e+00 1.820133764672379653e-04
-3.280928779906546744e+00 2.065707367842462667e-04
-3.272676204917386755e+00 2.094598379980119396e-04
-3.264423629928227211e+00 2.412399513494344506e-04
-3.256171054939067222e+00 2.051261861773634302e-04
-3.247918479949907233e+00 2.527963562044971695e-04
-3.239665904960747245e+00 2.282389958874888952e-04
-3.231413329971587256e+00 2.239053440668403586e-04
-3.223160754982427267e+00 2.383508501356687776e-04
-3.214908179993267279e+00 2.455736031700829600e-04
-3.206655605004107290e+00 2.397954007425516141e-04
-3.198403030014947301e+00 2.296835464943717316e-04
-3.190150455025787313e+00 2.109043886048948032e-04
-3.181897880036627324e+00 2.195716922461918492e-04
-3.173645305047467335e+00 2.051261861773634302e-04
-3.165392730058307791e+00 2.340171983150202411e-04
-3.157140155069147802e+00 2.282389958874888952e-04
-3.148887580079987814e+00 2.542409068113800331e-04
-3.140635005090827825e+00 2.499072549907314965e-04
-3.132382430101667836e+00 2.470181537769658236e-04
-3.124129855112507848e+00 2.296835464943717316e-04
-3.115877280123347859e+00 2.340171983150202411e-04
-3.107624705134187870e+00 2.296835464943717316e-04
-3.099372130145027882e+00 2.571300080251457060e-04
-3.091119555155867893e+00 2.571300080251457060e-04
-3.082866980166707904e+00 2.744646153077397979e-04
-3.074614405177547916e+00 2.686864128802084520e-04
-3.066361830188387927e+00 2.527963562044971695e-04
-3.058109255199227938e+00 2.210162428530746857e-04
-3.049856680210068394e+00 2.759091659146226615e-04
-3.041604105220908405e+00 2.542409068113800331e-04
-3.033351530231748416e+00 3.134674816935765183e-04
-3.025098955242588428e+00 2.845764695559196804e-04
-3.016846380253428439e+00 2.629082104526770519e-04
-3.008593805264268450e+00 2.961328744109824264e-04
-3.000341230275108462e+00 2.585745586320285696e-04
-2.992088655285948473e+00 2.600191092389113790e-04
-2.983836080296788484e+00 2.874655707696853533e-04
-2.975583505307628496e+00 2.889101213765682169e-04
-2.967330930318468507e+00 2.990219756247480994e-04
-2.959078355329308518e+00 3.004665262316309087e-04
-2.950825780340148974e+00 2.759091659146226615e-04
-2.942573205350988985e+00 3.322466395830534196e-04
-2.934320630361828997e+00 3.178011335142250549e-04
-2.926068055372669008e+00 2.990219756247480994e-04
-2.917815480383509019e+00 3.048001780522794453e-04
-2.909562905394349031e+00 3.120229310866936548e-04
-2.901310330405189042e+00 3.134674816935765183e-04
-2.893057755416029053e+00 3.235793359417564008e-04
-2.884805180426869065e+00 3.336911901899362832e-04
-2.876552605437709076e+00 3.365802914037019562e-04
-2.868300030448549087e+00 2.845764695559196804e-04
-2.860047455459389099e+00 3.134674816935765183e-04
-2.851794880470229110e+00 3.336911901899362832e-04
-2.843542305481069565e+00 3.033556274453966359e-04
-2.835289730491909577e+00 3.336911901899362832e-04
-2.827037155502749588e+00 3.091338298729279818e-04
-2.818784580513589599e+00 3.539148986862960481e-04
-2.810532005524429611e+00 3.553594492931789117e-04
-2.802279430535269622e+00 3.163565829073421913e-04
-2.794026855546109633e+00 3.178011335142250549e-04
-2.785774280556949645e+00 3.004665262316309087e-04
-2.777521705567789656e+00 3.206902347279907278e-04
-2.769269130578629667e+00 3.972514168927813050e-04
-2.761016555589469679e+00 3.813613602170700225e-04
-2.752763980600309690e+00 3.250238865486392102e-04
-2.744511405611150145e+00 3.596931011138273940e-04
-2.736258830621990157e+00 3.308020889761706103e-04
-2.728006255632830168e+00 3.813613602170700225e-04
-2.719753680643670180e+00 3.625822023275931212e-04
-2.711501105654510191e+00 3.856950120377185590e-04
-2.703248530665350202e+00 3.698049553620073307e-04
-2.694995955676190214e+00 3.495812468656475116e-04
-2.686743380687030225e+00 3.871395626446014226e-04
-2.678490805697870236e+00 4.001405181065469780e-04
-2.670238230708710248e+00 3.986959674996641144e-04
-2.661985655719550259e+00 4.088078217478439969e-04
-2.653733080730390270e+00 3.943623156790155779e-04
-2.645480505741230282e+00 3.842504614308356954e-04
-2.637227930752070293e+00 4.535888905612120632e-04
-2.628975355762910748e+00 4.015850687134297874e-04
-2.620722780773750760e+00 4.189196759960238793e-04
-2.612470205784590771e+00 4.203642266029067429e-04
-2.604217630795430782e+00 4.304760808510866253e-04
-2.595965055806270794e+00 4.420324857061493713e-04
-2.587712480817110805e+00 3.943623156790155779e-04
-2.579459905827950816e+00 4.304760808510866253e-04
-2.571207330838790828e+00 4.348097326717351619e-04
-2.562954755849630839e+00 4.376988338855008348e-04
-2.554702180860470850e+00 4.304760808510866253e-04
-2.546449605871310862e+00 4.160305747822582063e-04
-2.538197030882150873e+00 4.954808581608145107e-04
-2.529944455892991328e+00 4.810353520919860917e-04
-2.521691880903831340e+00 4.752571496644546916e-04
-2.513439305914671351e+00 4.449215869199150443e-04
-2.505186730925511362e+00 4.463661375267978537e-04
-2.496934155936351374e+00 4.579225423818605997e-04
-2.488681580947191385e+00 4.983699593745801295e-04
-2.480429005958031397e+00 4.622561942025091362e-04
-2.472176430968871408e+00 5.027036111952287202e-04
-2.463923855979711419e+00 5.055927124089943389e-04
-2.455671280990551431e+00 4.940363075539316471e-04
-2.447418706001391442e+00 5.157045666571742756e-04
-2.439166131012231453e+00 5.619301860774251513e-04
-2.430913556023071465e+00 5.012590605883458566e-04
-2.422660981033911476e+00 5.604856354705422877e-04
-2.414408406044751931e+00 5.229273196915884851e-04
-2.406155831055591943e+00 5.532628824361280782e-04
-2.397903256066431954e+00 5.301500727260026946e-04
-2.389650681077271965e+00 5.229273196915884851e-04
-2.381398106088111977e+00 5.503737812223624595e-04
-2.373145531098951988e+00 5.561519836498938054e-04
-2.364892956109791999e+00 5.720420403256050879e-04
-2.356640381120632011e+00 5.908211982150819892e-04
-2.348387806131472022e+00 6.139340079252074813e-04
-2.340135231142312033e+00 5.893766476081991256e-04
-2.331882656153152045e+00 6.370468176353328649e-04
-2.323630081163992056e+00 5.720420403256050879e-04
-2.315377506174832511e+00 5.677083885049564972e-04
-2.307124931185672523e+00 6.197122103527388272e-04
-2.298872356196512534e+00 5.763756921462535703e-04
-2.290619781207352545e+00 6.514923237041612839e-04
-2.282367206218192557e+00 6.991624937312950231e-04
-2.274114631229032568e+00 6.182676597458559636e-04
-2.265862056239872580e+00 6.023776030701446810e-04
-2.257609481250712591e+00 6.211567609596216908e-04
-2.249356906261552602e+00 7.034961455519436139e-04
-2.241104331272392614e+00 6.514923237041612839e-04
-2.232851756283232625e+00 7.020515949450607503e-04
-2.224599181294072636e+00 6.904951900899980585e-04
-2.216346606304912648e+00 6.789387852349352583e-04
-2.208094031315753103e+00 7.439435625446631437e-04
-2.199841456326593114e+00 7.193862022276547880e-04
-2.191588881337433126e+00 6.774942346280523947e-04
-2.183336306348273137e+00 6.861615382693494677e-04
-2.175083731359113148e+00 7.656118216479057721e-04
-2.166831156369953160e+00 7.497217649721944896e-04
-2.158578581380793171e+00 8.046146880337424383e-04
-2.150326006391633182e+00 7.757236758960856004e-04
-2.142073431402473194e+00 8.436175544195792129e-04
-2.133820856413313205e+00 7.583890686134915626e-04
-2.125568281424153216e+00 8.176156434956879937e-04
-2.117315706434993228e+00 8.450621050264619681e-04
-2.109063131445833683e+00 8.046146880337424383e-04
-2.100810556456673694e+00 8.595076110952903871e-04
-2.092557981467513706e+00 9.216232871912525453e-04
-2.084305406478353717e+00 8.681749147365874601e-04
-2.076052831489193728e+00 8.378393519920477586e-04
-2.067800256500033740e+00 9.418469956876123102e-04
-2.059547681510873751e+00 8.970659268742442981e-04
-2.051295106521713763e+00 9.692934572183862845e-04
-2.043042531532553774e+00 8.797313195916501519e-04
-2.034789956543393785e+00 8.912877244467129522e-04
-2.026537381554233797e+00 9.476251981151437645e-04
-2.018284806565073808e+00 9.071777811224241263e-04
-2.010032231575913819e+00 9.721825584321520117e-04
-2.001779656586753831e+00 1.045854639383176970e-03
-1.993527081597594286e+00 9.909617163216290214e-04
-1.985274506608434297e+00 1.029964582707465579e-03
-1.977021931619274309e+00 1.084857505769013528e-03
-1.968769356630114320e+00 1.011185424817988678e-03
-1.960516781640954331e+00 1.103636663658490646e-03
-1.952264206651794343e+00 1.112303967299787611e-03
-1.944011631662634354e+00 1.089191157589662227e-03
-1.935759056673474365e+00 1.139750428830561477e-03
-1.927506481684314377e+00 1.100747562444724919e-03
-1.919253906695154388e+00 1.161418687933804105e-03
-1.911001331705994399e+00 1.149862283078741413e-03
-1.902748756716834411e+00 1.116637619120436093e-03
-1.894496181727674644e+00 1.252425376167423101e-03
-1.886243606738514877e+00 1.191754250678343915e-03
-1.877991031749354889e+00 1.209088857960937844e-03
-1.869738456760194900e+00 1.203310655533406607e-03
-1.861485881771034911e+00 1.284205489518845666e-03
-1.853233306781874923e+00 1.336209311366627888e-03
-1.844980731792714934e+00 1.393991335641941564e-03
-1.836728156803554945e+00 1.320319254690916714e-03
-1.828475581814394957e+00 1.326097457118448168e-03
-1.820223006825234968e+00 1.395435886248824536e-03
-1.811970431836074980e+00 1.484998023875560560e-03
-1.803717856846914991e+00 1.492220776909974770e-03
-1.795465281857755224e+00 1.576004712109179556e-03
-1.787212706868595458e+00 1.516778137226983125e-03
-1.778960131879435469e+00 1.467663416592966414e-03
-1.770707556890275480e+00 1.518222687833865880e-03
-1.762454981901115492e+00 1.538446396330225754e-03
-1.754202406911955503e+00 1.623674882136313296e-03
-1.745949831922795514e+00 1.641009489418907442e-03
-1.737697256933635526e+00 1.623674882136313296e-03
-1.729444681944475537e+00 1.674234153377212762e-03
-1.721192106955315548e+00 1.664122299129032825e-03
-1.712939531966155560e+00 1.717570671583698019e-03
-1.704686956976995571e+00 1.781130898286542932e-03
-1.696434381987835582e+00 1.818689214065496952e-03
-1.688181806998675594e+00 1.818689214065496952e-03
-1.679929232009515605e+00 1.880804890161459110e-03
-1.671676657020355616e+00 1.869248485306396201e-03
-1.663424082031195628e+00 1.888027643195873320e-03
-1.655171507042035639e+00 2.045483659346102739e-03
-1.646918932052875650e+00 1.919807756547295668e-03
-1.638666357063715662e+00 2.036816355704805775e-03
-1.630413782074556117e+00 2.126378493331541799e-03
-1.622161207085396573e+00 2.194272371855035628e-03
-1.613908632096236584e+00 2.247720744309700605e-03
-1.605656057107076595e+00 2.094598379980119451e-03
-1.597403482117916607e+00 2.195716922461918384e-03
-1.589150907128756618e+00 2.292501813123068617e-03
-1.580898332139596629e+00 2.286723610695537163e-03
-1.572645757150436641e+00 2.448513278666415716e-03
-1.564393182161276652e+00 2.405176760459930459e-03
-1.556140607172116663e+00 2.432623221990704108e-03
-1.547888032182956675e+00 2.409510412280578724e-03
-1.539635457193796686e+00 2.474515189590306610e-03
-1.531382882204636697e+00 2.568410979037691333e-03
-1.523130307215476709e+00 2.780759918249468918e-03
-1.514877732226316720e+00 2.757647108539343535e-03
-1.506625157237156731e+00 2.829874638883485630e-03
-1.498372582247996743e+00 2.789427221890765883e-03
-1.490120007258836754e+00 2.845764695559196804e-03
-1.481867432269676765e+00 2.961328744109824156e-03
-1.473614857280516777e+00 3.050890881736560180e-03
-1.465362282291356788e+00 3.130341165115116484e-03
-1.457109707302196799e+00 3.079781893874217018e-03
-1.448857132313036811e+00 3.261795270341455010e-03
-1.440604557323876822e+00 3.261795270341455010e-03
-1.432351982334716833e+00 3.238682460631329627e-03
-1.424099407345557289e+00 3.260350719734572255e-03
-1.415846832356397744e+00 3.384582071926496571e-03
-1.407594257367237756e+00 3.699494104226955845e-03
-1.399341682378077767e+00 3.653268484806705078e-03
-1.391089107388917778e+00 3.598375561745156912e-03
-1.382836532399757790e+00 3.862728322804716719e-03
-1.374583957410597801e+00 3.923399448293796339e-03
-1.366331382421437812e+00 3.952290460431453177e-03
-1.358078807432277824e+00 4.115524679009214051e-03
-1.349826232443117835e+00 4.151638444181285532e-03
-1.341573657453957846e+00 4.307649909724631763e-03
-1.333321082464797858e+00 4.426103059489024626e-03
-1.325068507475637869e+00 4.469439577695509883e-03
-1.316815932486477880e+00 4.479551431943690036e-03
-1.308563357497317892e+00 4.531555253791472691e-03
-1.300310782508157903e+00 4.728014136327538669e-03
-1.292058207518997914e+00 4.967809537070089904e-03
-1.283805632529837926e+00 4.872469197015822859e-03
-1.275553057540677937e+00 5.092040889262014654e-03
-1.267300482551517948e+00 5.216272241453939404e-03
-1.259047907562357960e+00 5.353504549107808951e-03
-1.250795332573197971e+00 5.476291350692850078e-03
-1.242542757584037982e+00 5.678528435656447944e-03
-1.234290182594877994e+00 5.691529391118393608e-03
-1.226037607605718005e+00 5.984773164315610253e-03
-1.217785032616558016e+00 6.163897439569082301e-03
-1.209532457627398472e+00 6.045444289804689439e-03
-1.201279882638238927e+00 6.337243512395023329e-03
-1.193027307649078939e+00 6.582817115565106451e-03
-1.184774732659918950e+00 6.715715771398327733e-03
-1.176522157670758961e+00 7.014737747023076266e-03
-1.168269582681598973e+00 6.876060888762323096e-03
-1.160017007692438984e+00 7.315204273254706686e-03
-1.151764432703278995e+00 7.524664111252719195e-03
-1.143511857714119007e+00 7.687898329830480069e-03
-1.135259282724959018e+00 7.812129682022403952e-03
-1.127006707735799029e+00 8.010033115165352685e-03
-1.118754132746639041e+00 8.342279754748407189e-03
-1.110501557757479052e+00 8.662969989476397917e-03
-1.102248982768319063e+00 8.798757746523385576e-03
-1.093996407779159075e+00 8.774200386206377003e-03
-1.085743832789999086e+00 9.045775900300350586e-03
-1.077491257800839097e+00 9.453139171441311828e-03
-1.069238682811679109e+00 9.915395365643821235e-03
-1.060986107822519120e+00 1.018263722791714655e-02
-1.052733532833359131e+00 1.033720414285361003e-02
-1.044480957844199143e+00 1.065211617515406974e-02
-1.036228382855039154e+00 1.090057887953791924e-02
-1.027975807865879165e+00 1.125593832883109782e-02
-1.019723232876719177e+00 1.158529586720038508e-02
-1.011470657887559188e+00 1.186409413432877417e-02
-1.003218082898399199e+00 1.224834459575960960e-02
-9.949655079092396548e-01 1.243902527586814369e-02
-9.867129329200801102e-01 1.297639810162856157e-02
-9.784603579309201216e-01 1.352532733224403975e-02
-9.702077829417601329e-01 1.368567244960803599e-02
-9.619552079526001442e-01 1.398180532401901814e-02
-9.537026329634401556e-01 1.474163894323939246e-02
-9.454500579742801669e-01 1.490776226303091971e-02
-9.371974829851201783e-01 1.561703661101039413e-02
-9.289449079959601896e-01 1.613129662706068446e-02
-9.206923330068002009e-01 1.667300310464175234e-02
-9.124397580176402123e-01 1.700091609240415511e-02
-9.041871830284802236e-01 1.775930516101764667e-02
-8.959346080393202350e-01 1.826200877221287669e-02
-8.876820330501602463e-01 1.908540261813609570e-02
-8.794294580610002576e-01 1.965744465846170144e-02
-8.711768830718402690e-01 2.007058613203019370e-02
-8.629243080826802803e-01 2.085642166217445762e-02
-8.546717330935202916e-01 2.154691685226445622e-02
-8.464191581043603030e-01 2.242520362124922340e-02
-8.381665831152003143e-01 2.306369498949143934e-02
-8.299140081260403257e-01 2.384953051963570672e-02
-8.216614331368803370e-01 2.458047312671842247e-02
-8.134088581477203483e-01 2.537930961232463464e-02
-8.051562831585603597e-01 2.633560211408107407e-02
-7.969037081694003710e-01 2.762558580602745076e-02
-7.886511331802408264e-01 2.859199016203207294e-02
-7.803985581910812819e-01 2.921603602420546134e-02
-7.721459832019212932e-01 3.054935623435832068e-02
-7.638934082127613046e-01 3.195490397485532819e-02
-7.556408332236013159e-01 3.315243642796120160e-02
-7.473882582344413272e-01 3.408417156940063419e-02
-7.391356832452813386e-01 3.562984071876527242e-02
-7.308831082561213499e-01 3.742686167372753087e-02
-7.226305332669613612e-01 3.837882052366332203e-02
-7.143779582778013726e-01 4.019462063651504935e-02
-7.061253832886413839e-01 4.185729838503720462e-02
-6.978728082994813953e-01 4.350986427931117367e-02
-6.896202333103214066e-01 4.511764910477177731e-02
-6.813676583211614179e-01 4.683521977635547034e-02
-6.731150833320014293e-01 4.879980860171613533e-02
-6.648625083428414406e-01 5.103886204238453767e-02
-6.566099333536814520e-01 5.256430748325281732e-02
-6.483573583645214633e-01 5.492614772550626773e-02
-6.401047833753614746e-01 5.703808071276898067e-02
-6.318522083862014860e-01 5.947359303597345159e-02
-6.235996333970414973e-01 6.213012160203099099e-02
-6.153470584078815087e-01 6.456707847584235160e-02
-6.070944834187215200e-01 6.746051334142867673e-02
-5.988419084295615313e-01 7.050129236891705675e-02
-5.905893334404015427e-01 7.385264977688524302e-02
-5.823367584512415540e-01 7.744380258559599439e-02
-5.740841834620820094e-01 8.032568104632725747e-02
-5.658316084729224649e-01 8.418263116670444968e-02
-5.575790334837624762e-01 8.773189200781558728e-02
-5.493264584946024875e-01 9.109769492185260109e-02
-5.410738835054424989e-01 9.599038782736478426e-02
-5.328213085162825102e-01 1.000437968302780450e-01
-5.245687335271225216e-01 1.045002354525116084e-01
-5.163161585379625329e-01 1.103535545116008793e-01
-5.080635835488025442e-01 1.158818496841415024e-01
-4.998110085596425556e-01 1.218247308808575180e-01
-4.915584335704825669e-01 1.266610863127012598e-01
-4.833058585813225783e-01 1.334735869747607495e-01
-4.750532835921625896e-01 1.390798878800730554e-01
-4.668007086030026009e-01 1.463633120399763232e-01
-4.585481336138426123e-01 1.531108079247260889e-01
-4.502955586246826236e-01 1.614415312746194375e-01
-4.420429836355226350e-01 1.702460672235703576e-01
-4.337904086463626463e-01 1.780235276910275555e-01
-4.255378336572026576e-01 1.878089135020519218e-01
-4.172852586680426690e-01 1.974036186329677645e-01
-4.090326836788826803e-01 2.073681287192455924e-01
-4.007801086897226917e-01 2.175002066759218478e-01
-3.925275337005627030e-01 2.295535369397522785e-01
-3.842749587114027143e-01 2.409943777462643655e-01
-3.760223837222427257e-01 2.534608494836632642e-01
-3.677698087330831811e-01 2.669457293989145885e-01
-3.595172337439236365e-01 2.811456618645729599e-01
-3.512646587547636479e-01 2.960982051964172190e-01
-3.430120837656036592e-01 3.130601184224355293e-01
-3.347595087764436705e-01 3.309162084741143484e-01
-3.265069337872836819e-01 3.477495566961200657e-01
-3.182543587981236932e-01 3.667453971766294618e-01
-3.100017838089637046e-01 3.859362519890680021e-01
-3.017492088198037159e-01 4.056283658620948862e-01
-2.934966338306437272e-01 4.293926678959245069e-01
-2.852440588414837386e-01 4.534689928608408027e-01
-2.769914838523237499e-01 4.793408942301125020e-01
-2.687389088631637613e-01 5.087750573959572975e-01
-2.604863338740037726e-01 5.332818584417247099e-01
-2.522337588848437839e-01 5.646950559389989355e-01
-2.439811838956837953e-01 5.950248404811110392e-01
-2.357286089065238066e-01 6.300624154510543473e-01
-2.274760339173638179e-01 6.658121538701908815e-01
-2.192234589282038293e-01 7.011126370505869065e-01
-2.109708839390438406e-01 7.419977528771919406e-01
-2.027183089498838520e-01 7.833061220316136497e-01
-1.944657339607238633e-01 8.263999557361425552e-01
-1.862131589715638746e-01 8.746696142651326777e-01
-1.779605839824038860e-01 9.237771121461149093e-01
-1.697080089932438973e-01 9.709749141247979720e-01
-1.614554340040839087e-01 1.025128227275621917e+00
-1.532028590149243641e-01 1.083680197024404102e+00
-1.449502840257648195e-01 1.142066043453394686e+00
-1.366977090366048309e-01 1.202058230157239116e+00
-1.284451340474448422e-01 1.264043896698581859e+00
-1.201925590582848535e-01 1.329024116647992804e+00
-1.119399840691248649e-01 1.396643530556178403e+00
-1.036874090799648762e-01 1.470091706163136447e+00
-9.543483409080488755e-02 1.538956322694455370e+00
-8.718225910164489889e-02 1.615631624357189766e+00
-7.892968411248491023e-02 1.692204362926835293e+00
-7.067710912332492157e-02 1.771203946516044070e+00
-6.242453413416493291e-02 1.849725383854374794e+00
-5.417195914500494425e-02 1.931323713985365842e+00
-4.591938415584495559e-02 2.010011274643487944e+00
-3.766680916668496693e-02 2.091262912628827131e+00
-2.941423417752497826e-02 2.170642413027645823e+00
-2.116165918836498960e-02 2.252380864567504748e+00
-1.290908419920500094e-02 2.325914268660268736e+00
-4.656509210045012281e-03 2.398956525546692919e+00
3.596065779114976380e-03 2.473249763258677181e+00
1.184864076827496504e-02 2.542638751660294627e+00
2.010121575743495370e-02 2.601362622931295832e+00
2.835379074659494236e-02 2.658496043984118984e+00
3.660636573575493102e-02 2.709319667986078262e+00
4.485894072491491968e-02 2.752591181415253718e+00
5.311151571407446426e-02 2.783475673390408911e+00
6.136409070323400883e-02 2.804634006129421486e+00
6.961666569239399749e-02 2.815822050579729119e+00
7.786924068155398615e-02 2.815148889996921699e+00
8.612181567071397481e-02 2.801249424057495219e+00
9.437439065987396347e-02 2.773555944372944282e+00
1.026269656490339521e-01 2.735457366667016110e+00
1.108795406381939408e-01 2.681782199767070551e+00
1.191321156273539295e-01 2.620398910828797945e+00
1.273846906165139181e-01 2.533146609622467516e+00
1.356372656056739068e-01 2.439886422442111069e+00
1.438898405948338954e-01 2.333992195653957769e+00
1.521424155839938841e-01 2.218422368900903052e+00
1.603949905731538728e-01 2.088287138378648322e+00
1.686475655623138614e-01 1.953815366934531506e+00
1.769001405514738501e-01 1.814699365289286437e+00
1.851527155406338387e-01 1.664772346902130051e+00
1.934052905297938274e-01 1.514726875365209446e+00
2.016578655189538161e-01 1.370323818498773161e+00
2.099104405081138047e-01 1.218887244727424157e+00
2.181630154972737934e-01 1.076103529091303690e+00
2.264155904864337820e-01 9.376534652758314881e-01
2.346681654755937707e-01 8.083705196116378611e-01
2.429207404647537594e-01 6.866454627226552532e-01
2.511733154539137480e-01 5.754916271748412582e-01
2.594258904430737367e-01 4.758263026035665644e-01
2.676784654322332813e-01 3.871381180939945099e-01
2.759310404213928258e-01 3.084375564804104353e-01
2.841836154105528145e-01 2.426483881911452312e-01
2.924361903997128032e-01 1.878146917044794528e-01
3.006887653888727918e-01 1.429541726077328267e-01
3.089413403780327805e-01 1.050982794037610968e-01
3.171939153671927691e-01 7.693243167075947131e-02
3.254464903563527578e-01 5.521072419506218437e-02
3.336990653455127465e-01 3.822425360872685335e-02
3.419516403346727351e-01 2.611458587122799865e-02
3.502042153238327238e-01 1.737938835140746124e-02
3.584567903129927124e-01 1.116637619120436180e-02
3.667093653021527011e-01 6.982957633671653917e-03
3.749619402913126898e-01 4.387100193103188502e-03
3.832145152804726784e-01 2.685419578195201440e-03
3.914670902696326671e-01 1.480664372054912078e-03
3.997196652587926557e-01 8.479512062402276952e-04
4.079722402479526444e-01 5.157045666571742756e-04
4.162248152371126331e-01 2.267944452806060316e-04
4.244773902262726217e-01 1.040076436955645516e-04
4.327299652154326104e-01 5.633747366843079878e-05
4.409825402045925991e-01 3.611376517207102711e-05
4.492351151937525877e-01 1.444550606882841051e-05
4.574876901829125764e-01 5.778202427531364542e-06
4.657402651720725650e-01 0.000000000000000000e+00
4.739928401612325537e-01 1.444550606882841135e-06
4.822454151503920983e-01 0.000000000000000000e+00
4.904979901395516428e-01 1.444550606882841135e-06
4.987505651287116315e-01 0.000000000000000000e+00
5.070031401178716202e-01 0.000000000000000000e+00
5.152557151070316088e-01 1.444550606882841135e-06
5.235082900961915975e-01 0.000000000000000000e+00
5.317608650853515861e-01 2.889101213765682271e-06
5.400134400745115748e-01 1.444550606882841135e-06
5.482660150636715635e-01 0.000000000000000000e+00
5.565185900528315521e-01 1.444550606882841135e-06
5.647711650419915408e-01 0.000000000000000000e+00
5.730237400311515295e-01 0.000000000000000000e+00
5.812763150203115181e-01 0.000000000000000000e+00
5.895288900094715068e-01 0.000000000000000000e+00
5.977814649986314954e-01 0.000000000000000000e+00
6.060340399877914841e-01 0.000000000000000000e+00
6.142866149769514728e-01 0.000000000000000000e+00
6.225391899661114614e-01 1.444550606882841135e-06
6.307917649552714501e-01 0.000000000000000000e+00
6.390443399444314387e-01 0.000000000000000000e+00
6.472969149335914274e-01 1.444550606882841135e-06
6.555494899227514161e-01 0.000000000000000000e+00
6.638020649119114047e-01 0.000000000000000000e+00
6.720546399010713934e-01 0.000000000000000000e+00
6.803072148902313820e-01 0.000000000000000000e+00
6.885597898793909266e-01 0.000000000000000000e+00
6.968123648685504712e-01 1.444550606882841135e-06
7.050649398577104598e-01 0.000000000000000000e+00
7.133175148468704485e-01 0.000000000000000000e+00
7.215700898360304372e-01 0.000000000000000000e+00
7.298226648251904258e-01 0.000000000000000000e+00
7.380752398143504145e-01 0.000000000000000000e+00
7.463278148035104032e-01 1.444550606882841135e-06
7.545803897926703918e-01 1.444550606882841135e-06
7.628329647818303805e-01 0.000000000000000000e+00
7.710855397709903691e-01 0.000000000000000000e+00
7.793381147601503578e-01 0.000000000000000000e+00
7.875906897493103465e-01 2.889101213765682271e-06
7.958432647384703351e-01 0.000000000000000000e+00
8.040958397276303238e-01 0.000000000000000000e+00
8.123484147167903124e-01 0.000000000000000000e+00
8.206009897059503011e-01 2.889101213765682271e-06
8.288535646951102898e-01 0.000000000000000000e+00
8.371061396842702784e-01 0.000000000000000000e+00
8.453587146734302671e-01 0.000000000000000000e+00
8.536112896625902557e-01 0.000000000000000000e+00
8.618638646517502444e-01 0.000000000000000000e+00
8.701164396409102331e-01 0.000000000000000000e+00
8.783690146300702217e-01 2.889101213765682271e-06
8.866215896192302104e-01 0.000000000000000000e+00
8.948741646083901990e-01 0.000000000000000000e+00
9.031267395975497436e-01 0.000000000000000000e+00
9.113793145867092882e-01 1.444550606882841135e-06
9.196318895758692769e-01 0.000000000000000000e+00
9.278844645650292655e-01 0.000000000000000000e+00
9.361370395541892542e-01 0.000000000000000000e+00
9.443896145433492428e-01 0.000000000000000000e+00
9.526421895325092315e-01 0.000000000000000000e+00
9.608947645216692202e-01 1.444550606882841135e-06
9.691473395108292088e-01 1.444550606882841135e-06
9.773999144999891975e-01 0.000000000000000000e+00
9.856524894891491861e-01 0.000000000000000000e+00
9.939050644783091748e-01 0.000000000000000000e+00
1.002157639467469163e+00 0.000000000000000000e+00
1.010410214456629152e+00 1.444550606882841135e-06
1.018662789445789141e+00 0.000000000000000000e+00
1.026915364434949129e+00 0.000000000000000000e+00
1.035167939424109118e+00 1.444550606882841135e-06
1.043420514413269107e+00 0.000000000000000000e+00
1.051673089402429095e+00 0.000000000000000000e+00
1.059925664391589084e+00 0.000000000000000000e+00
1.068178239380749073e+00 0.000000000000000000e+00
1.076430814369909061e+00 0.000000000000000000e+00
1.084683389359069050e+00 0.000000000000000000e+00
1.092935964348229039e+00 0.000000000000000000e+00
1.101188539337389027e+00 0.000000000000000000e+00
1.109441114326549016e+00 1.444550606882841135e-06
1.117693689315708561e+00 0.000000000000000000e+00
1.125946264304868105e+00 0.000000000000000000e+00
1.134198839294028094e+00 0.000000000000000000e+00
1.142451414283188083e+00 0.000000000000000000e+00
1.150703989272348071e+00 0.000000000000000000e+00
1.158956564261508060e+00 0.000000000000000000e+00
1.167209139250668049e+00 0.000000000000000000e+00
1.175461714239828037e+00 0.000000000000000000e+00
1.183714289228988026e+00 0.000000000000000000e+00
1.191966864218148014e+00 0.000000000000000000e+00
1.200219439207308003e+00 0.000000000000000000e+00
1.208472014196467992e+00 0.000000000000000000e+00
1.216724589185627980e+00 0.000000000000000000e+00
1.224977164174787969e+00 0.000000000000000000e+00
1.233229739163947958e+00 0.000000000000000000e+00
1.241482314153107946e+00 0.000000000000000000e+00
1.249734889142267935e+00 0.000000000000000000e+00
1.257987464131427924e+00 0.000000000000000000e+00
1.266240039120587912e+00 0.000000000000000000e+00
1.274492614109747901e+00 0.000000000000000000e+00
1.282745189098907890e+00 0.000000000000000000e+00
1.290997764088067878e+00 1.444550606882841135e-06
1.299250339077227867e+00 0.000000000000000000e+00
1.307502914066387856e+00 0.000000000000000000e+00
1.315755489055547844e+00 0.000000000000000000e+00
1.324008064044707389e+00 1.444550606882841135e-06
1.332260639033866934e+00 0.000000000000000000e+00
1.340513214023026922e+00 0.000000000000000000e+00
1.348765789012186911e+00 0.000000000000000000e+00
1.357018364001346900e+00 0.000000000000000000e+00
1.365270938990506888e+00 0.000000000000000000e+00
1.373523513979666877e+00 0.000000000000000000e+00
1.381776088968826866e+00 0.000000000000000000e+00
1.390028663957986854e+00 1.444550606882841135e-06
1.398281238947146843e+00 0.000000000000000000e+00
1.406533813936306831e+00 1.444550606882841135e-06
1.414786388925466820e+00 1.444550606882841135e-06
1.423038963914626809e+00 0.000000000000000000e+00
1.431291538903786797e+00 0.000000000000000000e+00
1.439544113892946786e+00 0.000000000000000000e+00
1.447796688882106775e+00 1.444550606882841135e-06
1.456049263871266763e+00 0.000000000000000000e+00
1.464301838860426752e+00 0.000000000000000000e+00
1.472554413849586741e+00 0.000000000000000000e+00
1.480806988838746729e+00 0.000000000000000000e+00
1.489059563827906718e+00 0.000000000000000000e+00
1.497312138817066707e+00 1.444550606882841135e-06
1.505564713806226695e+00 0.000000000000000000e+00
1.513817288795386684e+00 0.000000000000000000e+00
1.522069863784546673e+00 0.000000000000000000e+00
1.530322438773706661e+00 0.000000000000000000e+00
1.538575013762866206e+00 0.000000000000000000e+00
1.546827588752025751e+00 0.000000000000000000e+00
1.555080163741185739e+00 0.000000000000000000e+00
1.563332738730345728e+00 0.000000000000000000e+00
1.571585313719505717e+00 0.000000000000000000e+00
1.579837888708665705e+00 0.000000000000000000e+00
1.588090463697825694e+00 0.000000000000000000e+00
1.596343038686985683e+00 0.000000000000000000e+00
1.604595613676145671e+00 0.000000000000000000e+00
1.612848188665305660e+00 0.000000000000000000e+00
1.621100763654465649e+00 0.000000000000000000e+00
1.629353338643625637e+00 1.444550606882841135e-06
1.637605913632785626e+00 0.000000000000000000e+00
1.645858488621945614e+00 0.000000000000000000e+00
1.654111063611105603e+00 0.000000000000000000e+00
1.662363638600265592e+00 1.444550606882841135e-06
1.670616213589425580e+00 0.000000000000000000e+00
1.678868788578585569e+00 1.444550606882841135e-06
1.687121363567745558e+00 0.000000000000000000e+00
1.695373938556905546e+00 0.000000000000000000e+00
1.703626513546065535e+00 0.000000000000000000e+00
1.711879088535225524e+00 0.000000000000000000e+00
1.720131663524385512e+00 0.000000000000000000e+00
1.728384238513545501e+00 0.000000000000000000e+00
1.736636813502705490e+00 0.000000000000000000e+00
1.744889388491865034e+00 0.000000000000000000e+00
1.753141963481024579e+00 0.000000000000000000e+00
1.761394538470184568e+00 0.000000000000000000e+00
1.769647113459344556e+00 0.000000000000000000e+00
1.777899688448504545e+00 0.000000000000000000e+00
1.786152263437664534e+00 0.000000000000000000e+00
1.794404838426824522e+00 0.000000000000000000e+00
1.802657413415984511e+00 0.000000000000000000e+00
1.810909988405144500e+00 0.000000000000000000e+00
1.819162563394304488e+00 0.000000000000000000e+00
1.827415138383464477e+00 0.000000000000000000e+00
1.835667713372624466e+00 0.000000000000000000e+00
1.843920288361784454e+00 0.000000000000000000e+00
1.852172863350944443e+00 0.000000000000000000e+00
1.860425438340104431e+00 0.000000000000000000e+00
1.868678013329264420e+00 0.000000000000000000e+00
1.876930588318424409e+00 0.000000000000000000e+00
1.885183163307584397e+00 0.000000000000000000e+00
1.893435738296744386e+00 0.000000000000000000e+00
1.901688313285904375e+00 0.000000000000000000e+00
1.909940888275064363e+00 0.000000000000000000e+00
1.918193463264224352e+00 0.000000000000000000e+00
1.926446038253384341e+00 0.000000000000000000e+00
1.934698613242544329e+00 0.000000000000000000e+00
1.942951188231704318e+00 2.889101213765682271e-06
1.951203763220864307e+00 0.000000000000000000e+00
1.959456338210023851e+00 0.000000000000000000e+00
1.967708913199183396e+00 0.000000000000000000e+00
1.975961488188343385e+00 0.000000000000000000e+00
1.984214063177503373e+00 0.000000000000000000e+00
1.992466638166663362e+00 0.000000000000000000e+00
2.000719213155823351e+00 0.000000000000000000e+00
2.008971788144983339e+00 0.000000000000000000e+00
2.017224363134143328e+00 0.000000000000000000e+00
2.025476938123303317e+00 0.000000000000000000e+00
2.033729513112463305e+00 0.000000000000000000e+00
2.041982088101623294e+00 0.000000000000000000e+00
2.050234663090783283e+00 0.000000000000000000e+00
2.058487238079943271e+00 0.000000000000000000e+00
2.066739813069103260e+00 1.444550606882841135e-06
2.074992388058263248e+00 0.000000000000000000e+00
2.083244963047423237e+00 0.000000000000000000e+00
2.091497538036583226e+00 0.000000000000000000e+00
2.099750113025743214e+00 0.000000000000000000e+00
2.108002688014903203e+00 0.000000000000000000e+00
2.116255263004063192e+00 0.000000000000000000e+00
2.124507837993223180e+00 0.000000000000000000e+00
2.132760412982383169e+00 0.000000000000000000e+00
2.141012987971543158e+00 0.000000000000000000e+00
2.149265562960703146e+00 0.000000000000000000e+00
2.157518137949863135e+00 0.000000000000000000e+00
2.165770712939022680e+00 0.000000000000000000e+00
2.174023287928182224e+00 1.444550606882841135e-06
2.182275862917342213e+00 0.000000000000000000e+00
2.190528437906502202e+00 0.000000000000000000e+00
2.198781012895662190e+00 0.000000000000000000e+00
2.207033587884822179e+00 0.000000000000000000e+00
2.215286162873982168e+00 0.000000000000000000e+00
2.223538737863142156e+00 0.000000000000000000e+00
2.231791312852302145e+00 0.000000000000000000e+00
2.240043887841462134e+00 0.000000000000000000e+00
2.248296462830622122e+00 0.000000000000000000e+00
2.256549037819782555e+00 0.000000000000000000e+00
2.264801612808942544e+00 0.000000000000000000e+00
2.273054187798101644e+00 0.000000000000000000e+00
2.281306762787261633e+00 0.000000000000000000e+00
2.289559337776421621e+00 0.000000000000000000e+00
2.297811912765581610e+00 0.000000000000000000e+00
2.306064487754741599e+00 0.000000000000000000e+00
2.314317062743901587e+00 0.000000000000000000e+00
2.322569637733061576e+00 0.000000000000000000e+00
2.330822212722221565e+00 0.000000000000000000e+00
2.339074787711381553e+00 1.444550606882841135e-06
2.347327362700541542e+00 0.000000000000000000e+00
2.355579937689701531e+00 0.000000000000000000e+00
2.363832512678861519e+00 0.000000000000000000e+00
2.372085087668021508e+00 0.000000000000000000e+00
2.380337662657181497e+00 0.000000000000000000e+00
2.388590237646341485e+00 0.000000000000000000e+00
2.396842812635501474e+00 0.000000000000000000e+00
2.405095387624661463e+00 0.000000000000000000e+00
2.413347962613821451e+00 0.000000000000000000e+00
2.421600537602981440e+00 0.000000000000000000e+00
2.429853112592141429e+00 0.000000000000000000e+00
2.438105687581301417e+00 0.000000000000000000e+00
2.446358262570461406e+00 0.000000000000000000e+00
2.454610837559621395e+00 0.000000000000000000e+00
2.462863412548781383e+00 0.000000000000000000e+00
2.471115987537941372e+00 0.000000000000000000e+00
2.479368562527101361e+00 0.000000000000000000e+00
2.487621137516261349e+00 0.000000000000000000e+00
2.495873712505420450e+00 0.000000000000000000e+00
