7.942448151618895780e-03 
1.512311235578669977e-02 
-3.683573141454567993e-03 
3.592309221666775774e-03 
-4.788770904268478158e-03 
1.025989186605131068e-02 
-3.041674689139551441e-02 
1.144902148323849178e-01 
-5.145791740944606341e-01 
2.654599188974043678e+00 
-1.532659586294956178e+01 
9.747417797358306757e+01 
-6.761275037072625764e+02 
5.082050189560703075e+03 
-4.117576250102853373e+04 
3.575947532610228518e+05 
-3.305951860740983393e+06 
3.227151943726152182e+07 
-3.297213961582391858e+08 
3.495838447080128670e+09 
-3.816578759205977631e+10 
4.262625387252947998e+11 
-4.844710628283254883e+12 
5.580229275366505469e+13 
-6.493120933195225000e+14 
7.614265843501078000e+15 
-8.982324017882449600e+16 
1.064492081190314368e+18 
-1.266025464128239002e+19 
1.509907155681026048e+20 
-1.804716337616238150e+21 
2.160837195000816075e+22 
