-5.748448701665372695e+00 1.449532061714637187e-08
-5.740196126676213595e+00 1.456103142047408889e-08
-5.731943551687052718e+00 7.331517940590402908e-09
-5.723690976697893618e+00 2.224351914150475447e-08
-5.715438401708732741e+00 1.493657094996030333e-08
-5.707185826719573640e+00 7.523463753530216962e-09
-5.698933251730412763e+00 7.596376721860704378e-09
-5.690680676741253663e+00 2.292568162633366607e-08
-5.682428101752092786e+00 7.676370247068165967e-09
-5.674175526762933686e+00 7.781372551549156227e-09
-5.665922951773772809e+00 7.823852991438694464e-09
-5.657670376784613708e+00 3.158206521364902152e-08
-5.649417801795453720e+00 1.588593747827715090e-08
-5.641165226806293731e+00 1.602063143402789756e-08
-5.632912651817134631e+00 1.613919486009187466e-08
-5.624660076827973754e+00 8.134826456588658835e-09
-5.616407501838814653e+00 8.183635621301203091e-09
-5.608154926849653776e+00 2.471762758510298386e-08
-5.599902351860494676e+00 8.324258683507236564e-09
-5.591649776871333799e+00 0.000000000000000000e+00
-5.583397201882174699e+00 8.445677426470889405e-09
-5.575144626893013822e+00 8.519208144163901035e-09
-5.566892051903854721e+00 8.556171528644711123e-09
-5.558639476914693844e+00 1.726616035881362387e-08
-5.550386901925534744e+00 0.000000000000000000e+00
-5.542134326936373867e+00 1.749787706604714533e-08
-5.533881751947214767e+00 1.764657586780314073e-08
-5.525629176958053890e+00 1.779628351107673130e-08
-5.517376601968894789e+00 2.693079046935606103e-08
-5.509124026979733912e+00 1.811602591995172033e-08
-5.500871451990574812e+00 5.469449111268014540e-08
-5.492618877001413935e+00 0.000000000000000000e+00
-5.484366302012254835e+00 1.848330896074559813e-08
-5.476113727023093958e+00 2.792959145535627795e-08
-5.467861152033934857e+00 2.812564614015148048e-08
-5.459608577044773980e+00 1.895913207745868177e-08
-5.451356002055614880e+00 0.000000000000000000e+00
-5.443103427066454891e+00 9.572903772400509923e-09
-5.434850852077294903e+00 2.900789225152408059e-08
-5.426598277088134914e+00 1.951036433965021378e-08
-5.418345702098974925e+00 1.960052343877221341e-08
-5.410093127109815825e+00 1.975386157646999213e-08
-5.401840552120654948e+00 0.000000000000000000e+00
-5.393587977131495848e+00 3.011627285416444569e-08
-5.385335402142334971e+00 3.036263953209428471e-08
-5.377082827153175870e+00 6.124074093992540492e-08
-5.368830252164014993e+00 1.028130821499423698e-08
-5.360577677174855893e+00 3.109982352440346477e-08
-5.352325102185695016e+00 2.089977301257461337e-08
-5.344072527196535916e+00 6.309520808063245139e-08
-5.335819952207375039e+00 3.183734602437101088e-08
-5.327567377218215938e+00 0.000000000000000000e+00
-5.319314802229055061e+00 2.147879703545940126e-08
-5.311062227239895961e+00 3.250707154580999932e-08
-5.302809652250735084e+00 0.000000000000000000e+00
-5.294557077261575984e+00 3.307396648649321243e-08
-5.286304502272415107e+00 2.216285395470154928e-08
-5.278051927283256006e+00 1.114097972434655300e-08
-5.269799352294095129e+00 2.248287500983913810e-08
-5.261546777304936029e+00 2.269859219778932276e-08
-5.253294202315775152e+00 2.291906446200603341e-08
-5.245041627326616052e+00 1.150802838800595755e-08
-5.236789052337456063e+00 4.648540587793688717e-08
-5.228536477348296074e+00 2.333922529180764831e-08
-5.220283902359136086e+00 2.356086406284985925e-08
-5.212031327369976097e+00 1.189477451260143246e-08
-5.203778752380816996e+00 3.592481673086210060e-08
-5.195526177391656120e+00 1.203309948295186174e-08
-5.187273602402497019e+00 0.000000000000000000e+00
-5.179021027413336142e+00 3.673593872766801112e-08
-5.170768452424177042e+00 4.933037936519328292e-08
-5.162515877435016165e+00 1.243249604448680338e-08
-5.154263302445857065e+00 3.759816571579130649e-08
-5.146010727456696188e+00 2.528261901132679568e-08
-5.137758152467537087e+00 6.347512838643133837e-08
-5.129505577478376210e+00 0.000000000000000000e+00
-5.121253002489217110e+00 3.863660247174598966e-08
-5.113000427500056233e+00 3.907386848458377119e-08
-5.104747852510897133e+00 3.934679464334157635e-08
-5.096495277521736256e+00 7.933250721784286961e-08
-5.088242702532577155e+00 5.333160759606297567e-08
-5.079990127543416278e+00 2.687291862927630649e-08
-5.071737552554257178e+00 4.046162332900695030e-08
-5.063484977565096301e+00 2.724180337660205508e-08
-5.055232402575937201e+00 5.496624525882087563e-08
-5.046979827586776324e+00 2.762412285710345323e-08
-5.038727252597617223e+00 1.393327674719623439e-08
-5.030474677608457235e+00 2.804388328722730601e-08
-5.022222102619297246e+00 2.833289712094929691e-08
-5.013969527630137257e+00 2.855346790496671954e-08
-5.005716952640977269e+00 4.299426203403673374e-08
-4.997464377651817280e+00 4.338716153225842281e-08
-4.989211802662657291e+00 4.373015652206581750e-08
-4.980959227673498191e+00 4.410234167758708951e-08
-4.972706652684337314e+00 1.185770790521582497e-07
-4.964454077695178214e+00 1.497523698074058459e-08
-4.956201502706017337e+00 7.519683417178009652e-08
-4.947948927716858236e+00 7.582033933106281305e-08
-4.939696352727697359e+00 1.525650006593072354e-08
-4.931443777738538259e+00 7.692573223915696409e-08
-4.923191202749377382e+00 6.206145674249145477e-08
-4.914938627760218282e+00 9.342674057530478100e-08
-4.906686052771057405e+00 6.298061805570386838e-08
-4.898433477781898304e+00 4.762379758450619756e-08
-4.890180902792737427e+00 3.200963149038179539e-08
-4.881928327803578327e+00 4.821117318240729410e-08
-4.873675752814417450e+00 4.863282796588664890e-08
-4.865423177825258350e+00 6.528579426685385247e-08
-4.857170602836097473e+00 6.603029704880318800e-08
-4.848918027846938372e+00 8.295644528114395123e-08
-4.840665452857777495e+00 6.685237244658771366e-08
-4.832412877868618395e+00 3.365934084617288426e-08
-4.824160302879457518e+00 1.692868759861466629e-08
-4.815907727890298418e+00 6.845101079626157254e-08
-4.807655152901138429e+00 8.622903979556802603e-08
-4.799402577911978440e+00 6.942665555621785260e-08
-4.791150002922818452e+00 3.506488419820498777e-08
-4.782897427933658463e+00 1.057953631682863705e-07
-4.774644852944499362e+00 7.109962436124256567e-08
-4.766392277955338486e+00 8.957204224470710026e-08
-4.758139702966179385e+00 3.612514990126030630e-08
-4.749887127977018508e+00 5.460280970051157137e-08
-4.741634552987859408e+00 3.664594643937627093e-08
-4.733381977998698531e+00 7.388621197753044474e-08
-4.725129403009539431e+00 9.305189393693260448e-08
-4.716876828020378554e+00 5.622415171325341016e-08
-4.708624253031219453e+00 5.678942124631009216e-08
-4.700371678042058576e+00 9.513965841524654067e-08
-4.692119103052899476e+00 9.562540152470010104e-08
-4.683866528063738599e+00 0.000000000000000000e+00
-4.675613953074579499e+00 1.362572446421017816e-07
-4.667361378085418622e+00 7.840801045755984573e-08
-4.659108803096259521e+00 1.980361203557647757e-08
-4.650856228107098644e+00 9.967063966152383168e-08
-4.642603653117939544e+00 8.020026274308896922e-08
-4.634351078128778667e+00 2.028795132665498413e-08
-4.626098503139619567e+00 4.071690254527240583e-08
-4.617845928150459578e+00 8.208941179534829058e-08
-4.609593353161299589e+00 8.269340299373573224e-08
-4.601340778172139601e+00 6.268941932128957363e-08
-4.593088203182979612e+00 1.260537542553704340e-07
-4.584835628193819623e+00 1.057725432423070493e-07
-4.576583053204659635e+00 4.264748688177083455e-08
-4.568330478215499646e+00 4.312225873415681074e-08
-4.560077903226339657e+00 6.506217140776718185e-08
-4.551825328237180557e+00 1.744257730486331114e-07
-4.543572753248019680e+00 1.099615843604629857e-07
-4.535320178258860579e+00 1.109890089791536672e-07
-4.527067603269699703e+00 1.563217439692001214e-07
-4.518815028280540602e+00 6.761193589160514376e-08
-4.510562453291379725e+00 1.360522805192667617e-07
-4.502309878302220625e+00 1.370858347394974766e-07
-4.494057303313059748e+00 1.149831781952571766e-07
-4.485804728323900648e+00 9.267225200200720193e-08
-4.477552153334739771e+00 7.022199452503008661e-08
-4.469299578345580670e+00 2.351891999323431772e-07
-4.461047003356419793e+00 1.186979618465532612e-07
-4.452794428367260693e+00 7.165799836228513505e-08
-4.444541853378099816e+00 1.206784441130630030e-07
-4.436289278388940716e+00 1.455895517609342000e-07
-4.428036703399779839e+00 1.710123210297222499e-07
-4.419784128410620738e+00 1.972072940192758573e-07
-4.411531553421459861e+00 1.738920048423305587e-07
-4.403278978432300761e+00 2.001003539586844183e-07
-4.395026403443140772e+00 1.510763840062259956e-07
-4.386773828453980784e+00 3.047165807075274413e-07
-4.378521253464820795e+00 1.278804068638655248e-07
-4.370268678475660806e+00 0.000000000000000000e+00
-4.362016103486500818e+00 1.038818869993035309e-07
-4.353763528497340829e+00 1.308942069701547847e-07
-4.345510953508181728e+00 1.056503316617388712e-07
-4.337258378519020852e+00 7.983157451886016940e-08
-4.329005803529861751e+00 1.338194932895678517e-07
-4.320753228540700874e+00 5.405698593022099675e-08
-4.312500653551541774e+00 8.160990133673937664e-08
-4.304248078562380897e+00 2.738274368727156488e-07
-4.295995503573221797e+00 1.932283703151073012e-07
-4.287742928584060920e+00 1.948010793900405078e-07
-4.279490353594901819e+00 1.400517262042636903e-07
-4.271237778605740942e+00 1.413145111202728996e-07
-4.262985203616581842e+00 1.422242155030305295e-07
-4.254732628627420965e+00 2.003558863732809158e-07
-4.246480053638261865e+00 1.444928481369644335e-07
-4.238227478649100988e+00 8.747484739477613782e-08
-4.229974903659941887e+00 1.764509619681596782e-07
-4.221722328670781010e+00 1.775559662859197178e-07
-4.213469753681621910e+00 2.082637461728680654e-07
-4.205217178692461033e+00 2.702390031073358030e-07
-4.196964603703301933e+00 2.115122547509600781e-07
-4.188712028714141944e+00 9.142579730367971375e-08
-4.180459453724981955e+00 1.534969827827684803e-07
-4.172206878735821967e+00 9.278208986211714342e-08
-4.163954303746661978e+00 2.182848890258253131e-07
-4.155701728757501989e+00 1.255465867180267982e-07
-4.147449153768342001e+00 1.583350363583659216e-07
-4.139196578779182012e+00 9.575879246561748254e-08
-4.130944003790022023e+00 2.574150088574168648e-07
-4.122691428800862923e+00 1.942402300102561245e-07
-4.114438853811702046e+00 1.958361632397838735e-07
-4.106186278822542945e+00 1.318576786911052578e-07
-4.097933703833382069e+00 2.321513425647069085e-07
-4.089681128844222968e+00 3.008039041766427065e-07
-4.081428553855062091e+00 2.018751285647978243e-07
-4.073175978865902991e+00 1.015456201134383443e-07
-4.064923403876742114e+00 3.071932258021015938e-07
-4.056670828887583014e+00 1.032634803534568140e-07
-4.048418253898422137e+00 2.428253214718509052e-07
-4.040165678909263036e+00 1.049392094210518340e-07
-4.031913103920102159e+00 3.522056729265957698e-08
-4.023660528930943059e+00 1.420163244849405269e-07
-4.015407953941782182e+00 1.788334169702800503e-07
-4.007155378952623082e+00 2.159842864223120875e-07
-3.998902803963462649e+00 3.264605069097703571e-07
-3.990650228974302660e+00 1.462725775478139560e-07
-3.982397653985143116e+00 2.210500232921395077e-07
-3.974145078995983127e+00 1.486454520118349731e-07
-3.965892504006823138e+00 1.121781515437476973e-07
-3.957639929017663150e+00 1.507491638925147299e-07
-3.949387354028503161e+00 2.280165332493153828e-07
-3.941134779039343172e+00 2.679892655683178546e-07
-3.932882204050183184e+00 1.542668154542366958e-07
-3.924629629061023639e+00 2.723663133750990271e-07
-3.916377054071863650e+00 2.743722299113954078e-07
-3.908124479082703662e+00 1.972566680078655653e-07
-3.899871904093543673e+00 1.192029844074224045e-07
-3.891619329104383684e+00 2.001022255515583378e-07
-3.883366754115223696e+00 2.020308384057631782e-07
-3.875114179126063707e+00 1.222670558709032157e-07
-3.866861604136903718e+00 4.095929172115705631e-07
-3.858609029147743730e+00 1.652901441197897413e-07
-3.850356454158583741e+00 2.081679449924589192e-07
-3.842103879169423752e+00 3.361213808099590543e-07
-3.833851304180263764e+00 2.111537885327252368e-07
-3.825598729191103775e+00 1.277650235113268542e-07
-3.817346154201943786e+00 2.143565440324872657e-07
-3.809093579212783798e+00 8.636121007941276232e-08
-3.800841004223623809e+00 3.047425729746020123e-07
-3.792588429234463820e+00 1.319057012801088101e-07
-3.784335854245303832e+00 3.531269174282591430e-07
-3.776083279256144287e+00 4.009437745979309544e-07
-3.767830704266984299e+00 8.958361078896460829e-08
-3.759578129277824310e+00 2.267268224908583776e-07
-3.751325554288664321e+00 3.187750846116177231e-07
-3.743072979299504333e+00 3.674187714308346588e-07
-3.734820404310344344e+00 1.386716947606619383e-07
-3.726567829321184355e+00 1.864252276877152147e-07
-3.718315254332024367e+00 3.296065619016771772e-07
-3.710062679342864378e+00 2.840034681086444517e-07
-3.701810104353704389e+00 3.339644774187452910e-07
-3.693557529364544401e+00 3.366522531844010385e-07
-3.685304954375384856e+00 1.452252792686190404e-07
-3.677052379386224867e+00 1.949470339031334936e-07
-3.668799804397064879e+00 2.464661459611437450e-07
-3.660547229407904890e+00 3.475845517259283432e-07
-3.652294654418744901e+00 2.497397236133848505e-07
-3.644042079429584913e+00 5.034819814013070502e-07
-3.635789504440424924e+00 3.547619423452134511e-07
-3.627536929451264935e+00 4.088921766039594882e-07
-3.619284354462104947e+00 2.059560605246252355e-07
-3.611031779472944958e+00 4.664808736365342708e-07
-3.602779204483784969e+00 1.566736496968102656e-07
-3.594526629494624981e+00 2.629490007743229319e-07
-3.586274054505465436e+00 2.654125074458505428e-07
-3.578021479516305448e+00 1.068296038614865986e-07
-3.569768904527145459e+00 2.692762389965266905e-07
-3.561516329537985470e+00 5.426023067433449992e-07
-3.553263754548825482e+00 3.283122782720049487e-07
-3.545011179559665493e+00 3.863018966286997830e-07
-3.536758604570505504e+00 4.442737966520386037e-07
-3.528506029581345516e+00 1.678415585087029872e-07
-3.520253454592185527e+00 2.254307721155553272e-07
-3.512000879603025538e+00 2.841409313146529844e-07
-3.503748304613865550e+00 5.155883630726702561e-07
-3.495495729624705561e+00 2.887242968737477049e-07
-3.487243154635545572e+00 1.745700463903750810e-07
-3.478990579646385584e+00 2.349441528353083815e-07
-3.470738004657226039e+00 2.954623671540022731e-07
-3.462485429668066050e+00 4.766351825637668171e-07
-3.454232854678906062e+00 3.599532129418401228e-07
-3.445980279689746073e+00 3.022394528213854340e-07
-3.437727704700586084e+00 1.824336056403554530e-07
-3.429475129711426096e+00 1.839896000555315065e-07
-3.421222554722266107e+00 3.709429500800953485e-07
-3.412969979733106118e+00 1.245654165584724904e-07
-3.404717404743946130e+00 1.888750460377898822e-07
-3.396464829754786141e+00 5.056607909775513508e-07
-3.388212254765626152e+00 3.189487824372520222e-07
-3.379959679776466164e+00 1.281906862003730672e-07
-3.371707104787306619e+00 3.882799737419666510e-07
-3.363454529798146631e+00 6.519510325914515512e-07
-3.355201954808986642e+00 5.907118016981161330e-07
-3.346949379819826653e+00 2.650922078078216866e-07
-3.338696804830666665e+00 2.663631568769998854e-07
-3.330444229841506676e+00 3.358487197665042991e-07
-3.322191654852346687e+00 6.092755839029091484e-07
-3.313939079863186699e+00 3.411955398674409641e-07
-3.305686504874026710e+00 4.805642314798905978e-07
-3.297433929884866721e+00 4.855910950780726654e-07
-3.289181354895706733e+00 4.189082957325325616e-07
-3.280928779906546744e+00 6.325417436923618670e-07
-3.272676204917386755e+00 1.418311579323459022e-07
-3.264423629928227211e+00 4.988495399701414756e-07
-3.256171054939067222e+00 3.594859459548245133e-07
-3.247918479949907233e+00 4.359335389412030886e-07
-3.239665904960747245e+00 2.190163335631142242e-07
-3.231413329971587256e+00 2.204895485575439917e-07
-3.223160754982427267e+00 2.971545315342795400e-07
-3.214908179993267279e+00 3.737607940639754999e-07
-3.206655605004107290e+00 2.263494679912905304e-07
-3.198403030014947301e+00 6.072699379971394615e-07
-3.190150455025787313e+00 6.112820913164137300e-07
-3.181897880036627324e+00 4.624737804052429937e-07
-3.173645305047467335e+00 4.659459558736163395e-07
-3.165392730058307791e+00 3.130231008825489348e-07
-3.157140155069147802e+00 2.362332605935036102e-07
-3.148887580079987814e+00 9.527434945786646552e-07
-3.140635005090827825e+00 2.399538944637935439e-07
-3.132382430101667836e+00 3.225228833656195297e-07
-3.124129855112507848e+00 5.686989245512525011e-07
-3.115877280123347859e+00 3.279759858186686164e-07
-3.107624705134187870e+00 2.473697958909946670e-07
-3.099372130145027882e+00 7.486865525940298725e-07
-3.091119555155867893e+00 6.694890534829548938e-07
-3.082866980166707904e+00 7.608953320856386292e-07
-3.074614405177547916e+00 2.547479318552241665e-07
-3.066361830188387927e+00 4.281087078336754045e-07
-3.058109255199227938e+00 6.049266444703613198e-07
-3.049856680210068394e+00 2.610160470133101148e-07
-3.041604105220908405e+00 5.260213254040741923e-07
-3.033351530231748416e+00 2.653229599711891140e-07
-3.025098955242588428e+00 8.002352983644757503e-07
-3.016846380253428439e+00 3.590095112969251328e-07
-3.008593805264268450e+00 6.332994726336242967e-07
-3.000341230275108462e+00 7.275215066301019887e-07
-2.992088655285948473e+00 2.748717658213871942e-07
-2.983836080296788484e+00 3.705714071253924653e-07
-2.975583505307628496e+00 3.717062687530897401e-07
-2.967330930318468507e+00 3.756143671530859839e-07
-2.959078355329308518e+00 6.628741360544412699e-07
-2.950825780340148974e+00 7.634407497469119353e-07
-2.942573205350988985e+00 7.687618414176471880e-07
-2.934320630361828997e+00 5.806799717271617806e-07
-2.926068055372669008e+00 3.899985832299282779e-07
-2.917815480383509019e+00 3.927449302370943139e-07
-2.909562905394349031e+00 2.964579134317456060e-07
-2.901310330405189042e+00 7.981512641295967451e-07
-2.893057755416029053e+00 5.025048032929855322e-07
-2.884805180426869065e+00 3.033898314495462077e-07
-2.876552605437709076e+00 8.176474108014578574e-07
-2.868300030448549087e+00 3.087501324837772671e-07
-2.860047455459389099e+00 3.109179345617128146e-07
-2.851794880470229110e+00 2.087902999307343657e-07
-2.843542305481069565e+00 2.104373335804573426e-07
-2.835289730491909577e+00 2.125531170308983178e-07
-2.827037155502749588e+00 1.069538827157916125e-07
-2.818784580513589599e+00 2.155575614586396205e-07
-2.810532005524429611e+00 5.419509056055127847e-07
-2.802279430535269622e+00 0.000000000000000000e+00
-2.794026855546109633e+00 3.307791368087914649e-07
-2.785774280556949645e+00 4.442129076241510392e-07
-2.777521705567789656e+00 4.470537231898191059e-07
-2.769269130578629667e+00 4.508895203349641441e-07
-2.761016555589469679e+00 3.405167659965531079e-07
-2.752763980600309690e+00 2.286178120060867481e-07
-2.744511405611150145e+00 2.309848277090574025e-07
-2.736258830621990157e+00 4.646718801741957484e-07
-2.728006255632830168e+00 4.679996325679964687e-07
-2.719753680643670180e+00 4.724083991758203185e-07
-2.711501105654510191e+00 7.134034124352713964e-07
-2.703248530665350202e+00 1.194730817224312804e-07
-2.694995955676190214e+00 4.830955208296679573e-07
-2.686743380687030225e+00 2.436137553244430646e-07
-2.678490805697870236e+00 7.353290750041093675e-07
-2.670238230708710248e+00 3.701579076370424733e-07
-2.661985655719550259e+00 6.213537906893378314e-07
-2.653733080730390270e+00 0.000000000000000000e+00
-2.645480505741230282e+00 3.794069051163383111e-07
-2.637227930752070293e+00 5.093675412385074725e-07
-2.628975355762910748e+00 3.850294921008398655e-07
-2.620722780773750760e+00 9.040655113816701774e-07
-2.612470205784590771e+00 3.906861430884609425e-07
-2.604217630795430782e+00 6.564886657355107354e-07
-2.595965055806270794e+00 2.651392652442944510e-07
-2.587712480817110805e+00 5.321666910894268210e-07
-2.579459905827950816e+00 4.022125708133087060e-07
-2.571207330838790828e+00 4.060524151384840489e-07
-2.562954755849630839e+00 5.452801526106567485e-07
-2.554702180860470850e+00 5.477360415777570888e-07
-2.546449605871310862e+00 4.146017240543797539e-07
-2.538197030882150873e+00 2.788781433384306973e-07
-2.529944455892991328e+00 4.211554240029565861e-07
-2.521691880903831340e+00 1.413012918733458662e-07
-2.513439305914671351e+00 4.280449374551566769e-07
-2.505186730925511362e+00 4.304806578570807449e-07
-2.496934155936351374e+00 1.450766199056595819e-07
-2.488681580947191385e+00 1.458644006460623998e-07
-2.480429005958031397e+00 7.353625329711038070e-07
-2.472176430968871408e+00 1.480065976889524625e-07
-2.463923855979711419e+00 4.468866358130385201e-07
-2.455671280990551431e+00 4.501182854936193911e-07
-2.447418706001391442e+00 1.513064335068159709e-07
-2.439166131012231453e+00 4.574606910199481950e-07
-2.430913556023071465e+00 3.076990282159174369e-07
-2.422660981033911476e+00 3.101230001712309433e-07
-2.414408406044751931e+00 4.689908357737590694e-07
-2.406155831055591943e+00 6.299710489528040811e-07
-2.397903256066431954e+00 1.588083722542682275e-07
-2.389650681077271965e+00 9.609413008681974202e-07
-2.381398106088111977e+00 3.222199820826405812e-07
-2.373145531098951988e+00 1.626309032901374126e-07
-2.364892956109791999e+00 4.901076428071956729e-07
-2.356640381120632011e+00 6.605006055819878042e-07
-2.348387806131472022e+00 4.980858803045134984e-07
-2.340135231142312033e+00 8.354695073057632383e-07
-2.331882656153152045e+00 1.688231425593532031e-07
-2.323630081163992056e+00 3.392675173531111339e-07
-2.315377506174832511e+00 1.026866021024060131e-06
-2.307124931185672523e+00 8.627267979142493773e-07
-2.298872356196512534e+00 0.000000000000000000e+00
-2.290619781207352545e+00 7.010027932785461601e-07
-2.282367206218192557e+00 0.000000000000000000e+00
-2.274114631229032568e+00 1.778894829794003348e-07
-2.265862056239872580e+00 1.253987966487037117e-06
-2.257609481250712591e+00 5.413663481852698459e-07
-2.249356906261552602e+00 1.273986283287928844e-06
-2.241104331272392614e+00 3.662873695630102184e-07
-2.232851756283232625e+00 1.852840622539641084e-07
-2.224599181294072636e+00 5.586387892702989397e-07
-2.216346606304912648e+00 1.126753727399256095e-06
-2.208094031315753103e+00 3.785354803941619797e-07
-2.199841456326593114e+00 1.898982496692010277e-07
-2.191588881337433126e+00 0.000000000000000000e+00
-2.183336306348273137e+00 0.000000000000000000e+00
-2.175083731359113148e+00 3.885447554436080429e-07
-2.166831156369953160e+00 0.000000000000000000e+00
-2.158578581380793171e+00 0.000000000000000000e+00
-2.150326006391633182e+00 3.978666439616116239e-07
-2.142073431402473194e+00 4.014975899217128025e-07
-2.133820856413313205e+00 1.010570820143559947e-06
-2.125568281424153216e+00 0.000000000000000000e+00
-2.117315706434993228e+00 4.102692246545464284e-07
-2.109063131445833683e+00 4.138185841997236797e-07
-2.100810556456673694e+00 4.166928048996870711e-07
-2.092557981467513706e+00 0.000000000000000000e+00
-2.084305406478353717e+00 2.112468256355063072e-07
-2.076052831489193728e+00 4.272261936712884889e-07
-2.067800256500033740e+00 2.157252432942228921e-07
-2.059547681510873751e+00 2.158075931368538975e-07
-2.051295106521713763e+00 2.177855772440327758e-07
-2.043042531532553774e+00 6.593890474081882091e-07
-2.034789956543393785e+00 2.218241935565872557e-07
-2.026537381554233797e+00 6.718831292631538402e-07
-2.018284806565073808e+00 4.498691043747453454e-07
-2.010032231575913819e+00 6.809877408355950572e-07
-2.001779656586753831e+00 4.569188524634900852e-07
-1.993527081597594286e+00 9.206197272713135568e-07
-1.985274506608434297e+00 2.324576905679146700e-07
-1.977021931619274309e+00 2.342796455744518819e-07
-1.968769356630114320e+00 0.000000000000000000e+00
-1.960516781640954331e+00 4.755876114946337322e-07
-1.952264206651794343e+00 4.769762578609390063e-07
-1.944011631662634354e+00 4.834681885937719147e-07
-1.935759056673474365e+00 2.429748828711918479e-07
-1.927506481684314377e+00 7.338807928058415948e-07
-1.919253906695154388e+00 7.410164833863369696e-07
-1.911001331705994399e+00 4.974546589214764033e-07
-1.902748756716834411e+00 0.000000000000000000e+00
-1.894496181727674644e+00 5.037610357140638638e-07
-1.886243606738514877e+00 2.545286377832906697e-07
-1.877991031749354889e+00 0.000000000000000000e+00
-1.869738456760194900e+00 5.150678337338063937e-07
-1.861485881771034911e+00 2.605216116072198942e-07
-1.853233306781874923e+00 2.626004697563210551e-07
-1.844980731792714934e+00 0.000000000000000000e+00
-1.836728156803554945e+00 0.000000000000000000e+00
-1.828475581814394957e+00 2.680435023767473986e-07
-1.820223006825234968e+00 0.000000000000000000e+00
-1.811970431836074980e+00 0.000000000000000000e+00
-1.803717856846914991e+00 0.000000000000000000e+00
-1.795465281857755224e+00 0.000000000000000000e+00
-1.787212706868595458e+00 0.000000000000000000e+00
-1.778960131879435469e+00 5.615187300475188795e-07
-1.770707556890275480e+00 0.000000000000000000e+00
-1.762454981901115492e+00 0.000000000000000000e+00
-1.754202406911955503e+00 0.000000000000000000e+00
-1.745949831922795514e+00 0.000000000000000000e+00
-1.737697256933635526e+00 0.000000000000000000e+00
-1.729444681944475537e+00 2.927790174537834353e-07
-1.721192106955315548e+00 2.954951508081072850e-07
-1.712939531966155560e+00 0.000000000000000000e+00
-1.704686956976995571e+00 0.000000000000000000e+00
-1.696434381987835582e+00 0.000000000000000000e+00
-1.688181806998675594e+00 0.000000000000000000e+00
-1.679929232009515605e+00 0.000000000000000000e+00
-1.671676657020355616e+00 3.107385115821353445e-07
-1.663424082031195628e+00 0.000000000000000000e+00
-1.655171507042035639e+00 0.000000000000000000e+00
-1.646918932052875650e+00 0.000000000000000000e+00
-1.638666357063715662e+00 3.198662091545592971e-07
-1.630413782074556117e+00 0.000000000000000000e+00
-1.622161207085396573e+00 0.000000000000000000e+00
-1.613908632096236584e+00 0.000000000000000000e+00
-1.605656057107076595e+00 0.000000000000000000e+00
-1.597403482117916607e+00 0.000000000000000000e+00
-1.589150907128756618e+00 0.000000000000000000e+00
-1.580898332139596629e+00 3.375498313056902441e-07
-1.572645757150436641e+00 0.000000000000000000e+00
-1.564393182161276652e+00 0.000000000000000000e+00
-1.556140607172116663e+00 0.000000000000000000e+00
-1.547888032182956675e+00 0.000000000000000000e+00
-1.539635457193796686e+00 0.000000000000000000e+00
-1.531382882204636697e+00 0.000000000000000000e+00
-1.523130307215476709e+00 0.000000000000000000e+00
-1.514877732226316720e+00 0.000000000000000000e+00
-1.506625157237156731e+00 3.603914831304936768e-07
-1.498372582247996743e+00 0.000000000000000000e+00
-1.490120007258836754e+00 0.000000000000000000e+00
-1.481867432269676765e+00 0.000000000000000000e+00
-1.473614857280516777e+00 0.000000000000000000e+00
-1.465362282291356788e+00 0.000000000000000000e+00
-1.457109707302196799e+00 0.000000000000000000e+00
-1.448857132313036811e+00 0.000000000000000000e+00
-1.440604557323876822e+00 0.000000000000000000e+00
-1.432351982334716833e+00 0.000000000000000000e+00
-1.424099407345557289e+00 0.000000000000000000e+00
-1.415846832356397744e+00 0.000000000000000000e+00
-1.407594257367237756e+00 0.000000000000000000e+00
-1.399341682378077767e+00 0.000000000000000000e+00
-1.391089107388917778e+00 0.000000000000000000e+00
-1.382836532399757790e+00 0.000000000000000000e+00
-1.374583957410597801e+00 0.000000000000000000e+00
-1.366331382421437812e+00 0.000000000000000000e+00
-1.358078807432277824e+00 0.000000000000000000e+00
-1.349826232443117835e+00 0.000000000000000000e+00
-1.341573657453957846e+00 0.000000000000000000e+00
-1.333321082464797858e+00 0.000000000000000000e+00
-1.325068507475637869e+00 0.000000000000000000e+00
-1.316815932486477880e+00 0.000000000000000000e+00
-1.308563357497317892e+00 0.000000000000000000e+00
-1.300310782508157903e+00 0.000000000000000000e+00
-1.292058207518997914e+00 0.000000000000000000e+00
-1.283805632529837926e+00 0.000000000000000000e+00
-1.275553057540677937e+00 0.000000000000000000e+00
-1.267300482551517948e+00 0.000000000000000000e+00
-1.259047907562357960e+00 0.000000000000000000e+00
-1.250795332573197971e+00 0.000000000000000000e+00
-1.242542757584037982e+00 0.000000000000000000e+00
-1.234290182594877994e+00 0.000000000000000000e+00
-1.226037607605718005e+00 0.000000000000000000e+00
-1.217785032616558016e+00 0.000000000000000000e+00
-1.209532457627398472e+00 0.000000000000000000e+00
-1.201279882638238927e+00 0.000000000000000000e+00
-1.193027307649078939e+00 0.000000000000000000e+00
-1.184774732659918950e+00 0.000000000000000000e+00
-1.176522157670758961e+00 0.000000000000000000e+00
-1.168269582681598973e+00 0.000000000000000000e+00
-1.160017007692438984e+00 0.000000000000000000e+00
-1.151764432703278995e+00 0.000000000000000000e+00
-1.143511857714119007e+00 0.000000000000000000e+00
-1.135259282724959018e+00 0.000000000000000000e+00
-1.127006707735799029e+00 0.000000000000000000e+00
-1.118754132746639041e+00 0.000000000000000000e+00
-1.110501557757479052e+00 0.000000000000000000e+00
-1.102248982768319063e+00 0.000000000000000000e+00
-1.093996407779159075e+00 0.000000000000000000e+00
-1.085743832789999086e+00 0.000000000000000000e+00
-1.077491257800839097e+00 0.000000000000000000e+00
-1.069238682811679109e+00 0.000000000000000000e+00
-1.060986107822519120e+00 0.000000000000000000e+00
-1.052733532833359131e+00 0.000000000000000000e+00
-1.044480957844199143e+00 0.000000000000000000e+00
-1.036228382855039154e+00 0.000000000000000000e+00
-1.027975807865879165e+00 0.000000000000000000e+00
-1.019723232876719177e+00 0.000000000000000000e+00
-1.011470657887559188e+00 0.000000000000000000e+00
-1.003218082898399199e+00 0.000000000000000000e+00
-9.949655079092396548e-01 0.000000000000000000e+00
-9.867129329200801102e-01 0.000000000000000000e+00
-9.784603579309201216e-01 0.000000000000000000e+00
-9.702077829417601329e-01 0.000000000000000000e+00
-9.619552079526001442e-01 0.000000000000000000e+00
-9.537026329634401556e-01 0.000000000000000000e+00
-9.454500579742801669e-01 0.000000000000000000e+00
-9.371974829851201783e-01 0.000000000000000000e+00
-9.289449079959601896e-01 0.000000000000000000e+00
-9.206923330068002009e-01 0.000000000000000000e+00
-9.124397580176402123e-01 0.000000000000000000e+00
-9.041871830284802236e-01 0.000000000000000000e+00
-8.959346080393202350e-01 0.000000000000000000e+00
-8.876820330501602463e-01 0.000000000000000000e+00
-8.794294580610002576e-01 0.000000000000000000e+00
-8.711768830718402690e-01 0.000000000000000000e+00
-8.629243080826802803e-01 0.000000000000000000e+00
-8.546717330935202916e-01 0.000000000000000000e+00
-8.464191581043603030e-01 0.000000000000000000e+00
-8.381665831152003143e-01 0.000000000000000000e+00
-8.299140081260403257e-01 0.000000000000000000e+00
-8.216614331368803370e-01 0.000000000000000000e+00
-8.134088581477203483e-01 0.000000000000000000e+00
-8.051562831585603597e-01 0.000000000000000000e+00
-7.969037081694003710e-01 0.000000000000000000e+00
-7.886511331802408264e-01 0.000000000000000000e+00
-7.803985581910812819e-01 0.000000000000000000e+00
-7.721459832019212932e-01 0.000000000000000000e+00
-7.638934082127613046e-01 0.000000000000000000e+00
-7.556408332236013159e-01 0.000000000000000000e+00
-7.473882582344413272e-01 0.000000000000000000e+00
-7.391356832452813386e-01 0.000000000000000000e+00
-7.308831082561213499e-01 0.000000000000000000e+00
-7.226305332669613612e-01 0.000000000000000000e+00
-7.143779582778013726e-01 0.000000000000000000e+00
-7.061253832886413839e-01 0.000000000000000000e+00
-6.978728082994813953e-01 0.000000000000000000e+00
-6.896202333103214066e-01 0.000000000000000000e+00
-6.813676583211614179e-01 0.000000000000000000e+00
-6.731150833320014293e-01 0.000000000000000000e+00
-6.648625083428414406e-01 0.000000000000000000e+00
-6.566099333536814520e-01 0.000000000000000000e+00
-6.483573583645214633e-01 0.000000000000000000e+00
-6.401047833753614746e-01 0.000000000000000000e+00
-6.318522083862014860e-01 0.000000000000000000e+00
-6.235996333970414973e-01 0.000000000000000000e+00
-6.153470584078815087e-01 0.000000000000000000e+00
-6.070944834187215200e-01 0.000000000000000000e+00
-5.988419084295615313e-01 0.000000000000000000e+00
-5.905893334404015427e-01 0.000000000000000000e+00
-5.823367584512415540e-01 0.000000000000000000e+00
-5.740841834620820094e-01 0.000000000000000000e+00
-5.658316084729224649e-01 0.000000000000000000e+00
-5.575790334837624762e-01 0.000000000000000000e+00
-5.493264584946024875e-01 0.000000000000000000e+00
-5.410738835054424989e-01 0.000000000000000000e+00
-5.328213085162825102e-01 0.000000000000000000e+00
-5.245687335271225216e-01 0.000000000000000000e+00
-5.163161585379625329e-01 0.000000000000000000e+00
-5.080635835488025442e-01 0.000000000000000000e+00
-4.998110085596425556e-01 0.000000000000000000e+00
-4.915584335704825669e-01 0.000000000000000000e+00
-4.833058585813225783e-01 0.000000000000000000e+00
-4.750532835921625896e-01 0.000000000000000000e+00
-4.668007086030026009e-01 0.000000000000000000e+00
-4.585481336138426123e-01 0.000000000000000000e+00
-4.502955586246826236e-01 0.000000000000000000e+00
-4.420429836355226350e-01 0.000000000000000000e+00
-4.337904086463626463e-01 0.000000000000000000e+00
-4.255378336572026576e-01 0.000000000000000000e+00
-4.172852586680426690e-01 0.000000000000000000e+00
-4.090326836788826803e-01 0.000000000000000000e+00
-4.007801086897226917e-01 0.000000000000000000e+00
-3.925275337005627030e-01 0.000000000000000000e+00
-3.842749587114027143e-01 0.000000000000000000e+00
-3.760223837222427257e-01 0.000000000000000000e+00
-3.677698087330831811e-01 0.000000000000000000e+00
-3.595172337439236365e-01 0.000000000000000000e+00
-3.512646587547636479e-01 0.000000000000000000e+00
-3.430120837656036592e-01 0.000000000000000000e+00
-3.347595087764436705e-01 0.000000000000000000e+00
-3.265069337872836819e-01 0.000000000000000000e+00
-3.182543587981236932e-01 0.000000000000000000e+00
-3.100017838089637046e-01 0.000000000000000000e+00
-3.017492088198037159e-01 0.000000000000000000e+00
-2.934966338306437272e-01 0.000000000000000000e+00
-2.852440588414837386e-01 0.000000000000000000e+00
-2.769914838523237499e-01 0.000000000000000000e+00
-2.687389088631637613e-01 0.000000000000000000e+00
-2.604863338740037726e-01 0.000000000000000000e+00
-2.522337588848437839e-01 0.000000000000000000e+00
-2.439811838956837953e-01 0.000000000000000000e+00
-2.357286089065238066e-01 0.000000000000000000e+00
-2.274760339173638179e-01 0.000000000000000000e+00
-2.192234589282038293e-01 0.000000000000000000e+00
-2.109708839390438406e-01 0.000000000000000000e+00
-2.027183089498838520e-01 0.000000000000000000e+00
-1.944657339607238633e-01 0.000000000000000000e+00
-1.862131589715638746e-01 0.000000000000000000e+00
-1.779605839824038860e-01 0.000000000000000000e+00
-1.697080089932438973e-01 0.000000000000000000e+00
-1.614554340040839087e-01 0.000000000000000000e+00
-1.532028590149243641e-01 0.000000000000000000e+00
-1.449502840257648195e-01 0.000000000000000000e+00
-1.366977090366048309e-01 0.000000000000000000e+00
-1.284451340474448422e-01 0.000000000000000000e+00
-1.201925590582848535e-01 0.000000000000000000e+00
-1.119399840691248649e-01 0.000000000000000000e+00
-1.036874090799648762e-01 0.000000000000000000e+00
-9.543483409080488755e-02 0.000000000000000000e+00
-8.718225910164489889e-02 0.000000000000000000e+00
-7.892968411248491023e-02 0.000000000000000000e+00
-7.067710912332492157e-02 0.000000000000000000e+00
-6.242453413416493291e-02 0.000000000000000000e+00
-5.417195914500494425e-02 0.000000000000000000e+00
-4.591938415584495559e-02 0.000000000000000000e+00
-3.766680916668496693e-02 0.000000000000000000e+00
-2.941423417752497826e-02 0.000000000000000000e+00
-2.116165918836498960e-02 0.000000000000000000e+00
-1.290908419920500094e-02 0.000000000000000000e+00
-4.656509210045012281e-03 0.000000000000000000e+00
3.596065779114976380e-03 0.000000000000000000e+00
1.184864076827496504e-02 0.000000000000000000e+00
2.010121575743495370e-02 0.000000000000000000e+00
2.835379074659494236e-02 0.000000000000000000e+00
3.660636573575493102e-02 0.000000000000000000e+00
4.485894072491491968e-02 0.000000000000000000e+00
5.311151571407446426e-02 0.000000000000000000e+00
6.136409070323400883e-02 0.000000000000000000e+00
6.961666569239399749e-02 0.000000000000000000e+00
7.786924068155398615e-02 0.000000000000000000e+00
8.612181567071397481e-02 0.000000000000000000e+00
9.437439065987396347e-02 0.000000000000000000e+00
1.026269656490339521e-01 0.000000000000000000e+00
1.108795406381939408e-01 0.000000000000000000e+00
1.191321156273539295e-01 0.000000000000000000e+00
1.273846906165139181e-01 0.000000000000000000e+00
1.356372656056739068e-01 0.000000000000000000e+00
1.438898405948338954e-01 0.000000000000000000e+00
1.521424155839938841e-01 0.000000000000000000e+00
1.603949905731538728e-01 0.000000000000000000e+00
1.686475655623138614e-01 0.000000000000000000e+00
1.769001405514738501e-01 0.000000000000000000e+00
1.851527155406338387e-01 0.000000000000000000e+00
1.934052905297938274e-01 0.000000000000000000e+00
2.016578655189538161e-01 0.000000000000000000e+00
2.099104405081138047e-01 0.000000000000000000e+00
2.181630154972737934e-01 0.000000000000000000e+00
2.264155904864337820e-01 0.000000000000000000e+00
2.346681654755937707e-01 0.000000000000000000e+00
2.429207404647537594e-01 0.000000000000000000e+00
2.511733154539137480e-01 0.000000000000000000e+00
2.594258904430737367e-01 0.000000000000000000e+00
2.676784654322332813e-01 0.000000000000000000e+00
2.759310404213928258e-01 0.000000000000000000e+00
2.841836154105528145e-01 0.000000000000000000e+00
2.924361903997128032e-01 0.000000000000000000e+00
3.006887653888727918e-01 0.000000000000000000e+00
3.089413403780327805e-01 0.000000000000000000e+00
3.171939153671927691e-01 0.000000000000000000e+00
3.254464903563527578e-01 0.000000000000000000e+00
3.336990653455127465e-01 0.000000000000000000e+00
3.419516403346727351e-01 0.000000000000000000e+00
3.502042153238327238e-01 0.000000000000000000e+00
3.584567903129927124e-01 0.000000000000000000e+00
3.667093653021527011e-01 0.000000000000000000e+00
3.749619402913126898e-01 0.000000000000000000e+00
3.832145152804726784e-01 0.000000000000000000e+00
3.914670902696326671e-01 0.000000000000000000e+00
3.997196652587926557e-01 0.000000000000000000e+00
4.079722402479526444e-01 0.000000000000000000e+00
4.162248152371126331e-01 0.000000000000000000e+00
4.244773902262726217e-01 0.000000000000000000e+00
4.327299652154326104e-01 0.000000000000000000e+00
4.409825402045925991e-01 0.000000000000000000e+00
4.492351151937525877e-01 0.000000000000000000e+00
4.574876901829125764e-01 0.000000000000000000e+00
4.657402651720725650e-01 0.000000000000000000e+00
4.739928401612325537e-01 0.000000000000000000e+00
4.822454151503920983e-01 0.000000000000000000e+00
4.904979901395516428e-01 0.000000000000000000e+00
4.987505651287116315e-01 0.000000000000000000e+00
5.070031401178716202e-01 0.000000000000000000e+00
5.152557151070316088e-01 0.000000000000000000e+00
5.235082900961915975e-01 0.000000000000000000e+00
5.317608650853515861e-01 0.000000000000000000e+00
5.400134400745115748e-01 0.000000000000000000e+00
5.482660150636715635e-01 0.000000000000000000e+00
5.565185900528315521e-01 0.000000000000000000e+00
5.647711650419915408e-01 0.000000000000000000e+00
5.730237400311515295e-01 0.000000000000000000e+00
5.812763150203115181e-01 0.000000000000000000e+00
5.895288900094715068e-01 0.000000000000000000e+00
5.977814649986314954e-01 0.000000000000000000e+00
6.060340399877914841e-01 0.000000000000000000e+00
6.142866149769514728e-01 0.000000000000000000e+00
6.225391899661114614e-01 0.000000000000000000e+00
6.307917649552714501e-01 0.000000000000000000e+00
6.390443399444314387e-01 0.000000000000000000e+00
6.472969149335914274e-01 0.000000000000000000e+00
6.555494899227514161e-01 0.000000000000000000e+00
6.638020649119114047e-01 0.000000000000000000e+00
6.720546399010713934e-01 0.000000000000000000e+00
6.803072148902313820e-01 0.000000000000000000e+00
6.885597898793909266e-01 0.000000000000000000e+00
6.968123648685504712e-01 0.000000000000000000e+00
7.050649398577104598e-01 0.000000000000000000e+00
7.133175148468704485e-01 0.000000000000000000e+00
7.215700898360304372e-01 0.000000000000000000e+00
7.298226648251904258e-01 0.000000000000000000e+00
7.380752398143504145e-01 0.000000000000000000e+00
7.463278148035104032e-01 0.000000000000000000e+00
7.545803897926703918e-01 0.000000000000000000e+00
7.628329647818303805e-01 0.000000000000000000e+00
7.710855397709903691e-01 0.000000000000000000e+00
7.793381147601503578e-01 0.000000000000000000e+00
7.875906897493103465e-01 0.000000000000000000e+00
7.958432647384703351e-01 0.000000000000000000e+00
8.040958397276303238e-01 0.000000000000000000e+00
8.123484147167903124e-01 0.000000000000000000e+00
8.206009897059503011e-01 0.000000000000000000e+00
8.288535646951102898e-01 0.000000000000000000e+00
8.371061396842702784e-01 0.000000000000000000e+00
8.453587146734302671e-01 0.000000000000000000e+00
8.536112896625902557e-01 0.000000000000000000e+00
8.618638646517502444e-01 0.000000000000000000e+00
8.701164396409102331e-01 0.000000000000000000e+00
8.783690146300702217e-01 0.000000000000000000e+00
8.866215896192302104e-01 0.000000000000000000e+00
8.948741646083901990e-01 0.000000000000000000e+00
9.031267395975497436e-01 0.000000000000000000e+00
9.113793145867092882e-01 0.000000000000000000e+00
9.196318895758692769e-01 0.000000000000000000e+00
9.278844645650292655e-01 0.000000000000000000e+00
9.361370395541892542e-01 0.000000000000000000e+00
9.443896145433492428e-01 0.000000000000000000e+00
9.526421895325092315e-01 0.000000000000000000e+00
9.608947645216692202e-01 0.000000000000000000e+00
9.691473395108292088e-01 0.000000000000000000e+00
9.773999144999891975e-01 0.000000000000000000e+00
9.856524894891491861e-01 0.000000000000000000e+00
9.939050644783091748e-01 0.000000000000000000e+00
1.002157639467469163e+00 0.000000000000000000e+00
1.010410214456629152e+00 0.000000000000000000e+00
1.018662789445789141e+00 0.000000000000000000e+00
1.026915364434949129e+00 0.000000000000000000e+00
1.035167939424109118e+00 0.000000000000000000e+00
1.043420514413269107e+00 0.000000000000000000e+00
1.051673089402429095e+00 0.000000000000000000e+00
1.059925664391589084e+00 0.000000000000000000e+00
1.068178239380749073e+00 0.000000000000000000e+00
1.076430814369909061e+00 0.000000000000000000e+00
1.084683389359069050e+00 0.000000000000000000e+00
1.092935964348229039e+00 0.000000000000000000e+00
1.101188539337389027e+00 0.000000000000000000e+00
1.109441114326549016e+00 0.000000000000000000e+00
1.117693689315708561e+00 0.000000000000000000e+00
1.125946264304868105e+00 0.000000000000000000e+00
1.134198839294028094e+00 0.000000000000000000e+00
1.142451414283188083e+00 0.000000000000000000e+00
1.150703989272348071e+00 0.000000000000000000e+00
1.158956564261508060e+00 0.000000000000000000e+00
1.167209139250668049e+00 0.000000000000000000e+00
1.175461714239828037e+00 0.000000000000000000e+00
1.183714289228988026e+00 0.000000000000000000e+00
1.191966864218148014e+00 0.000000000000000000e+00
1.200219439207308003e+00 0.000000000000000000e+00
1.208472014196467992e+00 0.000000000000000000e+00
1.216724589185627980e+00 0.000000000000000000e+00
1.224977164174787969e+00 0.000000000000000000e+00
1.233229739163947958e+00 0.000000000000000000e+00
1.241482314153107946e+00 0.000000000000000000e+00
1.249734889142267935e+00 0.000000000000000000e+00
1.257987464131427924e+00 0.000000000000000000e+00
1.266240039120587912e+00 0.000000000000000000e+00
1.274492614109747901e+00 0.000000000000000000e+00
1.282745189098907890e+00 0.000000000000000000e+00
1.290997764088067878e+00 0.000000000000000000e+00
1.299250339077227867e+00 0.000000000000000000e+00
1.307502914066387856e+00 0.000000000000000000e+00
1.315755489055547844e+00 0.000000000000000000e+00
1.324008064044707389e+00 0.000000000000000000e+00
1.332260639033866934e+00 0.000000000000000000e+00
1.340513214023026922e+00 0.000000000000000000e+00
1.348765789012186911e+00 0.000000000000000000e+00
1.357018364001346900e+00 0.000000000000000000e+00
1.365270938990506888e+00 0.000000000000000000e+00
1.373523513979666877e+00 0.000000000000000000e+00
1.381776088968826866e+00 0.000000000000000000e+00
1.390028663957986854e+00 0.000000000000000000e+00
1.398281238947146843e+00 0.000000000000000000e+00
1.406533813936306831e+00 0.000000000000000000e+00
1.414786388925466820e+00 0.000000000000000000e+00
1.423038963914626809e+00 0.000000000000000000e+00
1.431291538903786797e+00 0.000000000000000000e+00
1.439544113892946786e+00 0.000000000000000000e+00
1.447796688882106775e+00 0.000000000000000000e+00
1.456049263871266763e+00 0.000000000000000000e+00
1.464301838860426752e+00 0.000000000000000000e+00
1.472554413849586741e+00 0.000000000000000000e+00
1.480806988838746729e+00 0.000000000000000000e+00
1.489059563827906718e+00 0.000000000000000000e+00
1.497312138817066707e+00 0.000000000000000000e+00
1.505564713806226695e+00 0.000000000000000000e+00
1.513817288795386684e+00 0.000000000000000000e+00
1.522069863784546673e+00 0.000000000000000000e+00
1.530322438773706661e+00 0.000000000000000000e+00
1.538575013762866206e+00 0.000000000000000000e+00
1.546827588752025751e+00 0.000000000000000000e+00
1.555080163741185739e+00 0.000000000000000000e+00
1.563332738730345728e+00 0.000000000000000000e+00
1.571585313719505717e+00 0.000000000000000000e+00
1.579837888708665705e+00 0.000000000000000000e+00
1.588090463697825694e+00 0.000000000000000000e+00
1.596343038686985683e+00 0.000000000000000000e+00
1.604595613676145671e+00 0.000000000000000000e+00
1.612848188665305660e+00 0.000000000000000000e+00
1.621100763654465649e+00 0.000000000000000000e+00
1.629353338643625637e+00 0.000000000000000000e+00
1.637605913632785626e+00 0.000000000000000000e+00
1.645858488621945614e+00 0.000000000000000000e+00
1.654111063611105603e+00 0.000000000000000000e+00
1.662363638600265592e+00 0.000000000000000000e+00
1.670616213589425580e+00 0.000000000000000000e+00
1.678868788578585569e+00 0.000000000000000000e+00
1.687121363567745558e+00 0.000000000000000000e+00
1.695373938556905546e+00 0.000000000000000000e+00
1.703626513546065535e+00 0.000000000000000000e+00
1.711879088535225524e+00 0.000000000000000000e+00
1.720131663524385512e+00 0.000000000000000000e+00
1.728384238513545501e+00 0.000000000000000000e+00
1.736636813502705490e+00 0.000000000000000000e+00
1.744889388491865034e+00 0.000000000000000000e+00
1.753141963481024579e+00 0.000000000000000000e+00
1.761394538470184568e+00 0.000000000000000000e+00
1.769647113459344556e+00 0.000000000000000000e+00
1.777899688448504545e+00 0.000000000000000000e+00
1.786152263437664534e+00 0.000000000000000000e+00
1.794404838426824522e+00 0.000000000000000000e+00
1.802657413415984511e+00 0.000000000000000000e+00
1.810909988405144500e+00 0.000000000000000000e+00
1.819162563394304488e+00 0.000000000000000000e+00
1.827415138383464477e+00 0.000000000000000000e+00
1.835667713372624466e+00 0.000000000000000000e+00
1.843920288361784454e+00 0.000000000000000000e+00
1.852172863350944443e+00 0.000000000000000000e+00
1.860425438340104431e+00 0.000000000000000000e+00
1.868678013329264420e+00 0.000000000000000000e+00
1.876930588318424409e+00 0.000000000000000000e+00
1.885183163307584397e+00 0.000000000000000000e+00
1.893435738296744386e+00 0.000000000000000000e+00
1.901688313285904375e+00 0.000000000000000000e+00
1.909940888275064363e+00 0.000000000000000000e+00
1.918193463264224352e+00 0.000000000000000000e+00
1.926446038253384341e+00 0.000000000000000000e+00
1.934698613242544329e+00 0.000000000000000000e+00
1.942951188231704318e+00 0.000000000000000000e+00
1.951203763220864307e+00 0.000000000000000000e+00
1.959456338210023851e+00 0.000000000000000000e+00
1.967708913199183396e+00 0.000000000000000000e+00
1.975961488188343385e+00 0.000000000000000000e+00
1.984214063177503373e+00 0.000000000000000000e+00
1.992466638166663362e+00 0.000000000000000000e+00
2.000719213155823351e+00 0.000000000000000000e+00
2.008971788144983339e+00 0.000000000000000000e+00
2.017224363134143328e+00 0.000000000000000000e+00
2.025476938123303317e+00 0.000000000000000000e+00
2.033729513112463305e+00 0.000000000000000000e+00
2.041982088101623294e+00 0.000000000000000000e+00
2.050234663090783283e+00 0.000000000000000000e+00
2.058487238079943271e+00 0.000000000000000000e+00
2.066739813069103260e+00 0.000000000000000000e+00
2.074992388058263248e+00 0.000000000000000000e+00
2.083244963047423237e+00 0.000000000000000000e+00
2.091497538036583226e+00 0.000000000000000000e+00
2.099750113025743214e+00 0.000000000000000000e+00
2.108002688014903203e+00 0.000000000000000000e+00
2.116255263004063192e+00 0.000000000000000000e+00
2.124507837993223180e+00 0.000000000000000000e+00
2.132760412982383169e+00 0.000000000000000000e+00
2.141012987971543158e+00 0.000000000000000000e+00
2.149265562960703146e+00 0.000000000000000000e+00
2.157518137949863135e+00 0.000000000000000000e+00
2.165770712939022680e+00 0.000000000000000000e+00
2.174023287928182224e+00 0.000000000000000000e+00
2.182275862917342213e+00 0.000000000000000000e+00
2.190528437906502202e+00 0.000000000000000000e+00
2.198781012895662190e+00 0.000000000000000000e+00
2.207033587884822179e+00 0.000000000000000000e+00
2.215286162873982168e+00 0.000000000000000000e+00
2.223538737863142156e+00 0.000000000000000000e+00
2.231791312852302145e+00 0.000000000000000000e+00
2.240043887841462134e+00 0.000000000000000000e+00
2.248296462830622122e+00 0.000000000000000000e+00
2.256549037819782555e+00 0.000000000000000000e+00
2.264801612808942544e+00 0.000000000000000000e+00
2.273054187798101644e+00 0.000000000000000000e+00
2.281306762787261633e+00 0.000000000000000000e+00
2.289559337776421621e+00 0.000000000000000000e+00
2.297811912765581610e+00 0.000000000000000000e+00
2.306064487754741599e+00 0.000000000000000000e+00
2.314317062743901587e+00 0.000000000000000000e+00
2.322569637733061576e+00 0.000000000000000000e+00
2.330822212722221565e+00 0.000000000000000000e+00
2.339074787711381553e+00 0.000000000000000000e+00
2.347327362700541542e+00 0.000000000000000000e+00
2.355579937689701531e+00 0.000000000000000000e+00
2.363832512678861519e+00 0.000000000000000000e+00
2.372085087668021508e+00 0.000000000000000000e+00
2.380337662657181497e+00 0.000000000000000000e+00
2.388590237646341485e+00 0.000000000000000000e+00
2.396842812635501474e+00 0.000000000000000000e+00
2.405095387624661463e+00 0.000000000000000000e+00
2.413347962613821451e+00 0.000000000000000000e+00
2.421600537602981440e+00 0.000000000000000000e+00
2.429853112592141429e+00 0.000000000000000000e+00
2.438105687581301417e+00 0.000000000000000000e+00
2.446358262570461406e+00 0.000000000000000000e+00
2.454610837559621395e+00 0.000000000000000000e+00
2.462863412548781383e+00 0.000000000000000000e+00
2.471115987537941372e+00 0.000000000000000000e+00
2.479368562527101361e+00 0.000000000000000000e+00
2.487621137516261349e+00 0.000000000000000000e+00
2.495873712505420450e+00 0.000000000000000000e+00
