1.021269344652173984e-02 
2.009907998703202789e-02 
-3.779061826367541461e-03 
3.999654757033403903e-03 
-4.755818905208243630e-03 
1.023540047308881158e-02 
-3.161157934888605969e-02 
1.254012432178498726e-01 
-5.901897972599449149e-01 
3.159930836686404287e+00 
-1.881494631511171534e+01 
1.229439175480664090e+02 
-8.737331503839524203e+02 
6.703088047869657203e+03 
-5.510640234008924745e+04 
4.816954670433204155e+05 
-4.440434942511008121e+06 
4.281512554852482677e+07 
-4.284755438573254347e+08 
4.419867572743791580e+09 
-4.671777502948515320e+10 
5.035322140034671631e+11 
-5.512368559277401367e+12 
6.110286250348978125e+13 
-6.841228580884566250e+14 
7.721899827600087000e+15 
-8.773682078767972800e+16 
1.002301385530783104e+18 
-1.150200095201720934e+19 
1.324923365973173699e+20 
-1.531083310221712687e+21 
1.774173043625922920e+22 
