-5.748448701665372695e+00 1.451822604616153930e-08
-5.740196126676213595e+00 2.925402196540766959e-08
-5.731943551687052718e+00 0.000000000000000000e+00
-5.723690976697893618e+00 7.406040161026946061e-09
-5.715438401708732741e+00 1.494329257533637340e-08
-5.707185826719573640e+00 2.253445726798306814e-08
-5.698933251730412763e+00 0.000000000000000000e+00
-5.690680676741253663e+00 2.294233460062822582e-08
-5.682428101752092786e+00 2.314446467370767666e-08
-5.674175526762933686e+00 5.434917397935804699e-08
-5.665922951773772809e+00 2.345225913228120850e-08
-5.657670376784613708e+00 4.726589309148243374e-08
-5.649417801795453720e+00 1.587045977599654889e-08
-5.641165226806293731e+00 2.398334023606433323e-08
-5.632912651817134631e+00 1.614117251401811980e-08
-5.624660076827973754e+00 2.435390434156881869e-08
-5.616407501838814653e+00 0.000000000000000000e+00
-5.608154926849653776e+00 8.259411468142081881e-09
-5.599902351860494676e+00 2.491043435457974969e-08
-5.591649776871333799e+00 2.511705308842277145e-08
-5.583397201882174699e+00 2.533052289386123337e-08
-5.575144626893013822e+00 3.400610921166371843e-08
-5.566892051903854721e+00 3.427723136582946747e-08
-5.558639476914693844e+00 1.721365555982715023e-08
-5.550386901925534744e+00 1.737580105154911721e-08
-5.542134326936373867e+00 8.753576269952003268e-09
-5.533881751947214767e+00 2.650784963886337368e-08
-5.525629176958053890e+00 1.780934516745082841e-08
-5.517376601968894789e+00 2.686167525881007816e-08
-5.509124026979733912e+00 1.805316316523198949e-08
-5.500871451990574812e+00 0.000000000000000000e+00
-5.492618877001413935e+00 2.756442991296100790e-08
-5.484366302012254835e+00 3.701642535930335444e-08
-5.476113727023093958e+00 2.787779668006787837e-08
-5.467861152033934857e+00 1.875212158654198036e-08
-5.459608577044773980e+00 2.835565855330167035e-08
-5.451356002055614880e+00 2.858505966462508017e-08
-5.443103427066454891e+00 1.921728899713336135e-08
-5.434850852077294903e+00 9.668528059723946204e-09
-5.426598277088134914e+00 4.874672155568742201e-08
-5.418345702098974925e+00 1.960870181953542989e-08
-5.410093127109815825e+00 4.950038290375410744e-08
-5.401840552120654948e+00 2.997316490285484621e-08
-5.393587977131495848e+00 3.016401656243874083e-08
-5.385335402142334971e+00 3.035389914648189346e-08
-5.377082827153175870e+00 1.020384080552941830e-08
-5.368830252164014993e+00 2.061482523997654067e-08
-5.360577677174855893e+00 1.038172208410960633e-08
-5.352325102185695016e+00 2.092048589394327678e-08
-5.344072527196535916e+00 3.151884506896206033e-08
-5.335819952207375039e+00 5.301568828492851244e-08
-5.327567377218215938e+00 4.279359353335724971e-08
-5.319314802229055061e+00 2.148217714771607768e-08
-5.311062227239895961e+00 4.337419248298803011e-08
-5.302809652250735084e+00 4.366790422869927312e-08
-5.294557077261575984e+00 0.000000000000000000e+00
-5.286304502272415107e+00 1.108510493116630931e-08
-5.278051927283256006e+00 2.235527103524434713e-08
-5.269799352294095129e+00 0.000000000000000000e+00
-5.261546777304936029e+00 5.673647608108243284e-08
-5.253294202315775152e+00 1.143204929689779665e-08
-5.245041627326616052e+00 5.765955619352886909e-08
-5.236789052337456063e+00 4.648087986561437743e-08
-5.228536477348296074e+00 4.686372501683994506e-08
-5.220283902359136086e+00 4.718391964163047990e-08
-5.212031327369976097e+00 1.188206442467866471e-08
-5.203778752380816996e+00 2.389084377194422912e-08
-5.195526177391656120e+00 4.827456716146908814e-08
-5.187273602402497019e+00 4.873185000347546986e-08
-5.179021027413336142e+00 8.574010637999750850e-08
-5.170768452424177042e+00 6.161456160982856538e-08
-5.162515877435016165e+00 6.209314455315319046e-08
-5.154263302445857065e+00 3.754243187689622673e-08
-5.146010727456696188e+00 2.525781284922230231e-08
-5.137758152467537087e+00 3.807896599077781840e-08
-5.129505577478376210e+00 8.983820959213998504e-08
-5.121253002489217110e+00 1.287953775250794800e-08
-5.113000427500056233e+00 5.195900045322859171e-08
-5.104747852510897133e+00 5.237401511476483597e-08
-5.096495277521736256e+00 1.317380377746830292e-08
-5.088242702532577155e+00 2.660840453072410912e-08
-5.079990127543416278e+00 1.340134900857556085e-08
-5.071737552554257178e+00 2.706781357086867551e-08
-5.063484977565096301e+00 5.454135573774149292e-08
-5.055232402575937201e+00 1.371297657054218686e-08
-5.046979827586776324e+00 4.143254148304428861e-08
-5.038727252597617223e+00 4.171907091016304771e-08
-5.030474677608457235e+00 4.216598071143770491e-08
-5.022222102619297246e+00 4.238494537238356724e-08
-5.013969527630137257e+00 4.280312922890322355e-08
-5.005716952640977269e+00 5.748147484949253495e-08
-4.997464377651817280e+00 8.679229535086080508e-08
-4.989211802662657291e+00 8.755733947554178649e-08
-4.980959227673498191e+00 4.402708772823718426e-08
-4.972706652684337314e+00 8.876048822780336233e-08
-4.964454077695178214e+00 2.993174669436213872e-08
-4.956201502706017337e+00 9.027158012579060089e-08
-4.947948927716858236e+00 1.511489219578397497e-08
-4.939696352727697359e+00 4.580381207804388599e-08
-4.931443777738538259e+00 1.533258913365821943e-08
-4.923191202749377382e+00 7.734101937931005599e-08
-4.914938627760218282e+00 7.820716314974924682e-08
-4.906686052771057405e+00 1.570066330304704847e-08
-4.898433477781898304e+00 6.338998358093055063e-08
-4.890180902792737427e+00 1.597588710862710898e-08
-4.881928327803578327e+00 6.439647959445720540e-08
-4.873675752814417450e+00 8.094921596787361045e-08
-4.865423177825258350e+00 3.261884021266269371e-08
-4.857170602836097473e+00 0.000000000000000000e+00
-4.848918027846938372e+00 9.948234010247523004e-08
-4.840665452857777495e+00 6.691486071039200991e-08
-4.832412877868618395e+00 8.433100316545005903e-08
-4.824160302879457518e+00 1.018216470361102720e-07
-4.815907727890298418e+00 3.423555814083839263e-08
-4.807655152901138429e+00 1.034002401490287600e-07
-4.799402577911978440e+00 5.217225429241119252e-08
-4.791150002922818452e+00 5.258375043270289926e-08
-4.782897427933658463e+00 5.298812697800675828e-08
-4.774644852944499362e+00 8.875935071926425415e-08
-4.766392277955338486e+00 3.585047425328961114e-08
-4.758139702966179385e+00 1.081051712896387332e-07
-4.749887127977018508e+00 1.273642874396898898e-07
-4.741634552987859408e+00 7.337227675514571345e-08
-4.733381977998698531e+00 9.237065535569034309e-08
-4.725129403009539431e+00 9.321463856075229015e-08
-4.716876828020378554e+00 7.505183091663573040e-08
-4.708624253031219453e+00 5.661608993041686321e-08
-4.700371678042058576e+00 3.810833344012975743e-08
-4.692119103052899476e+00 5.748376439818192793e-08
-4.683866528063738599e+00 5.798393327900629356e-08
-4.675613953074579499e+00 9.732626473317220982e-08
-4.667361378085418622e+00 1.373133386939092315e-07
-4.659108803096259521e+00 5.931213576492759060e-08
-4.650856228107098644e+00 5.982667734715268471e-08
-4.642603653117939544e+00 1.607635754176597599e-07
-4.634351078128778667e+00 1.214068469784324739e-07
-4.626098503139619567e+00 4.076653778992864452e-08
-4.617845928150459578e+00 8.228096238738287051e-08
-4.609593353161299589e+00 8.273744302915543048e-08
-4.601340778172139601e+00 1.877878412787788645e-07
-4.593088203182979612e+00 8.388241423336818069e-08
-4.584835628193819623e+00 1.059034024620720977e-07
-4.576583053204659635e+00 6.405671999807014714e-08
-4.568330478215499646e+00 1.075505934725885207e-07
-4.560077903226339657e+00 4.330215253748614142e-08
-4.551825328237180557e+00 1.310476663509720483e-07
-4.543572753248019680e+00 1.538253237162623592e-07
-4.535320178258860579e+00 1.553231327459815953e-07
-4.527067603269699703e+00 4.463344061036317501e-08
-4.518815028280540602e+00 1.125798194942429552e-07
-4.510562453291379725e+00 2.265990712406918194e-07
-4.502309878302220625e+00 1.369019065963715662e-07
-4.494057303313059748e+00 1.611145227577759077e-07
-4.485804728323900648e+00 9.285165752944920962e-08
-4.477552153334739771e+00 6.994745165118244490e-08
-4.469299578345580670e+00 1.646426472168301814e-07
-4.461047003356419793e+00 1.663200238827825820e-07
-4.452794428367260693e+00 1.193141920183931225e-07
-4.444541853378099816e+00 2.887920784795293872e-07
-4.436289278388940716e+00 9.708927675677848845e-08
-4.428036703399779839e+00 9.770760283091785693e-08
-4.419784128410620738e+00 1.477387738692059081e-07
-4.411531553421459861e+00 9.953687926915088414e-08
-4.403278978432300761e+00 1.249091881574204817e-07
-4.395026403443140772e+00 2.269592719056551625e-07
-4.386773828453980784e+00 7.623066788625797023e-08
-4.378521253464820795e+00 1.791778429416434312e-07
-4.370268678475660806e+00 1.290920472909203352e-07
-4.362016103486500818e+00 1.297646434290793886e-07
-4.353763528497340829e+00 2.357625420915411778e-07
-4.345510953508181728e+00 1.320477393517403825e-07
-4.337258378519020852e+00 5.316142356041276186e-08
-4.329005803529861751e+00 8.027467952906817020e-08
-4.320753228540700874e+00 1.622832584935474976e-07
-4.312500653551541774e+00 2.990952851435221301e-07
-4.304248078562380897e+00 1.918209766374082275e-07
-4.295995503573221797e+00 1.380751787719041236e-07
-4.287742928584060920e+00 1.113014641460314456e-07
-4.279490353594901819e+00 1.963603341249766806e-07
-4.271237778605740942e+00 8.498168543166319192e-08
-4.262985203616581842e+00 1.137780440700537298e-07
-4.254732628627420965e+00 1.433468391026555671e-07
-4.246480053638261865e+00 1.154549732429079448e-07
-4.238227478649100988e+00 1.458118981698297713e-07
-4.229974903659941887e+00 1.173039257845435501e-07
-4.221722328670781010e+00 1.773543256800657354e-07
-4.213469753681621910e+00 2.084521357778187148e-07
-4.205217178692461033e+00 2.705617891644746739e-07
-4.196964603703301933e+00 2.118883784276292083e-07
-4.188712028714141944e+00 2.743448346395551047e-07
-4.180459453724981955e+00 1.536248234511618231e-07
-4.172206878735821967e+00 2.168117994068023513e-07
-4.163954303746661978e+00 2.494319859527083856e-07
-4.155701728757501989e+00 1.884168796560817010e-07
-4.147449153768342001e+00 2.215631708596374772e-07
-4.139196578779182012e+00 1.276130363389549949e-07
-4.130944003790022023e+00 2.568748321373872105e-07
-4.122691428800862923e+00 2.914787820105114562e-07
-4.114438853811702046e+00 2.935099538096133352e-07
-4.106186278822542945e+00 3.614256235225649915e-07
-4.097933703833382069e+00 3.311561231974105843e-07
-4.089681128844222968e+00 2.007048442607059013e-07
-4.081428553855062091e+00 1.011497906729879078e-07
-4.073175978865902991e+00 2.712088829763196877e-07
-4.064923403876742114e+00 2.049741888985259462e-07
-4.056670828887583014e+00 1.030788613041470236e-07
-4.048418253898422137e+00 1.389446051810693076e-07
-4.040165678909263036e+00 2.095947035197728210e-07
-4.031913103920102159e+00 2.816976674450595874e-07
-4.023660528930943059e+00 3.194545037351649299e-07
-4.015407953941782182e+00 3.576041284707750010e-07
-4.007155378952623082e+00 2.165056806681810376e-07
-3.998902803963462649e+00 2.178378983736886972e-07
-3.990650228974302660e+00 3.291877256685845501e-07
-3.982397653985143116e+00 2.955066807570492534e-07
-3.974145078995983127e+00 2.228153431848010432e-07
-3.965892504006823138e+00 2.621041035091116465e-07
-3.957639929017663150e+00 4.524039863196324962e-07
-3.949387354028503161e+00 3.038202244048138757e-07
-3.941134779039343172e+00 3.445572148228832057e-07
-3.932882204050183184e+00 7.732022725811054957e-08
-3.924629629061023639e+00 7.778104453663028665e-08
-3.916377054071863650e+00 1.567215026003544393e-07
-3.908124479082703662e+00 2.764469860064003291e-07
-3.899871904093543673e+00 3.581239017132626711e-07
-3.891619329104383684e+00 2.810897642395838799e-07
-3.883366754115223696e+00 2.423758620911097242e-07
-3.875114179126063707e+00 1.220463148905545396e-07
-3.866861604136903718e+00 3.689384301667231785e-07
-3.858609029147743730e+00 1.651652355700020760e-07
-3.850356454158583741e+00 4.579732692860345730e-07
-3.842103879169423752e+00 8.395958431346081292e-08
-3.833851304180263764e+00 4.232746255306493593e-07
-3.825598729191103775e+00 2.555141035355696654e-07
-3.817346154201943786e+00 3.863177962610587108e-07
-3.809093579212783798e+00 1.299379766087729562e-07
-3.800841004223623809e+00 1.306330543369140647e-07
-3.792588429234463820e+00 1.760054125306318688e-07
-3.784335854245303832e+00 1.768863187639971976e-07
-3.776083279256144287e+00 2.233725726102180535e-07
-3.767830704266984299e+00 4.041473192295477203e-07
-3.759578129277824310e+00 1.810628280797716269e-07
-3.751325554288664321e+00 5.473764796476289585e-07
-3.743072979299504333e+00 2.298533881674026864e-07
-3.734820404310344344e+00 2.782128766403763945e-07
-3.726567829321184355e+00 2.798524222946064821e-07
-3.718315254332024367e+00 3.294314758508262879e-07
-3.710062679342864378e+00 2.368559865009526647e-07
-3.701810104353704389e+00 4.295915472933833849e-07
-3.693557529364544401e+00 3.367446835455170414e-07
-3.685304954375384856e+00 5.328666545518483892e-07
-3.677052379386224867e+00 4.889275414052799055e-07
-3.668799804397064879e+00 4.426527036812644383e-07
-3.660547229407904890e+00 5.455412656431640643e-07
-3.652294654418744901e+00 2.992422511400354418e-07
-3.644042079429584913e+00 1.512665173357185395e-07
-3.635789504440424924e+00 5.579240158986224039e-07
-3.627536929451264935e+00 1.022660053916506200e-07
-3.619284354462104947e+00 3.607498221345110957e-07
-3.611031779472944958e+00 2.595034610634693127e-07
-3.602779204483784969e+00 5.234900832289160218e-07
-3.594526629494624981e+00 4.744559344912947223e-07
-3.586274054505465436e+00 5.318039134072317795e-07
-3.578021479516305448e+00 4.814530829434272253e-07
-3.569768904527145459e+00 5.932600840210172632e-07
-3.561516329537985470e+00 5.436637423074656086e-07
-3.553263754548825482e+00 2.742285320955166329e-07
-3.545011179559665493e+00 3.864115244627925972e-07
-3.536758604570505504e+00 6.112660211480575070e-07
-3.528506029581345516e+00 2.801237536981104251e-07
-3.520253454592185527e+00 6.204578699302352839e-07
-3.512000879603025538e+00 6.251038061032854982e-07
-3.503748304613865550e+00 2.864716063479987212e-07
-3.495495729624705561e+00 4.036759841357031113e-07
-3.487243154635545572e+00 4.654501201975256885e-07
-3.478990579646385584e+00 5.271431661462002069e-07
-3.470738004657226039e+00 3.549412742250993132e-07
-3.462485429668066050e+00 2.974296833291121092e-07
-3.454232854678906062e+00 2.402162394511273441e-07
-3.445980279689746073e+00 3.621998221551873318e-07
-3.437727704700586084e+00 4.867387412372858662e-07
-3.429475129711426096e+00 4.297991535925668281e-07
-3.421222554722266107e+00 8.044090322864470846e-07
-3.412969979733106118e+00 4.983440189350745754e-07
-3.404717404743946130e+00 4.390056542256431940e-07
-3.396464829754786141e+00 5.062691075217897487e-07
-3.388212254765626152e+00 6.369405382020767336e-07
-3.379959679776466164e+00 6.433140045258408335e-07
-3.371707104787306619e+00 4.527011753474799120e-07
-3.363454529798146631e+00 3.260225859240780158e-07
-3.355201954808986642e+00 4.599528600300894006e-07
-3.346949379819826653e+00 4.639767780216041724e-07
-3.338696804830666665e+00 6.667496987595913814e-07
-3.330444229841506676e+00 7.399304568604490446e-07
-3.322191654852346687e+00 4.741603051405366891e-07
-3.313939079863186699e+00 4.091701950923963356e-07
-3.305686504874026710e+00 3.440990840453681732e-07
-3.297433929884866721e+00 6.237590183886640916e-07
-3.289181354895706733e+00 3.493078691042451867e-07
-3.280928779906546744e+00 7.040446354275091504e-07
-3.272676204917386755e+00 3.540837329877373919e-07
-3.264423629928227211e+00 5.004278698012305810e-07
-3.256171054939067222e+00 3.592462401331295547e-07
-3.247918479949907233e+00 7.250360373050136096e-07
-3.239665904960747245e+00 5.113188491837827063e-07
-3.231413329971587256e+00 5.887688833966615805e-07
-3.223160754982427267e+00 6.673066275765652203e-07
-3.214908179993267279e+00 3.735643023516711981e-07
-3.206655605004107290e+00 6.021096814045578552e-07
-3.198403030014947301e+00 8.342412045946193105e-07
-3.190150455025787313e+00 8.417412438009044077e-07
-3.181897880036627324e+00 4.628189877742686241e-07
-3.173645305047467335e+00 6.210293950868987764e-07
-3.165392730058307791e+00 2.342689241787708105e-07
-3.157140155069147802e+00 7.886434812085985137e-07
-3.148887580079987814e+00 6.350909689789810088e-07
-3.140635005090827825e+00 8.814728563543992750e-07
-3.132382430101667836e+00 7.252755740610461728e-07
-3.124129855112507848e+00 4.876396123035724920e-07
-3.115877280123347859e+00 5.732640002455516128e-07
-3.107624705134187870e+00 7.428196782660216294e-07
-3.099372130145027882e+00 1.080527063018327134e-06
-3.091119555155867893e+00 7.537922451562871274e-07
-3.082866980166707904e+00 4.219137103540761391e-07
-3.074614405177547916e+00 5.951275489541633536e-07
-3.066361830188387927e+00 6.002210226178752894e-07
-3.058109255199227938e+00 6.920542116307519072e-07
-3.049856680210068394e+00 8.704455499243835887e-07
-3.041604105220908405e+00 7.018246244566610437e-07
-3.033351530231748416e+00 5.305218787659983623e-07
-3.025098955242588428e+00 8.016388584245146062e-07
-3.016846380253428439e+00 1.255880598181258743e-06
-3.008593805264268450e+00 9.930328605831470760e-07
-3.000341230275108462e+00 9.104665741662414250e-07
-2.992088655285948473e+00 8.266377401839358019e-07
-2.983836080296788484e+00 1.387001147713918593e-06
-2.975583505307628496e+00 9.326726954963167669e-07
-2.967330930318468507e+00 5.637645861674575400e-07
-2.959078355329308518e+00 1.229731204508841663e-06
-2.950825780340148974e+00 4.765529354750612027e-07
-2.942573205350988985e+00 9.614835341681009006e-07
-2.934320630361828997e+00 5.804727939173538106e-07
-2.926068055372669008e+00 9.757343043656304124e-07
-2.917815480383509019e+00 1.474838985469279454e-06
-2.909562905394349031e+00 4.950123096817809436e-07
-2.901310330405189042e+00 8.983830296672460793e-07
-2.893057755416029053e+00 8.050726293496104696e-07
-2.884805180426869065e+00 2.029552110761487692e-07
-2.876552605437709076e+00 1.021265416318886286e-06
-2.868300030448549087e+00 8.217139191003942551e-07
-2.860047455459389099e+00 5.180551012544810284e-07
-2.851794880470229110e+00 7.307225317436568549e-07
-2.843542305481069565e+00 8.418145030257206003e-07
-2.835289730491909577e+00 3.180697389444285455e-07
-2.827037155502749588e+00 6.419295651595952366e-07
-2.818784580513589599e+00 9.696873473319159560e-07
-2.810532005524429611e+00 6.513815617617121107e-07
-2.802279430535269622e+00 9.832022223472277926e-07
-2.794026855546109633e+00 6.615794391138518180e-07
-2.785774280556949645e+00 9.986495442892162226e-07
-2.777521705567789656e+00 1.005992412474560782e-06
-2.769269130578629667e+00 1.465381310061710742e-06
-2.761016555589469679e+00 1.022134090749713224e-06
-2.752763980600309690e+00 5.721500167598457845e-07
-2.744511405611150145e+00 8.071867589403107657e-07
-2.736258830621990157e+00 9.293543688159126489e-07
-2.728006255632830168e+00 4.683767842716433568e-07
-2.719753680643670180e+00 7.075568403376715269e-07
-2.711501105654510191e+00 1.068652281642481948e-06
-2.703248530665350202e+00 7.191041982149950758e-07
-2.694995955676190214e+00 1.327277085792800999e-06
-2.686743380687030225e+00 6.085721207796402168e-07
-2.678490805697870236e+00 9.807774426422389196e-07
-2.670238230708710248e+00 1.236711313505695835e-06
-2.661985655719550259e+00 4.968080111904397917e-07
-2.653733080730390270e+00 1.001492039912347964e-06
-2.645480505741230282e+00 1.261943517196043376e-06
-2.637227930752070293e+00 5.094370667535084782e-07
-2.628975355762910748e+00 7.702096777805877710e-07
-2.620722780773750760e+00 5.163568244023463868e-07
-2.612470205784590771e+00 1.040267714004295730e-06
-2.604217630795430782e+00 7.868249012413980814e-07
-2.595965055806270794e+00 1.057120878363171028e-06
-2.587712480817110805e+00 1.199065808053852598e-06
-2.579459905827950816e+00 6.720780230133498699e-07
-2.571207330838790828e+00 4.048245255671313841e-07
-2.562954755849630839e+00 9.522163828403114141e-07
-2.554702180860470850e+00 1.236052321205407034e-06
-2.546449605871310862e+00 6.927939979917144253e-07
-2.538197030882150873e+00 8.362553455886008131e-07
-2.529944455892991328e+00 9.848471758928773388e-07
-2.521691880903831340e+00 9.892053837491457260e-07
-2.513439305914671351e+00 1.140607983089414475e-06
-2.505186730925511362e+00 1.005934676837097016e-06
-2.496934155936351374e+00 7.239586391803177157e-07
-2.488681580947191385e+00 7.302716514604803502e-07
-2.480429005958031397e+00 8.827567441174280346e-07
-2.472176430968871408e+00 1.332550598003502378e-06
-2.463923855979711419e+00 7.473885336502675607e-07
-2.455671280990551431e+00 9.016574451972831698e-07
-2.447418706001391442e+00 1.061890165984312375e-06
-2.439166131012231453e+00 7.632753251222158676e-07
-2.430913556023071465e+00 3.086940904671469358e-07
-2.422660981033911476e+00 9.313939013082580471e-07
-2.414408406044751931e+00 4.686285826124513278e-07
-2.406155831055591943e+00 7.862879590522882336e-07
-2.397903256066431954e+00 1.112074950840146663e-06
-2.389650681077271965e+00 1.598888718521229772e-06
-2.381398106088111977e+00 9.672797904031995372e-07
-2.373145531098951988e+00 1.297305860283588039e-06
-2.364892956109791999e+00 1.798884859648548004e-06
-2.356640381120632011e+00 1.154258405759410034e-06
-2.348387806131472022e+00 9.946688501598106157e-07
-2.340135231142312033e+00 6.696821244887936772e-07
-2.331882656153152045e+00 1.010535883193529389e-06
-2.323630081163992056e+00 1.699366374113892029e-06
-2.315377506174832511e+00 1.198788124067847525e-06
-2.307124931185672523e+00 3.443413741644856783e-07
-2.298872356196512534e+00 1.563959511946221732e-06
-2.290619781207352545e+00 1.400545499328690244e-06
-2.282367206218192557e+00 5.293072347471707717e-07
-2.274114631229032568e+00 1.066390347483998964e-06
-2.265862056239872580e+00 1.074685927529755520e-06
-2.257609481250712591e+00 1.804405264629963888e-06
-2.249356906261552602e+00 3.633980287815820546e-07
-2.241104331272392614e+00 1.282409894263204787e-06
-2.232851756283232625e+00 9.224920380685706837e-07
-2.224599181294072636e+00 5.584732385954834755e-07
-2.216346606304912648e+00 9.389161725250767068e-07
-2.208094031315753103e+00 1.133923522385015275e-06
-2.199841456326593114e+00 1.142606436564224873e-06
-2.191588881337433126e+00 7.668258243577669015e-07
-2.183336306348273137e+00 1.353047921710752849e-06
-2.175083731359113148e+00 1.170448733530998084e-06
-2.166831156369953160e+00 5.894752932266198337e-07
-2.158578581380793171e+00 7.919155862235180079e-07
-2.150326006391633182e+00 5.972472653627337164e-07
-2.142073431402473194e+00 6.017061547126849234e-07
-2.133820856413313205e+00 1.011339118308963505e-06
-2.125568281424153216e+00 1.631460060804060774e-06
-2.117315706434993228e+00 8.206623403568180382e-07
-2.109063131445833683e+00 1.448648161554357115e-06
-2.100810556456673694e+00 1.459954293419711075e-06
-2.092557981467513706e+00 1.261487246570146576e-06
-2.084305406478353717e+00 1.485284109603923320e-06
-2.076052831489193728e+00 1.067671165383817173e-06
-2.067800256500033740e+00 8.618427109334620488e-07
-2.059547681510873751e+00 8.673181068212440484e-07
-2.051295106521713763e+00 8.710887713829940358e-07
-2.043042531532553774e+00 8.800936428195479632e-07
-2.034789956543393785e+00 8.876701890930437679e-07
-2.026537381554233797e+00 1.786925831698540228e-06
-2.018284806565073808e+00 6.742113037480675916e-07
-2.010032231575913819e+00 1.813299015283249715e-06
-2.001779656586753831e+00 1.368789281494188988e-06
-1.993527081597594286e+00 4.618949208326288033e-07
-1.985274506608434297e+00 1.857631746827086353e-06
-1.977021931619274309e+00 1.169271730456571845e-06
-1.968769356630114320e+00 9.427141678471066694e-07
-1.960516781640954331e+00 4.755536080012720370e-07
-1.952264206651794343e+00 1.673325222072614594e-06
-1.944011631662634354e+00 7.228656322887346300e-07
-1.935759056673474365e+00 4.855911813807004853e-07
-1.927506481684314377e+00 0.000000000000000000e+00
-1.919253906695154388e+00 9.851231989509308323e-07
-1.911001331705994399e+00 9.958888225694809707e-07
-1.902748756716834411e+00 1.754312870831736352e-06
-1.894496181727674644e+00 1.008243149126296711e-06
-1.886243606738514877e+00 5.099358659308442709e-07
-1.877991031749354889e+00 1.025498835262749276e-06
-1.869738456760194900e+00 5.160059253152124200e-07
-1.861485881771034911e+00 7.826089894863724891e-07
-1.853233306781874923e+00 5.245980662047090149e-07
-1.844980731792714934e+00 2.645699553563578136e-07
-1.836728156803554945e+00 2.655647678106877010e-07
-1.828475581814394957e+00 1.073397148522959194e-06
-1.820223006825234968e+00 2.698207424507257213e-07
-1.811970431836074980e+00 5.449754336723036064e-07
-1.803717856846914991e+00 1.921178943628076074e-06
-1.795465281857755224e+00 1.105163810918098411e-06
-1.787212706868595458e+00 1.115069690452197306e-06
-1.778960131879435469e+00 8.422977608192688938e-07
-1.770707556890275480e+00 1.130668884192780067e-06
-1.762454981901115492e+00 1.138583746236559684e-06
-1.754202406911955503e+00 1.147108634813334563e-06
-1.745949831922795514e+00 2.892682819633275072e-07
-1.737697256933635526e+00 5.815751100500092422e-07
-1.729444681944475537e+00 8.803744739396186390e-07
-1.721192106955315548e+00 0.000000000000000000e+00
-1.712939531966155560e+00 2.973033452758778959e-07
-1.704686956976995571e+00 6.015524496115038688e-07
-1.696434381987835582e+00 9.078371398814389553e-07
-1.688181806998675594e+00 1.222060643304888850e-06
-1.679929232009515605e+00 9.236663643406137633e-07
-1.671676657020355616e+00 3.085960738283027123e-07
-1.663424082031195628e+00 0.000000000000000000e+00
-1.655171507042035639e+00 0.000000000000000000e+00
-1.646918932052875650e+00 0.000000000000000000e+00
-1.638666357063715662e+00 0.000000000000000000e+00
-1.630413782074556117e+00 6.437325918661203416e-07
-1.622161207085396573e+00 6.500910523178380733e-07
-1.613908632096236584e+00 6.521079137262537588e-07
-1.605656057107076595e+00 6.571846352345490257e-07
-1.597403482117916607e+00 1.325860848928765004e-06
-1.589150907128756618e+00 6.695102532806981779e-07
-1.580898332139596629e+00 6.741509876221416947e-07
-1.572645757150436641e+00 3.384010864073594077e-07
-1.564393182161276652e+00 3.423935685167358474e-07
-1.556140607172116663e+00 0.000000000000000000e+00
-1.547888032182956675e+00 3.469815818488720859e-07
-1.539635457193796686e+00 0.000000000000000000e+00
-1.531382882204636697e+00 0.000000000000000000e+00
-1.523130307215476709e+00 3.562136998306246578e-07
-1.514877732226316720e+00 3.584458919764773766e-07
-1.506625157237156731e+00 0.000000000000000000e+00
-1.498372582247996743e+00 3.639447635558996051e-07
-1.490120007258836754e+00 0.000000000000000000e+00
-1.481867432269676765e+00 0.000000000000000000e+00
-1.473614857280516777e+00 0.000000000000000000e+00
-1.465362282291356788e+00 3.749051565925806677e-07
-1.457109707302196799e+00 0.000000000000000000e+00
-1.448857132313036811e+00 0.000000000000000000e+00
-1.440604557323876822e+00 0.000000000000000000e+00
-1.432351982334716833e+00 3.865781553666703345e-07
-1.424099407345557289e+00 0.000000000000000000e+00
-1.415846832356397744e+00 0.000000000000000000e+00
-1.407594257367237756e+00 3.949843164791908837e-07
-1.399341682378077767e+00 0.000000000000000000e+00
-1.391089107388917778e+00 4.005876990627149879e-07
-1.382836532399757790e+00 0.000000000000000000e+00
-1.374583957410597801e+00 0.000000000000000000e+00
-1.366331382421437812e+00 0.000000000000000000e+00
-1.358078807432277824e+00 0.000000000000000000e+00
-1.349826232443117835e+00 0.000000000000000000e+00
-1.341573657453957846e+00 4.185677398648110298e-07
-1.333321082464797858e+00 4.216465829345388186e-07
-1.325068507475637869e+00 4.260930828174846617e-07
-1.316815932486477880e+00 0.000000000000000000e+00
-1.308563357497317892e+00 0.000000000000000000e+00
-1.300310782508157903e+00 0.000000000000000000e+00
-1.292058207518997914e+00 0.000000000000000000e+00
-1.283805632529837926e+00 0.000000000000000000e+00
-1.275553057540677937e+00 0.000000000000000000e+00
-1.267300482551517948e+00 0.000000000000000000e+00
-1.259047907562357960e+00 0.000000000000000000e+00
-1.250795332573197971e+00 0.000000000000000000e+00
-1.242542757584037982e+00 0.000000000000000000e+00
-1.234290182594877994e+00 0.000000000000000000e+00
-1.226037607605718005e+00 0.000000000000000000e+00
-1.217785032616558016e+00 0.000000000000000000e+00
-1.209532457627398472e+00 0.000000000000000000e+00
-1.201279882638238927e+00 0.000000000000000000e+00
-1.193027307649078939e+00 0.000000000000000000e+00
-1.184774732659918950e+00 0.000000000000000000e+00
-1.176522157670758961e+00 0.000000000000000000e+00
-1.168269582681598973e+00 0.000000000000000000e+00
-1.160017007692438984e+00 0.000000000000000000e+00
-1.151764432703278995e+00 0.000000000000000000e+00
-1.143511857714119007e+00 0.000000000000000000e+00
-1.135259282724959018e+00 0.000000000000000000e+00
-1.127006707735799029e+00 0.000000000000000000e+00
-1.118754132746639041e+00 0.000000000000000000e+00
-1.110501557757479052e+00 0.000000000000000000e+00
-1.102248982768319063e+00 0.000000000000000000e+00
-1.093996407779159075e+00 0.000000000000000000e+00
-1.085743832789999086e+00 0.000000000000000000e+00
-1.077491257800839097e+00 0.000000000000000000e+00
-1.069238682811679109e+00 0.000000000000000000e+00
-1.060986107822519120e+00 0.000000000000000000e+00
-1.052733532833359131e+00 0.000000000000000000e+00
-1.044480957844199143e+00 0.000000000000000000e+00
-1.036228382855039154e+00 0.000000000000000000e+00
-1.027975807865879165e+00 0.000000000000000000e+00
-1.019723232876719177e+00 0.000000000000000000e+00
-1.011470657887559188e+00 0.000000000000000000e+00
-1.003218082898399199e+00 0.000000000000000000e+00
-9.949655079092396548e-01 0.000000000000000000e+00
-9.867129329200801102e-01 0.000000000000000000e+00
-9.784603579309201216e-01 0.000000000000000000e+00
-9.702077829417601329e-01 0.000000000000000000e+00
-9.619552079526001442e-01 0.000000000000000000e+00
-9.537026329634401556e-01 0.000000000000000000e+00
-9.454500579742801669e-01 0.000000000000000000e+00
-9.371974829851201783e-01 0.000000000000000000e+00
-9.289449079959601896e-01 0.000000000000000000e+00
-9.206923330068002009e-01 0.000000000000000000e+00
-9.124397580176402123e-01 0.000000000000000000e+00
-9.041871830284802236e-01 0.000000000000000000e+00
-8.959346080393202350e-01 0.000000000000000000e+00
-8.876820330501602463e-01 0.000000000000000000e+00
-8.794294580610002576e-01 0.000000000000000000e+00
-8.711768830718402690e-01 0.000000000000000000e+00
-8.629243080826802803e-01 0.000000000000000000e+00
-8.546717330935202916e-01 0.000000000000000000e+00
-8.464191581043603030e-01 0.000000000000000000e+00
-8.381665831152003143e-01 0.000000000000000000e+00
-8.299140081260403257e-01 0.000000000000000000e+00
-8.216614331368803370e-01 0.000000000000000000e+00
-8.134088581477203483e-01 0.000000000000000000e+00
-8.051562831585603597e-01 0.000000000000000000e+00
-7.969037081694003710e-01 0.000000000000000000e+00
-7.886511331802408264e-01 0.000000000000000000e+00
-7.803985581910812819e-01 0.000000000000000000e+00
-7.721459832019212932e-01 0.000000000000000000e+00
-7.638934082127613046e-01 0.000000000000000000e+00
-7.556408332236013159e-01 0.000000000000000000e+00
-7.473882582344413272e-01 0.000000000000000000e+00
-7.391356832452813386e-01 0.000000000000000000e+00
-7.308831082561213499e-01 0.000000000000000000e+00
-7.226305332669613612e-01 0.000000000000000000e+00
-7.143779582778013726e-01 0.000000000000000000e+00
-7.061253832886413839e-01 0.000000000000000000e+00
-6.978728082994813953e-01 0.000000000000000000e+00
-6.896202333103214066e-01 0.000000000000000000e+00
-6.813676583211614179e-01 0.000000000000000000e+00
-6.731150833320014293e-01 0.000000000000000000e+00
-6.648625083428414406e-01 0.000000000000000000e+00
-6.566099333536814520e-01 0.000000000000000000e+00
-6.483573583645214633e-01 0.000000000000000000e+00
-6.401047833753614746e-01 0.000000000000000000e+00
-6.318522083862014860e-01 0.000000000000000000e+00
-6.235996333970414973e-01 0.000000000000000000e+00
-6.153470584078815087e-01 0.000000000000000000e+00
-6.070944834187215200e-01 0.000000000000000000e+00
-5.988419084295615313e-01 0.000000000000000000e+00
-5.905893334404015427e-01 0.000000000000000000e+00
-5.823367584512415540e-01 0.000000000000000000e+00
-5.740841834620820094e-01 0.000000000000000000e+00
-5.658316084729224649e-01 0.000000000000000000e+00
-5.575790334837624762e-01 0.000000000000000000e+00
-5.493264584946024875e-01 0.000000000000000000e+00
-5.410738835054424989e-01 0.000000000000000000e+00
-5.328213085162825102e-01 0.000000000000000000e+00
-5.245687335271225216e-01 0.000000000000000000e+00
-5.163161585379625329e-01 0.000000000000000000e+00
-5.080635835488025442e-01 0.000000000000000000e+00
-4.998110085596425556e-01 0.000000000000000000e+00
-4.915584335704825669e-01 0.000000000000000000e+00
-4.833058585813225783e-01 0.000000000000000000e+00
-4.750532835921625896e-01 0.000000000000000000e+00
-4.668007086030026009e-01 0.000000000000000000e+00
-4.585481336138426123e-01 0.000000000000000000e+00
-4.502955586246826236e-01 0.000000000000000000e+00
-4.420429836355226350e-01 0.000000000000000000e+00
-4.337904086463626463e-01 0.000000000000000000e+00
-4.255378336572026576e-01 0.000000000000000000e+00
-4.172852586680426690e-01 0.000000000000000000e+00
-4.090326836788826803e-01 0.000000000000000000e+00
-4.007801086897226917e-01 0.000000000000000000e+00
-3.925275337005627030e-01 0.000000000000000000e+00
-3.842749587114027143e-01 0.000000000000000000e+00
-3.760223837222427257e-01 0.000000000000000000e+00
-3.677698087330831811e-01 0.000000000000000000e+00
-3.595172337439236365e-01 0.000000000000000000e+00
-3.512646587547636479e-01 0.000000000000000000e+00
-3.430120837656036592e-01 0.000000000000000000e+00
-3.347595087764436705e-01 0.000000000000000000e+00
-3.265069337872836819e-01 0.000000000000000000e+00
-3.182543587981236932e-01 0.000000000000000000e+00
-3.100017838089637046e-01 0.000000000000000000e+00
-3.017492088198037159e-01 0.000000000000000000e+00
-2.934966338306437272e-01 0.000000000000000000e+00
-2.852440588414837386e-01 0.000000000000000000e+00
-2.769914838523237499e-01 0.000000000000000000e+00
-2.687389088631637613e-01 0.000000000000000000e+00
-2.604863338740037726e-01 0.000000000000000000e+00
-2.522337588848437839e-01 0.000000000000000000e+00
-2.439811838956837953e-01 0.000000000000000000e+00
-2.357286089065238066e-01 0.000000000000000000e+00
-2.274760339173638179e-01 0.000000000000000000e+00
-2.192234589282038293e-01 0.000000000000000000e+00
-2.109708839390438406e-01 0.000000000000000000e+00
-2.027183089498838520e-01 0.000000000000000000e+00
-1.944657339607238633e-01 0.000000000000000000e+00
-1.862131589715638746e-01 0.000000000000000000e+00
-1.779605839824038860e-01 0.000000000000000000e+00
-1.697080089932438973e-01 0.000000000000000000e+00
-1.614554340040839087e-01 0.000000000000000000e+00
-1.532028590149243641e-01 0.000000000000000000e+00
-1.449502840257648195e-01 0.000000000000000000e+00
-1.366977090366048309e-01 0.000000000000000000e+00
-1.284451340474448422e-01 0.000000000000000000e+00
-1.201925590582848535e-01 0.000000000000000000e+00
-1.119399840691248649e-01 0.000000000000000000e+00
-1.036874090799648762e-01 0.000000000000000000e+00
-9.543483409080488755e-02 0.000000000000000000e+00
-8.718225910164489889e-02 0.000000000000000000e+00
-7.892968411248491023e-02 0.000000000000000000e+00
-7.067710912332492157e-02 0.000000000000000000e+00
-6.242453413416493291e-02 0.000000000000000000e+00
-5.417195914500494425e-02 0.000000000000000000e+00
-4.591938415584495559e-02 0.000000000000000000e+00
-3.766680916668496693e-02 0.000000000000000000e+00
-2.941423417752497826e-02 0.000000000000000000e+00
-2.116165918836498960e-02 0.000000000000000000e+00
-1.290908419920500094e-02 0.000000000000000000e+00
-4.656509210045012281e-03 0.000000000000000000e+00
3.596065779114976380e-03 0.000000000000000000e+00
1.184864076827496504e-02 0.000000000000000000e+00
2.010121575743495370e-02 0.000000000000000000e+00
2.835379074659494236e-02 0.000000000000000000e+00
3.660636573575493102e-02 0.000000000000000000e+00
4.485894072491491968e-02 0.000000000000000000e+00
5.311151571407446426e-02 0.000000000000000000e+00
6.136409070323400883e-02 0.000000000000000000e+00
6.961666569239399749e-02 0.000000000000000000e+00
7.786924068155398615e-02 0.000000000000000000e+00
8.612181567071397481e-02 0.000000000000000000e+00
9.437439065987396347e-02 0.000000000000000000e+00
1.026269656490339521e-01 0.000000000000000000e+00
1.108795406381939408e-01 0.000000000000000000e+00
1.191321156273539295e-01 0.000000000000000000e+00
1.273846906165139181e-01 0.000000000000000000e+00
1.356372656056739068e-01 0.000000000000000000e+00
1.438898405948338954e-01 0.000000000000000000e+00
1.521424155839938841e-01 0.000000000000000000e+00
1.603949905731538728e-01 0.000000000000000000e+00
1.686475655623138614e-01 0.000000000000000000e+00
1.769001405514738501e-01 0.000000000000000000e+00
1.851527155406338387e-01 0.000000000000000000e+00
1.934052905297938274e-01 0.000000000000000000e+00
2.016578655189538161e-01 0.000000000000000000e+00
2.099104405081138047e-01 0.000000000000000000e+00
2.181630154972737934e-01 0.000000000000000000e+00
2.264155904864337820e-01 0.000000000000000000e+00
2.346681654755937707e-01 0.000000000000000000e+00
2.429207404647537594e-01 0.000000000000000000e+00
2.511733154539137480e-01 0.000000000000000000e+00
2.594258904430737367e-01 0.000000000000000000e+00
2.676784654322332813e-01 0.000000000000000000e+00
2.759310404213928258e-01 0.000000000000000000e+00
2.841836154105528145e-01 0.000000000000000000e+00
2.924361903997128032e-01 0.000000000000000000e+00
3.006887653888727918e-01 0.000000000000000000e+00
3.089413403780327805e-01 0.000000000000000000e+00
3.171939153671927691e-01 0.000000000000000000e+00
3.254464903563527578e-01 0.000000000000000000e+00
3.336990653455127465e-01 0.000000000000000000e+00
3.419516403346727351e-01 0.000000000000000000e+00
3.502042153238327238e-01 0.000000000000000000e+00
3.584567903129927124e-01 0.000000000000000000e+00
3.667093653021527011e-01 0.000000000000000000e+00
3.749619402913126898e-01 0.000000000000000000e+00
3.832145152804726784e-01 0.000000000000000000e+00
3.914670902696326671e-01 0.000000000000000000e+00
3.997196652587926557e-01 0.000000000000000000e+00
4.079722402479526444e-01 0.000000000000000000e+00
4.162248152371126331e-01 0.000000000000000000e+00
4.244773902262726217e-01 0.000000000000000000e+00
4.327299652154326104e-01 0.000000000000000000e+00
4.409825402045925991e-01 0.000000000000000000e+00
4.492351151937525877e-01 0.000000000000000000e+00
4.574876901829125764e-01 0.000000000000000000e+00
4.657402651720725650e-01 0.000000000000000000e+00
4.739928401612325537e-01 0.000000000000000000e+00
4.822454151503920983e-01 0.000000000000000000e+00
4.904979901395516428e-01 0.000000000000000000e+00
4.987505651287116315e-01 0.000000000000000000e+00
5.070031401178716202e-01 0.000000000000000000e+00
5.152557151070316088e-01 0.000000000000000000e+00
5.235082900961915975e-01 0.000000000000000000e+00
5.317608650853515861e-01 0.000000000000000000e+00
5.400134400745115748e-01 0.000000000000000000e+00
5.482660150636715635e-01 0.000000000000000000e+00
5.565185900528315521e-01 0.000000000000000000e+00
5.647711650419915408e-01 0.000000000000000000e+00
5.730237400311515295e-01 0.000000000000000000e+00
5.812763150203115181e-01 0.000000000000000000e+00
5.895288900094715068e-01 0.000000000000000000e+00
5.977814649986314954e-01 0.000000000000000000e+00
6.060340399877914841e-01 0.000000000000000000e+00
6.142866149769514728e-01 0.000000000000000000e+00
6.225391899661114614e-01 0.000000000000000000e+00
6.307917649552714501e-01 0.000000000000000000e+00
6.390443399444314387e-01 0.000000000000000000e+00
6.472969149335914274e-01 0.000000000000000000e+00
6.555494899227514161e-01 0.000000000000000000e+00
6.638020649119114047e-01 0.000000000000000000e+00
6.720546399010713934e-01 0.000000000000000000e+00
6.803072148902313820e-01 0.000000000000000000e+00
6.885597898793909266e-01 0.000000000000000000e+00
6.968123648685504712e-01 0.000000000000000000e+00
7.050649398577104598e-01 0.000000000000000000e+00
7.133175148468704485e-01 0.000000000000000000e+00
7.215700898360304372e-01 0.000000000000000000e+00
7.298226648251904258e-01 0.000000000000000000e+00
7.380752398143504145e-01 0.000000000000000000e+00
7.463278148035104032e-01 0.000000000000000000e+00
7.545803897926703918e-01 0.000000000000000000e+00
7.628329647818303805e-01 0.000000000000000000e+00
7.710855397709903691e-01 0.000000000000000000e+00
7.793381147601503578e-01 0.000000000000000000e+00
7.875906897493103465e-01 0.000000000000000000e+00
7.958432647384703351e-01 0.000000000000000000e+00
8.040958397276303238e-01 0.000000000000000000e+00
8.123484147167903124e-01 0.000000000000000000e+00
8.206009897059503011e-01 0.000000000000000000e+00
8.288535646951102898e-01 0.000000000000000000e+00
8.371061396842702784e-01 0.000000000000000000e+00
8.453587146734302671e-01 0.000000000000000000e+00
8.536112896625902557e-01 0.000000000000000000e+00
8.618638646517502444e-01 0.000000000000000000e+00
8.701164396409102331e-01 0.000000000000000000e+00
8.783690146300702217e-01 0.000000000000000000e+00
8.866215896192302104e-01 0.000000000000000000e+00
8.948741646083901990e-01 0.000000000000000000e+00
9.031267395975497436e-01 0.000000000000000000e+00
9.113793145867092882e-01 0.000000000000000000e+00
9.196318895758692769e-01 0.000000000000000000e+00
9.278844645650292655e-01 0.000000000000000000e+00
9.361370395541892542e-01 0.000000000000000000e+00
9.443896145433492428e-01 0.000000000000000000e+00
9.526421895325092315e-01 0.000000000000000000e+00
9.608947645216692202e-01 0.000000000000000000e+00
9.691473395108292088e-01 0.000000000000000000e+00
9.773999144999891975e-01 0.000000000000000000e+00
9.856524894891491861e-01 0.000000000000000000e+00
9.939050644783091748e-01 0.000000000000000000e+00
1.002157639467469163e+00 0.000000000000000000e+00
1.010410214456629152e+00 0.000000000000000000e+00
1.018662789445789141e+00 0.000000000000000000e+00
1.026915364434949129e+00 0.000000000000000000e+00
1.035167939424109118e+00 0.000000000000000000e+00
1.043420514413269107e+00 0.000000000000000000e+00
1.051673089402429095e+00 0.000000000000000000e+00
1.059925664391589084e+00 0.000000000000000000e+00
1.068178239380749073e+00 0.000000000000000000e+00
1.076430814369909061e+00 0.000000000000000000e+00
1.084683389359069050e+00 0.000000000000000000e+00
1.092935964348229039e+00 0.000000000000000000e+00
1.101188539337389027e+00 0.000000000000000000e+00
1.109441114326549016e+00 0.000000000000000000e+00
1.117693689315708561e+00 0.000000000000000000e+00
1.125946264304868105e+00 0.000000000000000000e+00
1.134198839294028094e+00 0.000000000000000000e+00
1.142451414283188083e+00 0.000000000000000000e+00
1.150703989272348071e+00 0.000000000000000000e+00
1.158956564261508060e+00 0.000000000000000000e+00
1.167209139250668049e+00 0.000000000000000000e+00
1.175461714239828037e+00 0.000000000000000000e+00
1.183714289228988026e+00 0.000000000000000000e+00
1.191966864218148014e+00 0.000000000000000000e+00
1.200219439207308003e+00 0.000000000000000000e+00
1.208472014196467992e+00 0.000000000000000000e+00
1.216724589185627980e+00 0.000000000000000000e+00
1.224977164174787969e+00 0.000000000000000000e+00
1.233229739163947958e+00 0.000000000000000000e+00
1.241482314153107946e+00 0.000000000000000000e+00
1.249734889142267935e+00 0.000000000000000000e+00
1.257987464131427924e+00 0.000000000000000000e+00
1.266240039120587912e+00 0.000000000000000000e+00
1.274492614109747901e+00 0.000000000000000000e+00
1.282745189098907890e+00 0.000000000000000000e+00
1.290997764088067878e+00 0.000000000000000000e+00
1.299250339077227867e+00 0.000000000000000000e+00
1.307502914066387856e+00 0.000000000000000000e+00
1.315755489055547844e+00 0.000000000000000000e+00
1.324008064044707389e+00 0.000000000000000000e+00
1.332260639033866934e+00 0.000000000000000000e+00
1.340513214023026922e+00 0.000000000000000000e+00
1.348765789012186911e+00 0.000000000000000000e+00
1.357018364001346900e+00 0.000000000000000000e+00
1.365270938990506888e+00 0.000000000000000000e+00
1.373523513979666877e+00 0.000000000000000000e+00
1.381776088968826866e+00 0.000000000000000000e+00
1.390028663957986854e+00 0.000000000000000000e+00
1.398281238947146843e+00 0.000000000000000000e+00
1.406533813936306831e+00 0.000000000000000000e+00
1.414786388925466820e+00 0.000000000000000000e+00
1.423038963914626809e+00 0.000000000000000000e+00
1.431291538903786797e+00 0.000000000000000000e+00
1.439544113892946786e+00 0.000000000000000000e+00
1.447796688882106775e+00 0.000000000000000000e+00
1.456049263871266763e+00 0.000000000000000000e+00
1.464301838860426752e+00 0.000000000000000000e+00
1.472554413849586741e+00 0.000000000000000000e+00
1.480806988838746729e+00 0.000000000000000000e+00
1.489059563827906718e+00 0.000000000000000000e+00
1.497312138817066707e+00 0.000000000000000000e+00
1.505564713806226695e+00 0.000000000000000000e+00
1.513817288795386684e+00 0.000000000000000000e+00
1.522069863784546673e+00 0.000000000000000000e+00
1.530322438773706661e+00 0.000000000000000000e+00
1.538575013762866206e+00 0.000000000000000000e+00
1.546827588752025751e+00 0.000000000000000000e+00
1.555080163741185739e+00 0.000000000000000000e+00
1.563332738730345728e+00 0.000000000000000000e+00
1.571585313719505717e+00 0.000000000000000000e+00
1.579837888708665705e+00 0.000000000000000000e+00
1.588090463697825694e+00 0.000000000000000000e+00
1.596343038686985683e+00 0.000000000000000000e+00
1.604595613676145671e+00 0.000000000000000000e+00
1.612848188665305660e+00 0.000000000000000000e+00
1.621100763654465649e+00 0.000000000000000000e+00
1.629353338643625637e+00 0.000000000000000000e+00
1.637605913632785626e+00 0.000000000000000000e+00
1.645858488621945614e+00 0.000000000000000000e+00
1.654111063611105603e+00 0.000000000000000000e+00
1.662363638600265592e+00 0.000000000000000000e+00
1.670616213589425580e+00 0.000000000000000000e+00
1.678868788578585569e+00 0.000000000000000000e+00
1.687121363567745558e+00 0.000000000000000000e+00
1.695373938556905546e+00 0.000000000000000000e+00
1.703626513546065535e+00 0.000000000000000000e+00
1.711879088535225524e+00 0.000000000000000000e+00
1.720131663524385512e+00 0.000000000000000000e+00
1.728384238513545501e+00 0.000000000000000000e+00
1.736636813502705490e+00 0.000000000000000000e+00
1.744889388491865034e+00 0.000000000000000000e+00
1.753141963481024579e+00 0.000000000000000000e+00
1.761394538470184568e+00 0.000000000000000000e+00
1.769647113459344556e+00 0.000000000000000000e+00
1.777899688448504545e+00 0.000000000000000000e+00
1.786152263437664534e+00 0.000000000000000000e+00
1.794404838426824522e+00 0.000000000000000000e+00
1.802657413415984511e+00 0.000000000000000000e+00
1.810909988405144500e+00 0.000000000000000000e+00
1.819162563394304488e+00 0.000000000000000000e+00
1.827415138383464477e+00 0.000000000000000000e+00
1.835667713372624466e+00 0.000000000000000000e+00
1.843920288361784454e+00 0.000000000000000000e+00
1.852172863350944443e+00 0.000000000000000000e+00
1.860425438340104431e+00 0.000000000000000000e+00
1.868678013329264420e+00 0.000000000000000000e+00
1.876930588318424409e+00 0.000000000000000000e+00
1.885183163307584397e+00 0.000000000000000000e+00
1.893435738296744386e+00 0.000000000000000000e+00
1.901688313285904375e+00 0.000000000000000000e+00
1.909940888275064363e+00 0.000000000000000000e+00
1.918193463264224352e+00 0.000000000000000000e+00
1.926446038253384341e+00 0.000000000000000000e+00
1.934698613242544329e+00 0.000000000000000000e+00
1.942951188231704318e+00 0.000000000000000000e+00
1.951203763220864307e+00 0.000000000000000000e+00
1.959456338210023851e+00 0.000000000000000000e+00
1.967708913199183396e+00 0.000000000000000000e+00
1.975961488188343385e+00 0.000000000000000000e+00
1.984214063177503373e+00 0.000000000000000000e+00
1.992466638166663362e+00 0.000000000000000000e+00
2.000719213155823351e+00 0.000000000000000000e+00
2.008971788144983339e+00 0.000000000000000000e+00
2.017224363134143328e+00 0.000000000000000000e+00
2.025476938123303317e+00 0.000000000000000000e+00
2.033729513112463305e+00 0.000000000000000000e+00
2.041982088101623294e+00 0.000000000000000000e+00
2.050234663090783283e+00 0.000000000000000000e+00
2.058487238079943271e+00 0.000000000000000000e+00
2.066739813069103260e+00 0.000000000000000000e+00
2.074992388058263248e+00 0.000000000000000000e+00
2.083244963047423237e+00 0.000000000000000000e+00
2.091497538036583226e+00 0.000000000000000000e+00
2.099750113025743214e+00 0.000000000000000000e+00
2.108002688014903203e+00 0.000000000000000000e+00
2.116255263004063192e+00 0.000000000000000000e+00
2.124507837993223180e+00 0.000000000000000000e+00
2.132760412982383169e+00 0.000000000000000000e+00
2.141012987971543158e+00 0.000000000000000000e+00
2.149265562960703146e+00 0.000000000000000000e+00
2.157518137949863135e+00 0.000000000000000000e+00
2.165770712939022680e+00 0.000000000000000000e+00
2.174023287928182224e+00 0.000000000000000000e+00
2.182275862917342213e+00 0.000000000000000000e+00
2.190528437906502202e+00 0.000000000000000000e+00
2.198781012895662190e+00 0.000000000000000000e+00
2.207033587884822179e+00 0.000000000000000000e+00
2.215286162873982168e+00 0.000000000000000000e+00
2.223538737863142156e+00 0.000000000000000000e+00
2.231791312852302145e+00 0.000000000000000000e+00
2.240043887841462134e+00 0.000000000000000000e+00
2.248296462830622122e+00 0.000000000000000000e+00
2.256549037819782555e+00 0.000000000000000000e+00
2.264801612808942544e+00 0.000000000000000000e+00
2.273054187798101644e+00 0.000000000000000000e+00
2.281306762787261633e+00 0.000000000000000000e+00
2.289559337776421621e+00 0.000000000000000000e+00
2.297811912765581610e+00 0.000000000000000000e+00
2.306064487754741599e+00 0.000000000000000000e+00
2.314317062743901587e+00 0.000000000000000000e+00
2.322569637733061576e+00 0.000000000000000000e+00
2.330822212722221565e+00 0.000000000000000000e+00
2.339074787711381553e+00 0.000000000000000000e+00
2.347327362700541542e+00 0.000000000000000000e+00
2.355579937689701531e+00 0.000000000000000000e+00
2.363832512678861519e+00 0.000000000000000000e+00
2.372085087668021508e+00 0.000000000000000000e+00
2.380337662657181497e+00 0.000000000000000000e+00
2.388590237646341485e+00 0.000000000000000000e+00
2.396842812635501474e+00 0.000000000000000000e+00
2.405095387624661463e+00 0.000000000000000000e+00
2.413347962613821451e+00 0.000000000000000000e+00
2.421600537602981440e+00 0.000000000000000000e+00
2.429853112592141429e+00 0.000000000000000000e+00
2.438105687581301417e+00 0.000000000000000000e+00
2.446358262570461406e+00 0.000000000000000000e+00
2.454610837559621395e+00 0.000000000000000000e+00
2.462863412548781383e+00 0.000000000000000000e+00
2.471115987537941372e+00 0.000000000000000000e+00
2.479368562527101361e+00 0.000000000000000000e+00
2.487621137516261349e+00 0.000000000000000000e+00
2.495873712505420450e+00 0.000000000000000000e+00
