4.021215147775655287e-03 
7.772313863048851447e-03 
-1.515892345014868041e-03 
1.068058571381588946e-03 
-1.089279721561471669e-03 
1.839742377828575181e-03 
-4.585460061636088130e-03 
1.549114472476763836e-02 
-6.594509793495213767e-02 
3.359916768636546647e-01 
-1.981761421508038801e+00 
1.322871651889200173e+01 
-9.812838671350975517e+01 
7.952505459109697767e+02 
-6.928347447212315274e+03 
6.394705107109840174e+04 
-6.175540514468792826e+05 
6.177628085664085113e+06 
-6.350889885112097859e+07 
6.669172573238661289e+08 
-7.120482566576513290e+09 
7.701853153178396606e+10 
-8.416577663773889160e+11 
9.272724084696017578e+12 
-1.028238788901970156e+14 
1.146134081769757000e+15 
-1.282899133495329200e+16 
1.440849854002871040e+17 
-1.622704647485218048e+18 
1.831622939283078963e+19 
-2.071255449257320120e+20 
2.345802175131972534e+21 
