-5.748448701665372695e+00 0.000000000000000000e+00
-5.740196126676213595e+00 7.324146572895666509e-09
-5.731943551687052718e+00 0.000000000000000000e+00
-5.723690976697893618e+00 0.000000000000000000e+00
-5.715438401708732741e+00 7.493718500649916207e-09
-5.707185826719573640e+00 0.000000000000000000e+00
-5.698933251730412763e+00 0.000000000000000000e+00
-5.690680676741253663e+00 7.642916953880380530e-09
-5.682428101752092786e+00 0.000000000000000000e+00
-5.674175526762933686e+00 0.000000000000000000e+00
-5.665922951773772809e+00 0.000000000000000000e+00
-5.657670376784613708e+00 7.897900281864247345e-09
-5.649417801795453720e+00 0.000000000000000000e+00
-5.641165226806293731e+00 0.000000000000000000e+00
-5.632912651817134631e+00 1.610761565491597254e-08
-5.624660076827973754e+00 8.129428963717814174e-09
-5.616407501838814653e+00 8.151178287350304342e-09
-5.608154926849653776e+00 0.000000000000000000e+00
-5.599902351860494676e+00 8.278648657314962191e-09
-5.591649776871333799e+00 8.338278439000317855e-09
-5.583397201882174699e+00 8.461446711382022350e-09
-5.575144626893013822e+00 8.488962136081406835e-09
-5.566892051903854721e+00 0.000000000000000000e+00
-5.558639476914693844e+00 0.000000000000000000e+00
-5.550386901925534744e+00 0.000000000000000000e+00
-5.542134326936373867e+00 8.789424862687354889e-09
-5.533881751947214767e+00 1.760560413449297840e-08
-5.525629176958053890e+00 2.667819434012060208e-08
-5.517376601968894789e+00 8.968606990647915418e-09
-5.509124026979733912e+00 2.714301881667001170e-08
-5.500871451990574812e+00 0.000000000000000000e+00
-5.492618877001413935e+00 9.144351723319808299e-09
-5.484366302012254835e+00 1.851994417176872785e-08
-5.476113727023093958e+00 1.857753984189049570e-08
-5.467861152033934857e+00 0.000000000000000000e+00
-5.459608577044773980e+00 0.000000000000000000e+00
-5.451356002055614880e+00 9.500291021095192583e-09
-5.443103427066454891e+00 0.000000000000000000e+00
-5.434850852077294903e+00 9.684792946239578745e-09
-5.426598277088134914e+00 9.739901634798156541e-09
-5.418345702098974925e+00 9.844441393040840590e-09
-5.410093127109815825e+00 1.978075223534446540e-08
-5.401840552120654948e+00 9.955505086460023835e-09
-5.393587977131495848e+00 1.004290786346998668e-08
-5.385335402142334971e+00 1.010855373459527210e-08
-5.377082827153175870e+00 0.000000000000000000e+00
-5.368830252164014993e+00 0.000000000000000000e+00
-5.360577677174855893e+00 0.000000000000000000e+00
-5.352325102185695016e+00 0.000000000000000000e+00
-5.344072527196535916e+00 3.153251620506073383e-08
-5.335819952207375039e+00 1.057997584892911297e-08
-5.327567377218215938e+00 1.065858555675761472e-08
-5.319314802229055061e+00 0.000000000000000000e+00
-5.311062227239895961e+00 0.000000000000000000e+00
-5.302809652250735084e+00 1.089689965141498857e-08
-5.294557077261575984e+00 1.099813083875589716e-08
-5.286304502272415107e+00 0.000000000000000000e+00
-5.278051927283256006e+00 0.000000000000000000e+00
-5.269799352294095129e+00 0.000000000000000000e+00
-5.261546777304936029e+00 1.132256574594436283e-08
-5.253294202315775152e+00 1.147054527284503155e-08
-5.245041627326616052e+00 1.151291865745603065e-08
-5.236789052337456063e+00 2.322589526471687603e-08
-5.228536477348296074e+00 2.338409446195686993e-08
-5.220283902359136086e+00 1.175520450859418228e-08
-5.212031327369976097e+00 0.000000000000000000e+00
-5.203778752380816996e+00 2.391478665452192680e-08
-5.195526177391656120e+00 1.201645094846949800e-08
-5.187273602402497019e+00 1.215597202662894318e-08
-5.179021027413336142e+00 2.444871808423494062e-08
-5.170768452424177042e+00 1.230906583156278427e-08
-5.162515877435016165e+00 0.000000000000000000e+00
-5.154263302445857065e+00 2.505825704220911850e-08
-5.146010727456696188e+00 1.261320202034995834e-08
-5.137758152467537087e+00 6.350375871565147306e-08
-5.129505577478376210e+00 1.282246127492347089e-08
-5.121253002489217110e+00 1.286822910936492205e-08
-5.113000427500056233e+00 2.594028889190379484e-08
-5.104747852510897133e+00 2.622962445074547587e-08
-5.096495277521736256e+00 1.317368132365657840e-08
-5.088242702532577155e+00 1.330145897407736582e-08
-5.079990127543416278e+00 0.000000000000000000e+00
-5.071737552554257178e+00 2.701599066110058483e-08
-5.063484977565096301e+00 0.000000000000000000e+00
-5.055232402575937201e+00 0.000000000000000000e+00
-5.046979827586776324e+00 4.151623053099968038e-08
-5.038727252597617223e+00 0.000000000000000000e+00
-5.030474677608457235e+00 2.810300489076151768e-08
-5.022222102619297246e+00 1.416367704289965774e-08
-5.013969527630137257e+00 1.428669290105919703e-08
-5.005716952640977269e+00 0.000000000000000000e+00
-4.997464377651817280e+00 0.000000000000000000e+00
-4.989211802662657291e+00 1.462062376685855700e-08
-4.980959227673498191e+00 0.000000000000000000e+00
-4.972706652684337314e+00 0.000000000000000000e+00
-4.964454077695178214e+00 0.000000000000000000e+00
-4.956201502706017337e+00 2.998966995888090459e-08
-4.947948927716858236e+00 3.032106690611164759e-08
-4.939696352727697359e+00 0.000000000000000000e+00
-4.931443777738538259e+00 1.533608536678040335e-08
-4.923191202749377382e+00 1.554653540081678889e-08
-4.914938627760218282e+00 4.690018348895286430e-08
-4.906686052771057405e+00 1.573992133573339552e-08
-4.898433477781898304e+00 4.749590250231954773e-08
-4.890180902792737427e+00 9.568938325219072300e-08
-4.881928327803578327e+00 4.823995666823454223e-08
-4.873675752814417450e+00 3.238535643528058615e-08
-4.865423177825258350e+00 4.894460922463454412e-08
-4.857170602836097473e+00 0.000000000000000000e+00
-4.848918027846938372e+00 3.314233295939927911e-08
-4.840665452857777495e+00 1.668143950214200248e-08
-4.832412877868618395e+00 5.055904655977279855e-08
-4.824160302879457518e+00 1.700098497824852447e-08
-4.815907727890298418e+00 0.000000000000000000e+00
-4.807655152901138429e+00 1.724599765391114928e-08
-4.799402577911978440e+00 1.734174649531072730e-08
-4.791150002922818452e+00 1.743784331877089371e-08
-4.782897427933658463e+00 3.530158736149784431e-08
-4.774644852944499362e+00 0.000000000000000000e+00
-4.766392277955338486e+00 0.000000000000000000e+00
-4.758139702966179385e+00 5.412389400172751848e-08
-4.749887127977018508e+00 1.812456296235775805e-08
-4.741634552987859408e+00 3.659013123045530210e-08
-4.733381977998698531e+00 0.000000000000000000e+00
-4.725129403009539431e+00 5.584376207322499628e-08
-4.716876828020378554e+00 3.745501862280781416e-08
-4.708624253031219453e+00 1.887829344603398042e-08
-4.700371678042058576e+00 1.909285168902081685e-08
-4.692119103052899476e+00 0.000000000000000000e+00
-4.683866528063738599e+00 0.000000000000000000e+00
-4.675613953074579499e+00 5.854373795230761852e-08
-4.667361378085418622e+00 3.928033909695788009e-08
-4.659108803096259521e+00 1.972092830382130015e-08
-4.650856228107098644e+00 1.992998296129012612e-08
-4.642603653117939544e+00 4.012353143598709673e-08
-4.634351078128778667e+00 0.000000000000000000e+00
-4.626098503139619567e+00 2.041253369032820472e-08
-4.617845928150459578e+00 0.000000000000000000e+00
-4.609593353161299589e+00 2.067257792084552584e-08
-4.601340778172139601e+00 1.041375057144874650e-07
-4.593088203182979612e+00 2.095839217499717302e-08
-4.584835628193819623e+00 2.114910572143667204e-08
-4.576583053204659635e+00 6.400524998917702660e-08
-4.568330478215499646e+00 6.435014106727888645e-08
-4.560077903226339657e+00 2.167187829662032500e-08
-4.551825328237180557e+00 1.308034994985298110e-07
-4.543572753248019680e+00 2.202458593809965682e-08
-4.535320178258860579e+00 2.206180824872920429e-08
-4.527067603269699703e+00 0.000000000000000000e+00
-4.518815028280540602e+00 0.000000000000000000e+00
-4.510562453291379725e+00 0.000000000000000000e+00
-4.502309878302220625e+00 0.000000000000000000e+00
-4.494057303313059748e+00 0.000000000000000000e+00
-4.485804728323900648e+00 9.264140377892680812e-08
-4.477552153334739771e+00 0.000000000000000000e+00
-4.469299578345580670e+00 9.423323823800943948e-08
-4.461047003356419793e+00 2.368458515692457965e-08
-4.452794428367260693e+00 2.392042299297160611e-08
-4.444541853378099816e+00 2.403488680094221179e-08
-4.436289278388940716e+00 2.430968477567510245e-08
-4.428036703399779839e+00 7.331408458975145827e-08
-4.419784128410620738e+00 4.933206720783499806e-08
-4.411531553421459861e+00 9.937647362887141715e-08
-4.403278978432300761e+00 7.513547373729142415e-08
-4.395026403443140772e+00 7.554657250463348776e-08
-4.386773828453980784e+00 1.777257541123966337e-07
-4.378521253464820795e+00 7.676099555358053003e-08
-4.370268678475660806e+00 2.583401795420558792e-08
-4.362016103486500818e+00 0.000000000000000000e+00
-4.353763528497340829e+00 7.852497187340759189e-08
-4.345510953508181728e+00 7.901221353402983976e-08
-4.337258378519020852e+00 2.648011652642980887e-08
-4.329005803529861751e+00 2.668635993817862253e-08
-4.320753228540700874e+00 8.097473658453826147e-08
-4.312500653551541774e+00 8.163771004728397289e-08
-4.304248078562380897e+00 1.095627471098670771e-07
-4.295995503573221797e+00 2.759333373835289066e-08
-4.287742928584060920e+00 5.551704927187432153e-08
-4.279490353594901819e+00 1.122117503904176741e-07
-4.271237778605740942e+00 2.814959560126796273e-08
-4.262985203616581842e+00 0.000000000000000000e+00
-4.254732628627420965e+00 0.000000000000000000e+00
-4.246480053638261865e+00 1.158108013135777877e-07
-4.238227478649100988e+00 0.000000000000000000e+00
-4.229974903659941887e+00 2.924877941496450978e-08
-4.221722328670781010e+00 0.000000000000000000e+00
-4.213469753681621910e+00 2.981955273300925746e-08
-4.205217178692461033e+00 0.000000000000000000e+00
-4.196964603703301933e+00 6.033840664147231595e-08
-4.188712028714141944e+00 9.152726233048081695e-08
-4.180459453724981955e+00 3.066507808626483505e-08
-4.172206878735821967e+00 0.000000000000000000e+00
-4.163954303746661978e+00 6.225401596868396236e-08
-4.155701728757501989e+00 1.257718693580976814e-07
-4.147449153768342001e+00 6.313027352741708967e-08
-4.139196578779182012e+00 1.277078088323199447e-07
-4.130944003790022023e+00 6.405482376720376466e-08
-4.122691428800862923e+00 6.466597866989209112e-08
-4.114438853811702046e+00 3.271521590006813301e-08
-4.106186278822542945e+00 0.000000000000000000e+00
-4.097933703833382069e+00 0.000000000000000000e+00
-4.089681128844222968e+00 3.329477579988541169e-08
-4.081428553855062091e+00 2.014540042783812558e-07
-4.073175978865902991e+00 0.000000000000000000e+00
-4.064923403876742114e+00 6.831017695867458706e-08
-4.056670828887583014e+00 3.452333960103633809e-08
-4.048418253898422137e+00 0.000000000000000000e+00
-4.040165678909263036e+00 6.974311801293061550e-08
-4.031913103920102159e+00 7.033957066683529879e-08
-4.023660528930943059e+00 3.547408744250884670e-08
-4.015407953941782182e+00 0.000000000000000000e+00
-4.007155378952623082e+00 1.080265147373255467e-07
-3.998902803963462649e+00 1.089349040988574914e-07
-3.990650228974302660e+00 1.095714312487318311e-07
-3.982397653985143116e+00 3.677137571029146470e-08
-3.974145078995983127e+00 3.719077639911874179e-08
-3.965892504006823138e+00 3.745653139501986517e-08
-3.957639929017663150e+00 7.521145438439041053e-08
-3.949387354028503161e+00 7.591998770653017926e-08
-3.941134779039343172e+00 1.531399167469639652e-07
-3.932882204050183184e+00 3.855506228135550961e-08
-3.924629629061023639e+00 7.766893752543914279e-08
-3.916377054071863650e+00 1.566314494714846201e-07
-3.908124479082703662e+00 0.000000000000000000e+00
-3.899871904093543673e+00 1.195310164118589629e-07
-3.891619329104383684e+00 3.998976776042957028e-08
-3.883366754115223696e+00 1.614288834988481246e-07
-3.875114179126063707e+00 2.441920706444218288e-07
-3.866861604136903718e+00 8.173764447178215079e-08
-3.858609029147743730e+00 4.115564441550329751e-08
-3.850356454158583741e+00 4.176066081181156700e-08
-3.842103879169423752e+00 1.256712465692208377e-07
-3.833851304180263764e+00 1.266973336705161017e-07
-3.825598729191103775e+00 8.541710993407390881e-08
-3.817346154201943786e+00 4.302973679653263521e-08
-3.809093579212783798e+00 0.000000000000000000e+00
-3.800841004223623809e+00 2.612506298938359567e-07
-3.792588429234463820e+00 8.763404805560316465e-08
-3.784335854245303832e+00 2.208750516403060834e-07
-3.776083279256144287e+00 8.926058197315810836e-08
-3.767830704266984299e+00 8.975095850035508130e-08
-3.759578129277824310e+00 1.358297121724348978e-07
-3.751325554288664321e+00 4.552012186218766585e-08
-3.743072979299504333e+00 9.192777502806079080e-08
-3.734820404310344344e+00 4.613537124765723847e-08
-3.726567829321184355e+00 1.401675094519414506e-07
-3.718315254332024367e+00 1.407441953476386787e-07
-3.710062679342864378e+00 1.421495997977277287e-07
-3.701810104353704389e+00 1.909679627080081732e-07
-3.693557529364544401e+00 4.799326391260350095e-08
-3.685304954375384856e+00 4.853950968506947672e-08
-3.677052379386224867e+00 1.466105751299883051e-07
-3.668799804397064879e+00 4.904124995997382451e-08
-3.660547229407904890e+00 1.485798151419706513e-07
-3.652294654418744901e+00 1.996958535812591677e-07
-3.644042079429584913e+00 1.510437259925659602e-07
-3.635789504440424924e+00 2.026675814559589348e-07
-3.627536929451264935e+00 1.020615841109408987e-07
-3.619284354462104947e+00 2.576640454243040568e-07
-3.611031779472944958e+00 2.594279521233347965e-07
-3.602779204483784969e+00 1.566593336598753964e-07
-3.594526629494624981e+00 1.580754667499813289e-07
-3.586274054505465436e+00 1.594208497299089273e-07
-3.578021479516305448e+00 5.327553595190810074e-08
-3.569768904527145459e+00 0.000000000000000000e+00
-3.561516329537985470e+00 2.174078526862536823e-07
-3.553263754548825482e+00 5.455674080945585249e-08
-3.545011179559665493e+00 2.752950380585363129e-07
-3.536758604570505504e+00 1.111090425071985371e-07
-3.528506029581345516e+00 1.122912784493765471e-07
-3.520253454592185527e+00 0.000000000000000000e+00
-3.512000879603025538e+00 2.272275889266299461e-07
-3.503748304613865550e+00 5.727984154260621533e-08
-3.495495729624705561e+00 5.769233153588455363e-08
-3.487243154635545572e+00 2.911035767973750132e-07
-3.478990579646385584e+00 1.759647700357087523e-07
-3.470738004657226039e+00 2.357368429765375594e-07
-3.462485429668066050e+00 1.191777649864777854e-07
-3.454232854678906062e+00 4.793690760463122348e-07
-3.445980279689746073e+00 3.017004376024185724e-07
-3.437727704700586084e+00 1.827802348398739585e-07
-3.429475129711426096e+00 4.911020588996309383e-07
-3.421222554722266107e+00 3.089175887545288247e-07
-3.412969979733106118e+00 2.490395542041923089e-07
-3.404717404743946130e+00 3.763697299271174748e-07
-3.396464829754786141e+00 1.894193978263830461e-07
-3.388212254765626152e+00 0.000000000000000000e+00
-3.379959679776466164e+00 1.928786898983423118e-07
-3.371707104787306619e+00 1.942290373238542464e-07
-3.363454529798146631e+00 3.906873217548769631e-07
-3.355201954808986642e+00 2.625646900488702105e-07
-3.346949379819826653e+00 1.323238521776958988e-07
-3.338696804830666665e+00 1.332561957639610163e-07
-3.330444229841506676e+00 4.031369945069233282e-07
-3.322191654852346687e+00 2.703925037570692090e-07
-3.313939079863186699e+00 3.412082895462674924e-07
-3.305686504874026710e+00 3.439289999395027981e-07
-3.297433929884866721e+00 2.080608152827373644e-07
-3.289181354895706733e+00 2.093696157303355053e-07
-3.280928779906546744e+00 1.407634002129410618e-07
-3.272676204917386755e+00 7.100888093877311269e-08
-3.264423629928227211e+00 2.141573642643070227e-07
-3.256171054939067222e+00 1.437541196083952179e-07
-3.247918479949907233e+00 1.450371665501125855e-07
-3.239665904960747245e+00 3.652884842110417698e-07
-3.231413329971587256e+00 7.354323048263188177e-07
-3.223160754982427267e+00 6.668592666457889980e-07
-3.214908179993267279e+00 3.741388256418488109e-07
-3.206655605004107290e+00 3.760503505416718868e-07
-3.198403030014947301e+00 1.513941198149980756e-07
-3.190150455025787313e+00 3.822218928301013128e-07
-3.181897880036627324e+00 4.624881948852667117e-07
-3.173645305047467335e+00 4.655615907478616864e-07
-3.165392730058307791e+00 3.907046283105322087e-07
-3.157140155069147802e+00 7.096217637741643046e-07
-3.148887580079987814e+00 6.351422949748326083e-07
-3.140635005090827825e+00 6.406801653501758148e-07
-3.132382430101667836e+00 7.257825420732692906e-07
-3.124129855112507848e+00 4.879728667621919717e-07
-3.115877280123347859e+00 1.633847324976043652e-07
-3.107624705134187870e+00 4.949641160962554294e-07
-3.099372130145027882e+00 8.303691145147047905e-08
-3.091119555155867893e+00 5.859166471628379629e-07
-3.082866980166707904e+00 7.597712820665142399e-07
-3.074614405177547916e+00 2.550464290702462562e-07
-3.066361830188387927e+00 5.140277004473032490e-07
-3.058109255199227938e+00 6.040920787748499895e-07
-3.049856680210068394e+00 4.349854935682968130e-07
-3.041604105220908405e+00 8.780133993725879892e-07
-3.033351530231748416e+00 6.181242020877009194e-07
-3.025098955242588428e+00 5.340857823904553869e-07
-3.016846380253428439e+00 5.387663336225634842e-07
-3.008593805264268450e+00 8.143379563739917494e-07
-3.000341230275108462e+00 8.196554875359722300e-07
-2.992088655285948473e+00 7.338896311990485610e-07
-2.983836080296788484e+00 6.481871829250678471e-07
-2.975583505307628496e+00 5.588448278767440376e-07
-2.967330930318468507e+00 2.814560065118676194e-07
-2.959078355329308518e+00 2.838684074851532664e-07
-2.950825780340148974e+00 9.534424578741729537e-07
-2.942573205350988985e+00 7.682388623629876616e-07
-2.934320630361828997e+00 1.161519154342218717e-06
-2.926068055372669008e+00 8.776773026063606206e-07
-2.917815480383509019e+00 6.882082562752100238e-07
-2.909562905394349031e+00 1.286308709412229982e-06
-2.901310330405189042e+00 9.969903346572016702e-07
-2.893057755416029053e+00 8.034703654660171803e-07
-2.884805180426869065e+00 9.118990098471340731e-07
-2.876552605437709076e+00 9.186474820286740325e-07
-2.868300030448549087e+00 1.233114883885923181e-06
-2.860047455459389099e+00 6.221179745199176350e-07
-2.851794880470229110e+00 1.462585023087639502e-06
-2.843542305481069565e+00 9.474858901721064965e-07
-2.835289730491909577e+00 1.059688280267156351e-06
-2.827037155502749588e+00 4.275696098768513335e-07
-2.818784580513589599e+00 6.464558835795159354e-07
-2.810532005524429611e+00 9.759893565820003479e-07
-2.802279430535269622e+00 6.549934618813966228e-07
-2.794026855546109633e+00 7.694698471931752819e-07
-2.785774280556949645e+00 7.762357384403225792e-07
-2.777521705567789656e+00 8.939196509427880642e-07
-2.769269130578629667e+00 1.464518553144875013e-06
-2.761016555589469679e+00 9.079173871493975443e-07
-2.752763980600309690e+00 1.028709516058342778e-06
-2.744511405611150145e+00 1.728993928656732895e-06
-2.736258830621990157e+00 1.160103636167030212e-06
-2.728006255632830168e+00 1.638427006476148540e-06
-2.719753680643670180e+00 1.531097694364907450e-06
-2.711501105654510191e+00 1.781666933629591791e-06
-2.703248530665350202e+00 8.392961909015635531e-07
-2.694995955676190214e+00 2.651735295152580471e-06
-2.686743380687030225e+00 4.865442186850657579e-07
-2.678490805697870236e+00 2.448543590086664050e-06
-2.670238230708710248e+00 2.468187754722526919e-06
-2.661985655719550259e+00 1.243525245315132707e-06
-2.653733080730390270e+00 1.251792899695307107e-06
-2.645480505741230282e+00 1.262020868975996512e-06
-2.637227930752070293e+00 2.798605333278956275e-06
-2.628975355762910748e+00 2.051493390444849128e-06
-2.620722780773750760e+00 2.064632266087596382e-06
-2.612470205784590771e+00 1.822701271120079190e-06
-2.604217630795430782e+00 1.571994404805988666e-06
-2.595965055806270794e+00 9.247179843504763235e-07
-2.587712480817110805e+00 1.998458311326784124e-06
-2.579459905827950816e+00 2.547558280903437120e-06
-2.571207330838790828e+00 2.839289064642086339e-06
-2.562954755849630839e+00 2.453178799639140078e-06
-2.554702180860470850e+00 2.882443473651208849e-06
-2.546449605871310862e+00 1.797813322860468382e-06
-2.538197030882150873e+00 2.646667100474086124e-06
-2.529944455892991328e+00 2.668703489868529603e-06
-2.521691880903831340e+00 3.538510900809364361e-06
-2.513439305914671351e+00 2.280802621198779489e-06
-2.505186730925511362e+00 2.727436806203550730e-06
-2.496934155936351374e+00 3.618287615015582243e-06
-2.488681580947191385e+00 2.771148698548245752e-06
-2.480429005958031397e+00 2.644872597373713361e-06
-2.472176430968871408e+00 3.552557415606980722e-06
-2.463923855979711419e+00 2.535925726685112519e-06
-2.455671280990551431e+00 3.460593404922380929e-06
-2.447418706001391442e+00 3.029100502474849059e-06
-2.439166131012231453e+00 4.274309619074682205e-06
-2.430913556023071465e+00 3.841504750036943401e-06
-2.422660981033911476e+00 4.030336824705198064e-06
-2.414408406044751931e+00 3.279006665529779937e-06
-2.406155831055591943e+00 3.145342759456791292e-06
-2.397903256066431954e+00 3.171977120911482295e-06
-2.389650681077271965e+00 3.033613302422006880e-06
-2.381398106088111977e+00 4.023773359766195451e-06
-2.373145531098951988e+00 5.027632790951652195e-06
-2.364892956109791999e+00 3.925819343233051940e-06
-2.356640381120632011e+00 4.777056214523556312e-06
-2.348387806131472022e+00 3.816329452105376721e-06
-2.340135231142312033e+00 4.013530212131360088e-06
-2.331882656153152045e+00 6.572720273822200416e-06
-2.323630081163992056e+00 6.109713575963997966e-06
-2.315377506174832511e+00 4.278786536046650216e-06
-2.307124931185672523e+00 5.862218159872553076e-06
-2.298872356196512534e+00 4.340893269644064644e-06
-2.290619781207352545e+00 5.075249845728845164e-06
-2.282367206218192557e+00 4.937451001995198679e-06
-2.274114631229032568e+00 5.681878871274471585e-06
-2.265862056239872580e+00 6.266707703351155464e-06
-2.257609481250712591e+00 4.152883146472463263e-06
-2.249356906261552602e+00 4.723619783813434805e-06
-2.241104331272392614e+00 6.412012273960727349e-06
-2.232851756283232625e+00 6.274245347966797754e-06
-2.224599181294072636e+00 6.884213079257092069e-06
-2.216346606304912648e+00 9.182793894854325548e-06
-2.208094031315753103e+00 6.794968925367795247e-06
-2.199841456326593114e+00 6.087894121607666454e-06
-2.191588881337433126e+00 9.017035469492636947e-06
-2.183336306348273137e+00 6.568441341217144956e-06
-2.175083731359113148e+00 6.034516258718909783e-06
-2.166831156369953160e+00 8.829305587172577398e-06
-2.158578581380793171e+00 7.908557340678211463e-06
-2.150326006391633182e+00 8.761326757551962931e-06
-2.142073431402473194e+00 9.639434501673209174e-06
-2.133820856413313205e+00 7.686586119311346826e-06
-2.125568281424153216e+00 7.538927059099937972e-06
-2.117315706434993228e+00 9.856318042792216352e-06
-2.109063131445833683e+00 9.107611701351349943e-06
-2.100810556456673694e+00 1.063465639220959683e-05
-2.092557981467513706e+00 1.071721520175471064e-05
-2.084305406478353717e+00 1.248604381915937793e-05
-2.076052831489193728e+00 9.385949306010152668e-06
-2.067800256500033740e+00 1.396660275725249457e-05
-2.059547681510873751e+00 1.212689483971102774e-05
-2.051295106521713763e+00 1.134800793855264264e-05
-2.043042531532553774e+00 1.143291168326197329e-05
-2.034789956543393785e+00 1.617189910546879605e-05
-2.026537381554233797e+00 1.495342167893615598e-05
-2.018284806565073808e+00 1.192307953638262143e-05
-2.010032231575913819e+00 1.383397561055744028e-05
-2.001779656586753831e+00 1.621644658703080233e-05
-1.993527081597594286e+00 1.358036977405152107e-05
-1.985274506608434297e+00 1.182607392619662580e-05
-1.977021931619274309e+00 1.822528992552397331e-05
-1.968769356630114320e+00 1.813165523451433747e-05
-1.960516781640954331e+00 1.517904916873667505e-05
-1.952264206651794343e+00 1.649806173438515177e-05
-1.944011631662634354e+00 1.396782953022843006e-05
-1.935759056673474365e+00 1.578002332175041603e-05
-1.927506481684314377e+00 1.663168336715629267e-05
-1.919253906695154388e+00 1.527860749209181265e-05
-1.911001331705994399e+00 2.035802049723166592e-05
-1.902748756716834411e+00 1.751719524593185078e-05
-1.894496181727674644e+00 2.168499006405644232e-05
-1.886243606738514877e+00 1.956458996053917951e-05
-1.877991031749354889e+00 1.919873948007184337e-05
-1.869738456760194900e+00 2.346417511377365151e-05
-1.861485881771034911e+00 2.703294476030676879e-05
-1.853233306781874923e+00 2.017263773264305711e-05
-1.844980731792714934e+00 2.242710791429350251e-05
-1.836728156803554945e+00 2.499175361276263969e-05
-1.828475581814394957e+00 2.169348678887705756e-05
-1.820223006825234968e+00 2.645173257020307840e-05
-1.811970431836074980e+00 2.230956425159446620e-05
-1.803717856846914991e+00 2.303009399075887245e-05
-1.795465281857755224e+00 2.651517887523831735e-05
-1.787212706868595458e+00 2.837791964193185759e-05
-1.778960131879435469e+00 3.084676269041839190e-05
-1.770707556890275480e+00 3.192643176713825647e-05
-1.762454981901115492e+00 3.159674590411022004e-05
-1.754202406911955503e+00 3.241751538640370498e-05
-1.745949831922795514e+00 3.525432996522064521e-05
-1.737697256933635526e+00 3.553323688814356840e-05
-1.729444681944475537e+00 3.433706342445332500e-05
-1.721192106955315548e+00 3.548701859073152809e-05
-1.712939531966155560e+00 3.604450416880655250e-05
-1.704686956976995571e+00 3.993332027964400480e-05
-1.696434381987835582e+00 3.631742223763966644e-05
-1.688181806998675594e+00 4.328558737852215344e-05
-1.679929232009515605e+00 4.208398311792126292e-05
-1.671676657020355616e+00 4.395682780857365976e-05
-1.663424082031195628e+00 4.055199596919114479e-05
-1.655171507042035639e+00 4.494014496508027731e-05
-1.646918932052875650e+00 4.434388592166524357e-05
-1.638666357063715662e+00 4.116400002885704464e-05
-1.630413782074556117e+00 4.788892405990767965e-05
-1.622161207085396573e+00 4.730665125714465910e-05
-1.613908632096236584e+00 5.779155899084175639e-05
-1.605656057107076595e+00 5.986027097059494712e-05
-1.597403482117916607e+00 5.171544402174163145e-05
-1.589150907128756618e+00 5.610572533156485598e-05
-1.580898332139596629e+00 6.966196411821768439e-05
-1.572645757150436641e+00 6.815817639941263502e-05
-1.564393182161276652e+00 6.561512118712980394e-05
-1.556140607172116663e+00 6.575424074472995873e-05
-1.547888032182956675e+00 7.318181857122678217e-05
-1.539635457193796686e+00 6.922470348034552308e-05
-1.531382882204636697e+00 8.100790311893460893e-05
-1.523130307215476709e+00 7.916523763163022594e-05
-1.514877732226316720e+00 7.976487824610305698e-05
-1.506625157237156731e+00 8.286725772190125204e-05
-1.498372582247996743e+00 7.407787427031097482e-05
-1.490120007258836754e+00 8.745138689252120775e-05
-1.481867432269676765e+00 8.847819036983347902e-05
-1.473614857280516777e+00 9.326262805841591900e-05
-1.465362282291356788e+00 9.358518084974559910e-05
-1.457109707302196799e+00 9.920127842035345088e-05
-1.448857132313036811e+00 1.143911528762016707e-04
-1.440604557323876822e+00 1.110554631335364446e-04
-1.432351982334716833e+00 1.084263768972088720e-04
-1.424099407345557289e+00 1.228675836529839630e-04
-1.415846832356397744e+00 1.206969519678939161e-04
-1.407594257367237756e+00 1.275043328603229814e-04
-1.399341682378077767e+00 1.248988491911152629e-04
-1.391089107388917778e+00 1.411111646079573354e-04
-1.382836532399757790e+00 1.304467809559230489e-04
-1.374583957410597801e+00 1.452698881436453328e-04
-1.366331382421437812e+00 1.636377230139970669e-04
-1.358078807432277824e+00 1.561975439509431080e-04
-1.349826232443117835e+00 1.619601016423777838e-04
-1.341573657453957846e+00 1.656959835520458433e-04
-1.333321082464797858e+00 1.746248128378567158e-04
-1.325068507475637869e+00 1.725115338614711729e-04
-1.316815932486477880e+00 2.013060189292318258e-04
-1.308563357497317892e+00 1.989668593473514627e-04
-1.300310782508157903e+00 1.939480329173871257e-04
-1.292058207518997914e+00 2.099008153243557247e-04
-1.283805632529837926e+00 2.278500005389757740e-04
-1.275553057540677937e+00 2.460661038989053469e-04
-1.267300482551517948e+00 2.493584133863502501e-04
-1.259047907562357960e+00 2.742961445460153930e-04
-1.250795332573197971e+00 2.581342550403116563e-04
-1.242542757584037982e+00 2.647164118161724898e-04
-1.234290182594877994e+00 2.643977230237744606e-04
-1.226037607605718005e+00 3.103058682851505710e-04
-1.217785032616558016e+00 3.060728072525845003e-04
-1.209532457627398472e+00 3.188458384038012463e-04
-1.201279882638238927e+00 3.485590037782576220e-04
-1.193027307649078939e+00 3.670588029613598593e-04
-1.184774732659918950e+00 3.901627100416348048e-04
-1.176522157670758961e+00 4.073334212664718045e-04
-1.168269582681598973e+00 4.006237906678701143e-04
-1.160017007692438984e+00 4.512245493386292882e-04
-1.151764432703278995e+00 4.526812296358895390e-04
-1.143511857714119007e+00 4.466155388289257924e-04
-1.135259282724959018e+00 4.885714151287139919e-04
-1.127006707735799029e+00 5.321248325799866462e-04
-1.118754132746639041e+00 5.316098709104995863e-04
-1.110501557757479052e+00 5.745615929205091484e-04
-1.102248982768319063e+00 5.883648141370790077e-04
-1.093996407779159075e+00 5.943778373690629694e-04
-1.085743832789999086e+00 6.574257197988167978e-04
-1.077491257800839097e+00 6.907760540755704523e-04
-1.069238682811679109e+00 7.040660024640323870e-04
-1.060986107822519120e+00 7.562000652187748830e-04
-1.052733532833359131e+00 7.504470924643873901e-04
-1.044480957844199143e+00 8.224402519152062717e-04
-1.036228382855039154e+00 8.914630831878034333e-04
-1.027975807865879165e+00 8.405900624901518339e-04
-1.019723232876719177e+00 9.383919156058902677e-04
-1.011470657887559188e+00 1.028509741564935260e-03
-1.003218082898399199e+00 1.016829303944455669e-03
-9.949655079092396548e-01 1.084754592109618120e-03
-9.867129329200801102e-01 1.094836841622634505e-03
-9.784603579309201216e-01 1.172329186179018549e-03
-9.702077829417601329e-01 1.218482135773861236e-03
-9.619552079526001442e-01 1.270541687753106450e-03
-9.537026329634401556e-01 1.381661200477996791e-03
-9.454500579742801669e-01 1.401824024790380117e-03
-9.371974829851201783e-01 1.462534226524776510e-03
-9.289449079959601896e-01 1.543585909474169031e-03
-9.206923330068002009e-01 1.665373032855331026e-03
-9.124397580176402123e-01 1.725561320929310709e-03
-9.041871830284802236e-01 1.785611481859713688e-03
-8.959346080393202350e-01 1.827160481141780913e-03
-8.876820330501602463e-01 1.951970354523144269e-03
-8.794294580610002576e-01 2.047831111278765239e-03
-8.711768830718402690e-01 2.185641100635383593e-03
-8.629243080826802803e-01 2.325527248250565913e-03
-8.546717330935202916e-01 2.489002617770851977e-03
-8.464191581043603030e-01 2.553109972574449816e-03
-8.381665831152003143e-01 2.707310928385346996e-03
-8.299140081260403257e-01 2.878666990663864521e-03
-8.216614331368803370e-01 3.052886737719953582e-03
-8.134088581477203483e-01 3.179298426303337356e-03
-8.051562831585603597e-01 3.406426996794795735e-03
-7.969037081694003710e-01 3.560323226132880436e-03
-7.886511331802408264e-01 3.822984677447777754e-03
-7.803985581910812819e-01 3.947708014053555488e-03
-7.721459832019212932e-01 4.206129547576317046e-03
-7.638934082127613046e-01 4.505710343384611120e-03
-7.556408332236013159e-01 4.691495644094545447e-03
-7.473882582344413272e-01 5.053797712624374071e-03
-7.391356832452813386e-01 5.358786966741428161e-03
-7.308831082561213499e-01 5.620800317188832940e-03
-7.226305332669613612e-01 5.985489288992490615e-03
-7.143779582778013726e-01 6.348081938397070328e-03
-7.061253832886413839e-01 6.838790854425405401e-03
-6.978728082994813953e-01 7.196024963094145750e-03
-6.896202333103214066e-01 7.556331057905939924e-03
-6.813676583211614179e-01 8.289771888893028226e-03
-6.731150833320014293e-01 8.656454537449599640e-03
-6.648625083428414406e-01 9.164419268430513965e-03
-6.566099333536814520e-01 9.906723683013467924e-03
-6.483573583645214633e-01 1.047361880082827053e-02
-6.401047833753614746e-01 1.088342517950996631e-02
-6.318522083862014860e-01 1.186223352375893707e-02
-6.235996333970414973e-01 1.272310563311696008e-02
-6.153470584078815087e-01 1.356090693216565474e-02
-6.070944834187215200e-01 1.443446417159694774e-02
-5.988419084295615313e-01 1.536203217780713823e-02
-5.905893334404015427e-01 1.608980244711538318e-02
-5.823367584512415540e-01 1.749420498758744516e-02
-5.740841834620820094e-01 1.852718225316870443e-02
-5.658316084729224649e-01 1.974906694694941039e-02
-5.575790334837624762e-01 2.141724377121630857e-02
-5.493264584946024875e-01 2.265559366097709068e-02
-5.410738835054424989e-01 2.434266032428682516e-02
-5.328213085162825102e-01 2.616596756058054904e-02
-5.245687335271225216e-01 2.812826871704291951e-02
-5.163161585379625329e-01 2.952282217203821418e-02
-5.080635835488025442e-01 3.181534852632952881e-02
-4.998110085596425556e-01 3.437694909957952905e-02
-4.915584335704825669e-01 3.707515334129368734e-02
-4.833058585813225783e-01 3.960225640612012599e-02
-4.750532835921625896e-01 4.189023962404300055e-02
-4.668007086030026009e-01 4.577305042091629750e-02
-4.585481336138426123e-01 4.868627020969483465e-02
-4.502955586246826236e-01 5.253933899104811650e-02
-4.420429836355226350e-01 5.616643751744441332e-02
-4.337904086463626463e-01 6.055907794852407461e-02
-4.255378336572026576e-01 6.551818533911377140e-02
-4.172852586680426690e-01 7.013479258710909880e-02
-4.090326836788826803e-01 7.595903911632653771e-02
-4.007801086897226917e-01 8.171967334522237114e-02
-3.925275337005627030e-01 8.774567495319658683e-02
-3.842749587114027143e-01 9.516541027024184862e-02
-3.760223837222427257e-01 1.022599912197603433e-01
-3.677698087330831811e-01 1.114666704396250207e-01
-3.595172337439236365e-01 1.197776660111806585e-01
-3.512646587547636479e-01 1.297937127853291128e-01
-3.430120837656036592e-01 1.397968048460900836e-01
-3.347595087764436705e-01 1.519598601711461550e-01
-3.265069337872836819e-01 1.643614121928105021e-01
-3.182543587981236932e-01 1.769197637954983693e-01
-3.100017838089637046e-01 1.925431953135395280e-01
-3.017492088198037159e-01 2.093074758219421183e-01
-2.934966338306437272e-01 2.273191577543048070e-01
-2.852440588414837386e-01 2.469913968477877586e-01
-2.769914838523237499e-01 2.675789009706379673e-01
-2.687389088631637613e-01 2.919570661759375851e-01
-2.604863338740037726e-01 3.165294959065355074e-01
-2.522337588848437839e-01 3.452146247579364058e-01
-2.439811838956837953e-01 3.750546635274447649e-01
-2.357286089065238066e-01 4.085895524462340722e-01
-2.274760339173638179e-01 4.446896456770210171e-01
-2.192234589282038293e-01 4.833717830122055137e-01
-2.109708839390438406e-01 5.256837111485292979e-01
-2.027183089498838520e-01 5.707331884881875483e-01
-1.944657339607238633e-01 6.205977624309007012e-01
-1.862131589715638746e-01 6.758163787549932300e-01
-1.779605839824038860e-01 7.376779684988313823e-01
-1.697080089932438973e-01 8.008731388420318176e-01
-1.614554340040839087e-01 8.683751203946203923e-01
-1.532028590149243641e-01 9.433671583920146819e-01
-1.449502840257648195e-01 1.028238912963129525e+00
-1.366977090366048309e-01 1.113772234637972813e+00
-1.284451340474448422e-01 1.207196164112259718e+00
-1.201925590582848535e-01 1.305248021351454790e+00
-1.119399840691248649e-01 1.408736793605545934e+00
-1.036874090799648762e-01 1.520056058104147789e+00
-9.543483409080488755e-02 1.639878276030673598e+00
-8.718225910164489889e-02 1.770019491038455017e+00
-7.892968411248491023e-02 1.900905494832283660e+00
-7.067710912332492157e-02 2.035390309891597305e+00
-6.242453413416493291e-02 2.176858035231337585e+00
-5.417195914500494425e-02 2.319381669610413699e+00
-4.591938415584495559e-02 2.467430036425144912e+00
-3.766680916668496693e-02 2.619507816802899125e+00
-2.941423417752497826e-02 2.771359384063953879e+00
-2.116165918836498960e-02 2.917616836076404319e+00
-1.290908419920500094e-02 3.063866849429818462e+00
-4.656509210045012281e-03 3.202445662652303238e+00
3.596065779114976380e-03 3.330544349711360042e+00
1.184864076827496504e-02 3.454326640528083470e+00
2.010121575743495370e-02 3.566554564250615122e+00
2.835379074659494236e-02 3.651546954600705330e+00
3.660636573575493102e-02 3.723711387050594901e+00
4.485894072491491968e-02 3.782715927032282544e+00
5.311151571407446426e-02 3.813012675301784338e+00
6.136409070323400883e-02 3.818818301181448049e+00
6.961666569239399749e-02 3.784120554942451253e+00
7.786924068155398615e-02 3.714118414891752984e+00
8.612181567071397481e-02 3.626515451036958382e+00
9.437439065987396347e-02 3.517554676860328300e+00
1.026269656490339521e-01 3.377326685386726091e+00
1.108795406381939408e-01 3.205221155198989980e+00
1.191321156273539295e-01 3.005362023462771592e+00
1.273846906165139181e-01 2.784051673485459677e+00
1.356372656056739068e-01 2.548025570939812301e+00
1.438898405948338954e-01 2.299683182356446753e+00
1.521424155839938841e-01 2.043553848820439001e+00
1.603949905731538728e-01 1.795812036232150133e+00
1.686475655623138614e-01 1.558901034563671795e+00
1.769001405514738501e-01 1.332493464809518802e+00
1.851527155406338387e-01 1.110685601234403519e+00
1.934052905297938274e-01 9.127235299974749694e-01
2.016578655189538161e-01 7.356398533511296911e-01
2.099104405081138047e-01 5.850746806093036767e-01
2.181630154972737934e-01 4.459468327647077013e-01
2.264155904864337820e-01 3.351730263907746754e-01
2.346681654755937707e-01 2.478462698575764900e-01
2.429207404647537594e-01 1.792359442432390204e-01
2.511733154539137480e-01 1.229602946738030250e-01
2.594258904430737367e-01 8.201850820016608201e-02
2.676784654322332813e-01 5.392009531674202966e-02
2.759310404213928258e-01 3.520837421037152637e-02
2.841836154105528145e-01 2.086485857675611510e-02
2.924361903997128032e-01 1.338454596780244872e-02
3.006887653888727918e-01 8.923391384334133231e-03
3.089413403780327805e-01 5.942233266662027419e-03
3.171939153671927691e-01 3.685341679151859281e-03
3.254464903563527578e-01 1.925521729342050212e-03
3.336990653455127465e-01 9.142081575603187545e-04
3.419516403346727351e-01 2.905411477668970346e-04
3.502042153238327238e-01 1.713303380700052325e-04
3.584567903129927124e-01 1.626739476027790196e-04
3.667093653021527011e-01 9.893788144834585012e-05
3.749619402913126898e-01 0.000000000000000000e+00
3.832145152804726784e-01 0.000000000000000000e+00
3.914670902696326671e-01 0.000000000000000000e+00
3.997196652587926557e-01 0.000000000000000000e+00
4.079722402479526444e-01 0.000000000000000000e+00
4.162248152371126331e-01 0.000000000000000000e+00
4.244773902262726217e-01 0.000000000000000000e+00
4.327299652154326104e-01 0.000000000000000000e+00
4.409825402045925991e-01 0.000000000000000000e+00
4.492351151937525877e-01 0.000000000000000000e+00
4.574876901829125764e-01 0.000000000000000000e+00
4.657402651720725650e-01 0.000000000000000000e+00
4.739928401612325537e-01 0.000000000000000000e+00
4.822454151503920983e-01 0.000000000000000000e+00
4.904979901395516428e-01 0.000000000000000000e+00
4.987505651287116315e-01 0.000000000000000000e+00
5.070031401178716202e-01 0.000000000000000000e+00
5.152557151070316088e-01 0.000000000000000000e+00
5.235082900961915975e-01 0.000000000000000000e+00
5.317608650853515861e-01 0.000000000000000000e+00
5.400134400745115748e-01 0.000000000000000000e+00
5.482660150636715635e-01 0.000000000000000000e+00
5.565185900528315521e-01 0.000000000000000000e+00
5.647711650419915408e-01 0.000000000000000000e+00
5.730237400311515295e-01 0.000000000000000000e+00
5.812763150203115181e-01 0.000000000000000000e+00
5.895288900094715068e-01 0.000000000000000000e+00
5.977814649986314954e-01 0.000000000000000000e+00
6.060340399877914841e-01 0.000000000000000000e+00
6.142866149769514728e-01 0.000000000000000000e+00
6.225391899661114614e-01 0.000000000000000000e+00
6.307917649552714501e-01 0.000000000000000000e+00
6.390443399444314387e-01 0.000000000000000000e+00
6.472969149335914274e-01 0.000000000000000000e+00
6.555494899227514161e-01 0.000000000000000000e+00
6.638020649119114047e-01 0.000000000000000000e+00
6.720546399010713934e-01 0.000000000000000000e+00
6.803072148902313820e-01 0.000000000000000000e+00
6.885597898793909266e-01 0.000000000000000000e+00
6.968123648685504712e-01 0.000000000000000000e+00
7.050649398577104598e-01 0.000000000000000000e+00
7.133175148468704485e-01 0.000000000000000000e+00
7.215700898360304372e-01 0.000000000000000000e+00
7.298226648251904258e-01 0.000000000000000000e+00
7.380752398143504145e-01 0.000000000000000000e+00
7.463278148035104032e-01 0.000000000000000000e+00
7.545803897926703918e-01 0.000000000000000000e+00
7.628329647818303805e-01 0.000000000000000000e+00
7.710855397709903691e-01 0.000000000000000000e+00
7.793381147601503578e-01 0.000000000000000000e+00
7.875906897493103465e-01 0.000000000000000000e+00
7.958432647384703351e-01 0.000000000000000000e+00
8.040958397276303238e-01 0.000000000000000000e+00
8.123484147167903124e-01 0.000000000000000000e+00
8.206009897059503011e-01 0.000000000000000000e+00
8.288535646951102898e-01 0.000000000000000000e+00
8.371061396842702784e-01 0.000000000000000000e+00
8.453587146734302671e-01 0.000000000000000000e+00
8.536112896625902557e-01 0.000000000000000000e+00
8.618638646517502444e-01 0.000000000000000000e+00
8.701164396409102331e-01 0.000000000000000000e+00
8.783690146300702217e-01 0.000000000000000000e+00
8.866215896192302104e-01 0.000000000000000000e+00
8.948741646083901990e-01 0.000000000000000000e+00
9.031267395975497436e-01 0.000000000000000000e+00
9.113793145867092882e-01 0.000000000000000000e+00
9.196318895758692769e-01 0.000000000000000000e+00
9.278844645650292655e-01 0.000000000000000000e+00
9.361370395541892542e-01 0.000000000000000000e+00
9.443896145433492428e-01 0.000000000000000000e+00
9.526421895325092315e-01 0.000000000000000000e+00
9.608947645216692202e-01 0.000000000000000000e+00
9.691473395108292088e-01 0.000000000000000000e+00
9.773999144999891975e-01 0.000000000000000000e+00
9.856524894891491861e-01 0.000000000000000000e+00
9.939050644783091748e-01 0.000000000000000000e+00
1.002157639467469163e+00 0.000000000000000000e+00
1.010410214456629152e+00 0.000000000000000000e+00
1.018662789445789141e+00 0.000000000000000000e+00
1.026915364434949129e+00 0.000000000000000000e+00
1.035167939424109118e+00 0.000000000000000000e+00
1.043420514413269107e+00 0.000000000000000000e+00
1.051673089402429095e+00 0.000000000000000000e+00
1.059925664391589084e+00 0.000000000000000000e+00
1.068178239380749073e+00 0.000000000000000000e+00
1.076430814369909061e+00 0.000000000000000000e+00
1.084683389359069050e+00 0.000000000000000000e+00
1.092935964348229039e+00 0.000000000000000000e+00
1.101188539337389027e+00 0.000000000000000000e+00
1.109441114326549016e+00 0.000000000000000000e+00
1.117693689315708561e+00 0.000000000000000000e+00
1.125946264304868105e+00 0.000000000000000000e+00
1.134198839294028094e+00 0.000000000000000000e+00
1.142451414283188083e+00 0.000000000000000000e+00
1.150703989272348071e+00 0.000000000000000000e+00
1.158956564261508060e+00 0.000000000000000000e+00
1.167209139250668049e+00 0.000000000000000000e+00
1.175461714239828037e+00 0.000000000000000000e+00
1.183714289228988026e+00 0.000000000000000000e+00
1.191966864218148014e+00 0.000000000000000000e+00
1.200219439207308003e+00 0.000000000000000000e+00
1.208472014196467992e+00 0.000000000000000000e+00
1.216724589185627980e+00 0.000000000000000000e+00
1.224977164174787969e+00 0.000000000000000000e+00
1.233229739163947958e+00 0.000000000000000000e+00
1.241482314153107946e+00 0.000000000000000000e+00
1.249734889142267935e+00 0.000000000000000000e+00
1.257987464131427924e+00 0.000000000000000000e+00
1.266240039120587912e+00 0.000000000000000000e+00
1.274492614109747901e+00 0.000000000000000000e+00
1.282745189098907890e+00 0.000000000000000000e+00
1.290997764088067878e+00 0.000000000000000000e+00
1.299250339077227867e+00 0.000000000000000000e+00
1.307502914066387856e+00 0.000000000000000000e+00
1.315755489055547844e+00 0.000000000000000000e+00
1.324008064044707389e+00 0.000000000000000000e+00
1.332260639033866934e+00 0.000000000000000000e+00
1.340513214023026922e+00 0.000000000000000000e+00
1.348765789012186911e+00 0.000000000000000000e+00
1.357018364001346900e+00 0.000000000000000000e+00
1.365270938990506888e+00 0.000000000000000000e+00
1.373523513979666877e+00 0.000000000000000000e+00
1.381776088968826866e+00 0.000000000000000000e+00
1.390028663957986854e+00 0.000000000000000000e+00
1.398281238947146843e+00 0.000000000000000000e+00
1.406533813936306831e+00 0.000000000000000000e+00
1.414786388925466820e+00 0.000000000000000000e+00
1.423038963914626809e+00 0.000000000000000000e+00
1.431291538903786797e+00 0.000000000000000000e+00
1.439544113892946786e+00 0.000000000000000000e+00
1.447796688882106775e+00 0.000000000000000000e+00
1.456049263871266763e+00 0.000000000000000000e+00
1.464301838860426752e+00 0.000000000000000000e+00
1.472554413849586741e+00 0.000000000000000000e+00
1.480806988838746729e+00 0.000000000000000000e+00
1.489059563827906718e+00 0.000000000000000000e+00
1.497312138817066707e+00 0.000000000000000000e+00
1.505564713806226695e+00 0.000000000000000000e+00
1.513817288795386684e+00 0.000000000000000000e+00
1.522069863784546673e+00 0.000000000000000000e+00
1.530322438773706661e+00 0.000000000000000000e+00
1.538575013762866206e+00 0.000000000000000000e+00
1.546827588752025751e+00 0.000000000000000000e+00
1.555080163741185739e+00 0.000000000000000000e+00
1.563332738730345728e+00 0.000000000000000000e+00
1.571585313719505717e+00 0.000000000000000000e+00
1.579837888708665705e+00 0.000000000000000000e+00
1.588090463697825694e+00 0.000000000000000000e+00
1.596343038686985683e+00 0.000000000000000000e+00
1.604595613676145671e+00 0.000000000000000000e+00
1.612848188665305660e+00 0.000000000000000000e+00
1.621100763654465649e+00 0.000000000000000000e+00
1.629353338643625637e+00 0.000000000000000000e+00
1.637605913632785626e+00 0.000000000000000000e+00
1.645858488621945614e+00 0.000000000000000000e+00
1.654111063611105603e+00 0.000000000000000000e+00
1.662363638600265592e+00 0.000000000000000000e+00
1.670616213589425580e+00 0.000000000000000000e+00
1.678868788578585569e+00 0.000000000000000000e+00
1.687121363567745558e+00 0.000000000000000000e+00
1.695373938556905546e+00 0.000000000000000000e+00
1.703626513546065535e+00 0.000000000000000000e+00
1.711879088535225524e+00 0.000000000000000000e+00
1.720131663524385512e+00 0.000000000000000000e+00
1.728384238513545501e+00 0.000000000000000000e+00
1.736636813502705490e+00 0.000000000000000000e+00
1.744889388491865034e+00 0.000000000000000000e+00
1.753141963481024579e+00 0.000000000000000000e+00
1.761394538470184568e+00 0.000000000000000000e+00
1.769647113459344556e+00 0.000000000000000000e+00
1.777899688448504545e+00 0.000000000000000000e+00
1.786152263437664534e+00 0.000000000000000000e+00
1.794404838426824522e+00 0.000000000000000000e+00
1.802657413415984511e+00 0.000000000000000000e+00
1.810909988405144500e+00 0.000000000000000000e+00
1.819162563394304488e+00 0.000000000000000000e+00
1.827415138383464477e+00 0.000000000000000000e+00
1.835667713372624466e+00 0.000000000000000000e+00
1.843920288361784454e+00 0.000000000000000000e+00
1.852172863350944443e+00 0.000000000000000000e+00
1.860425438340104431e+00 0.000000000000000000e+00
1.868678013329264420e+00 0.000000000000000000e+00
1.876930588318424409e+00 0.000000000000000000e+00
1.885183163307584397e+00 0.000000000000000000e+00
1.893435738296744386e+00 0.000000000000000000e+00
1.901688313285904375e+00 0.000000000000000000e+00
1.909940888275064363e+00 0.000000000000000000e+00
1.918193463264224352e+00 0.000000000000000000e+00
1.926446038253384341e+00 0.000000000000000000e+00
1.934698613242544329e+00 0.000000000000000000e+00
1.942951188231704318e+00 0.000000000000000000e+00
1.951203763220864307e+00 0.000000000000000000e+00
1.959456338210023851e+00 0.000000000000000000e+00
1.967708913199183396e+00 0.000000000000000000e+00
1.975961488188343385e+00 0.000000000000000000e+00
1.984214063177503373e+00 0.000000000000000000e+00
1.992466638166663362e+00 0.000000000000000000e+00
2.000719213155823351e+00 0.000000000000000000e+00
2.008971788144983339e+00 0.000000000000000000e+00
2.017224363134143328e+00 0.000000000000000000e+00
2.025476938123303317e+00 0.000000000000000000e+00
2.033729513112463305e+00 0.000000000000000000e+00
2.041982088101623294e+00 0.000000000000000000e+00
2.050234663090783283e+00 0.000000000000000000e+00
2.058487238079943271e+00 0.000000000000000000e+00
2.066739813069103260e+00 0.000000000000000000e+00
2.074992388058263248e+00 0.000000000000000000e+00
2.083244963047423237e+00 0.000000000000000000e+00
2.091497538036583226e+00 0.000000000000000000e+00
2.099750113025743214e+00 0.000000000000000000e+00
2.108002688014903203e+00 0.000000000000000000e+00
2.116255263004063192e+00 0.000000000000000000e+00
2.124507837993223180e+00 0.000000000000000000e+00
2.132760412982383169e+00 0.000000000000000000e+00
2.141012987971543158e+00 0.000000000000000000e+00
2.149265562960703146e+00 0.000000000000000000e+00
2.157518137949863135e+00 0.000000000000000000e+00
2.165770712939022680e+00 0.000000000000000000e+00
2.174023287928182224e+00 0.000000000000000000e+00
2.182275862917342213e+00 0.000000000000000000e+00
2.190528437906502202e+00 0.000000000000000000e+00
2.198781012895662190e+00 0.000000000000000000e+00
2.207033587884822179e+00 0.000000000000000000e+00
2.215286162873982168e+00 0.000000000000000000e+00
2.223538737863142156e+00 0.000000000000000000e+00
2.231791312852302145e+00 0.000000000000000000e+00
2.240043887841462134e+00 0.000000000000000000e+00
2.248296462830622122e+00 0.000000000000000000e+00
2.256549037819782555e+00 0.000000000000000000e+00
2.264801612808942544e+00 0.000000000000000000e+00
2.273054187798101644e+00 0.000000000000000000e+00
2.281306762787261633e+00 0.000000000000000000e+00
2.289559337776421621e+00 0.000000000000000000e+00
2.297811912765581610e+00 0.000000000000000000e+00
2.306064487754741599e+00 0.000000000000000000e+00
2.314317062743901587e+00 0.000000000000000000e+00
2.322569637733061576e+00 0.000000000000000000e+00
2.330822212722221565e+00 0.000000000000000000e+00
2.339074787711381553e+00 0.000000000000000000e+00
2.347327362700541542e+00 0.000000000000000000e+00
2.355579937689701531e+00 0.000000000000000000e+00
2.363832512678861519e+00 0.000000000000000000e+00
2.372085087668021508e+00 0.000000000000000000e+00
2.380337662657181497e+00 0.000000000000000000e+00
2.388590237646341485e+00 0.000000000000000000e+00
2.396842812635501474e+00 0.000000000000000000e+00
2.405095387624661463e+00 0.000000000000000000e+00
2.413347962613821451e+00 0.000000000000000000e+00
2.421600537602981440e+00 0.000000000000000000e+00
2.429853112592141429e+00 0.000000000000000000e+00
2.438105687581301417e+00 0.000000000000000000e+00
2.446358262570461406e+00 0.000000000000000000e+00
2.454610837559621395e+00 0.000000000000000000e+00
2.462863412548781383e+00 0.000000000000000000e+00
2.471115987537941372e+00 0.000000000000000000e+00
2.479368562527101361e+00 0.000000000000000000e+00
2.487621137516261349e+00 0.000000000000000000e+00
2.495873712505420450e+00 0.000000000000000000e+00
