2.484690388598920305e-03 
4.918994469998370402e-03 
-8.893715738096507478e-04 
5.449027478755318976e-04 
-5.576777995665003779e-04 
1.054368631321862598e-03 
-3.102913479548712484e-03 
1.211797579776457100e-02 
-5.663480584985735450e-02 
2.992926789186620695e-01 
-1.734048493286239223e+00 
1.082438230210570218e+01 
-7.203690005511946026e+01 
5.074519646802468742e+02 
-3.761275786746195990e+03 
2.916392958157528847e+04 
-2.351272701777502662e+05 
1.959044942356037674e+06 
-1.676935189648682624e+07 
1.466932709745425880e+08 
-1.305406455914886951e+09 
1.177316660953382683e+10 
-1.072884560133336792e+11 
9.856223399871508789e+11 
-9.111414057785773438e+12 
8.464165187615398438e+13 
-7.893222246586131250e+14 
7.383360092941086000e+15 
-6.923465007276849600e+16 
6.505254405108903680e+17 
-6.122441733145425920e+18 
5.770154094273854669e+19 
