6.722151690483070020e-03 
1.290546855864597303e-02 
-2.678969260733877859e-03 
2.281611212055636301e-03 
-2.580061984438697473e-03 
4.887306467049616979e-03 
-1.328899689821230919e-02 
4.706116635805634302e-02 
-2.017217734778809779e-01 
9.988527089180617713e-01 
-5.543085769476788549e+00 
3.375823378164312061e+01 
-2.221190322768344458e+02 
1.559513062223417819e+03 
-1.156499161686240586e+04 
8.980282907083934697e+04 
-7.247788394399058307e+05 
6.041570890446779318e+06 
-5.173781599503551424e+07 
4.531548856554163098e+08 
-4.044508541378693104e+09 
3.667332404753157806e+10 
-3.369944909883596191e+11 
3.131849844629527344e+12 
-2.938735342321217578e+13 
2.780383904190952812e+14 
-2.649352145604083500e+15 
2.540118094414730800e+16 
-2.448514388957637760e+17 
2.371349147379165696e+18 
-2.306142453386271949e+19 
2.250942206086063391e+20 
