8.339205728395315126e-03 
1.594708029865922125e-02 
-2.425777380079164377e-03 
2.096674671652178946e-03 
-1.767418404634254689e-03 
2.819133046267150410e-03 
-7.261808806578029865e-03 
2.747833206228792943e-02 
-1.326827219479806974e-01 
7.460994882393267025e-01 
-4.656233078948644355e+00 
3.146847783432420087e+01 
-2.272434189625469969e+02 
1.739289869914503697e+03 
-1.403444990559829239e+04 
1.189139711178381694e+05 
-1.054315313166070031e+06 
9.746672318469977006e+06 
-9.357722873742565513e+07 
9.289929426583017111e+08 
-9.492525907678882599e+09 
9.937878761101727295e+10 
-1.061428928819852661e+12 
1.152181311664644531e+13 
-1.266983959417799375e+14 
1.407576907052891500e+15 
-1.576439425113224400e+16 
1.776777772048811840e+17 
-2.012547996097805056e+18 
2.288510369865289728e+19 
-2.610305874562454323e+20 
2.984559844222378181e+21 
