1.292091971346242922e-02 
2.460856418568344722e-02 
-5.721295941220309531e-03 
6.664922658994472046e-03 
-8.777863436805468864e-03 
1.893038666265660364e-02 
-5.589264776889640157e-02 
2.102239655265034646e-01 
-9.507506356802116754e-01 
4.985818089353871940e+00 
-2.958319078671718216e+01 
1.950700818366772751e+02 
-1.409504149796306820e+03 
1.103555301461425734e+04 
-9.280199465239264828e+04 
8.327191591861272464e+05 
-7.935363843080795370e+06 
8.003383858140124381e+07 
-8.518701846139725447e+08 
9.539714613693820953e+09 
-1.119694865656288452e+11 
1.370860547235641846e+12 
-1.741061154149453516e+13 
2.280465729514260938e+14 
-3.063078114566115500e+15 
4.197498441922516800e+16 
-5.842762171173853440e+17 
8.231570144098280448e+18 
-1.170434044463166423e+20 
1.675907864952012276e+21 
-2.412442000771729536e+22 
3.486657420476034109e+23 
