5.516393572880971471e-03 
1.038103635552014778e-02 
-1.663851472762569589e-03 
1.148807916041335621e-03 
-9.294426502138482000e-04 
1.319991416582783636e-03 
-3.021755598640897805e-03 
1.037759962378364750e-02 
-4.720298591414869016e-02 
2.581150800481709640e-01 
-1.607409242405148042e+00 
1.109558165801762009e+01 
-8.367041096152921398e+01 
6.825238573483203481e+02 
-5.969656010894176688e+03 
5.546865332651851350e+04 
-5.422247930356995203e+05 
5.522708752071193419e+06 
-5.809227342516785860e+07 
6.262985011937755346e+08 
-6.878083223132708549e+09 
7.657617466103848267e+10 
-8.611591942574750977e+11 
9.755851643718785156e+12 
-1.111164229210463594e+14 
1.270560031991626500e+15 
-1.456999065941644800e+16 
1.674319498083544960e+17 
-1.927039944681995008e+18 
2.220445433836478874e+19 
-2.560692855342113751e+20 
2.954936466288188326e+21 
