-5.748448701665372695e+00 1.733436633157846882e-05
-5.740196126676213595e+00 8.667183165789234408e-06
-5.731943551687052718e+00 1.011171369342077348e-05
-5.723690976697893618e+00 1.444530527631539068e-05
-5.715438401708732741e+00 1.300077474868385161e-05
-5.707185826719573640e+00 8.667183165789234408e-06
-5.698933251730412763e+00 1.155624422105231254e-05
-5.690680676741253663e+00 1.155624422105231254e-05
-5.682428101752092786e+00 1.155624422105231254e-05
-5.674175526762933686e+00 1.588983580394692975e-05
-5.665922951773772809e+00 1.300077474868385161e-05
-5.657670376784613708e+00 1.444530527631539068e-05
-5.649417801795453720e+00 1.588983580394692975e-05
-5.641165226806293731e+00 1.444530527631539068e-05
-5.632912651817134631e+00 5.778122110526156272e-06
-5.624660076827973754e+00 1.588983580394692975e-05
-5.616407501838814653e+00 8.667183165789234408e-06
-5.608154926849653776e+00 1.444530527631539068e-05
-5.599902351860494676e+00 1.733436633157846882e-05
-5.591649776871333799e+00 1.011171369342077348e-05
-5.583397201882174699e+00 7.222652638157695340e-06
-5.575144626893013822e+00 1.877889685921000788e-05
-5.566892051903854721e+00 1.877889685921000788e-05
-5.558639476914693844e+00 1.300077474868385161e-05
-5.550386901925534744e+00 1.300077474868385161e-05
-5.542134326936373867e+00 1.733436633157846882e-05
-5.533881751947214767e+00 2.022342738684154695e-05
-5.525629176958053890e+00 1.155624422105231254e-05
-5.517376601968894789e+00 8.667183165789234408e-06
-5.509124026979733912e+00 1.011171369342077348e-05
-5.500871451990574812e+00 1.300077474868385161e-05
-5.492618877001413935e+00 1.877889685921000788e-05
-5.484366302012254835e+00 1.877889685921000788e-05
-5.476113727023093958e+00 1.733436633157846882e-05
-5.467861152033934857e+00 1.588983580394692975e-05
-5.459608577044773980e+00 1.444530527631539068e-05
-5.451356002055614880e+00 1.733436633157846882e-05
-5.443103427066454891e+00 1.300077474868385161e-05
-5.434850852077294903e+00 2.311248844210462509e-05
-5.426598277088134914e+00 2.166795791447308602e-05
-5.418345702098974925e+00 1.877889685921000788e-05
-5.410093127109815825e+00 1.733436633157846882e-05
-5.401840552120654948e+00 1.444530527631539068e-05
-5.393587977131495848e+00 1.155624422105231254e-05
-5.385335402142334971e+00 1.444530527631539068e-05
-5.377082827153175870e+00 2.166795791447308602e-05
-5.368830252164014993e+00 8.667183165789234408e-06
-5.360577677174855893e+00 1.733436633157846882e-05
-5.352325102185695016e+00 1.733436633157846882e-05
-5.344072527196535916e+00 2.455701896973616416e-05
-5.335819952207375039e+00 2.022342738684154695e-05
-5.327567377218215938e+00 1.733436633157846882e-05
-5.319314802229055061e+00 1.877889685921000788e-05
-5.311062227239895961e+00 1.877889685921000788e-05
-5.302809652250735084e+00 1.588983580394692975e-05
-5.294557077261575984e+00 1.444530527631539068e-05
-5.286304502272415107e+00 7.222652638157695340e-06
-5.278051927283256006e+00 2.455701896973616416e-05
-5.269799352294095129e+00 1.877889685921000788e-05
-5.261546777304936029e+00 2.744608002499924229e-05
-5.253294202315775152e+00 1.300077474868385161e-05
-5.245041627326616052e+00 1.877889685921000788e-05
-5.236789052337456063e+00 1.300077474868385161e-05
-5.228536477348296074e+00 1.300077474868385161e-05
-5.220283902359136086e+00 2.311248844210462509e-05
-5.212031327369976097e+00 1.300077474868385161e-05
-5.203778752380816996e+00 1.877889685921000788e-05
-5.195526177391656120e+00 1.300077474868385161e-05
-5.187273602402497019e+00 2.022342738684154695e-05
-5.179021027413336142e+00 1.588983580394692975e-05
-5.170768452424177042e+00 2.600154949736770322e-05
-5.162515877435016165e+00 2.166795791447308602e-05
-5.154263302445857065e+00 2.166795791447308602e-05
-5.146010727456696188e+00 1.733436633157846882e-05
-5.137758152467537087e+00 2.166795791447308602e-05
-5.129505577478376210e+00 1.588983580394692975e-05
-5.121253002489217110e+00 1.444530527631539068e-05
-5.113000427500056233e+00 2.889061055263078136e-05
-5.104747852510897133e+00 2.744608002499924229e-05
-5.096495277521736256e+00 2.744608002499924229e-05
-5.088242702532577155e+00 2.744608002499924229e-05
-5.079990127543416278e+00 1.877889685921000788e-05
-5.071737552554257178e+00 1.877889685921000788e-05
-5.063484977565096301e+00 2.311248844210462509e-05
-5.055232402575937201e+00 2.744608002499924229e-05
-5.046979827586776324e+00 1.733436633157846882e-05
-5.038727252597617223e+00 2.455701896973616416e-05
-5.030474677608457235e+00 2.455701896973616416e-05
-5.022222102619297246e+00 2.311248844210462509e-05
-5.013969527630137257e+00 2.455701896973616416e-05
-5.005716952640977269e+00 2.311248844210462509e-05
-4.997464377651817280e+00 1.877889685921000788e-05
-4.989211802662657291e+00 1.444530527631539068e-05
-4.980959227673498191e+00 2.744608002499924229e-05
-4.972706652684337314e+00 2.744608002499924229e-05
-4.964454077695178214e+00 2.022342738684154695e-05
-4.956201502706017337e+00 3.033514108026232043e-05
-4.947948927716858236e+00 1.877889685921000788e-05
-4.939696352727697359e+00 1.877889685921000788e-05
-4.931443777738538259e+00 2.311248844210462509e-05
-4.923191202749377382e+00 3.755779371842001577e-05
-4.914938627760218282e+00 3.611326319078847670e-05
-4.906686052771057405e+00 3.322420213552539856e-05
-4.898433477781898304e+00 1.877889685921000788e-05
-4.890180902792737427e+00 2.166795791447308602e-05
-4.881928327803578327e+00 1.300077474868385161e-05
-4.873675752814417450e+00 2.455701896973616416e-05
-4.865423177825258350e+00 2.600154949736770322e-05
-4.857170602836097473e+00 3.322420213552539856e-05
-4.848918027846938372e+00 2.166795791447308602e-05
-4.840665452857777495e+00 2.022342738684154695e-05
-4.832412877868618395e+00 2.600154949736770322e-05
-4.824160302879457518e+00 3.033514108026232043e-05
-4.815907727890298418e+00 2.166795791447308602e-05
-4.807655152901138429e+00 3.033514108026232043e-05
-4.799402577911978440e+00 3.033514108026232043e-05
-4.791150002922818452e+00 2.889061055263078136e-05
-4.782897427933658463e+00 3.177967160789385950e-05
-4.774644852944499362e+00 2.889061055263078136e-05
-4.766392277955338486e+00 2.311248844210462509e-05
-4.758139702966179385e+00 4.622497688420925017e-05
-4.749887127977018508e+00 3.611326319078847670e-05
-4.741634552987859408e+00 3.611326319078847670e-05
-4.733381977998698531e+00 2.889061055263078136e-05
-4.725129403009539431e+00 4.189138530131463297e-05
-4.716876828020378554e+00 2.455701896973616416e-05
-4.708624253031219453e+00 3.900232424605155483e-05
-4.700371678042058576e+00 2.455701896973616416e-05
-4.692119103052899476e+00 2.455701896973616416e-05
-4.683866528063738599e+00 3.322420213552539856e-05
-4.675613953074579499e+00 1.877889685921000788e-05
-4.667361378085418622e+00 2.744608002499924229e-05
-4.659108803096259521e+00 3.177967160789385950e-05
-4.650856228107098644e+00 3.322420213552539856e-05
-4.642603653117939544e+00 4.622497688420925017e-05
-4.634351078128778667e+00 3.611326319078847670e-05
-4.626098503139619567e+00 4.478044635657771111e-05
-4.617845928150459578e+00 3.900232424605155483e-05
-4.609593353161299589e+00 3.322420213552539856e-05
-4.601340778172139601e+00 5.055856846710386738e-05
-4.593088203182979612e+00 2.744608002499924229e-05
-4.584835628193819623e+00 3.755779371842001577e-05
-4.576583053204659635e+00 3.466873266315693763e-05
-4.568330478215499646e+00 3.755779371842001577e-05
-4.560077903226339657e+00 3.177967160789385950e-05
-4.551825328237180557e+00 3.755779371842001577e-05
-4.543572753248019680e+00 3.466873266315693763e-05
-4.535320178258860579e+00 3.177967160789385950e-05
-4.527067603269699703e+00 3.177967160789385950e-05
-4.518815028280540602e+00 3.611326319078847670e-05
-4.510562453291379725e+00 3.755779371842001577e-05
-4.502309878302220625e+00 3.611326319078847670e-05
-4.494057303313059748e+00 3.900232424605155483e-05
-4.485804728323900648e+00 4.189138530131463297e-05
-4.477552153334739771e+00 3.900232424605155483e-05
-4.469299578345580670e+00 3.177967160789385950e-05
-4.461047003356419793e+00 3.755779371842001577e-05
-4.452794428367260693e+00 4.044685477368309390e-05
-4.444541853378099816e+00 3.322420213552539856e-05
-4.436289278388940716e+00 4.911403793947232831e-05
-4.428036703399779839e+00 4.189138530131463297e-05
-4.419784128410620738e+00 4.333591582894617204e-05
-4.411531553421459861e+00 3.611326319078847670e-05
-4.403278978432300761e+00 4.478044635657771111e-05
-4.395026403443140772e+00 3.466873266315693763e-05
-4.386773828453980784e+00 4.189138530131463297e-05
-4.378521253464820795e+00 2.455701896973616416e-05
-4.370268678475660806e+00 4.622497688420925017e-05
-4.362016103486500818e+00 3.900232424605155483e-05
-4.353763528497340829e+00 4.911403793947232831e-05
-4.345510953508181728e+00 5.055856846710386738e-05
-4.337258378519020852e+00 3.611326319078847670e-05
-4.329005803529861751e+00 4.044685477368309390e-05
-4.320753228540700874e+00 4.333591582894617204e-05
-4.312500653551541774e+00 3.900232424605155483e-05
-4.304248078562380897e+00 4.622497688420925017e-05
-4.295995503573221797e+00 4.189138530131463297e-05
-4.287742928584060920e+00 4.189138530131463297e-05
-4.279490353594901819e+00 4.622497688420925017e-05
-4.271237778605740942e+00 4.622497688420925017e-05
-4.262985203616581842e+00 4.189138530131463297e-05
-4.254732628627420965e+00 4.044685477368309390e-05
-4.246480053638261865e+00 5.200309899473540645e-05
-4.238227478649100988e+00 4.622497688420925017e-05
-4.229974903659941887e+00 4.333591582894617204e-05
-4.221722328670781010e+00 5.344762952236694551e-05
-4.213469753681621910e+00 4.044685477368309390e-05
-4.205217178692461033e+00 3.755779371842001577e-05
-4.196964603703301933e+00 2.600154949736770322e-05
-4.188712028714141944e+00 6.211481268815618670e-05
-4.180459453724981955e+00 5.344762952236694551e-05
-4.172206878735821967e+00 5.344762952236694551e-05
-4.163954303746661978e+00 5.633669057763002365e-05
-4.155701728757501989e+00 7.078199585394542111e-05
-4.147449153768342001e+00 5.055856846710386738e-05
-4.139196578779182012e+00 4.044685477368309390e-05
-4.130944003790022023e+00 6.355934321578771899e-05
-4.122691428800862923e+00 7.078199585394542111e-05
-4.114438853811702046e+00 4.333591582894617204e-05
-4.106186278822542945e+00 6.211481268815618670e-05
-4.097933703833382069e+00 4.478044635657771111e-05
-4.089681128844222968e+00 4.333591582894617204e-05
-4.081428553855062091e+00 6.355934321578771899e-05
-4.073175978865902991e+00 5.055856846710386738e-05
-4.064923403876742114e+00 4.333591582894617204e-05
-4.056670828887583014e+00 5.344762952236694551e-05
-4.048418253898422137e+00 5.344762952236694551e-05
-4.040165678909263036e+00 5.633669057763002365e-05
-4.031913103920102159e+00 5.200309899473540645e-05
-4.023660528930943059e+00 5.778122110526156272e-05
-4.015407953941782182e+00 4.911403793947232831e-05
-4.007155378952623082e+00 6.355934321578771899e-05
-3.998902803963462649e+00 5.200309899473540645e-05
-3.990650228974302660e+00 5.633669057763002365e-05
-3.982397653985143116e+00 5.778122110526156272e-05
-3.974145078995983127e+00 3.900232424605155483e-05
-3.965892504006823138e+00 5.633669057763002365e-05
-3.957639929017663150e+00 5.200309899473540645e-05
-3.949387354028503161e+00 5.489216004999848458e-05
-3.941134779039343172e+00 5.055856846710386738e-05
-3.932882204050183184e+00 6.211481268815618670e-05
-3.924629629061023639e+00 6.500387374341926483e-05
-3.916377054071863650e+00 6.067028216052464085e-05
-3.908124479082703662e+00 6.789293479868234297e-05
-3.899871904093543673e+00 3.322420213552539856e-05
-3.891619329104383684e+00 6.211481268815618670e-05
-3.883366754115223696e+00 7.078199585394542111e-05
-3.875114179126063707e+00 4.911403793947232831e-05
-3.866861604136903718e+00 5.489216004999848458e-05
-3.858609029147743730e+00 6.067028216052464085e-05
-3.850356454158583741e+00 7.078199585394542111e-05
-3.842103879169423752e+00 5.922575163289310179e-05
-3.833851304180263764e+00 5.778122110526156272e-05
-3.825598729191103775e+00 6.789293479868234297e-05
-3.817346154201943786e+00 8.667183165789234408e-05
-3.809093579212783798e+00 6.933746532631387526e-05
-3.800841004223623809e+00 6.355934321578771899e-05
-3.792588429234463820e+00 5.922575163289310179e-05
-3.784335854245303832e+00 6.500387374341926483e-05
-3.776083279256144287e+00 5.922575163289310179e-05
-3.767830704266984299e+00 8.522730113026081179e-05
-3.759578129277824310e+00 7.800464849210310967e-05
-3.751325554288664321e+00 6.933746532631387526e-05
-3.743072979299504333e+00 6.644840427105079713e-05
-3.734820404310344344e+00 5.200309899473540645e-05
-3.726567829321184355e+00 7.078199585394542111e-05
-3.718315254332024367e+00 5.489216004999848458e-05
-3.710062679342864378e+00 6.500387374341926483e-05
-3.701810104353704389e+00 6.211481268815618670e-05
-3.693557529364544401e+00 6.355934321578771899e-05
-3.685304954375384856e+00 6.789293479868234297e-05
-3.677052379386224867e+00 5.922575163289310179e-05
-3.668799804397064879e+00 7.656011796447157738e-05
-3.660547229407904890e+00 7.367105690920849924e-05
-3.652294654418744901e+00 7.222652638157695340e-05
-3.644042079429584913e+00 8.956089271315542221e-05
-3.635789504440424924e+00 5.055856846710386738e-05
-3.627536929451264935e+00 5.489216004999848458e-05
-3.619284354462104947e+00 7.078199585394542111e-05
-3.611031779472944958e+00 7.078199585394542111e-05
-3.602779204483784969e+00 6.355934321578771899e-05
-3.594526629494624981e+00 7.222652638157695340e-05
-3.586274054505465436e+00 9.678354535131312433e-05
-3.578021479516305448e+00 8.233824007499773365e-05
-3.569768904527145459e+00 6.355934321578771899e-05
-3.561516329537985470e+00 8.089370954736618781e-05
-3.553263754548825482e+00 6.789293479868234297e-05
-3.545011179559665493e+00 7.656011796447157738e-05
-3.536758604570505504e+00 1.040061979894708129e-04
-3.528506029581345516e+00 7.367105690920849924e-05
-3.520253454592185527e+00 8.522730113026081179e-05
-3.512000879603025538e+00 7.656011796447157738e-05
-3.503748304613865550e+00 8.811636218552388992e-05
-3.495495729624705561e+00 9.678354535131312433e-05
-3.487243154635545572e+00 9.244995376841850035e-05
-3.478990579646385584e+00 9.533901482368157849e-05
-3.470738004657226039e+00 8.089370954736618781e-05
-3.462485429668066050e+00 7.800464849210310967e-05
-3.454232854678906062e+00 7.800464849210310967e-05
-3.445980279689746073e+00 9.533901482368157849e-05
-3.437727704700586084e+00 8.233824007499773365e-05
-3.429475129711426096e+00 8.811636218552388992e-05
-3.421222554722266107e+00 8.522730113026081179e-05
-3.412969979733106118e+00 8.233824007499773365e-05
-3.404717404743946130e+00 9.389448429605004619e-05
-3.396464829754786141e+00 9.100542324078696806e-05
-3.388212254765626152e+00 9.967260640657620247e-05
-3.379959679776466164e+00 1.011171369342077348e-04
-3.371707104787306619e+00 7.367105690920849924e-05
-3.363454529798146631e+00 1.011171369342077348e-04
-3.355201954808986642e+00 9.533901482368157849e-05
-3.346949379819826653e+00 9.389448429605004619e-05
-3.338696804830666665e+00 1.170069727381546713e-04
-3.330444229841506676e+00 7.656011796447157738e-05
-3.322191654852346687e+00 9.100542324078696806e-05
-3.313939079863186699e+00 9.533901482368157849e-05
-3.305686504874026710e+00 1.054507285171023587e-04
-3.297433929884866721e+00 1.300077474868385297e-04
-3.289181354895706733e+00 1.242296253763123734e-04
-3.280928779906546744e+00 9.244995376841850035e-05
-3.272676204917386755e+00 9.822807587894465662e-05
-3.264423629928227211e+00 1.300077474868385297e-04
-3.256171054939067222e+00 1.097843200999969692e-04
-3.247918479949907233e+00 9.389448429605004619e-05
-3.239665904960747245e+00 1.068952590447338910e-04
-3.231413329971587256e+00 7.944917901973465551e-05
-3.223160754982427267e+00 1.213405643210492817e-04
-3.214908179993267279e+00 1.531202359289431548e-04
-3.206655605004107290e+00 1.227850948486808140e-04
-3.198403030014947301e+00 1.097843200999969692e-04
-3.190150455025787313e+00 1.054507285171023587e-04
-3.181897880036627324e+00 1.227850948486808140e-04
-3.173645305047467335e+00 9.100542324078696806e-05
-3.165392730058307791e+00 1.256741559039439057e-04
-3.157140155069147802e+00 1.285632169592069703e-04
-3.148887580079987814e+00 9.389448429605004619e-05
-3.140635005090827825e+00 1.213405643210492817e-04
-3.132382430101667836e+00 1.213405643210492817e-04
-3.124129855112507848e+00 1.155624422105231254e-04
-3.115877280123347859e+00 1.083397895723654369e-04
-3.107624705134187870e+00 1.357858695973646859e-04
-3.099372130145027882e+00 1.545647664565746870e-04
-3.091119555155867893e+00 1.271186864315754380e-04
-3.082866980166707904e+00 1.184515032657862036e-04
-3.074614405177547916e+00 1.112288506276285150e-04
-3.066361830188387927e+00 1.300077474868385297e-04
-3.058109255199227938e+00 1.372304001249962182e-04
-3.049856680210068394e+00 1.011171369342077348e-04
-3.041604105220908405e+00 1.213405643210492817e-04
-3.033351530231748416e+00 1.444530527631539068e-04
-3.025098955242588428e+00 1.271186864315754380e-04
-3.016846380253428439e+00 1.314522780144700620e-04
-3.008593805264268450e+00 1.112288506276285150e-04
-3.000341230275108462e+00 1.430085222355223745e-04
-2.992088655285948473e+00 1.415639917078908422e-04
-2.983836080296788484e+00 1.458975832907854391e-04
-2.975583505307628496e+00 1.574538275118377516e-04
-2.967330930318468507e+00 1.314522780144700620e-04
-2.959078355329308518e+00 1.560092969842062193e-04
-2.950825780340148974e+00 1.762327243710477798e-04
-2.942573205350988985e+00 1.574538275118377516e-04
-2.934320630361828997e+00 1.516757054013115954e-04
-2.926068055372669008e+00 1.545647664565746870e-04
-2.917815480383509019e+00 1.314522780144700620e-04
-2.909562905394349031e+00 1.444530527631539068e-04
-2.901310330405189042e+00 1.877889685921000924e-04
-2.893057755416029053e+00 1.632319496223639079e-04
-2.884805180426869065e+00 1.574538275118377516e-04
-2.876552605437709076e+00 1.661210106776269996e-04
-2.868300030448549087e+00 1.300077474868385297e-04
-2.860047455459389099e+00 1.314522780144700620e-04
-2.851794880470229110e+00 1.776772548986793121e-04
-2.843542305481069565e+00 1.834553770092054684e-04
-2.835289730491909577e+00 1.415639917078908422e-04
-2.827037155502749588e+00 1.733436633157846882e-04
-2.818784580513589599e+00 1.877889685921000924e-04
-2.810532005524429611e+00 1.733436633157846882e-04
-2.802279430535269622e+00 1.733436633157846882e-04
-2.794026855546109633e+00 1.675655412052585319e-04
-2.785774280556949645e+00 1.718991327881531559e-04
-2.777521705567789656e+00 1.921225601749946893e-04
-2.769269130578629667e+00 2.007897433407839372e-04
-2.761016555589469679e+00 1.791217854263108444e-04
-2.752763980600309690e+00 1.588983580394693110e-04
-2.744511405611150145e+00 2.195686401999939383e-04
-2.736258830621990157e+00 2.036788043960470018e-04
-2.728006255632830168e+00 1.675655412052585319e-04
-2.719753680643670180e+00 2.094569265065731581e-04
-2.711501105654510191e+00 1.979006822855208455e-04
-2.703248530665350202e+00 2.080123959789416258e-04
-2.694995955676190214e+00 1.863444380644685330e-04
-2.686743380687030225e+00 1.921225601749946893e-04
-2.678490805697870236e+00 2.224577012552570300e-04
-2.670238230708710248e+00 2.022342738684154695e-04
-2.661985655719550259e+00 2.036788043960470018e-04
-2.653733080730390270e+00 1.950116212302577810e-04
-2.645480505741230282e+00 2.065678654513100935e-04
-2.637227930752070293e+00 2.224577012552570300e-04
-2.628975355762910748e+00 2.455701896973616280e-04
-2.620722780773750760e+00 2.239022317828885623e-04
-2.612470205784590771e+00 2.166795791447308737e-04
-2.604217630795430782e+00 2.166795791447308737e-04
-2.595965055806270794e+00 2.239022317828885623e-04
-2.587712480817110805e+00 2.123459875618362498e-04
-2.579459905827950816e+00 2.354584760039408749e-04
-2.571207330838790828e+00 2.036788043960470018e-04
-2.562954755849630839e+00 2.181241096723624060e-04
-2.554702180860470850e+00 2.614600255013085645e-04
-2.546449605871310862e+00 2.253467623105200946e-04
-2.538197030882150873e+00 2.325694149486777832e-04
-2.529944455892991328e+00 2.571264339184139405e-04
-2.521691880903831340e+00 2.282358233657831863e-04
-2.513439305914671351e+00 2.325694149486777832e-04
-2.505186730925511362e+00 2.441256591697300957e-04
-2.496934155936351374e+00 2.715717391947293719e-04
-2.488681580947191385e+00 2.383475370592039394e-04
-2.480429005958031397e+00 2.513483118078878114e-04
-2.472176430968871408e+00 2.643490865565716291e-04
-2.463923855979711419e+00 2.917951665815708782e-04
-2.455671280990551431e+00 2.701272086670978125e-04
-2.447418706001391442e+00 2.600154949736770593e-04
-2.439166131012231453e+00 2.499037812802562520e-04
-2.430913556023071465e+00 3.279084297723593752e-04
-2.422660981033911476e+00 2.889061055263078136e-04
-2.414408406044751931e+00 2.715717391947293719e-04
-2.406155831055591943e+00 3.293529602999909346e-04
-2.397903256066431954e+00 2.657936170842031885e-04
-2.389650681077271965e+00 3.149076550236755033e-04
-2.381398106088111977e+00 2.759053307776239417e-04
-2.373145531098951988e+00 2.903506360539393730e-04
-2.364892956109791999e+00 2.961287581644655022e-04
-2.356640381120632011e+00 3.423537350486747523e-04
-2.348387806131472022e+00 2.845725139434131896e-04
-2.340135231142312033e+00 3.235748381894647512e-04
-2.331882656153152045e+00 2.932396971092024376e-04
-2.323630081163992056e+00 3.149076550236755033e-04
-2.315377506174832511e+00 3.235748381894647512e-04
-2.307124931185672523e+00 3.741334066565686254e-04
-2.298872356196512534e+00 3.351310824105170638e-04
-2.290619781207352545e+00 3.437982655763063117e-04
-2.282367206218192557e+00 3.365756129381486232e-04
-2.274114631229032568e+00 3.423537350486747523e-04
-2.265862056239872580e+00 3.625771624355163128e-04
-2.257609481250712591e+00 3.524654487420955597e-04
-2.249356906261552602e+00 3.279084297723593752e-04
-2.241104331272392614e+00 3.972458950986732505e-04
-2.232851756283232625e+00 3.611326319078847534e-04
-2.224599181294072636e+00 3.770224677118316900e-04
-2.216346606304912648e+00 3.423537350486747523e-04
-2.208094031315753103e+00 3.784669982394632494e-04
-2.199841456326593114e+00 3.856896508776209379e-04
-2.191588881337433126e+00 3.885787119328840025e-04
-2.183336306348273137e+00 3.856896508776209379e-04
-2.175083731359113148e+00 4.059130782644624984e-04
-2.166831156369953160e+00 4.116912003749886276e-04
-2.158578581380793171e+00 4.420263414552509412e-04
-2.150326006391633182e+00 4.665833604249871257e-04
-2.142073431402473194e+00 4.261365056513040047e-04
-2.133820856413313205e+00 4.319146277618301881e-04
-2.125568281424153216e+00 4.766950741184078789e-04
-2.117315706434993228e+00 4.853622572841971268e-04
-2.109063131445833683e+00 4.391372803999878767e-04
-2.100810556456673694e+00 4.535825856763032538e-04
-2.092557981467513706e+00 4.940294404499863748e-04
-2.084305406478353717e+00 4.940294404499863748e-04
-2.076052831489193728e+00 5.171419288920909999e-04
-2.067800256500033740e+00 4.998075625605125040e-04
-2.059547681510873751e+00 4.506935246210401892e-04
-2.051295106521713763e+00 4.998075625605125040e-04
-2.043042531532553774e+00 5.185864594197225593e-04
-2.034789956543393785e+00 5.214755204749855697e-04
-2.026537381554233797e+00 5.402544173341956250e-04
-2.018284806565073808e+00 5.344762952236694958e-04
-2.010032231575913819e+00 5.489216004999848729e-04
-2.001779656586753831e+00 5.662559668315633689e-04
-1.993527081597594286e+00 5.445880089170901947e-04
-1.985274506608434297e+00 5.980356384394571335e-04
-1.977021931619274309e+00 5.662559668315633689e-04
-1.968769356630114320e+00 5.763676805249840678e-04
-1.960516781640954331e+00 6.067028216052463814e-04
-1.952264206651794343e+00 5.705895584144579386e-04
-1.944011631662634354e+00 7.078199585394541297e-04
-1.935759056673474365e+00 6.904855922078756338e-04
-1.927506481684314377e+00 6.789293479868233755e-04
-1.919253906695154388e+00 6.211481268815617586e-04
-1.911001331705994399e+00 7.338215080368218736e-04
-1.902748756716834411e+00 6.847074700973495047e-04
-1.894496181727674644e+00 6.948191837907703120e-04
-1.886243606738514877e+00 6.890410616802441829e-04
-1.877991031749354889e+00 7.511558743684003695e-04
-1.869738456760194900e+00 7.121535501223488079e-04
-1.861485881771034911e+00 7.554894659512949393e-04
-1.853233306781874923e+00 7.814910154486626832e-04
-1.844980731792714934e+00 8.392722365539241917e-04
-1.836728156803554945e+00 7.959363207249780603e-04
-1.828475581814394957e+00 8.219378702223456958e-04
-1.820223006825234968e+00 9.013870492420803784e-04
-1.811970431836074980e+00 8.580511334131342470e-04
-1.803717856846914991e+00 8.566066028855026876e-04
-1.795465281857755224e+00 8.898308050210281201e-04
-1.787212706868595458e+00 8.941643966039226898e-04
-1.778960131879435469e+00 8.580511334131342470e-04
-1.770707556890275480e+00 9.057206408249749482e-04
-1.762454981901115492e+00 9.476120261262896286e-04
-1.754202406911955503e+00 9.476120261262896286e-04
-1.745949831922795514e+00 1.022727613563129741e-03
-1.737697256933635526e+00 9.851698198447096308e-04
-1.729444681944475537e+00 9.866143503723411902e-04
-1.721192106955315548e+00 1.093509609417075068e-03
-1.712939531966155560e+00 1.050173693588128936e-03
-1.704686956976995571e+00 1.123844750497337381e-03
-1.696434381987835582e+00 1.071841651502601894e-03
-1.688181806998675594e+00 1.080508834668391250e-03
-1.679929232009515605e+00 1.122400219969705822e-03
-1.671676657020355616e+00 1.167180666326283513e-03
-1.663424082031195628e+00 1.201849398989440505e-03
-1.655171507042035639e+00 1.164291605271020394e-03
-1.646918932052875650e+00 1.246629845346018195e-03
-1.638666357063715662e+00 1.287076700119701208e-03
-1.630413782074556117e+00 1.333301677003910458e-03
-1.622161207085396573e+00 1.336190738059173577e-03
-1.613908632096236584e+00 1.409861794968382239e-03
-1.605656057107076595e+00 1.276964986426280509e-03
-1.597403482117916607e+00 1.409861794968382239e-03
-1.589150907128756618e+00 1.431529752882855196e-03
-1.580898332139596629e+00 1.445975058159170573e-03
-1.572645757150436641e+00 1.570204683535482947e-03
-1.564393182161276652e+00 1.483532851877590684e-03
-1.556140607172116663e+00 1.509534401374958319e-03
-1.547888032182956675e+00 1.571649214063114506e-03
-1.539635457193796686e+00 1.516757054013116116e-03
-1.531382882204636697e+00 1.646764801499954510e-03
-1.523130307215476709e+00 1.636653087806533811e-03
-1.514877732226316720e+00 1.675655412052585265e-03
-1.506625157237156731e+00 1.799885037428897638e-03
-1.498372582247996743e+00 1.762327243710477744e-03
-1.490120007258836754e+00 1.827331117453896833e-03
-1.481867432269676765e+00 1.925559193332841571e-03
-1.473614857280516777e+00 2.000674780769681575e-03
-1.465362282291356788e+00 2.051233349236785287e-03
-1.457109707302196799e+00 1.940004498609156948e-03
-1.448857132313036811e+00 2.005008372352576253e-03
-1.440604557323876822e+00 2.168240321974940297e-03
-1.432351982334716833e+00 2.185574688306518576e-03
-1.424099407345557289e+00 2.200019993582834170e-03
-1.415846832356397744e+00 2.218798890442044008e-03
-1.407594257367237756e+00 2.306915252627567831e-03
-1.399341682378077767e+00 2.376252717953881814e-03
-1.391089107388917778e+00 2.226021543080201805e-03
-1.382836532399757790e+00 2.461480019084142518e-03
-1.374583957410597801e+00 2.503371404385457306e-03
-1.366331382421437812e+00 2.530817484410456501e-03
-1.358078807432277824e+00 2.626156499234138120e-03
-1.349826232443117835e+00 2.787943918328870604e-03
-1.341573657453957846e+00 2.881838402624920231e-03
-1.333321082464797858e+00 2.839947017323605875e-03
-1.325068507475637869e+00 2.955509459534128892e-03
-1.316815932486477880e+00 3.069627371217020350e-03
-1.308563357497317892e+00 3.059515657523599868e-03
-1.300310782508157903e+00 3.114407817573598258e-03
-1.292058207518997914e+00 3.112963287045966698e-03
-1.283805632529837926e+00 3.247304626115699987e-03
-1.275553057540677937e+00 3.455317022094641505e-03
-1.267300482551517948e+00 3.497208407395956294e-03
-1.259047907562357960e+00 3.570879464305164522e-03
-1.250795332573197971e+00 3.703776272847266252e-03
-1.242542757584037982e+00 3.683552845460424420e-03
-1.234290182594877994e+00 3.823672306640683947e-03
-1.226037607605718005e+00 4.062019843699887778e-03
-1.217785032616558016e+00 4.092354984780150091e-03
-1.209532457627398472e+00 4.294589258648565805e-03
-1.201279882638238927e+00 4.225251793322251821e-03
-1.193027307649078939e+00 4.454932147215666730e-03
-1.184774732659918950e+00 4.453487616688034736e-03
-1.176522157670758961e+00 4.574828181009083991e-03
-1.168269582681598973e+00 4.814620248595919381e-03
-1.160017007692438984e+00 4.869512408645917771e-03
-1.151764432703278995e+00 5.178641941559067145e-03
-1.143511857714119007e+00 5.246534876357750003e-03
-1.135259282724959018e+00 5.357763726985378776e-03
-1.127006707735799029e+00 5.558553470326162496e-03
-1.118754132746639041e+00 5.798345537912997887e-03
-1.110501557757479052e+00 5.746342438918262616e-03
-1.102248982768319063e+00 5.876350186405101227e-03
-1.093996407779159075e+00 6.126253967685357099e-03
-1.085743832789999086e+00 6.345822607885351525e-03
-1.077491257800839097e+00 6.503276435397188464e-03
-1.069238682811679109e+00 6.568280309140608203e-03
-1.060986107822519120e+00 7.057976158007699466e-03
-1.052733532833359131e+00 7.224097168685326628e-03
-1.044480957844199143e+00 7.303546347705061961e-03
-1.036228382855039154e+00 7.465333766799794012e-03
-1.027975807865879165e+00 7.832244520818204894e-03
-1.019723232876719177e+00 8.109594382123460829e-03
-1.011470657887559188e+00 8.508284807749764284e-03
-1.003218082898399199e+00 8.762522180612915268e-03
-9.949655079092396548e-01 9.155434484128694220e-03
-9.867129329200801102e-01 9.257996151590534503e-03
-9.784603579309201216e-01 9.468897608624737838e-03
-9.702077829417601329e-01 9.830030240532623351e-03
-9.619552079526001442e-01 9.967260640657619325e-03
-9.537026329634401556e-01 1.040639792105760818e-02
-9.454500579742801669e-01 1.081231099932206986e-02
-9.371974829851201783e-01 1.139590133248521119e-02
-9.289449079959601896e-01 1.136845525246021199e-02
-9.206923330068002009e-01 1.222072826376282076e-02
-9.124397580176402123e-01 1.238829380496807991e-02
-9.041871830284802236e-01 1.258619448725360052e-02
-8.959346080393202350e-01 1.307877939717595403e-02
-8.876820330501602463e-01 1.362336740609304542e-02
-8.794294580610002576e-01 1.395849848850356199e-02
-8.711768830718402690e-01 1.477610276714301334e-02
-8.629243080826802803e-01 1.514590258221668734e-02
-8.546717330935202916e-01 1.560237422894825317e-02
-8.464191581043603030e-01 1.638242071386928483e-02
-8.381665831152003143e-01 1.667710494150611775e-02
-8.299140081260403257e-01 1.769405443295872168e-02
-8.216614331368803370e-01 1.833975957881002136e-02
-8.134088581477203483e-01 1.895079599199816014e-02
-8.051562831585603597e-01 1.958205583257314336e-02
-7.969037081694003710e-01 2.038377027540864625e-02
-7.886511331802408264e-01 2.101791917703889345e-02
-7.803985581910812819e-01 2.163184465128229622e-02
-7.721459832019212932e-01 2.284958388607568475e-02
-7.638934082127613046e-01 2.387375603016644518e-02
-7.556408332236013159e-01 2.475925324360457938e-02
-7.473882582344413272e-01 2.591198860465454903e-02
-7.391356832452813386e-01 2.638146102613479760e-02
-7.308831082561213499e-01 2.787221653065054608e-02
-7.226305332669613612e-01 2.907406592963998615e-02
-7.143779582778013726e-01 2.981655462084259814e-02
-7.061253832886413839e-01 3.137086946857413350e-02
-6.978728082994813953e-01 3.268683677924646286e-02
-6.896202333103214066e-01 3.380490340763327856e-02
-6.813676583211614179e-01 3.511798165725034393e-02
-6.731150833320014293e-01 3.685864094304635435e-02
-6.648625083428414406e-01 3.837539799705946830e-02
-6.566099333536814520e-01 4.029517906828178342e-02
-6.483573583645214633e-01 4.279277235055671536e-02
-6.401047833753614746e-01 4.410007247806325970e-02
-6.318522083862014860e-01 4.604152150720004777e-02
-6.235996333970414973e-01 4.815053607754209153e-02
-6.153470584078815087e-01 5.058745907765650057e-02
-6.070944834187215200e-01 5.273980956382749025e-02
-5.988419084295615313e-01 5.548441756632741667e-02
-5.905893334404015427e-01 5.766421413252340727e-02
-5.823367584512415540e-01 6.020080973904438915e-02
-5.740841834620820094e-01 6.339177767458245571e-02
-5.658316084729224649e-01 6.622305750874027397e-02
-5.575790334837624762e-01 6.960759253498097210e-02
-5.493264584946024875e-01 7.314813685820586997e-02
-5.410738835054424989e-01 7.664390073507419687e-02
-5.328213085162825102e-01 8.027400595101226444e-02
-5.245687335271225216e-01 8.423346412725030152e-02
-5.163161585379625329e-01 8.918531477597121948e-02
-5.080635835488025442e-01 9.383670307494478002e-02
-4.998110085596425556e-01 9.879866543735911499e-02
-4.915584335704825669e-01 1.036985129870852951e-01
-4.833058585813225783e-01 1.088410416654535806e-01
-4.750532835921625896e-01 1.147433934013560447e-01
-4.668007086030026009e-01 1.210458800934124529e-01
-4.585481336138426123e-01 1.274234823729056831e-01
-4.502955586246826236e-01 1.342084422611910244e-01
-4.420429836355226350e-01 1.408763951767382228e-01
-4.337904086463626463e-01 1.496201384604919360e-01
-4.255378336572026576e-01 1.581327568598245858e-01
-4.172852586680426690e-01 1.662322395282546106e-01
-4.090326836788826803e-01 1.750669882352491047e-01
-4.007801086897226917e-01 1.841646414982725521e-01
-3.925275337005627030e-01 1.958364481615353925e-01
-3.842749587114027143e-01 2.063020718342258863e-01
-3.760223837222427257e-01 2.193736285787636908e-01
-3.677698087330831811e-01 2.317994801774501679e-01
-3.595172337439236365e-01 2.460555519546458458e-01
-3.512646587547636479e-01 2.600313848094809588e-01
-3.430120837656036592e-01 2.747323719891871519e-01
-3.347595087764436705e-01 2.920797390955143236e-01
-3.265069337872836819e-01 3.088825181929243935e-01
-3.182543587981236932e-01 3.263122235393265402e-01
-3.100017838089637046e-01 3.463767525681286097e-01
-3.017492088198037159e-01 3.687944218264424534e-01
-2.934966338306437272e-01 3.900622447847615915e-01
-2.852440588414837386e-01 4.129696098919425351e-01
-2.769914838523237499e-01 4.391878389684549799e-01
-2.687389088631637613e-01 4.665559143449621304e-01
-2.604863338740037726e-01 4.934371829336574033e-01
-2.522337588848437839e-01 5.250203983897934190e-01
-2.439811838956837953e-01 5.591055407197872418e-01
-2.357286089065238066e-01 5.925290880681257644e-01
-2.274760339173638179e-01 6.296910804219747471e-01
-2.192234589282038293e-01 6.686847374848604586e-01
-2.109708839390438406e-01 7.115020668543868831e-01
-2.027183089498838520e-01 7.558592657663686376e-01
-1.944657339607238633e-01 8.024728213625107465e-01
-1.862131589715638746e-01 8.548240522144053832e-01
-1.779605839824038860e-01 9.052916152582684006e-01
-1.697080089932438973e-01 9.623419039165483913e-01
-1.614554340040839087e-01 1.019311298865281046e+00
-1.532028590149243641e-01 1.082561512548155580e+00
-1.449502840257648195e-01 1.146642331284418281e+00
-1.366977090366048309e-01 1.217720455896528220e+00
-1.284451340474448422e-01 1.287078144650228850e+00
-1.201925590582848535e-01 1.368257871242066104e+00
-1.119399840691248649e-01 1.442261170172630003e+00
-1.036874090799648762e-01 1.523332556974894780e+00
-9.543483409080488755e-02 1.608000824790962291e+00
-8.718225910164489889e-02 1.696887121747713723e+00
-7.892968411248491023e-02 1.787761092710486110e+00
-7.067710912332492157e-02 1.877515552514344321e+00
-6.242453413416493291e-02 1.975025696721055990e+00
-5.417195914500494425e-02 2.069005408318236316e+00
-4.591938415584495559e-02 2.167480498917405907e+00
-3.766680916668496693e-02 2.264275600512940301e+00
-2.941423417752497826e-02 2.361059145864253139e+00
-2.116165918836498960e-02 2.461807927513914862e+00
-1.290908419920500094e-02 2.550431319914637562e+00
-4.656509210045012281e-03 2.639347952012469189e+00
3.596065779114976380e-03 2.725274405918103771e+00
1.184864076827496504e-02 2.806483023120493581e+00
2.010121575743495370e-02 2.880263864349802194e+00
2.835379074659494236e-02 2.943961882496242577e+00
3.660636573575493102e-02 2.998261785029912030e+00
4.485894072491491968e-02 3.045170024853690816e+00
5.311151571407446426e-02 3.074589333579434758e+00
6.136409070323400883e-02 3.094272506548942037e+00
6.961666569239399749e-02 3.102650783609205210e+00
7.786924068155398615e-02 3.079689970872501625e+00
8.612181567071397481e-02 3.049581621085077465e+00
9.437439065987396347e-02 3.000116562227390649e+00
1.026269656490339521e-01 2.935592272619145238e+00
1.108795406381939408e-01 2.851717052062747726e+00
1.191321156273539295e-01 2.747394501887725493e+00
1.273846906165139181e-01 2.625408232420824994e+00
1.356372656056739068e-01 2.489459130873837633e+00
1.438898405948338954e-01 2.338205228386594836e+00
1.521424155839938841e-01 2.178042906135447598e+00
1.603949905731538728e-01 2.006754809760482594e+00
1.686475655623138614e-01 1.831437917743953481e+00
1.769001405514738501e-01 1.650559583196042679e+00
1.851527155406338387e-01 1.471905825660684286e+00
1.934052905297938274e-01 1.295186294501824875e+00
2.016578655189538161e-01 1.127447409633250519e+00
2.099104405081138047e-01 9.637127633872707433e-01
2.181630154972737934e-01 8.110576662882249543e-01
2.264155904864337820e-01 6.702867218400038185e-01
2.346681654755937707e-01 5.464673431335388409e-01
2.429207404647537594e-01 4.358553070412090058e-01
2.511733154539137480e-01 3.423378452128708060e-01
2.594258904430737367e-01 2.630518981427585334e-01
2.676784654322332813e-01 1.986012795914221529e-01
2.759310404213928258e-01 1.443432684430539237e-01
2.841836154105528145e-01 1.026512283545524262e-01
2.924361903997128032e-01 7.091633719301514149e-02
3.006887653888727918e-01 4.856656086949997370e-02
3.089413403780327805e-01 3.211335815977674202e-02
3.171939153671927691e-01 2.081857396422574086e-02
3.254464903563527578e-01 1.333157223951147476e-02
3.336990653455127465e-01 8.142818584258986261e-03
3.419516403346727351e-01 4.892624897088022722e-03
3.502042153238327238e-01 2.811056406770975121e-03
3.584567903129927124e-01 1.583205458284166764e-03
3.667093653021527011e-01 8.320495839157665031e-04
3.749619402913126898e-01 4.044685477368309390e-04
3.832145152804726784e-01 2.094569265065731581e-04
3.914670902696326671e-01 7.944917901973465551e-05
3.997196652587926557e-01 4.766950741184078924e-05
4.079722402479526444e-01 1.155624422105231254e-05
4.162248152371126331e-01 1.011171369342077348e-05
4.244773902262726217e-01 0.000000000000000000e+00
4.327299652154326104e-01 0.000000000000000000e+00
4.409825402045925991e-01 1.444530527631539068e-06
4.492351151937525877e-01 0.000000000000000000e+00
4.574876901829125764e-01 0.000000000000000000e+00
4.657402651720725650e-01 0.000000000000000000e+00
4.739928401612325537e-01 0.000000000000000000e+00
4.822454151503920983e-01 0.000000000000000000e+00
4.904979901395516428e-01 2.889061055263078136e-06
4.987505651287116315e-01 0.000000000000000000e+00
5.070031401178716202e-01 0.000000000000000000e+00
5.152557151070316088e-01 0.000000000000000000e+00
5.235082900961915975e-01 0.000000000000000000e+00
5.317608650853515861e-01 1.444530527631539068e-06
5.400134400745115748e-01 0.000000000000000000e+00
5.482660150636715635e-01 1.444530527631539068e-06
5.565185900528315521e-01 0.000000000000000000e+00
5.647711650419915408e-01 0.000000000000000000e+00
5.730237400311515295e-01 1.444530527631539068e-06
5.812763150203115181e-01 0.000000000000000000e+00
5.895288900094715068e-01 1.444530527631539068e-06
5.977814649986314954e-01 0.000000000000000000e+00
6.060340399877914841e-01 0.000000000000000000e+00
6.142866149769514728e-01 0.000000000000000000e+00
6.225391899661114614e-01 0.000000000000000000e+00
6.307917649552714501e-01 0.000000000000000000e+00
6.390443399444314387e-01 1.444530527631539068e-06
6.472969149335914274e-01 0.000000000000000000e+00
6.555494899227514161e-01 1.444530527631539068e-06
6.638020649119114047e-01 0.000000000000000000e+00
6.720546399010713934e-01 0.000000000000000000e+00
6.803072148902313820e-01 0.000000000000000000e+00
6.885597898793909266e-01 0.000000000000000000e+00
6.968123648685504712e-01 1.444530527631539068e-06
7.050649398577104598e-01 0.000000000000000000e+00
7.133175148468704485e-01 0.000000000000000000e+00
7.215700898360304372e-01 0.000000000000000000e+00
7.298226648251904258e-01 0.000000000000000000e+00
7.380752398143504145e-01 1.444530527631539068e-06
7.463278148035104032e-01 0.000000000000000000e+00
7.545803897926703918e-01 0.000000000000000000e+00
7.628329647818303805e-01 1.444530527631539068e-06
7.710855397709903691e-01 0.000000000000000000e+00
7.793381147601503578e-01 0.000000000000000000e+00
7.875906897493103465e-01 1.444530527631539068e-06
7.958432647384703351e-01 0.000000000000000000e+00
8.040958397276303238e-01 0.000000000000000000e+00
8.123484147167903124e-01 0.000000000000000000e+00
8.206009897059503011e-01 0.000000000000000000e+00
8.288535646951102898e-01 0.000000000000000000e+00
8.371061396842702784e-01 0.000000000000000000e+00
8.453587146734302671e-01 1.444530527631539068e-06
8.536112896625902557e-01 0.000000000000000000e+00
8.618638646517502444e-01 0.000000000000000000e+00
8.701164396409102331e-01 0.000000000000000000e+00
8.783690146300702217e-01 0.000000000000000000e+00
8.866215896192302104e-01 0.000000000000000000e+00
8.948741646083901990e-01 0.000000000000000000e+00
9.031267395975497436e-01 0.000000000000000000e+00
9.113793145867092882e-01 2.889061055263078136e-06
9.196318895758692769e-01 0.000000000000000000e+00
9.278844645650292655e-01 0.000000000000000000e+00
9.361370395541892542e-01 0.000000000000000000e+00
9.443896145433492428e-01 0.000000000000000000e+00
9.526421895325092315e-01 0.000000000000000000e+00
9.608947645216692202e-01 0.000000000000000000e+00
9.691473395108292088e-01 0.000000000000000000e+00
9.773999144999891975e-01 0.000000000000000000e+00
9.856524894891491861e-01 0.000000000000000000e+00
9.939050644783091748e-01 0.000000000000000000e+00
1.002157639467469163e+00 0.000000000000000000e+00
1.010410214456629152e+00 0.000000000000000000e+00
1.018662789445789141e+00 0.000000000000000000e+00
1.026915364434949129e+00 1.444530527631539068e-06
1.035167939424109118e+00 0.000000000000000000e+00
1.043420514413269107e+00 0.000000000000000000e+00
1.051673089402429095e+00 0.000000000000000000e+00
1.059925664391589084e+00 0.000000000000000000e+00
1.068178239380749073e+00 0.000000000000000000e+00
1.076430814369909061e+00 0.000000000000000000e+00
1.084683389359069050e+00 0.000000000000000000e+00
1.092935964348229039e+00 0.000000000000000000e+00
1.101188539337389027e+00 0.000000000000000000e+00
1.109441114326549016e+00 0.000000000000000000e+00
1.117693689315708561e+00 0.000000000000000000e+00
1.125946264304868105e+00 0.000000000000000000e+00
1.134198839294028094e+00 0.000000000000000000e+00
1.142451414283188083e+00 0.000000000000000000e+00
1.150703989272348071e+00 0.000000000000000000e+00
1.158956564261508060e+00 0.000000000000000000e+00
1.167209139250668049e+00 0.000000000000000000e+00
1.175461714239828037e+00 0.000000000000000000e+00
1.183714289228988026e+00 0.000000000000000000e+00
1.191966864218148014e+00 0.000000000000000000e+00
1.200219439207308003e+00 0.000000000000000000e+00
1.208472014196467992e+00 0.000000000000000000e+00
1.216724589185627980e+00 0.000000000000000000e+00
1.224977164174787969e+00 0.000000000000000000e+00
1.233229739163947958e+00 0.000000000000000000e+00
1.241482314153107946e+00 0.000000000000000000e+00
1.249734889142267935e+00 0.000000000000000000e+00
1.257987464131427924e+00 0.000000000000000000e+00
1.266240039120587912e+00 0.000000000000000000e+00
1.274492614109747901e+00 0.000000000000000000e+00
1.282745189098907890e+00 0.000000000000000000e+00
1.290997764088067878e+00 0.000000000000000000e+00
1.299250339077227867e+00 0.000000000000000000e+00
1.307502914066387856e+00 0.000000000000000000e+00
1.315755489055547844e+00 0.000000000000000000e+00
1.324008064044707389e+00 0.000000000000000000e+00
1.332260639033866934e+00 0.000000000000000000e+00
1.340513214023026922e+00 0.000000000000000000e+00
1.348765789012186911e+00 0.000000000000000000e+00
1.357018364001346900e+00 0.000000000000000000e+00
1.365270938990506888e+00 0.000000000000000000e+00
1.373523513979666877e+00 0.000000000000000000e+00
1.381776088968826866e+00 0.000000000000000000e+00
1.390028663957986854e+00 0.000000000000000000e+00
1.398281238947146843e+00 0.000000000000000000e+00
1.406533813936306831e+00 0.000000000000000000e+00
1.414786388925466820e+00 0.000000000000000000e+00
1.423038963914626809e+00 0.000000000000000000e+00
1.431291538903786797e+00 0.000000000000000000e+00
1.439544113892946786e+00 0.000000000000000000e+00
1.447796688882106775e+00 0.000000000000000000e+00
1.456049263871266763e+00 0.000000000000000000e+00
1.464301838860426752e+00 0.000000000000000000e+00
1.472554413849586741e+00 0.000000000000000000e+00
1.480806988838746729e+00 0.000000000000000000e+00
1.489059563827906718e+00 0.000000000000000000e+00
1.497312138817066707e+00 0.000000000000000000e+00
1.505564713806226695e+00 0.000000000000000000e+00
1.513817288795386684e+00 0.000000000000000000e+00
1.522069863784546673e+00 0.000000000000000000e+00
1.530322438773706661e+00 0.000000000000000000e+00
1.538575013762866206e+00 0.000000000000000000e+00
1.546827588752025751e+00 0.000000000000000000e+00
1.555080163741185739e+00 0.000000000000000000e+00
1.563332738730345728e+00 0.000000000000000000e+00
1.571585313719505717e+00 0.000000000000000000e+00
1.579837888708665705e+00 0.000000000000000000e+00
1.588090463697825694e+00 0.000000000000000000e+00
1.596343038686985683e+00 0.000000000000000000e+00
1.604595613676145671e+00 0.000000000000000000e+00
1.612848188665305660e+00 0.000000000000000000e+00
1.621100763654465649e+00 0.000000000000000000e+00
1.629353338643625637e+00 0.000000000000000000e+00
1.637605913632785626e+00 0.000000000000000000e+00
1.645858488621945614e+00 0.000000000000000000e+00
1.654111063611105603e+00 0.000000000000000000e+00
1.662363638600265592e+00 0.000000000000000000e+00
1.670616213589425580e+00 0.000000000000000000e+00
1.678868788578585569e+00 0.000000000000000000e+00
1.687121363567745558e+00 0.000000000000000000e+00
1.695373938556905546e+00 0.000000000000000000e+00
1.703626513546065535e+00 0.000000000000000000e+00
1.711879088535225524e+00 0.000000000000000000e+00
1.720131663524385512e+00 0.000000000000000000e+00
1.728384238513545501e+00 0.000000000000000000e+00
1.736636813502705490e+00 0.000000000000000000e+00
1.744889388491865034e+00 0.000000000000000000e+00
1.753141963481024579e+00 0.000000000000000000e+00
1.761394538470184568e+00 0.000000000000000000e+00
1.769647113459344556e+00 0.000000000000000000e+00
1.777899688448504545e+00 0.000000000000000000e+00
1.786152263437664534e+00 0.000000000000000000e+00
1.794404838426824522e+00 0.000000000000000000e+00
1.802657413415984511e+00 0.000000000000000000e+00
1.810909988405144500e+00 0.000000000000000000e+00
1.819162563394304488e+00 0.000000000000000000e+00
1.827415138383464477e+00 0.000000000000000000e+00
1.835667713372624466e+00 0.000000000000000000e+00
1.843920288361784454e+00 0.000000000000000000e+00
1.852172863350944443e+00 0.000000000000000000e+00
1.860425438340104431e+00 0.000000000000000000e+00
1.868678013329264420e+00 0.000000000000000000e+00
1.876930588318424409e+00 0.000000000000000000e+00
1.885183163307584397e+00 0.000000000000000000e+00
1.893435738296744386e+00 0.000000000000000000e+00
1.901688313285904375e+00 0.000000000000000000e+00
1.909940888275064363e+00 0.000000000000000000e+00
1.918193463264224352e+00 0.000000000000000000e+00
1.926446038253384341e+00 0.000000000000000000e+00
1.934698613242544329e+00 0.000000000000000000e+00
1.942951188231704318e+00 0.000000000000000000e+00
1.951203763220864307e+00 0.000000000000000000e+00
1.959456338210023851e+00 0.000000000000000000e+00
1.967708913199183396e+00 0.000000000000000000e+00
1.975961488188343385e+00 0.000000000000000000e+00
1.984214063177503373e+00 0.000000000000000000e+00
1.992466638166663362e+00 0.000000000000000000e+00
2.000719213155823351e+00 0.000000000000000000e+00
2.008971788144983339e+00 0.000000000000000000e+00
2.017224363134143328e+00 0.000000000000000000e+00
2.025476938123303317e+00 0.000000000000000000e+00
2.033729513112463305e+00 0.000000000000000000e+00
2.041982088101623294e+00 0.000000000000000000e+00
2.050234663090783283e+00 0.000000000000000000e+00
2.058487238079943271e+00 0.000000000000000000e+00
2.066739813069103260e+00 0.000000000000000000e+00
2.074992388058263248e+00 0.000000000000000000e+00
2.083244963047423237e+00 0.000000000000000000e+00
2.091497538036583226e+00 0.000000000000000000e+00
2.099750113025743214e+00 0.000000000000000000e+00
2.108002688014903203e+00 0.000000000000000000e+00
2.116255263004063192e+00 0.000000000000000000e+00
2.124507837993223180e+00 0.000000000000000000e+00
2.132760412982383169e+00 0.000000000000000000e+00
2.141012987971543158e+00 0.000000000000000000e+00
2.149265562960703146e+00 0.000000000000000000e+00
2.157518137949863135e+00 0.000000000000000000e+00
2.165770712939022680e+00 0.000000000000000000e+00
2.174023287928182224e+00 0.000000000000000000e+00
2.182275862917342213e+00 0.000000000000000000e+00
2.190528437906502202e+00 0.000000000000000000e+00
2.198781012895662190e+00 0.000000000000000000e+00
2.207033587884822179e+00 0.000000000000000000e+00
2.215286162873982168e+00 0.000000000000000000e+00
2.223538737863142156e+00 0.000000000000000000e+00
2.231791312852302145e+00 0.000000000000000000e+00
2.240043887841462134e+00 0.000000000000000000e+00
2.248296462830622122e+00 0.000000000000000000e+00
2.256549037819782555e+00 0.000000000000000000e+00
2.264801612808942544e+00 0.000000000000000000e+00
2.273054187798101644e+00 0.000000000000000000e+00
2.281306762787261633e+00 0.000000000000000000e+00
2.289559337776421621e+00 0.000000000000000000e+00
2.297811912765581610e+00 0.000000000000000000e+00
2.306064487754741599e+00 0.000000000000000000e+00
2.314317062743901587e+00 0.000000000000000000e+00
2.322569637733061576e+00 0.000000000000000000e+00
2.330822212722221565e+00 0.000000000000000000e+00
2.339074787711381553e+00 0.000000000000000000e+00
2.347327362700541542e+00 0.000000000000000000e+00
2.355579937689701531e+00 0.000000000000000000e+00
2.363832512678861519e+00 0.000000000000000000e+00
2.372085087668021508e+00 0.000000000000000000e+00
2.380337662657181497e+00 0.000000000000000000e+00
2.388590237646341485e+00 0.000000000000000000e+00
2.396842812635501474e+00 0.000000000000000000e+00
2.405095387624661463e+00 0.000000000000000000e+00
2.413347962613821451e+00 0.000000000000000000e+00
2.421600537602981440e+00 0.000000000000000000e+00
2.429853112592141429e+00 0.000000000000000000e+00
2.438105687581301417e+00 0.000000000000000000e+00
2.446358262570461406e+00 0.000000000000000000e+00
2.454610837559621395e+00 0.000000000000000000e+00
2.462863412548781383e+00 0.000000000000000000e+00
2.471115987537941372e+00 0.000000000000000000e+00
2.479368562527101361e+00 0.000000000000000000e+00
2.487621137516261349e+00 0.000000000000000000e+00
2.495873712505420450e+00 0.000000000000000000e+00
