-5.748448701665372695e+00 0.000000000000000000e+00
-5.740196126676213595e+00 0.000000000000000000e+00
-5.731943551687052718e+00 0.000000000000000000e+00
-5.723690976697893618e+00 0.000000000000000000e+00
-5.715438401708732741e+00 0.000000000000000000e+00
-5.707185826719573640e+00 0.000000000000000000e+00
-5.698933251730412763e+00 0.000000000000000000e+00
-5.690680676741253663e+00 0.000000000000000000e+00
-5.682428101752092786e+00 7.704137420698217692e-09
-5.674175526762933686e+00 0.000000000000000000e+00
-5.665922951773772809e+00 0.000000000000000000e+00
-5.657670376784613708e+00 0.000000000000000000e+00
-5.649417801795453720e+00 0.000000000000000000e+00
-5.641165226806293731e+00 0.000000000000000000e+00
-5.632912651817134631e+00 0.000000000000000000e+00
-5.624660076827973754e+00 0.000000000000000000e+00
-5.616407501838814653e+00 0.000000000000000000e+00
-5.608154926849653776e+00 0.000000000000000000e+00
-5.599902351860494676e+00 0.000000000000000000e+00
-5.591649776871333799e+00 0.000000000000000000e+00
-5.583397201882174699e+00 8.453217193391155535e-09
-5.575144626893013822e+00 0.000000000000000000e+00
-5.566892051903854721e+00 0.000000000000000000e+00
-5.558639476914693844e+00 0.000000000000000000e+00
-5.550386901925534744e+00 0.000000000000000000e+00
-5.542134326936373867e+00 0.000000000000000000e+00
-5.533881751947214767e+00 0.000000000000000000e+00
-5.525629176958053890e+00 0.000000000000000000e+00
-5.517376601968894789e+00 0.000000000000000000e+00
-5.509124026979733912e+00 0.000000000000000000e+00
-5.500871451990574812e+00 0.000000000000000000e+00
-5.492618877001413935e+00 0.000000000000000000e+00
-5.484366302012254835e+00 0.000000000000000000e+00
-5.476113727023093958e+00 0.000000000000000000e+00
-5.467861152033934857e+00 9.408764350056349431e-09
-5.459608577044773980e+00 0.000000000000000000e+00
-5.451356002055614880e+00 0.000000000000000000e+00
-5.443103427066454891e+00 0.000000000000000000e+00
-5.434850852077294903e+00 0.000000000000000000e+00
-5.426598277088134914e+00 0.000000000000000000e+00
-5.418345702098974925e+00 0.000000000000000000e+00
-5.410093127109815825e+00 9.913565491052801664e-09
-5.401840552120654948e+00 0.000000000000000000e+00
-5.393587977131495848e+00 0.000000000000000000e+00
-5.385335402142334971e+00 2.031723102734461581e-08
-5.377082827153175870e+00 1.018492206053022494e-08
-5.368830252164014993e+00 1.025232246640459046e-08
-5.360577677174855893e+00 0.000000000000000000e+00
-5.352325102185695016e+00 0.000000000000000000e+00
-5.344072527196535916e+00 0.000000000000000000e+00
-5.335819952207375039e+00 0.000000000000000000e+00
-5.327567377218215938e+00 0.000000000000000000e+00
-5.319314802229055061e+00 0.000000000000000000e+00
-5.311062227239895961e+00 0.000000000000000000e+00
-5.302809652250735084e+00 0.000000000000000000e+00
-5.294557077261575984e+00 0.000000000000000000e+00
-5.286304502272415107e+00 0.000000000000000000e+00
-5.278051927283256006e+00 0.000000000000000000e+00
-5.269799352294095129e+00 3.380040887733808801e-08
-5.261546777304936029e+00 0.000000000000000000e+00
-5.253294202315775152e+00 1.142488752690758010e-08
-5.245041627326616052e+00 0.000000000000000000e+00
-5.236789052337456063e+00 1.158623760126759800e-08
-5.228536477348296074e+00 0.000000000000000000e+00
-5.220283902359136086e+00 0.000000000000000000e+00
-5.212031327369976097e+00 1.186272409373753451e-08
-5.203778752380816996e+00 0.000000000000000000e+00
-5.195526177391656120e+00 0.000000000000000000e+00
-5.187273602402497019e+00 1.215731532911573569e-08
-5.179021027413336142e+00 0.000000000000000000e+00
-5.170768452424177042e+00 0.000000000000000000e+00
-5.162515877435016165e+00 0.000000000000000000e+00
-5.154263302445857065e+00 0.000000000000000000e+00
-5.146010727456696188e+00 1.260837098500454919e-08
-5.137758152467537087e+00 0.000000000000000000e+00
-5.129505577478376210e+00 0.000000000000000000e+00
-5.121253002489217110e+00 0.000000000000000000e+00
-5.113000427500056233e+00 0.000000000000000000e+00
-5.104747852510897133e+00 0.000000000000000000e+00
-5.096495277521736256e+00 0.000000000000000000e+00
-5.088242702532577155e+00 0.000000000000000000e+00
-5.079990127543416278e+00 0.000000000000000000e+00
-5.071737552554257178e+00 0.000000000000000000e+00
-5.063484977565096301e+00 1.362399133945127484e-08
-5.055232402575937201e+00 0.000000000000000000e+00
-5.046979827586776324e+00 0.000000000000000000e+00
-5.038727252597617223e+00 0.000000000000000000e+00
-5.030474677608457235e+00 0.000000000000000000e+00
-5.022222102619297246e+00 0.000000000000000000e+00
-5.013969527630137257e+00 0.000000000000000000e+00
-5.005716952640977269e+00 1.436959687427641293e-08
-4.997464377651817280e+00 0.000000000000000000e+00
-4.989211802662657291e+00 0.000000000000000000e+00
-4.980959227673498191e+00 0.000000000000000000e+00
-4.972706652684337314e+00 0.000000000000000000e+00
-4.964454077695178214e+00 0.000000000000000000e+00
-4.956201502706017337e+00 0.000000000000000000e+00
-4.947948927716858236e+00 0.000000000000000000e+00
-4.939696352727697359e+00 0.000000000000000000e+00
-4.931443777738538259e+00 0.000000000000000000e+00
-4.923191202749377382e+00 0.000000000000000000e+00
-4.914938627760218282e+00 0.000000000000000000e+00
-4.906686052771057405e+00 0.000000000000000000e+00
-4.898433477781898304e+00 3.167888663321536692e-08
-4.890180902792737427e+00 1.593576399828892936e-08
-4.881928327803578327e+00 0.000000000000000000e+00
-4.873675752814417450e+00 0.000000000000000000e+00
-4.865423177825258350e+00 0.000000000000000000e+00
-4.857170602836097473e+00 0.000000000000000000e+00
-4.848918027846938372e+00 0.000000000000000000e+00
-4.840665452857777495e+00 3.349561873428878063e-08
-4.832412877868618395e+00 0.000000000000000000e+00
-4.824160302879457518e+00 0.000000000000000000e+00
-4.815907727890298418e+00 0.000000000000000000e+00
-4.807655152901138429e+00 0.000000000000000000e+00
-4.799402577911978440e+00 1.738984667946637087e-08
-4.791150002922818452e+00 0.000000000000000000e+00
-4.782897427933658463e+00 5.290870214388794030e-08
-4.774644852944499362e+00 0.000000000000000000e+00
-4.766392277955338486e+00 1.784559732571246147e-08
-4.758139702966179385e+00 3.609359448581390237e-08
-4.749887127977018508e+00 1.814997115303783102e-08
-4.741634552987859408e+00 0.000000000000000000e+00
-4.733381977998698531e+00 0.000000000000000000e+00
-4.725129403009539431e+00 0.000000000000000000e+00
-4.716876828020378554e+00 3.746772223032645546e-08
-4.708624253031219453e+00 1.890669006879607117e-08
-4.700371678042058576e+00 0.000000000000000000e+00
-4.692119103052899476e+00 1.918964919652791844e-08
-4.683866528063738599e+00 1.935732748679443811e-08
-4.675613953074579499e+00 0.000000000000000000e+00
-4.667361378085418622e+00 0.000000000000000000e+00
-4.659108803096259521e+00 0.000000000000000000e+00
-4.650856228107098644e+00 1.986124071627471297e-08
-4.642603653117939544e+00 2.010799834034884615e-08
-4.634351078128778667e+00 0.000000000000000000e+00
-4.626098503139619567e+00 0.000000000000000000e+00
-4.617845928150459578e+00 0.000000000000000000e+00
-4.609593353161299589e+00 0.000000000000000000e+00
-4.601340778172139601e+00 0.000000000000000000e+00
-4.593088203182979612e+00 2.108195638199547010e-08
-4.584835628193819623e+00 0.000000000000000000e+00
-4.576583053204659635e+00 2.137510218779193977e-08
-4.568330478215499646e+00 2.152655364595371926e-08
-4.560077903226339657e+00 0.000000000000000000e+00
-4.551825328237180557e+00 0.000000000000000000e+00
-4.543572753248019680e+00 0.000000000000000000e+00
-4.535320178258860579e+00 0.000000000000000000e+00
-4.527067603269699703e+00 0.000000000000000000e+00
-4.518815028280540602e+00 0.000000000000000000e+00
-4.510562453291379725e+00 0.000000000000000000e+00
-4.502309878302220625e+00 2.282504790177626577e-08
-4.494057303313059748e+00 0.000000000000000000e+00
-4.485804728323900648e+00 2.315821554200557370e-08
-4.477552153334739771e+00 2.341329798520880129e-08
-4.469299578345580670e+00 4.719996680456868575e-08
-4.461047003356419793e+00 2.376527028679537494e-08
-4.452794428367260693e+00 2.385042095047300123e-08
-4.444541853378099816e+00 2.406879272806775400e-08
-4.436289278388940716e+00 2.431435156719419040e-08
-4.428036703399779839e+00 0.000000000000000000e+00
-4.419784128410620738e+00 0.000000000000000000e+00
-4.411531553421459861e+00 2.478263077388475901e-08
-4.403278978432300761e+00 0.000000000000000000e+00
-4.395026403443140772e+00 0.000000000000000000e+00
-4.386773828453980784e+00 0.000000000000000000e+00
-4.378521253464820795e+00 7.666515773681881251e-08
-4.370268678475660806e+00 2.572071270832346710e-08
-4.362016103486500818e+00 0.000000000000000000e+00
-4.353763528497340829e+00 0.000000000000000000e+00
-4.345510953508181728e+00 0.000000000000000000e+00
-4.337258378519020852e+00 2.665707171683017385e-08
-4.329005803529861751e+00 2.684427230252709746e-08
-4.320753228540700874e+00 0.000000000000000000e+00
-4.312500653551541774e+00 2.722793823177931052e-08
-4.304248078562380897e+00 2.732436811373063923e-08
-4.295995503573221797e+00 0.000000000000000000e+00
-4.287742928584060920e+00 1.113625680779371928e-07
-4.279490353594901819e+00 0.000000000000000000e+00
-4.271237778605740942e+00 0.000000000000000000e+00
-4.262985203616581842e+00 2.850428446857553231e-08
-4.254732628627420965e+00 0.000000000000000000e+00
-4.246480053638261865e+00 0.000000000000000000e+00
-4.238227478649100988e+00 0.000000000000000000e+00
-4.229974903659941887e+00 0.000000000000000000e+00
-4.221722328670781010e+00 0.000000000000000000e+00
-4.213469753681621910e+00 2.989367716491412107e-08
-4.205217178692461033e+00 6.007275931518319365e-08
-4.196964603703301933e+00 0.000000000000000000e+00
-4.188712028714141944e+00 3.039875917198832507e-08
-4.180459453724981955e+00 3.081290270697278824e-08
-4.172206878735821967e+00 3.089671899835729383e-08
-4.163954303746661978e+00 3.119507886085898743e-08
-4.155701728757501989e+00 1.255969155305382054e-07
-4.147449153768342001e+00 3.161510816433834487e-08
-4.139196578779182012e+00 3.195784050082146758e-08
-4.130944003790022023e+00 3.206683650133601022e-08
-4.122691428800862923e+00 3.234100451338586813e-08
-4.114438853811702046e+00 0.000000000000000000e+00
-4.106186278822542945e+00 3.284575858225560034e-08
-4.097933703833382069e+00 3.313780099198233827e-08
-4.089681128844222968e+00 0.000000000000000000e+00
-4.081428553855062091e+00 0.000000000000000000e+00
-4.073175978865902991e+00 3.393656522152107740e-08
-4.064923403876742114e+00 6.825906951881226092e-08
-4.056670828887583014e+00 3.446710940071721720e-08
-4.048418253898422137e+00 1.041040049190248896e-07
-4.040165678909263036e+00 3.500680325974373569e-08
-4.031913103920102159e+00 0.000000000000000000e+00
-4.023660528930943059e+00 3.538022140753266162e-08
-4.015407953941782182e+00 3.576836314210527460e-08
-4.007155378952623082e+00 0.000000000000000000e+00
-3.998902803963462649e+00 0.000000000000000000e+00
-3.990650228974302660e+00 0.000000000000000000e+00
-3.982397653985143116e+00 0.000000000000000000e+00
-3.974145078995983127e+00 7.424791148989651237e-08
-3.965892504006823138e+00 0.000000000000000000e+00
-3.957639929017663150e+00 0.000000000000000000e+00
-3.949387354028503161e+00 0.000000000000000000e+00
-3.941134779039343172e+00 3.826940132970725927e-08
-3.932882204050183184e+00 7.726519613047816648e-08
-3.924629629061023639e+00 7.777828058885041613e-08
-3.916377054071863650e+00 0.000000000000000000e+00
-3.908124479082703662e+00 0.000000000000000000e+00
-3.899871904093543673e+00 7.935662605957895454e-08
-3.891619329104383684e+00 0.000000000000000000e+00
-3.883366754115223696e+00 1.615260465696067554e-07
-3.875114179126063707e+00 0.000000000000000000e+00
-3.866861604136903718e+00 4.087265282374788550e-08
-3.858609029147743730e+00 8.243988811370512685e-08
-3.850356454158583741e+00 4.159367322613597928e-08
-3.842103879169423752e+00 0.000000000000000000e+00
-3.833851304180263764e+00 8.454828185653965862e-08
-3.825598729191103775e+00 8.531611153284211625e-08
-3.817346154201943786e+00 1.285588297606500871e-07
-3.809093579212783798e+00 4.327270402854212318e-08
-3.800841004223623809e+00 1.307805829527192373e-07
-3.792588429234463820e+00 0.000000000000000000e+00
-3.784335854245303832e+00 0.000000000000000000e+00
-3.776083279256144287e+00 8.908836002488584686e-08
-3.767830704266984299e+00 8.978210396205703630e-08
-3.759578129277824310e+00 1.358038763405530803e-07
-3.751325554288664321e+00 0.000000000000000000e+00
-3.743072979299504333e+00 9.206374572175716924e-08
-3.734820404310344344e+00 9.268147391421460094e-08
-3.726567829321184355e+00 4.673464095304638555e-08
-3.718315254332024367e+00 4.716347852216157038e-08
-3.710062679342864378e+00 4.756570458055626509e-08
-3.701810104353704389e+00 9.546290009192521059e-08
-3.693557529364544401e+00 4.809470156840817813e-08
-3.685304954375384856e+00 0.000000000000000000e+00
-3.677052379386224867e+00 1.950173754962733106e-07
-3.668799804397064879e+00 0.000000000000000000e+00
-3.660547229407904890e+00 0.000000000000000000e+00
-3.652294654418744901e+00 0.000000000000000000e+00
-3.644042079429584913e+00 1.510867130002569416e-07
-3.635789504440424924e+00 5.074220445347954038e-08
-3.627536929451264935e+00 5.101733931789475897e-08
-3.619284354462104947e+00 2.575053155700065666e-07
-3.611031779472944958e+00 5.173676126604305828e-08
-3.602779204483784969e+00 1.047655894425339428e-07
-3.594526629494624981e+00 2.111146688823347475e-07
-3.586274054505465436e+00 0.000000000000000000e+00
-3.578021479516305448e+00 5.371561758911846542e-08
-3.569768904527145459e+00 1.075931037184931224e-07
-3.561516329537985470e+00 1.087784018611298868e-07
-3.553263754548825482e+00 2.190096390945432114e-07
-3.545011179559665493e+00 5.505492348261201444e-08
-3.536758604570505504e+00 1.110998492931576700e-07
-3.528506029581345516e+00 5.607864119729296231e-08
-3.520253454592185527e+00 5.661743536122279181e-08
-3.512000879603025538e+00 1.140291250288921201e-07
-3.503748304613865550e+00 1.719569284275369281e-07
-3.495495729624705561e+00 0.000000000000000000e+00
-3.487243154635545572e+00 5.817645325827487728e-08
-3.478990579646385584e+00 2.929549797084942981e-07
-3.470738004657226039e+00 1.180783283120947477e-07
-3.462485429668066050e+00 2.976401530541050595e-07
-3.454232854678906062e+00 0.000000000000000000e+00
-3.445980279689746073e+00 1.209957876876898523e-07
-3.437727704700586084e+00 0.000000000000000000e+00
-3.429475129711426096e+00 0.000000000000000000e+00
-3.421222554722266107e+00 0.000000000000000000e+00
-3.412969979733106118e+00 1.866495985534247964e-07
-3.404717404743946130e+00 0.000000000000000000e+00
-3.396464829754786141e+00 0.000000000000000000e+00
-3.388212254765626152e+00 1.274897783730795535e-07
-3.379959679776466164e+00 1.928956565765422715e-07
-3.371707104787306619e+00 1.296990948300007549e-07
-3.363454529798146631e+00 6.518789241586413292e-08
-3.355201954808986642e+00 0.000000000000000000e+00
-3.346949379819826653e+00 6.630633811989267649e-08
-3.338696804830666665e+00 6.646703263332995503e-08
-3.330444229841506676e+00 1.346378413544453274e-07
-3.322191654852346687e+00 6.768703675739119975e-08
-3.313939079863186699e+00 2.722600379917756902e-07
-3.305686504874026710e+00 1.378637282077283077e-07
-3.297433929884866721e+00 2.078737624241378610e-07
-3.289181354895706733e+00 2.793223691468686904e-07
-3.280928779906546744e+00 2.810617388051310297e-07
-3.272676204917386755e+00 7.063126151262571556e-08
-3.264423629928227211e+00 1.433318652811330039e-07
-3.256171054939067222e+00 1.438265301032539487e-07
-3.247918479949907233e+00 2.898482057101999809e-07
-3.239665904960747245e+00 7.290005488396270527e-08
-3.231413329971587256e+00 1.473033475621030219e-07
-3.223160754982427267e+00 3.708373277162172804e-07
-3.214908179993267279e+00 4.482456976446443922e-07
-3.206655605004107290e+00 1.512295406614510036e-07
-3.198403030014947301e+00 2.277386868870030534e-07
-3.190150455025787313e+00 2.287421151519547111e-07
-3.181897880036627324e+00 1.539689887509728233e-07
-3.173645305047467335e+00 7.777987477647129626e-08
-3.165392730058307791e+00 3.130762374650895950e-07
-3.157140155069147802e+00 7.891843030841463922e-08
-3.148887580079987814e+00 2.377740026414593508e-07
-3.140635005090827825e+00 2.398783818200372178e-07
-3.132382430101667836e+00 3.230088909780894074e-07
-3.124129855112507848e+00 1.629498013999632992e-07
-3.115877280123347859e+00 1.638315784451700623e-07
-3.107624705134187870e+00 1.654428497771164285e-07
-3.099372130145027882e+00 2.497443617537799687e-07
-3.091119555155867893e+00 2.516180299120259139e-07
-3.082866980166707904e+00 3.375160216965013088e-07
-3.074614405177547916e+00 8.534196770408255531e-08
-3.066361830188387927e+00 3.433623569483726527e-07
-3.058109255199227938e+00 1.728255820613620918e-07
-3.049856680210068394e+00 8.696157838418637732e-08
-3.041604105220908405e+00 1.753573328015220653e-07
-3.033351530231748416e+00 3.535533416491128290e-07
-3.025098955242588428e+00 4.457660403298633582e-07
-3.016846380253428439e+00 3.587774477536127743e-07
-3.008593805264268450e+00 4.522674789161260296e-07
-3.000341230275108462e+00 4.561545768012306940e-07
-2.992088655285948473e+00 6.420366119318769410e-07
-2.983836080296788484e+00 2.778705923474460488e-07
-2.975583505307628496e+00 1.863216960911616842e-07
-2.967330930318468507e+00 2.813924912077344502e-07
-2.959078355329308518e+00 1.895733826239760144e-07
-2.950825780340148974e+00 1.906673815104386787e-07
-2.942573205350988985e+00 4.805571134621538478e-07
-2.934320630361828997e+00 9.665770427053008370e-08
-2.926068055372669008e+00 3.900433495408980772e-07
-2.917815480383509019e+00 5.899235186786061971e-07
-2.909562905394349031e+00 4.944796775386867603e-07
-2.901310330405189042e+00 1.001411266794005249e-07
-2.893057755416029053e+00 2.017302976416474017e-07
-2.884805180426869065e+00 2.025851960129157769e-07
-2.876552605437709076e+00 5.103221028496405726e-07
-2.868300030448549087e+00 3.084487470354712982e-07
-2.860047455459389099e+00 4.148563104637818313e-07
-2.851794880470229110e+00 5.229110424562657682e-07
-2.843542305481069565e+00 1.051318993404291678e-07
-2.835289730491909577e+00 8.483991481757940449e-07
-2.827037155502749588e+00 2.138643541994007694e-07
-2.818784580513589599e+00 3.236616818531252161e-07
-2.810532005524429611e+00 9.767720069230967194e-07
-2.802279430535269622e+00 6.562220987511513285e-07
-2.794026855546109633e+00 3.303792203485022305e-07
-2.785774280556949645e+00 3.334773723264064640e-07
-2.777521705567789656e+00 6.711743455025355745e-07
-2.769269130578629667e+00 5.648631318891719554e-07
-2.761016555589469679e+00 2.273926911586667882e-07
-2.752763980600309690e+00 5.711181959923136678e-07
-2.744511405611150145e+00 5.767383396182156503e-07
-2.736258830621990157e+00 2.322557569052153231e-07
-2.728006255632830168e+00 4.687995313626655292e-07
-2.719753680643670180e+00 4.726705310550856533e-07
-2.711501105654510191e+00 4.763734892812794988e-07
-2.703248530665350202e+00 3.591363888222891017e-07
-2.694995955676190214e+00 4.829602044269077060e-07
-2.686743380687030225e+00 3.654489147725091999e-07
-2.678490805697870236e+00 8.572591274863715041e-07
-2.670238230708710248e+00 7.397545648697812105e-07
-2.661985655719550259e+00 4.970573878359950255e-07
-2.653733080730390270e+00 2.507498293775226975e-07
-2.645480505741230282e+00 1.011324751588263596e-06
-2.637227930752070293e+00 5.093464975513153653e-07
-2.628975355762910748e+00 3.850058454548791326e-07
-2.620722780773750760e+00 2.586326833999669183e-07
-2.612470205784590771e+00 9.118175689338327417e-07
-2.604217630795430782e+00 1.311305227302517239e-06
-2.595965055806270794e+00 6.605465872967291703e-07
-2.587712480817110805e+00 1.066146330393993328e-06
-2.579459905827950816e+00 5.372386566319933646e-07
-2.571207330838790828e+00 9.474082708366330328e-07
-2.562954755849630839e+00 1.225828131555263405e-06
-2.554702180860470850e+00 9.604304552849624117e-07
-2.546449605871310862e+00 9.682128365349725394e-07
-2.538197030882150873e+00 5.574966322340878461e-07
-2.529944455892991328e+00 7.034136776013449737e-07
-2.521691880903831340e+00 8.506703794751174875e-07
-2.513439305914671351e+00 1.140840800469784306e-06
-2.505186730925511362e+00 1.149935268242642990e-06
-2.496934155936351374e+00 5.797563910679579123e-07
-2.488681580947191385e+00 1.605357070807294432e-06
-2.480429005958031397e+00 1.472367113802737258e-06
-2.472176430968871408e+00 1.333583064442480911e-06
-2.463923855979711419e+00 8.953964087094487807e-07
-2.455671280990551431e+00 9.027707702678881627e-07
-2.447418706001391442e+00 1.818977505640719122e-06
-2.439166131012231453e+00 7.633504630599992098e-07
-2.430913556023071465e+00 1.693648348429330314e-06
-2.422660981033911476e+00 1.241590562264249044e-06
-2.414408406044751931e+00 1.408366372783494596e-06
-2.406155831055591943e+00 1.890175534343032145e-06
-2.397903256066431954e+00 1.587289845420045056e-06
-2.389650681077271965e+00 2.398689893315844692e-06
-2.381398106088111977e+00 1.611235859494058735e-06
-2.373145531098951988e+00 1.625006276930493017e-06
-2.364892956109791999e+00 9.813243285767146427e-07
-2.356640381120632011e+00 1.319481033647592841e-06
-2.348387806131472022e+00 2.160509515862615179e-06
-2.340135231142312033e+00 8.369047505906335944e-07
-2.331882656153152045e+00 1.179923217217947470e-06
-2.323630081163992056e+00 1.527783943589591149e-06
-2.315377506174832511e+00 2.052463802482597046e-06
-2.307124931185672523e+00 1.897638242553710380e-06
-2.298872356196512534e+00 1.914158652010319577e-06
-2.290619781207352545e+00 2.101837948973943841e-06
-2.282367206218192557e+00 2.118182600444172101e-06
-2.274114631229032568e+00 1.068418489468367774e-06
-2.265862056239872580e+00 2.149971283349650830e-06
-2.257609481250712591e+00 1.985308092824102913e-06
-2.249356906261552602e+00 1.639175025720706503e-06
-2.241104331272392614e+00 1.650714509769163449e-06
-2.232851756283232625e+00 2.214433261689771733e-06
-2.224599181294072636e+00 1.490833024956507218e-06
-2.216346606304912648e+00 1.875517230234360794e-06
-2.208094031315753103e+00 2.457063493638002764e-06
-2.199841456326593114e+00 2.667578136915170795e-06
-2.191588881337433126e+00 2.879478134971621549e-06
-2.183336306348273137e+00 2.320139690220098768e-06
-2.175083731359113148e+00 4.091017126937994080e-06
-2.166831156369953160e+00 3.137890810104530188e-06
-2.158578581380793171e+00 2.768033135099481937e-06
-2.150326006391633182e+00 2.389011955651748417e-06
-2.142073431402473194e+00 1.807408841960230259e-06
-2.133820856413313205e+00 2.832210665156915187e-06
-2.125568281424153216e+00 3.057519356293080035e-06
-2.117315706434993228e+00 2.670034588812981754e-06
-2.109063131445833683e+00 2.689684671904567910e-06
-2.100810556456673694e+00 3.962106085576995125e-06
-2.092557981467513706e+00 3.573628156362948575e-06
-2.084305406478353717e+00 3.601192196775894456e-06
-2.076052831489193728e+00 2.348092929802829357e-06
-2.067800256500033740e+00 3.871312451963351805e-06
-2.059547681510873751e+00 3.682272317465291018e-06
-2.051295106521713763e+00 5.460199596342128102e-06
-2.043042531532553774e+00 3.079844684326320316e-06
-2.034789956543393785e+00 3.545345591232143422e-06
-2.026537381554233797e+00 3.574800429696872882e-06
-2.018284806565073808e+00 4.725545701810139139e-06
-2.010032231575913819e+00 3.630628282708313846e-06
-2.001779656586753831e+00 4.573369201564664028e-06
-1.993527081597594286e+00 4.608140330873749586e-06
-1.985274506608434297e+00 3.248791329752654756e-06
-1.977021931619274309e+00 3.977570578469606541e-06
-1.968769356630114320e+00 5.182919135868869057e-06
-1.960516781640954331e+00 3.564901078746434919e-06
-1.952264206651794343e+00 4.547406031603473106e-06
-1.944011631662634354e+00 3.371736998912625489e-06
-1.935759056673474365e+00 7.041363418282240808e-06
-1.927506481684314377e+00 6.117221051522207545e-06
-1.919253906695154388e+00 5.916679064951376294e-06
-1.911001331705994399e+00 5.964077385975846982e-06
-1.902748756716834411e+00 4.510447696550645378e-06
-1.894496181727674644e+00 7.567442450737216183e-06
-1.886243606738514877e+00 5.083459341315454880e-06
-1.877991031749354889e+00 8.193570057182140786e-06
-1.869738456760194900e+00 4.644818797983029468e-06
-1.861485881771034911e+00 6.239273969218438404e-06
-1.853233306781874923e+00 7.071803935590019622e-06
-1.844980731792714934e+00 6.599900717234787440e-06
-1.836728156803554945e+00 5.853056806560580946e-06
-1.828475581814394957e+00 5.360285296538448019e-06
-1.820223006825234968e+00 9.184717147477933224e-06
-1.811970431836074980e+00 9.523026902676267393e-06
-1.803717856846914991e+00 4.663619923872444014e-06
-1.795465281857755224e+00 8.844454534840435632e-06
-1.787212706868595458e+00 8.911669008562561134e-06
-1.778960131879435469e+00 6.737693288845332204e-06
-1.770707556890275480e+00 1.017416251513313029e-05
-1.762454981901115492e+00 6.846184064347013718e-06
-1.754202406911955503e+00 8.034666156014466442e-06
-1.745949831922795514e+00 1.185961998641021573e-05
-1.737697256933635526e+00 1.136810495048557012e-05
-1.729444681944475537e+00 1.145458088670480331e-05
-1.721192106955315548e+00 1.006003336672143103e-05
-1.712939531966155560e+00 1.134391816396405464e-05
-1.704686956976995571e+00 1.322343070649299657e-05
-1.696434381987835582e+00 1.150620946422763806e-05
-1.688181806998675594e+00 1.403380475745549324e-05
-1.679929232009515605e+00 1.105926608812969509e-05
-1.671676657020355616e+00 1.115988383646890801e-05
-1.663424082031195628e+00 1.218026150162683750e-05
-1.655171507042035639e+00 1.446254836753342220e-05
-1.646918932052875650e+00 1.647856878428240960e-05
-1.638666357063715662e+00 1.725534450278066925e-05
-1.630413782074556117e+00 1.512722772527787707e-05
-1.622161207085396573e+00 1.944992769924274240e-05
-1.613908632096236584e+00 1.339231319953517977e-05
-1.605656057107076595e+00 1.612820537686219318e-05
-1.597403482117916607e+00 1.658519719139097063e-05
-1.589150907128756618e+00 1.470804547048615670e-05
-1.580898332139596629e+00 2.020189395627619729e-05
-1.572645757150436641e+00 2.206220109176640739e-05
-1.564393182161276652e+00 2.393481571874267298e-05
-1.556140607172116663e+00 2.170801681687071721e-05
-1.547888032182956675e+00 2.326853269283322512e-05
-1.539635457193796686e+00 1.713721206004972859e-05
-1.531382882204636697e+00 2.045059142852877318e-05
-1.523130307215476709e+00 2.308996361777993571e-05
-1.514877732226316720e+00 2.110298396456718943e-05
-1.506625157237156731e+00 2.379916164841519070e-05
-1.498372582247996743e+00 2.471243879939349482e-05
-1.490120007258836754e+00 2.268944966096403119e-05
-1.481867432269676765e+00 2.471820197426056819e-05
-1.473614857280516777e+00 2.342105687089964357e-05
-1.465362282291356788e+00 3.108120048436452518e-05
-1.457109707302196799e+00 1.961637036535321347e-05
-1.448857132313036811e+00 3.231600165035026687e-05
-1.440604557323876822e+00 3.296002267557984798e-05
-1.432351982334716833e+00 3.551964778146595619e-05
-1.424099407345557289e+00 2.723253822060561573e-05
-1.415846832356397744e+00 4.471074120171223380e-05
-1.407594257367237756e+00 3.712941559349911154e-05
-1.399341682378077767e+00 3.941331438896374578e-05
-1.391089107388917778e+00 3.329342133389330614e-05
-1.382836532399757790e+00 4.121780112544666340e-05
-1.374583957410597801e+00 3.909755978155238530e-05
-1.366331382421437812e+00 3.938577467673548289e-05
-1.358078807432277824e+00 3.969731219553453676e-05
-1.349826232443117835e+00 4.499609906353264639e-05
-1.341573657453957846e+00 4.868978767945340825e-05
-1.333321082464797858e+00 3.341442286780556628e-05
-1.325068507475637869e+00 4.603970966246542042e-05
-1.316815932486477880e+00 4.981104579563360335e-05
-1.308563357497317892e+00 6.534368374651086772e-05
-1.300310782508157903e+00 4.971197346815313861e-05
-1.292058207518997914e+00 5.580369959228883154e-05
-1.283805632529837926e+00 5.932721496167758449e-05
-1.275553057540677937e+00 5.663943478976683678e-05
-1.267300482551517948e+00 6.292063877165342451e-05
-1.259047907562357960e+00 7.067905703675683346e-05
-1.250795332573197971e+00 6.847962090162318610e-05
-1.242542757584037982e+00 6.806205221114572574e-05
-1.234290182594877994e+00 7.647875138599340497e-05
-1.226037607605718005e+00 6.583814080751152680e-05
-1.217785032616558016e+00 8.468857616573904716e-05
-1.209532457627398472e+00 8.298724388083425258e-05
-1.201279882638238927e+00 8.885434338567029444e-05
-1.193027307649078939e+00 8.376752407091903919e-05
-1.184774732659918950e+00 8.148006799301380626e-05
-1.176522157670758961e+00 9.138783838159807008e-05
-1.168269582681598973e+00 9.650206393905544453e-05
-1.160017007692438984e+00 9.526420957540917937e-05
-1.151764432703278995e+00 1.029900035837967673e-04
-1.143511857714119007e+00 1.073192543810108239e-04
-1.135259282724959018e+00 1.162301233913621271e-04
-1.127006707735799029e+00 1.038662368089710849e-04
-1.118754132746639041e+00 1.304287584823921335e-04
-1.110501557757479052e+00 1.252076905410759900e-04
-1.102248982768319063e+00 1.334834254022128277e-04
-1.093996407779159075e+00 1.239506785368561825e-04
-1.085743832789999086e+00 1.514531215846833358e-04
-1.077491257800839097e+00 1.525948134672663219e-04
-1.069238682811679109e+00 1.354306332624519670e-04
-1.060986107822519120e+00 1.527683339408471004e-04
-1.052733532833359131e+00 1.731141644742654616e-04
-1.044480957844199143e+00 1.843305144686652793e-04
-1.036228382855039154e+00 1.873981077437680874e-04
-1.027975807865879165e+00 1.731308737421650360e-04
-1.019723232876719177e+00 1.812781919493821920e-04
-1.011470657887559188e+00 1.854685929235122565e-04
-1.003218082898399199e+00 2.270490226771094858e-04
-9.949655079092396548e-01 2.258914004308268798e-04
-9.867129329200801102e-01 2.270364923483282984e-04
-9.784603579309201216e-01 2.445757190419819570e-04
-9.702077829417601329e-01 2.275480447318150917e-04
-9.619552079526001442e-01 2.572804867035636579e-04
-9.537026329634401556e-01 2.754164680306079292e-04
-9.454500579742801669e-01 2.775397645912947237e-04
-9.371974829851201783e-01 2.888378078407179443e-04
-9.289449079959601896e-01 2.989542542485119849e-04
-9.206923330068002009e-01 3.148550911159186906e-04
-9.124397580176402123e-01 3.372145593598068055e-04
-9.041871830284802236e-01 3.541956753163226306e-04
-8.959346080393202350e-01 3.493939792360216227e-04
-8.876820330501602463e-01 3.838836830126021076e-04
-8.794294580610002576e-01 3.990366707219427950e-04
-8.711768830718402690e-01 4.299441347468227785e-04
-8.629243080826802803e-01 4.508707447422798608e-04
-8.546717330935202916e-01 4.470662395897093242e-04
-8.464191581043603030e-01 4.994691411773228683e-04
-8.381665831152003143e-01 5.139220263118836514e-04
-8.299140081260403257e-01 5.515235308074894864e-04
-8.216614331368803370e-01 5.307056948528787082e-04
-8.134088581477203483e-01 5.996052153000991630e-04
-8.051562831585603597e-01 5.910612731499397714e-04
-7.969037081694003710e-01 5.948700002591860662e-04
-7.886511331802408264e-01 6.560362746412228821e-04
-7.803985581910812819e-01 6.568709783475776927e-04
-7.721459832019212932e-01 7.291869414558047480e-04
-7.638934082127613046e-01 7.469826806409866991e-04
-7.556408332236013159e-01 7.690957683471837504e-04
-7.473882582344413272e-01 8.685887547131698879e-04
-7.391356832452813386e-01 9.242517901443996278e-04
-7.308831082561213499e-01 9.143759103254782330e-04
-7.226305332669613612e-01 9.933038818766945673e-04
-7.143779582778013726e-01 1.052456726665563667e-03
-7.061253832886413839e-01 1.119205804559668740e-03
-6.978728082994813953e-01 1.186411171542047557e-03
-6.896202333103214066e-01 1.201557356134975258e-03
-6.813676583211614179e-01 1.266137366278026434e-03
-6.731150833320014293e-01 1.318660543623884551e-03
-6.648625083428414406e-01 1.464939676130195623e-03
-6.566099333536814520e-01 1.544801230498751322e-03
-6.483573583645214633e-01 1.593238320070845988e-03
-6.401047833753614746e-01 1.691005598739248267e-03
-6.318522083862014860e-01 1.795095907256697961e-03
-6.235996333970414973e-01 1.886988702516549524e-03
-6.153470584078815087e-01 2.037287119597374144e-03
-6.070944834187215200e-01 2.126375490275766392e-03
-5.988419084295615313e-01 2.300662010764618123e-03
-5.905893334404015427e-01 2.312467104695475287e-03
-5.823367584512415540e-01 2.542082009395341038e-03
-5.740841834620820094e-01 2.750464419345071028e-03
-5.658316084729224649e-01 2.858065732158001238e-03
-5.575790334837624762e-01 3.072669149619444533e-03
-5.493264584946024875e-01 3.218980459695577803e-03
-5.410738835054424989e-01 3.447073678152203814e-03
-5.328213085162825102e-01 3.679597020251338963e-03
-5.245687335271225216e-01 4.015747327299585938e-03
-5.163161585379625329e-01 4.225192701026083547e-03
-5.080635835488025442e-01 4.556903694542733391e-03
-4.998110085596425556e-01 4.961494578834700110e-03
-4.915584335704825669e-01 5.199632507503435148e-03
-4.833058585813225783e-01 5.558119503524368288e-03
-4.750532835921625896e-01 5.985016216217995018e-03
-4.668007086030026009e-01 6.410944592448329128e-03
-4.585481336138426123e-01 6.834207896301421233e-03
-4.502955586246826236e-01 7.234085543495554459e-03
-4.420429836355226350e-01 8.015260535904410871e-03
-4.337904086463626463e-01 8.629383577024899235e-03
-4.255378336572026576e-01 9.360934518880302882e-03
-4.172852586680426690e-01 1.007831405692205702e-02
-4.090326836788826803e-01 1.078751732994737492e-02
-4.007801086897226917e-01 1.166556980263681355e-02
-3.925275337005627030e-01 1.262209176244963316e-02
-3.842749587114027143e-01 1.386571379365022019e-02
-3.760223837222427257e-01 1.500784358451137668e-02
-3.677698087330831811e-01 1.612006711841247261e-02
-3.595172337439236365e-01 1.739325144453987212e-02
-3.512646587547636479e-01 1.919344932696872078e-02
-3.430120837656036592e-01 2.083516105241607977e-02
-3.347595087764436705e-01 2.267852998355818217e-02
-3.265069337872836819e-01 2.544359062503112612e-02
-3.182543587981236932e-01 2.751956011326974622e-02
-3.100017838089637046e-01 3.033059162454627977e-02
-3.017492088198037159e-01 3.320048989836884429e-02
-2.934966338306437272e-01 3.637978146854951161e-02
-2.852440588414837386e-01 3.987115957696073243e-02
-2.769914838523237499e-01 4.444472779570905752e-02
-2.687389088631637613e-01 4.937217164671369590e-02
-2.604863338740037726e-01 5.514708674511865916e-02
-2.522337588848437839e-01 6.143707508031080039e-02
-2.439811838956837953e-01 6.835665733593286608e-02
-2.357286089065238066e-01 7.597251760926318487e-02
-2.274760339173638179e-01 8.564331103009951984e-02
-2.192234589282038293e-01 9.626801510836946463e-02
-2.109708839390438406e-01 1.088831400149045947e-01
-2.027183089498838520e-01 1.230760017955423585e-01
-1.944657339607238633e-01 1.403007896355020767e-01
-1.862131589715638746e-01 1.595389494384057139e-01
-1.779605839824038860e-01 1.819581631946229627e-01
-1.697080089932438973e-01 2.103386639185836626e-01
-1.614554340040839087e-01 2.421364788421103420e-01
-1.532028590149243641e-01 2.805774236270752731e-01
-1.449502840257648195e-01 3.282066598349104303e-01
-1.366977090366048309e-01 3.806971747969670195e-01
-1.284451340474448422e-01 4.486555767200316458e-01
-1.201925590582848535e-01 5.270585317043203766e-01
-1.119399840691248649e-01 6.256845570866310657e-01
-1.036874090799648762e-01 7.460578347423146850e-01
-9.543483409080488755e-02 8.921203760199026833e-01
-8.718225910164489889e-02 1.072098966400656606e+00
-7.892968411248491023e-02 1.294319599828542611e+00
-7.067710912332492157e-02 1.571675164788103540e+00
-6.242453413416493291e-02 1.911567217250334627e+00
-5.417195914500494425e-02 2.336838954968488480e+00
-4.591938415584495559e-02 2.850054259298304693e+00
-3.766680916668496693e-02 3.489120894848745547e+00
-2.941423417752497826e-02 4.266710345228042378e+00
-2.116165918836498960e-02 5.195340556390013020e+00
-1.290908419920500094e-02 6.282296526148810401e+00
-4.656509210045012281e-03 7.502355848339175459e+00
3.596065779114976380e-03 8.802339703258846626e+00
1.184864076827496504e-02 1.005351749432059094e+01
2.010121575743495370e-02 1.105923623228337682e+01
2.835379074659494236e-02 1.153790962319789415e+01
3.660636573575493102e-02 1.114263061686292033e+01
4.485894072491491968e-02 9.687352552885840851e+00
5.311151571407446426e-02 7.288942411740078064e+00
6.136409070323400883e-02 4.475281995747320885e+00
6.961666569239399749e-02 2.101362116566173555e+00
7.786924068155398615e-02 6.703268759422470469e-01
8.612181567071397481e-02 1.257902370574332795e-01
9.437439065987396347e-02 1.066430642870363002e-02
1.026269656490339521e-01 3.104666344680288067e-04
1.108795406381939408e-01 3.194417055184125902e-06
1.191321156273539295e-01 0.000000000000000000e+00
1.273846906165139181e-01 0.000000000000000000e+00
1.356372656056739068e-01 0.000000000000000000e+00
1.438898405948338954e-01 0.000000000000000000e+00
1.521424155839938841e-01 0.000000000000000000e+00
1.603949905731538728e-01 0.000000000000000000e+00
1.686475655623138614e-01 0.000000000000000000e+00
1.769001405514738501e-01 0.000000000000000000e+00
1.851527155406338387e-01 0.000000000000000000e+00
1.934052905297938274e-01 0.000000000000000000e+00
2.016578655189538161e-01 0.000000000000000000e+00
2.099104405081138047e-01 0.000000000000000000e+00
2.181630154972737934e-01 0.000000000000000000e+00
2.264155904864337820e-01 0.000000000000000000e+00
2.346681654755937707e-01 0.000000000000000000e+00
2.429207404647537594e-01 0.000000000000000000e+00
2.511733154539137480e-01 0.000000000000000000e+00
2.594258904430737367e-01 0.000000000000000000e+00
2.676784654322332813e-01 0.000000000000000000e+00
2.759310404213928258e-01 0.000000000000000000e+00
2.841836154105528145e-01 0.000000000000000000e+00
2.924361903997128032e-01 0.000000000000000000e+00
3.006887653888727918e-01 0.000000000000000000e+00
3.089413403780327805e-01 0.000000000000000000e+00
3.171939153671927691e-01 0.000000000000000000e+00
3.254464903563527578e-01 0.000000000000000000e+00
3.336990653455127465e-01 0.000000000000000000e+00
3.419516403346727351e-01 0.000000000000000000e+00
3.502042153238327238e-01 0.000000000000000000e+00
3.584567903129927124e-01 0.000000000000000000e+00
3.667093653021527011e-01 0.000000000000000000e+00
3.749619402913126898e-01 0.000000000000000000e+00
3.832145152804726784e-01 0.000000000000000000e+00
3.914670902696326671e-01 0.000000000000000000e+00
3.997196652587926557e-01 0.000000000000000000e+00
4.079722402479526444e-01 0.000000000000000000e+00
4.162248152371126331e-01 0.000000000000000000e+00
4.244773902262726217e-01 0.000000000000000000e+00
4.327299652154326104e-01 0.000000000000000000e+00
4.409825402045925991e-01 0.000000000000000000e+00
4.492351151937525877e-01 0.000000000000000000e+00
4.574876901829125764e-01 0.000000000000000000e+00
4.657402651720725650e-01 0.000000000000000000e+00
4.739928401612325537e-01 0.000000000000000000e+00
4.822454151503920983e-01 0.000000000000000000e+00
4.904979901395516428e-01 0.000000000000000000e+00
4.987505651287116315e-01 0.000000000000000000e+00
5.070031401178716202e-01 0.000000000000000000e+00
5.152557151070316088e-01 0.000000000000000000e+00
5.235082900961915975e-01 0.000000000000000000e+00
5.317608650853515861e-01 0.000000000000000000e+00
5.400134400745115748e-01 0.000000000000000000e+00
5.482660150636715635e-01 0.000000000000000000e+00
5.565185900528315521e-01 0.000000000000000000e+00
5.647711650419915408e-01 0.000000000000000000e+00
5.730237400311515295e-01 0.000000000000000000e+00
5.812763150203115181e-01 0.000000000000000000e+00
5.895288900094715068e-01 0.000000000000000000e+00
5.977814649986314954e-01 0.000000000000000000e+00
6.060340399877914841e-01 0.000000000000000000e+00
6.142866149769514728e-01 0.000000000000000000e+00
6.225391899661114614e-01 0.000000000000000000e+00
6.307917649552714501e-01 0.000000000000000000e+00
6.390443399444314387e-01 0.000000000000000000e+00
6.472969149335914274e-01 0.000000000000000000e+00
6.555494899227514161e-01 0.000000000000000000e+00
6.638020649119114047e-01 0.000000000000000000e+00
6.720546399010713934e-01 0.000000000000000000e+00
6.803072148902313820e-01 0.000000000000000000e+00
6.885597898793909266e-01 0.000000000000000000e+00
6.968123648685504712e-01 0.000000000000000000e+00
7.050649398577104598e-01 0.000000000000000000e+00
7.133175148468704485e-01 0.000000000000000000e+00
7.215700898360304372e-01 0.000000000000000000e+00
7.298226648251904258e-01 0.000000000000000000e+00
7.380752398143504145e-01 0.000000000000000000e+00
7.463278148035104032e-01 0.000000000000000000e+00
7.545803897926703918e-01 0.000000000000000000e+00
7.628329647818303805e-01 0.000000000000000000e+00
7.710855397709903691e-01 0.000000000000000000e+00
7.793381147601503578e-01 0.000000000000000000e+00
7.875906897493103465e-01 0.000000000000000000e+00
7.958432647384703351e-01 0.000000000000000000e+00
8.040958397276303238e-01 0.000000000000000000e+00
8.123484147167903124e-01 0.000000000000000000e+00
8.206009897059503011e-01 0.000000000000000000e+00
8.288535646951102898e-01 0.000000000000000000e+00
8.371061396842702784e-01 0.000000000000000000e+00
8.453587146734302671e-01 0.000000000000000000e+00
8.536112896625902557e-01 0.000000000000000000e+00
8.618638646517502444e-01 0.000000000000000000e+00
8.701164396409102331e-01 0.000000000000000000e+00
8.783690146300702217e-01 0.000000000000000000e+00
8.866215896192302104e-01 0.000000000000000000e+00
8.948741646083901990e-01 0.000000000000000000e+00
9.031267395975497436e-01 0.000000000000000000e+00
9.113793145867092882e-01 0.000000000000000000e+00
9.196318895758692769e-01 0.000000000000000000e+00
9.278844645650292655e-01 0.000000000000000000e+00
9.361370395541892542e-01 0.000000000000000000e+00
9.443896145433492428e-01 0.000000000000000000e+00
9.526421895325092315e-01 0.000000000000000000e+00
9.608947645216692202e-01 0.000000000000000000e+00
9.691473395108292088e-01 0.000000000000000000e+00
9.773999144999891975e-01 0.000000000000000000e+00
9.856524894891491861e-01 0.000000000000000000e+00
9.939050644783091748e-01 0.000000000000000000e+00
1.002157639467469163e+00 0.000000000000000000e+00
1.010410214456629152e+00 0.000000000000000000e+00
1.018662789445789141e+00 0.000000000000000000e+00
1.026915364434949129e+00 0.000000000000000000e+00
1.035167939424109118e+00 0.000000000000000000e+00
1.043420514413269107e+00 0.000000000000000000e+00
1.051673089402429095e+00 0.000000000000000000e+00
1.059925664391589084e+00 0.000000000000000000e+00
1.068178239380749073e+00 0.000000000000000000e+00
1.076430814369909061e+00 0.000000000000000000e+00
1.084683389359069050e+00 0.000000000000000000e+00
1.092935964348229039e+00 0.000000000000000000e+00
1.101188539337389027e+00 0.000000000000000000e+00
1.109441114326549016e+00 0.000000000000000000e+00
1.117693689315708561e+00 0.000000000000000000e+00
1.125946264304868105e+00 0.000000000000000000e+00
1.134198839294028094e+00 0.000000000000000000e+00
1.142451414283188083e+00 0.000000000000000000e+00
1.150703989272348071e+00 0.000000000000000000e+00
1.158956564261508060e+00 0.000000000000000000e+00
1.167209139250668049e+00 0.000000000000000000e+00
1.175461714239828037e+00 0.000000000000000000e+00
1.183714289228988026e+00 0.000000000000000000e+00
1.191966864218148014e+00 0.000000000000000000e+00
1.200219439207308003e+00 0.000000000000000000e+00
1.208472014196467992e+00 0.000000000000000000e+00
1.216724589185627980e+00 0.000000000000000000e+00
1.224977164174787969e+00 0.000000000000000000e+00
1.233229739163947958e+00 0.000000000000000000e+00
1.241482314153107946e+00 0.000000000000000000e+00
1.249734889142267935e+00 0.000000000000000000e+00
1.257987464131427924e+00 0.000000000000000000e+00
1.266240039120587912e+00 0.000000000000000000e+00
1.274492614109747901e+00 0.000000000000000000e+00
1.282745189098907890e+00 0.000000000000000000e+00
1.290997764088067878e+00 0.000000000000000000e+00
1.299250339077227867e+00 0.000000000000000000e+00
1.307502914066387856e+00 0.000000000000000000e+00
1.315755489055547844e+00 0.000000000000000000e+00
1.324008064044707389e+00 0.000000000000000000e+00
1.332260639033866934e+00 0.000000000000000000e+00
1.340513214023026922e+00 0.000000000000000000e+00
1.348765789012186911e+00 0.000000000000000000e+00
1.357018364001346900e+00 0.000000000000000000e+00
1.365270938990506888e+00 0.000000000000000000e+00
1.373523513979666877e+00 0.000000000000000000e+00
1.381776088968826866e+00 0.000000000000000000e+00
1.390028663957986854e+00 0.000000000000000000e+00
1.398281238947146843e+00 0.000000000000000000e+00
1.406533813936306831e+00 0.000000000000000000e+00
1.414786388925466820e+00 0.000000000000000000e+00
1.423038963914626809e+00 0.000000000000000000e+00
1.431291538903786797e+00 0.000000000000000000e+00
1.439544113892946786e+00 0.000000000000000000e+00
1.447796688882106775e+00 0.000000000000000000e+00
1.456049263871266763e+00 0.000000000000000000e+00
1.464301838860426752e+00 0.000000000000000000e+00
1.472554413849586741e+00 0.000000000000000000e+00
1.480806988838746729e+00 0.000000000000000000e+00
1.489059563827906718e+00 0.000000000000000000e+00
1.497312138817066707e+00 0.000000000000000000e+00
1.505564713806226695e+00 0.000000000000000000e+00
1.513817288795386684e+00 0.000000000000000000e+00
1.522069863784546673e+00 0.000000000000000000e+00
1.530322438773706661e+00 0.000000000000000000e+00
1.538575013762866206e+00 0.000000000000000000e+00
1.546827588752025751e+00 0.000000000000000000e+00
1.555080163741185739e+00 0.000000000000000000e+00
1.563332738730345728e+00 0.000000000000000000e+00
1.571585313719505717e+00 0.000000000000000000e+00
1.579837888708665705e+00 0.000000000000000000e+00
1.588090463697825694e+00 0.000000000000000000e+00
1.596343038686985683e+00 0.000000000000000000e+00
1.604595613676145671e+00 0.000000000000000000e+00
1.612848188665305660e+00 0.000000000000000000e+00
1.621100763654465649e+00 0.000000000000000000e+00
1.629353338643625637e+00 0.000000000000000000e+00
1.637605913632785626e+00 0.000000000000000000e+00
1.645858488621945614e+00 0.000000000000000000e+00
1.654111063611105603e+00 0.000000000000000000e+00
1.662363638600265592e+00 0.000000000000000000e+00
1.670616213589425580e+00 0.000000000000000000e+00
1.678868788578585569e+00 0.000000000000000000e+00
1.687121363567745558e+00 0.000000000000000000e+00
1.695373938556905546e+00 0.000000000000000000e+00
1.703626513546065535e+00 0.000000000000000000e+00
1.711879088535225524e+00 0.000000000000000000e+00
1.720131663524385512e+00 0.000000000000000000e+00
1.728384238513545501e+00 0.000000000000000000e+00
1.736636813502705490e+00 0.000000000000000000e+00
1.744889388491865034e+00 0.000000000000000000e+00
1.753141963481024579e+00 0.000000000000000000e+00
1.761394538470184568e+00 0.000000000000000000e+00
1.769647113459344556e+00 0.000000000000000000e+00
1.777899688448504545e+00 0.000000000000000000e+00
1.786152263437664534e+00 0.000000000000000000e+00
1.794404838426824522e+00 0.000000000000000000e+00
1.802657413415984511e+00 0.000000000000000000e+00
1.810909988405144500e+00 0.000000000000000000e+00
1.819162563394304488e+00 0.000000000000000000e+00
1.827415138383464477e+00 0.000000000000000000e+00
1.835667713372624466e+00 0.000000000000000000e+00
1.843920288361784454e+00 0.000000000000000000e+00
1.852172863350944443e+00 0.000000000000000000e+00
1.860425438340104431e+00 0.000000000000000000e+00
1.868678013329264420e+00 0.000000000000000000e+00
1.876930588318424409e+00 0.000000000000000000e+00
1.885183163307584397e+00 0.000000000000000000e+00
1.893435738296744386e+00 0.000000000000000000e+00
1.901688313285904375e+00 0.000000000000000000e+00
1.909940888275064363e+00 0.000000000000000000e+00
1.918193463264224352e+00 0.000000000000000000e+00
1.926446038253384341e+00 0.000000000000000000e+00
1.934698613242544329e+00 0.000000000000000000e+00
1.942951188231704318e+00 0.000000000000000000e+00
1.951203763220864307e+00 0.000000000000000000e+00
1.959456338210023851e+00 0.000000000000000000e+00
1.967708913199183396e+00 0.000000000000000000e+00
1.975961488188343385e+00 0.000000000000000000e+00
1.984214063177503373e+00 0.000000000000000000e+00
1.992466638166663362e+00 0.000000000000000000e+00
2.000719213155823351e+00 0.000000000000000000e+00
2.008971788144983339e+00 0.000000000000000000e+00
2.017224363134143328e+00 0.000000000000000000e+00
2.025476938123303317e+00 0.000000000000000000e+00
2.033729513112463305e+00 0.000000000000000000e+00
2.041982088101623294e+00 0.000000000000000000e+00
2.050234663090783283e+00 0.000000000000000000e+00
2.058487238079943271e+00 0.000000000000000000e+00
2.066739813069103260e+00 0.000000000000000000e+00
2.074992388058263248e+00 0.000000000000000000e+00
2.083244963047423237e+00 0.000000000000000000e+00
2.091497538036583226e+00 0.000000000000000000e+00
2.099750113025743214e+00 0.000000000000000000e+00
2.108002688014903203e+00 0.000000000000000000e+00
2.116255263004063192e+00 0.000000000000000000e+00
2.124507837993223180e+00 0.000000000000000000e+00
2.132760412982383169e+00 0.000000000000000000e+00
2.141012987971543158e+00 0.000000000000000000e+00
2.149265562960703146e+00 0.000000000000000000e+00
2.157518137949863135e+00 0.000000000000000000e+00
2.165770712939022680e+00 0.000000000000000000e+00
2.174023287928182224e+00 0.000000000000000000e+00
2.182275862917342213e+00 0.000000000000000000e+00
2.190528437906502202e+00 0.000000000000000000e+00
2.198781012895662190e+00 0.000000000000000000e+00
2.207033587884822179e+00 0.000000000000000000e+00
2.215286162873982168e+00 0.000000000000000000e+00
2.223538737863142156e+00 0.000000000000000000e+00
2.231791312852302145e+00 0.000000000000000000e+00
2.240043887841462134e+00 0.000000000000000000e+00
2.248296462830622122e+00 0.000000000000000000e+00
2.256549037819782555e+00 0.000000000000000000e+00
2.264801612808942544e+00 0.000000000000000000e+00
2.273054187798101644e+00 0.000000000000000000e+00
2.281306762787261633e+00 0.000000000000000000e+00
2.289559337776421621e+00 0.000000000000000000e+00
2.297811912765581610e+00 0.000000000000000000e+00
2.306064487754741599e+00 0.000000000000000000e+00
2.314317062743901587e+00 0.000000000000000000e+00
2.322569637733061576e+00 0.000000000000000000e+00
2.330822212722221565e+00 0.000000000000000000e+00
2.339074787711381553e+00 0.000000000000000000e+00
2.347327362700541542e+00 0.000000000000000000e+00
2.355579937689701531e+00 0.000000000000000000e+00
2.363832512678861519e+00 0.000000000000000000e+00
2.372085087668021508e+00 0.000000000000000000e+00
2.380337662657181497e+00 0.000000000000000000e+00
2.388590237646341485e+00 0.000000000000000000e+00
2.396842812635501474e+00 0.000000000000000000e+00
2.405095387624661463e+00 0.000000000000000000e+00
2.413347962613821451e+00 0.000000000000000000e+00
2.421600537602981440e+00 0.000000000000000000e+00
2.429853112592141429e+00 0.000000000000000000e+00
2.438105687581301417e+00 0.000000000000000000e+00
2.446358262570461406e+00 0.000000000000000000e+00
2.454610837559621395e+00 0.000000000000000000e+00
2.462863412548781383e+00 0.000000000000000000e+00
2.471115987537941372e+00 0.000000000000000000e+00
2.479368562527101361e+00 0.000000000000000000e+00
2.487621137516261349e+00 0.000000000000000000e+00
2.495873712505420450e+00 0.000000000000000000e+00
