-5.748448701665372695e+00 2.898226174426700071e-08
-5.740196126676213595e+00 1.461580911990739715e-08
-5.731943551687052718e+00 7.365289800792318100e-09
-5.723690976697893618e+00 7.434711809759534316e-09
-5.715438401708732741e+00 7.479201035744887867e-09
-5.707185826719573640e+00 7.504975773908450982e-09
-5.698933251730412763e+00 7.567571085021766774e-09
-5.690680676741253663e+00 1.528543148998156342e-08
-5.682428101752092786e+00 1.535727485109524560e-08
-5.674175526762933686e+00 7.755383584008028360e-09
-5.665922951773772809e+00 0.000000000000000000e+00
-5.657670376784613708e+00 1.572813935737207602e-08
-5.649417801795453720e+00 7.943111911463263803e-09
-5.641165226806293731e+00 2.400983864229386989e-08
-5.632912651817134631e+00 0.000000000000000000e+00
-5.624660076827973754e+00 8.121469861792884483e-09
-5.616407501838814653e+00 3.273060534496024280e-08
-5.608154926849653776e+00 3.304668208212860831e-08
-5.599902351860494676e+00 1.664285174149782781e-08
-5.591649776871333799e+00 1.675518231476404602e-08
-5.583397201882174699e+00 8.445432982026996064e-09
-5.575144626893013822e+00 1.699608734427287541e-08
-5.566892051903854721e+00 2.568666221906859613e-08
-5.558639476914693844e+00 8.612916863810288112e-09
-5.550386901925534744e+00 1.735736108630743660e-08
-5.542134326936373867e+00 2.627470054045010887e-08
-5.533881751947214767e+00 8.815116407105698747e-09
-5.525629176958053890e+00 3.559686018858603532e-08
-5.517376601968894789e+00 2.691663360184323742e-08
-5.509124026979733912e+00 0.000000000000000000e+00
-5.500871451990574812e+00 3.644119538042220451e-08
-5.492618877001413935e+00 1.833700335087998544e-08
-5.484366302012254835e+00 1.851308122075242746e-08
-5.476113727023093958e+00 9.328396556963337817e-09
-5.467861152033934857e+00 1.876691066796331627e-08
-5.459608577044773980e+00 9.442684668049153904e-09
-5.451356002055614880e+00 1.911213183168218048e-08
-5.443103427066454891e+00 9.578684311521321861e-09
-5.434850852077294903e+00 2.900814249784690000e-08
-5.426598277088134914e+00 0.000000000000000000e+00
-5.418345702098974925e+00 2.941405088154816072e-08
-5.410093127109815825e+00 1.980834842204218914e-08
-5.401840552120654948e+00 0.000000000000000000e+00
-5.393587977131495848e+00 5.022564342400121925e-08
-5.385335402142334971e+00 1.010275070598407550e-08
-5.377082827153175870e+00 3.063801034298266814e-08
-5.368830252164014993e+00 5.137693830240603937e-08
-5.360577677174855893e+00 4.138815218194887951e-08
-5.352325102185695016e+00 2.084522214798644673e-08
-5.344072527196535916e+00 2.105099494775279702e-08
-5.335819952207375039e+00 3.176012884016599386e-08
-5.327567377218215938e+00 0.000000000000000000e+00
-5.319314802229055061e+00 3.227926395722202260e-08
-5.311062227239895961e+00 4.340458197556665601e-08
-5.302809652250735084e+00 2.178918061528233264e-08
-5.294557077261575984e+00 6.604874837570478284e-08
-5.286304502272415107e+00 0.000000000000000000e+00
-5.278051927283256006e+00 1.117404023705381452e-08
-5.269799352294095129e+00 3.379661941785398141e-08
-5.261546777304936029e+00 4.541066807555526164e-08
-5.253294202315775152e+00 3.433118414049010614e-08
-5.245041627326616052e+00 3.456548968581043565e-08
-5.236789052337456063e+00 1.160542975231167620e-08
-5.228536477348296074e+00 2.336653721396284987e-08
-5.220283902359136086e+00 4.715804328638704901e-08
-5.212031327369976097e+00 3.564781340389238049e-08
-5.203778752380816996e+00 2.392227253898511814e-08
-5.195526177391656120e+00 1.202445243355069144e-08
-5.187273602402497019e+00 4.867462309709797386e-08
-5.179021027413336142e+00 4.891458378961121496e-08
-5.170768452424177042e+00 4.930257733735778008e-08
-5.162515877435016165e+00 1.240708217124571754e-08
-5.154263302445857065e+00 6.259416503354712454e-08
-5.146010727456696188e+00 2.526332567894995631e-08
-5.137758152467537087e+00 1.271871777649309266e-08
-5.129505577478376210e+00 6.410019003628625546e-08
-5.121253002489217110e+00 7.759352769900927239e-08
-5.113000427500056233e+00 1.042805346243010375e-07
-5.104747852510897133e+00 6.560190743093976536e-08
-5.096495277521736256e+00 6.604200394327496253e-08
-5.088242702532577155e+00 2.662162718618069588e-08
-5.079990127543416278e+00 0.000000000000000000e+00
-5.071737552554257178e+00 5.407154913120251953e-08
-5.063484977565096301e+00 6.812054845813617247e-08
-5.055232402575937201e+00 2.751742581662675804e-08
-5.046979827586776324e+00 4.149020062168915613e-08
-5.038727252597617223e+00 1.396498368525801797e-08
-5.030474677608457235e+00 4.217672047693778728e-08
-5.022222102619297246e+00 2.832587380963074258e-08
-5.013969527630137257e+00 4.270116126106081658e-08
-5.005716952640977269e+00 2.873222790909086745e-08
-4.997464377651817280e+00 2.889394209234234927e-08
-4.989211802662657291e+00 4.380543200208102056e-08
-4.980959227673498191e+00 4.397713236078569634e-08
-4.972706652684337314e+00 1.481941319796008782e-08
-4.964454077695178214e+00 4.482346534104221534e-08
-4.956201502706017337e+00 6.027970478784818045e-08
-4.947948927716858236e+00 6.049638842713079545e-08
-4.939696352727697359e+00 3.044934547425077363e-08
-4.931443777738538259e+00 3.081913326545879450e-08
-4.923191202749377382e+00 1.085457456019856268e-07
-4.914938627760218282e+00 4.690214649880696808e-08
-4.906686052771057405e+00 3.151220286458591448e-08
-4.898433477781898304e+00 1.109030113303795737e-07
-4.890180902792737427e+00 1.118517647099421922e-07
-4.881928327803578327e+00 6.442573712733715910e-08
-4.873675752814417450e+00 1.615885732468689616e-08
-4.865423177825258350e+00 8.176898589664613630e-08
-4.857170602836097473e+00 4.939928493672761097e-08
-4.848918027846938372e+00 8.300510073701591399e-08
-4.840665452857777495e+00 6.699071774432449808e-08
-4.832412877868618395e+00 1.348689298166124161e-07
-4.824160302879457518e+00 6.790439641710246646e-08
-4.815907727890298418e+00 8.551827199440023132e-08
-4.807655152901138429e+00 1.550730188405720586e-07
-4.799402577911978440e+00 3.480280744511920064e-08
-4.791150002922818452e+00 1.399197574134360307e-07
-4.782897427933658463e+00 1.235369368380839209e-07
-4.774644852944499362e+00 7.104275528454160176e-08
-4.766392277955338486e+00 8.961545358258359748e-08
-4.758139702966179385e+00 7.209279594461845498e-08
-4.749887127977018508e+00 5.443455533839938129e-08
-4.741634552987859408e+00 5.500617104213713090e-08
-4.733381977998698531e+00 9.237843276099652903e-08
-4.725129403009539431e+00 5.588173417959701615e-08
-4.716876828020378554e+00 1.310361835221869032e-07
-4.708624253031219453e+00 7.547702562365098932e-08
-4.700371678042058576e+00 7.613021458035874825e-08
-4.692119103052899476e+00 3.831606482054571514e-08
-4.683866528063738599e+00 1.352929662496552866e-07
-4.675613953074579499e+00 7.779033078495677756e-08
-4.667361378085418622e+00 5.871595584411502135e-08
-4.659108803096259521e+00 1.385676735991422491e-07
-4.650856228107098644e+00 7.967511195576710542e-08
-4.642603653117939544e+00 6.018731280167780221e-08
-4.634351078128778667e+00 8.090757054478080817e-08
-4.626098503139619567e+00 1.017416687037374575e-07
-4.617845928150459578e+00 1.232048881157741187e-07
-4.609593353161299589e+00 8.277642946109505787e-08
-4.601340778172139601e+00 8.340866106025431449e-08
-4.593088203182979612e+00 1.887623182742691312e-07
-4.584835628193819623e+00 1.060432327140356586e-07
-4.576583053204659635e+00 1.492937124342818132e-07
-4.568330478215499646e+00 4.301275080777265496e-08
-4.560077903226339657e+00 1.299995182047520282e-07
-4.551825328237180557e+00 1.965758445013802050e-07
-4.543572753248019680e+00 1.098385396884327681e-07
-4.535320178258860579e+00 1.551897505877946178e-07
-4.527067603269699703e+00 1.338310294247228620e-07
-4.518815028280540602e+00 1.125831876500305800e-07
-4.510562453291379725e+00 1.132473322640904418e-07
-4.502309878302220625e+00 1.828049660471182563e-07
-4.494057303313059748e+00 1.839386825364333784e-07
-4.485804728323900648e+00 2.087474865443667397e-07
-4.477552153334739771e+00 1.402799307817891165e-07
-4.469299578345580670e+00 1.881860693422829706e-07
-4.461047003356419793e+00 1.424662880303498911e-07
-4.452794428367260693e+00 1.914036054190046014e-07
-4.444541853378099816e+00 1.446049662532397953e-07
-4.436289278388940716e+00 1.212156425313803656e-07
-4.428036703399779839e+00 1.712653968279899782e-07
-4.419784128410620738e+00 2.218840847792180507e-07
-4.411531553421459861e+00 1.239941566623369914e-07
-4.403278978432300761e+00 1.000488361401557215e-07
-4.395026403443140772e+00 7.571271106326988859e-08
-4.386773828453980784e+00 5.064601080345478185e-08
-4.378521253464820795e+00 1.790304218862009428e-07
-4.370268678475660806e+00 1.030952558659986730e-07
-4.362016103486500818e+00 2.599553692873037712e-07
-4.353763528497340829e+00 2.357507686009914589e-07
-4.345510953508181728e+00 1.318780847030628350e-07
-4.337258378519020852e+00 1.858279130229221047e-07
-4.329005803529861751e+00 1.338423875286486836e-07
-4.320753228540700874e+00 2.428486209268829592e-07
-4.312500653551541774e+00 8.156740170708112505e-08
-4.304248078562380897e+00 1.369078217702574408e-07
-4.295995503573221797e+00 1.932866561491741472e-07
-4.287742928584060920e+00 1.391580376130302319e-07
-4.279490353594901819e+00 2.240003159141957764e-07
-4.271237778605740942e+00 2.261417562573695872e-07
-4.262985203616581842e+00 1.992931206360524936e-07
-4.254732628627420965e+00 2.580392451447316866e-07
-4.246480053638261865e+00 8.673360062513935822e-08
-4.238227478649100988e+00 1.163346079553412168e-07
-4.229974903659941887e+00 2.938110035022339393e-07
-4.221722328670781010e+00 2.368165965787927925e-07
-4.213469753681621910e+00 1.189363281056992024e-07
-4.205217178692461033e+00 3.303612426518178003e-07
-4.196964603703301933e+00 2.418763171596081916e-07
-4.188712028714141944e+00 2.134559632989156777e-07
-4.180459453724981955e+00 1.533644833472246672e-07
-4.172206878735821967e+00 2.476787085675006696e-07
-4.163954303746661978e+00 3.431778403426329595e-07
-4.155701728757501989e+00 2.515900068378995632e-07
-4.147449153768342001e+00 2.218302070976424161e-07
-4.139196578779182012e+00 4.151577591797345583e-07
-4.130944003790022023e+00 1.928239246317486138e-07
-4.122691428800862923e+00 1.945759178107641063e-07
-4.114438853811702046e+00 2.937638311088673233e-07
-4.106186278822542945e+00 3.617268499756156740e-07
-4.097933703833382069e+00 3.979964579243051716e-07
-4.089681128844222968e+00 1.666123145981838101e-07
-4.081428553855062091e+00 3.366286004688037464e-07
-4.073175978865902991e+00 3.727897523733869383e-07
-4.064923403876742114e+00 1.027307484151672642e-07
-4.056670828887583014e+00 2.755607673679755606e-07
-4.048418253898422137e+00 3.467269903859900241e-07
-4.040165678909263036e+00 3.495157914125418390e-07
-4.031913103920102159e+00 3.519834679529920930e-07
-4.023660528930943059e+00 3.197096975304422152e-07
-4.015407953941782182e+00 2.502584346603972339e-07
-4.007155378952623082e+00 3.599302311446931444e-07
-3.998902803963462649e+00 3.631821902923594075e-07
-3.990650228974302660e+00 4.025026696397782305e-07
-3.982397653985143116e+00 4.051847000690087621e-07
-3.974145078995983127e+00 4.086973355154300514e-07
-3.965892504006823138e+00 3.369938611076023328e-07
-3.957639929017663150e+00 3.396450997158957928e-07
-3.949387354028503161e+00 4.563944946760500517e-07
-3.941134779039343172e+00 1.148076349958957722e-07
-3.932882204050183184e+00 5.784654498366212973e-07
-3.924629629061023639e+00 5.828814936973657774e-07
-3.916377054071863650e+00 4.697677821507993980e-07
-3.908124479082703662e+00 6.710227968687036637e-07
-3.899871904093543673e+00 4.375535391288048827e-07
-3.891619329104383684e+00 4.408185610759255656e-07
-3.883366754115223696e+00 6.064010991528902874e-07
-3.875114179126063707e+00 3.250826570632640436e-07
-3.866861604136903718e+00 4.513481446511987898e-07
-3.858609029147743730e+00 4.544053360069093266e-07
-3.850356454158583741e+00 2.499418682974112407e-07
-3.842103879169423752e+00 2.094224879317164696e-07
-3.833851304180263764e+00 2.114460149055179227e-07
-3.825598729191103775e+00 2.129486855200749792e-07
-3.817346154201943786e+00 5.582949113091268766e-07
-3.809093579212783798e+00 4.757718990685783660e-07
-3.800841004223623809e+00 5.666016273296226370e-07
-3.792588429234463820e+00 3.508735862792068379e-07
-3.784335854245303832e+00 4.429888713008012046e-07
-3.776083279256144287e+00 4.457103671759756939e-07
-3.767830704266984299e+00 3.589433826211751550e-07
-3.759578129277824310e+00 5.878640160810908390e-07
-3.751325554288664321e+00 4.559771196825025831e-07
-3.743072979299504333e+00 3.218391398083663454e-07
-3.734820404310344344e+00 5.553608782106701964e-07
-3.726567829321184355e+00 3.730937635149096407e-07
-3.718315254332024367e+00 7.521382137686559165e-07
-3.710062679342864378e+00 5.207976741555546208e-07
-3.701810104353704389e+00 8.596582663895292960e-07
-3.693557529364544401e+00 7.218680442094809258e-07
-3.685304954375384856e+00 2.908118632698007755e-07
-3.677052379386224867e+00 6.836329725658089781e-07
-3.668799804397064879e+00 6.398437221118950568e-07
-3.660547229407904890e+00 3.470392293771616676e-07
-3.652294654418744901e+00 9.979243223126245477e-07
-3.644042079429584913e+00 6.548423837199108460e-07
-3.635789504440424924e+00 9.631606626631577341e-07
-3.627536929451264935e+00 4.085133976002811167e-07
-3.619284354462104947e+00 3.088735652475937661e-07
-3.611031779472944958e+00 6.742714660034499514e-07
-3.602779204483784969e+00 6.273472301350730881e-07
-3.594526629494624981e+00 4.740040689003511524e-07
-3.586274054505465436e+00 4.783889684139447361e-07
-3.578021479516305448e+00 6.954998422022900067e-07
-3.569768904527145459e+00 5.388607367002838725e-07
-3.561516329537985470e+00 1.031964275649304468e-06
-3.553263754548825482e+00 7.667540049649176189e-07
-3.545011179559665493e+00 9.382866722691771355e-07
-3.536758604570505504e+00 7.785067136797059713e-07
-3.528506029581345516e+00 6.715904545254131074e-07
-3.520253454592185527e+00 1.015276682349420312e-06
-3.512000879603025538e+00 1.024546612554759985e-06
-3.503748304613865550e+00 1.605080783024558825e-06
-3.495495729624705561e+00 9.240719661166187816e-07
-3.487243154635545572e+00 1.220598088473335203e-06
-3.478990579646385584e+00 4.691364214652417052e-07
-3.470738004657226039e+00 1.181413629886168223e-06
-3.462485429668066050e+00 8.928088050854838538e-07
-3.454232854678906062e+00 9.594262923077219395e-07
-3.445980279689746073e+00 1.026970220693556342e-06
-3.437727704700586084e+00 9.745890818997546556e-07
-3.429475129711426096e+00 1.041790357240762959e-06
-3.421222554722266107e+00 1.050950238432098493e-06
-3.412969979733106118e+00 1.183157626708137311e-06
-3.404717404743946130e+00 8.156177982454399196e-07
-3.396464829754786141e+00 1.264425512952918338e-06
-3.388212254765626152e+00 8.926424351220925167e-07
-3.379959679776466164e+00 1.154919616515884098e-06
-3.371707104787306619e+00 1.099963325818010318e-06
-3.363454529798146631e+00 1.759735590985667886e-06
-3.355201954808986642e+00 1.577334945148708646e-06
-3.346949379819826653e+00 1.456691290531822471e-06
-3.338696804830666665e+00 9.334111730355337849e-07
-3.330444229841506676e+00 1.411185691614081323e-06
-3.322191654852346687e+00 1.557680398385805690e-06
-3.313939079863186699e+00 1.569625796953597478e-06
-3.305686504874026710e+00 1.031372098230396976e-06
-3.297433929884866721e+00 1.939323410411820867e-06
-3.289181354895706733e+00 1.536197282936117406e-06
-3.280928779906546744e+00 1.617312178355314738e-06
-3.272676204917386755e+00 1.631280760487778571e-06
-3.264423629928227211e+00 2.141938368843171361e-06
-3.256171054939067222e+00 1.941545566633713497e-06
-3.247918479949907233e+00 1.377315068262011805e-06
-3.239665904960747245e+00 1.460664966253689140e-06
-3.231413329971587256e+00 1.547811391010150159e-06
-3.223160754982427267e+00 2.225954743409751550e-06
-3.214908179993267279e+00 1.867623390600698884e-06
-3.206655605004107290e+00 1.807090219735963864e-06
-3.198403030014947301e+00 2.199039234070849492e-06
-3.190150455025787313e+00 1.837174018214225164e-06
-3.181897880036627324e+00 2.159319239346328725e-06
-3.173645305047467335e+00 1.785806170221993417e-06
-3.165392730058307791e+00 1.563837480465814728e-06
-3.157140155069147802e+00 2.208654597117839297e-06
-3.148887580079987814e+00 2.065456538946627566e-06
-3.140635005090827825e+00 1.760564867809529779e-06
-3.132382430101667836e+00 2.017025682825108038e-06
-3.124129855112507848e+00 2.032990942731682966e-06
-3.115877280123347859e+00 1.473852478181643855e-06
-3.107624705134187870e+00 1.404000203235937236e-06
-3.099372130145027882e+00 1.829475230639697654e-06
-3.091119555155867893e+00 1.926593974181396617e-06
-3.082866980166707904e+00 2.447051611046631022e-06
-3.074614405177547916e+00 2.210770869341862251e-06
-3.066361830188387927e+00 2.569252959121679507e-06
-3.058109255199227938e+00 3.370400522240139286e-06
-3.049856680210068394e+00 1.827583938893523041e-06
-3.041604105220908405e+00 2.541613269047559318e-06
-3.033351530231748416e+00 1.943285125588116393e-06
-3.025098955242588428e+00 2.580875702618999276e-06
-3.016846380253428439e+00 2.153636802268063375e-06
-3.008593805264268450e+00 3.885447906371595923e-06
-3.000341230275108462e+00 2.276490567865596009e-06
-2.992088655285948473e+00 3.119822025073585491e-06
-2.983836080296788484e+00 2.588669269115662455e-06
-2.975583505307628496e+00 2.699984207648105541e-06
-2.967330930318468507e+00 3.473154575935051655e-06
-2.959078355329308518e+00 2.837635479265425611e-06
-2.950825780340148974e+00 2.668010395102335374e-06
-2.942573205350988985e+00 3.074176629106886205e-06
-2.934320630361828997e+00 3.869867442805545540e-06
-2.926068055372669008e+00 3.023088911129271648e-06
-2.917815480383509019e+00 3.931011317166162036e-06
-2.909562905394349031e+00 2.475859680704651096e-06
-2.901310330405189042e+00 3.192634746382291995e-06
-2.893057755416029053e+00 4.823962578826677356e-06
-2.884805180426869065e+00 2.938674231763948476e-06
-2.876552605437709076e+00 4.186636665664118074e-06
-2.868300030448549087e+00 3.394364669373391299e-06
-2.860047455459389099e+00 4.249647497644506277e-06
-2.851794880470229110e+00 3.026833357561458073e-06
-2.843542305481069565e+00 4.630151837291062370e-06
-2.835289730491909577e+00 4.558923266666659820e-06
-2.827037155502749588e+00 4.596356841221013959e-06
-2.818784580513589599e+00 5.166169642578175765e-06
-2.810532005524429611e+00 4.229712527425499109e-06
-2.802279430535269622e+00 5.573535491817910446e-06
-2.794026855546109633e+00 5.837063688264531753e-06
-2.785774280556949645e+00 5.546636446639965408e-06
-2.777521705567789656e+00 4.919266047191901068e-06
-2.769269130578629667e+00 5.068641626526436978e-06
-2.761016555589469679e+00 4.993183052046967806e-06
-2.752763980600309690e+00 5.263555140007936907e-06
-2.744511405611150145e+00 4.840621157339851918e-06
-2.736258830621990157e+00 5.227513161015893006e-06
-2.728006255632830168e+00 4.798086901048167039e-06
-2.719753680643670180e+00 5.660999807421819367e-06
-2.711501105654510191e+00 5.941128948832675042e-06
-2.703248530665350202e+00 5.264175695160622818e-06
-2.694995955676190214e+00 6.995640525086625139e-06
-2.686743380687030225e+00 5.106142135189557686e-06
-2.678490805697870236e+00 5.512010555015550867e-06
-2.670238230708710248e+00 6.539952309505562380e-06
-2.661985655719550259e+00 5.477042294273637948e-06
-2.653733080730390270e+00 7.271510829316765723e-06
-2.645480505741230282e+00 5.553827268512869455e-06
-2.637227930752070293e+00 6.365561603678722667e-06
-2.628975355762910748e+00 8.718795802567308871e-06
-2.620722780773750760e+00 8.139055376788144298e-06
-2.612470205784590771e+00 7.420706966360001728e-06
-2.604217630795430782e+00 7.738074351291248360e-06
-2.595965055806270794e+00 9.117939910341546253e-06
-2.587712480817110805e+00 7.856605811520031105e-06
-2.579459905827950816e+00 7.379049358882986635e-06
-2.571207330838790828e+00 7.843170668924975689e-06
-2.562954755849630839e+00 8.446820389702064440e-06
-2.554702180860470850e+00 1.056936904912695990e-05
-2.546449605871310862e+00 9.682923164529561434e-06
-2.538197030882150873e+00 8.498593310195841553e-06
-2.529944455892991328e+00 8.426336798834784829e-06
-2.521691880903831340e+00 8.207689891099454439e-06
-2.513439305914671351e+00 1.041274669228811214e-05
-2.505186730925511362e+00 1.049236988666450237e-05
-2.496934155936351374e+00 1.086012078538728455e-05
-2.488681580947191385e+00 1.166858456769844050e-05
-2.480429005958031397e+00 9.994071171182338542e-06
-2.472176430968871408e+00 1.288081471513046478e-05
-2.463923855979711419e+00 1.149532401861409334e-05
-2.455671280990551431e+00 1.323677318973212709e-05
-2.447418706001391442e+00 1.212442248674506284e-05
-2.439166131012231453e+00 1.130264933830529951e-05
-2.430913556023071465e+00 1.292376288352724918e-05
-2.422660981033911476e+00 1.473110610578802174e-05
-2.414408406044751931e+00 1.562069289505033277e-05
-2.406155831055591943e+00 1.337984789642365230e-05
-2.397903256066431954e+00 1.665402458807714603e-05
-2.389650681077271965e+00 1.662649322882114462e-05
-2.381398106088111977e+00 1.336346841691981407e-05
-2.373145531098951988e+00 1.574370522593541695e-05
-2.364892956109791999e+00 1.422477257130209290e-05
-2.356640381120632011e+00 1.384068905094264961e-05
-2.348387806131472022e+00 1.344754574334822289e-05
-2.340135231142312033e+00 1.338065817001861879e-05
-2.331882656153152045e+00 1.770249927872149636e-05
-2.323630081163992056e+00 1.409565528201371239e-05
-2.315377506174832511e+00 1.779648484200647182e-05
-2.307124931185672523e+00 1.879852811628033362e-05
-2.298872356196512534e+00 2.033096991909889753e-05
-2.290619781207352545e+00 1.960885601241949612e-05
-2.282367206218192557e+00 2.045984035179860693e-05
-2.274114631229032568e+00 1.849323675562565057e-05
-2.265862056239872580e+00 1.720295242249185157e-05
-2.257609481250712591e+00 1.715015628719400873e-05
-2.249356906261552602e+00 1.836799364374108105e-05
-2.241104331272392614e+00 1.905363877625249294e-05
-2.232851756283232625e+00 2.363685360638327591e-05
-2.224599181294072636e+00 1.991007599838151183e-05
-2.216346606304912648e+00 2.343886700036308565e-05
-2.208094031315753103e+00 2.324337695682050889e-05
-2.199841456326593114e+00 2.626757450141917926e-05
-2.191588881337433126e+00 2.281828999268546124e-05
-2.183336306348273137e+00 2.163912574651058644e-05
-2.175083731359113148e+00 2.473448583637511867e-05
-2.166831156369953160e+00 2.471813124242741046e-05
-2.158578581380793171e+00 2.749367493951068603e-05
-2.150326006391633182e+00 2.749219711290434455e-05
-2.142073431402473194e+00 2.749792299527232899e-05
-2.133820856413313205e+00 3.135589041336043516e-05
-2.125568281424153216e+00 2.812789429921527877e-05
-2.117315706434993228e+00 2.977789815163076227e-05
-2.109063131445833683e+00 2.856658498448277401e-05
-2.100810556456673694e+00 2.731544469714421251e-05
-2.092557981467513706e+00 3.551589285743435060e-05
-2.084305406478353717e+00 3.472202550003023944e-05
-2.076052831489193728e+00 3.562188419776284845e-05
-2.067800256500033740e+00 3.848264255038761435e-05
-2.059547681510873751e+00 3.833625306826867932e-05
-2.051295106521713763e+00 3.862796957044894661e-05
-2.043042531532553774e+00 3.453492247101348073e-05
-2.034789956543393785e+00 4.121010551579311099e-05
-2.026537381554233797e+00 3.662679057760273653e-05
-2.018284806565073808e+00 4.275036483708661005e-05
-2.010032231575913819e+00 3.558975576041493072e-05
-2.001779656586753831e+00 4.293540174042681539e-05
-1.993527081597594286e+00 4.627445865201540589e-05
-1.985274506608434297e+00 4.638944679125646387e-05
-1.977021931619274309e+00 4.582171292114627174e-05
-1.968769356630114320e+00 4.568775316698014293e-05
-1.960516781640954331e+00 5.220269183296714812e-05
-1.952264206651794343e+00 5.259921726177895705e-05
-1.944011631662634354e+00 5.422496114815583050e-05
-1.935759056673474365e+00 4.686629574393910545e-05
-1.927506481684314377e+00 5.015966515780990656e-05
-1.919253906695154388e+00 5.569492683300405431e-05
-1.911001331705994399e+00 6.184213812615105559e-05
-1.902748756716834411e+00 5.630648893405717413e-05
-1.894496181727674644e+00 6.305611666472157168e-05
-1.886243606738514877e+00 6.048160649622236337e-05
-1.877991031749354889e+00 6.222175468000441497e-05
-1.869738456760194900e+00 6.553390938783677344e-05
-1.861485881771034911e+00 6.603052227519436818e-05
-1.853233306781874923e+00 7.022381584014418868e-05
-1.844980731792714934e+00 6.652812128904565814e-05
-1.836728156803554945e+00 7.739798858695875897e-05
-1.828475581814394957e+00 7.235757488853055037e-05
-1.820223006825234968e+00 6.914108942054153571e-05
-1.811970431836074980e+00 7.428543702914050821e-05
-1.803717856846914991e+00 8.279426225234926570e-05
-1.795465281857755224e+00 8.316923706763191257e-05
-1.787212706868595458e+00 8.211178300567603108e-05
-1.778960131879435469e+00 8.499171489495291440e-05
-1.770707556890275480e+00 9.015244470105669998e-05
-1.762454981901115492e+00 9.513211513660277657e-05
-1.754202406911955503e+00 1.010355850956327347e-04
-1.745949831922795514e+00 1.046743759011133990e-04
-1.737697256933635526e+00 1.002419541242862160e-04
-1.729444681944475537e+00 1.054063828446352393e-04
-1.721192106955315548e+00 1.171753196223691552e-04
-1.712939531966155560e+00 1.043385274426276760e-04
-1.704686956976995571e+00 1.120386000512268331e-04
-1.696434381987835582e+00 1.128774174553805496e-04
-1.688181806998675594e+00 1.226006752673402525e-04
-1.679929232009515605e+00 1.312381833529269095e-04
-1.671676657020355616e+00 1.244746082947467821e-04
-1.663424082031195628e+00 1.207435961744662454e-04
-1.655171507042035639e+00 1.392686331633235109e-04
-1.646918932052875650e+00 1.472991981421027012e-04
-1.638666357063715662e+00 1.286399861128436977e-04
-1.630413782074556117e+00 1.489185822908693844e-04
-1.622161207085396573e+00 1.536031136001793254e-04
-1.613908632096236584e+00 1.610117869807435869e-04
-1.605656057107076595e+00 1.546644415428819505e-04
-1.597403482117916607e+00 1.674424195824478743e-04
-1.589150907128756618e+00 1.657368175639517191e-04
-1.580898332139596629e+00 1.807780051035217273e-04
-1.572645757150436641e+00 1.611261918283571424e-04
-1.564393182161276652e+00 1.941334299060999832e-04
-1.556140607172116663e+00 1.914847633739104283e-04
-1.547888032182956675e+00 1.894860432671646667e-04
-1.539635457193796686e+00 2.203059115476684688e-04
-1.531382882204636697e+00 2.103408694700398523e-04
-1.523130307215476709e+00 2.123409761159761777e-04
-1.514877732226316720e+00 2.236095096245035063e-04
-1.506625157237156731e+00 2.437239006270239922e-04
-1.498372582247996743e+00 2.542746774784795374e-04
-1.490120007258836754e+00 2.503681595875279246e-04
-1.481867432269676765e+00 2.714001529217717999e-04
-1.473614857280516777e+00 2.668041359160465810e-04
-1.465362282291356788e+00 2.849679403944015751e-04
-1.457109707302196799e+00 2.973523637982669783e-04
-1.448857132313036811e+00 3.049023171718587798e-04
-1.440604557323876822e+00 3.041347591318175323e-04
-1.432351982334716833e+00 3.153842786316707835e-04
-1.424099407345557289e+00 3.201137273329308789e-04
-1.415846832356397744e+00 3.378547026931395781e-04
-1.407594257367237756e+00 3.494693461740486663e-04
-1.399341682378077767e+00 3.617046131091689759e-04
-1.391089107388917778e+00 3.941751103496707797e-04
-1.382836532399757790e+00 3.770245398386931710e-04
-1.374583957410597801e+00 3.851123717172868425e-04
-1.366331382421437812e+00 4.249984569514034184e-04
-1.358078807432277824e+00 4.394047868637624170e-04
-1.349826232443117835e+00 4.252427230428493265e-04
-1.341573657453957846e+00 4.670915181908758332e-04
-1.333321082464797858e+00 4.672675484234500420e-04
-1.325068507475637869e+00 4.899914350793598602e-04
-1.316815932486477880e+00 5.285041203489153567e-04
-1.308563357497317892e+00 5.239365556567925162e-04
-1.300310782508157903e+00 5.313995964124338701e-04
-1.292058207518997914e+00 5.416502826921581679e-04
-1.283805632529837926e+00 5.696397806521852954e-04
-1.275553057540677937e+00 6.029558088772114842e-04
-1.267300482551517948e+00 6.264543393423310661e-04
-1.259047907562357960e+00 6.678093740045624570e-04
-1.250795332573197971e+00 6.601978827525071137e-04
-1.242542757584037982e+00 7.186309821351705499e-04
-1.234290182594877994e+00 6.967387784852816868e-04
-1.226037607605718005e+00 7.487048608914503509e-04
-1.217785032616558016e+00 8.072255472677980926e-04
-1.209532457627398472e+00 8.203919629026553556e-04
-1.201279882638238927e+00 8.289951535401687659e-04
-1.193027307649078939e+00 8.593934920724863443e-04
-1.184774732659918950e+00 9.067009523516334022e-04
-1.176522157670758961e+00 9.614587126584342143e-04
-1.168269582681598973e+00 1.023097012103044851e-03
-1.160017007692438984e+00 1.004640656020335714e-03
-1.151764432703278995e+00 1.057623985927828034e-03
-1.143511857714119007e+00 1.101446250530091530e-03
-1.135259282724959018e+00 1.150444591430743388e-03
-1.127006707735799029e+00 1.222627100996449487e-03
-1.118754132746639041e+00 1.245990388521159243e-03
-1.110501557757479052e+00 1.305221183584800212e-03
-1.102248982768319063e+00 1.381539809616156222e-03
-1.093996407779159075e+00 1.423335045819727101e-03
-1.085743832789999086e+00 1.464945100269186449e-03
-1.077491257800839097e+00 1.502431651188964549e-03
-1.069238682811679109e+00 1.592496505124960408e-03
-1.060986107822519120e+00 1.685082167311392895e-03
-1.052733532833359131e+00 1.712245440565833424e-03
-1.044480957844199143e+00 1.728155425816734836e-03
-1.036228382855039154e+00 1.834221734736717459e-03
-1.027975807865879165e+00 1.936089752670192661e-03
-1.019723232876719177e+00 2.025956705846532029e-03
-1.011470657887559188e+00 2.132431322853411276e-03
-1.003218082898399199e+00 2.183167486207335858e-03
-9.949655079092396548e-01 2.268313045985134637e-03
-9.867129329200801102e-01 2.408600626739859987e-03
-9.784603579309201216e-01 2.494437571707377142e-03
-9.702077829417601329e-01 2.652249070776946990e-03
-9.619552079526001442e-01 2.774667105060070211e-03
-9.537026329634401556e-01 2.855963191779722302e-03
-9.454500579742801669e-01 2.968587357668762625e-03
-9.371974829851201783e-01 3.112802031339066775e-03
-9.289449079959601896e-01 3.240220707805575688e-03
-9.206923330068002009e-01 3.471136418166508031e-03
-9.124397580176402123e-01 3.542315639688094903e-03
-9.041871830284802236e-01 3.648898499742623397e-03
-8.959346080393202350e-01 3.868022452320372170e-03
-8.876820330501602463e-01 4.091347285689341494e-03
-8.794294580610002576e-01 4.261892572502679576e-03
-8.711768830718402690e-01 4.412168052504809694e-03
-8.629243080826802803e-01 4.715009947444580296e-03
-8.546717330935202916e-01 4.876757374033242540e-03
-8.464191581043603030e-01 5.070865185565870750e-03
-8.381665831152003143e-01 5.377029569199762160e-03
-8.299140081260403257e-01 5.550589549555166001e-03
-8.216614331368803370e-01 5.843538891682631062e-03
-8.134088581477203483e-01 6.037625889585544574e-03
-8.051562831585603597e-01 6.349990102555073609e-03
-7.969037081694003710e-01 6.901457242521397660e-03
-7.886511331802408264e-01 7.110417614890794484e-03
-7.803985581910812819e-01 7.399917516328252502e-03
-7.721459832019212932e-01 7.849947065343232042e-03
-7.638934082127613046e-01 8.182957004293001102e-03
-7.556408332236013159e-01 8.504547298914895762e-03
-7.473882582344413272e-01 9.045818637932252770e-03
-7.391356832452813386e-01 9.496731800947387850e-03
-7.308831082561213499e-01 9.940066196284839950e-03
-7.226305332669613612e-01 1.070416544638890140e-02
-7.143779582778013726e-01 1.122226687540171450e-02
-7.061253832886413839e-01 1.188187981526170334e-02
-6.978728082994813953e-01 1.230740249429146047e-02
-6.896202333103214066e-01 1.322699824074895399e-02
-6.813676583211614179e-01 1.387268968439398301e-02
-6.731150833320014293e-01 1.456206761408483305e-02
-6.648625083428414406e-01 1.556389217159862698e-02
-6.566099333536814520e-01 1.613598678195808309e-02
-6.483573583645214633e-01 1.719726443381865491e-02
-6.401047833753614746e-01 1.798131733981220975e-02
-6.318522083862014860e-01 1.938855229426911936e-02
-6.235996333970414973e-01 2.011953337889500759e-02
-6.153470584078815087e-01 2.164358651385311222e-02
-6.070944834187215200e-01 2.272985820463985576e-02
-5.988419084295615313e-01 2.383199272194702970e-02
-5.905893334404015427e-01 2.530174875810240961e-02
-5.823367584512415540e-01 2.715548801180877811e-02
-5.740841834620820094e-01 2.868651602972687939e-02
-5.658316084729224649e-01 3.049342822575396711e-02
-5.575790334837624762e-01 3.215000870473922606e-02
-5.493264584946024875e-01 3.433286095237243069e-02
-5.410738835054424989e-01 3.624702760608679297e-02
-5.328213085162825102e-01 3.882473122665042187e-02
-5.245687335271225216e-01 4.085355762829859932e-02
-5.163161585379625329e-01 4.346777758826449178e-02
-5.080635835488025442e-01 4.661561176335221601e-02
-4.998110085596425556e-01 4.928631612008923385e-02
-4.915584335704825669e-01 5.243624696384435041e-02
-4.833058585813225783e-01 5.600233386375355615e-02
-4.750532835921625896e-01 6.003107519849654183e-02
-4.668007086030026009e-01 6.383878627325779986e-02
-4.585481336138426123e-01 6.769715503228061759e-02
-4.502955586246826236e-01 7.269420395665197876e-02
-4.420429836355226350e-01 7.748409164146469186e-02
-4.337904086463626463e-01 8.258414776304350002e-02
-4.255378336572026576e-01 8.803506881252266825e-02
-4.172852586680426690e-01 9.395438072086653714e-02
-4.090326836788826803e-01 1.005088978992120657e-01
-4.007801086897226917e-01 1.075377034046210434e-01
-3.925275337005627030e-01 1.148568523775480160e-01
-3.842749587114027143e-01 1.230740870730085840e-01
-3.760223837222427257e-01 1.313353329899460131e-01
-3.677698087330831811e-01 1.417595134953779090e-01
-3.595172337439236365e-01 1.518326280281916130e-01
-3.512646587547636479e-01 1.628324329887534672e-01
-3.430120837656036592e-01 1.740853344216000964e-01
-3.347595087764436705e-01 1.879076697329586654e-01
-3.265069337872836819e-01 2.013174623694427290e-01
-3.182543587981236932e-01 2.159341983817155974e-01
-3.100017838089637046e-01 2.324456557434365633e-01
-3.017492088198037159e-01 2.493424966172597124e-01
-2.934966338306437272e-01 2.682497826219026327e-01
-2.852440588414837386e-01 2.895411672098562872e-01
-2.769914838523237499e-01 3.122142839853381813e-01
-2.687389088631637613e-01 3.360163400188463378e-01
-2.604863338740037726e-01 3.615487109269221455e-01
-2.522337588848437839e-01 3.892441279571821067e-01
-2.439811838956837953e-01 4.176882464926312544e-01
-2.357286089065238066e-01 4.501547256741422753e-01
-2.274760339173638179e-01 4.866168641137142981e-01
-2.192234589282038293e-01 5.231793322876412411e-01
-2.109708839390438406e-01 5.630911364817159370e-01
-2.027183089498838520e-01 6.074755419637583032e-01
-1.944657339607238633e-01 6.535323355359579089e-01
-1.862131589715638746e-01 7.036284274052024834e-01
-1.779605839824038860e-01 7.585762018184245559e-01
-1.697080089932438973e-01 8.154799811166277834e-01
-1.614554340040839087e-01 8.785523530948585735e-01
-1.532028590149243641e-01 9.468849889779736850e-01
-1.449502840257648195e-01 1.017715805492595882e+00
-1.366977090366048309e-01 1.092690617708224066e+00
-1.284451340474448422e-01 1.174950452357483854e+00
-1.201925590582848535e-01 1.263639061837807054e+00
-1.119399840691248649e-01 1.350916830381966749e+00
-1.036874090799648762e-01 1.448211936139041534e+00
-9.543483409080488755e-02 1.547240002131981873e+00
-8.718225910164489889e-02 1.652049010741316382e+00
-7.892968411248491023e-02 1.763115864108820929e+00
-7.067710912332492157e-02 1.877265232413146467e+00
-6.242453413416493291e-02 1.993512106424126573e+00
-5.417195914500494425e-02 2.116533545936139848e+00
-4.591938415584495559e-02 2.241341537505546988e+00
-3.766680916668496693e-02 2.364525867391441771e+00
-2.941423417752497826e-02 2.493638721578492312e+00
-2.116165918836498960e-02 2.622609564175488295e+00
-1.290908419920500094e-02 2.747920978877794518e+00
-4.656509210045012281e-03 2.867866184619683345e+00
3.596065779114976380e-03 2.986730814287627211e+00
1.184864076827496504e-02 3.098613434116331167e+00
2.010121575743495370e-02 3.203504705818305709e+00
2.835379074659494236e-02 3.298566927061947318e+00
3.660636573575493102e-02 3.377490421107457230e+00
4.485894072491491968e-02 3.440496681656908695e+00
5.311151571407446426e-02 3.490904474532854351e+00
6.136409070323400883e-02 3.522320699701912972e+00
6.961666569239399749e-02 3.529140851427618575e+00
7.786924068155398615e-02 3.513581111107117572e+00
8.612181567071397481e-02 3.478155809860512093e+00
9.437439065987396347e-02 3.417426428641886726e+00
1.026269656490339521e-01 3.336647443798326229e+00
1.108795406381939408e-01 3.220781587910618970e+00
1.191321156273539295e-01 3.081935272212055654e+00
1.273846906165139181e-01 2.924935424892186386e+00
1.356372656056739068e-01 2.744739589992620132e+00
1.438898405948338954e-01 2.543862109986539277e+00
1.521424155839938841e-01 2.341856098865777280e+00
1.603949905731538728e-01 2.128267814497101007e+00
1.686475655623138614e-01 1.905446881925309643e+00
1.769001405514738501e-01 1.685874824106759595e+00
1.851527155406338387e-01 1.470321205988478264e+00
1.934052905297938274e-01 1.261747418783454311e+00
2.016578655189538161e-01 1.063943585466515795e+00
2.099104405081138047e-01 8.779246349683452744e-01
2.181630154972737934e-01 7.120287892257157747e-01
2.264155904864337820e-01 5.691533045308223571e-01
2.346681654755937707e-01 4.468603442516377866e-01
2.429207404647537594e-01 3.434930531690415512e-01
2.511733154539137480e-01 2.533767897101256716e-01
2.594258904430737367e-01 1.840617141854967442e-01
2.676784654322332813e-01 1.308688943423548801e-01
2.759310404213928258e-01 9.088200953723760134e-02
2.841836154105528145e-01 6.058646588554259665e-02
2.924361903997128032e-01 3.935896129269594867e-02
3.006887653888727918e-01 2.573668033120170284e-02
3.089413403780327805e-01 1.574146942521836845e-02
3.171939153671927691e-01 9.509758145162573034e-03
3.254464903563527578e-01 5.865391471844996416e-03
3.336990653455127465e-01 3.652691525116760415e-03
3.419516403346727351e-01 2.121724003579515336e-03
3.502042153238327238e-01 1.020176246461014383e-03
3.584567903129927124e-01 4.859858669865479053e-04
3.667093653021527011e-01 2.873249458435248017e-04
3.749619402913126898e-01 1.366538401037232218e-04
3.832145152804726784e-01 2.461558944998927732e-05
3.914670902696326671e-01 0.000000000000000000e+00
3.997196652587926557e-01 0.000000000000000000e+00
4.079722402479526444e-01 0.000000000000000000e+00
4.162248152371126331e-01 0.000000000000000000e+00
4.244773902262726217e-01 0.000000000000000000e+00
4.327299652154326104e-01 0.000000000000000000e+00
4.409825402045925991e-01 0.000000000000000000e+00
4.492351151937525877e-01 0.000000000000000000e+00
4.574876901829125764e-01 0.000000000000000000e+00
4.657402651720725650e-01 0.000000000000000000e+00
4.739928401612325537e-01 0.000000000000000000e+00
4.822454151503920983e-01 0.000000000000000000e+00
4.904979901395516428e-01 0.000000000000000000e+00
4.987505651287116315e-01 0.000000000000000000e+00
5.070031401178716202e-01 0.000000000000000000e+00
5.152557151070316088e-01 0.000000000000000000e+00
5.235082900961915975e-01 0.000000000000000000e+00
5.317608650853515861e-01 0.000000000000000000e+00
5.400134400745115748e-01 0.000000000000000000e+00
5.482660150636715635e-01 0.000000000000000000e+00
5.565185900528315521e-01 0.000000000000000000e+00
5.647711650419915408e-01 0.000000000000000000e+00
5.730237400311515295e-01 0.000000000000000000e+00
5.812763150203115181e-01 0.000000000000000000e+00
5.895288900094715068e-01 0.000000000000000000e+00
5.977814649986314954e-01 0.000000000000000000e+00
6.060340399877914841e-01 0.000000000000000000e+00
6.142866149769514728e-01 0.000000000000000000e+00
6.225391899661114614e-01 0.000000000000000000e+00
6.307917649552714501e-01 0.000000000000000000e+00
6.390443399444314387e-01 0.000000000000000000e+00
6.472969149335914274e-01 0.000000000000000000e+00
6.555494899227514161e-01 0.000000000000000000e+00
6.638020649119114047e-01 0.000000000000000000e+00
6.720546399010713934e-01 0.000000000000000000e+00
6.803072148902313820e-01 0.000000000000000000e+00
6.885597898793909266e-01 0.000000000000000000e+00
6.968123648685504712e-01 0.000000000000000000e+00
7.050649398577104598e-01 0.000000000000000000e+00
7.133175148468704485e-01 0.000000000000000000e+00
7.215700898360304372e-01 0.000000000000000000e+00
7.298226648251904258e-01 0.000000000000000000e+00
7.380752398143504145e-01 0.000000000000000000e+00
7.463278148035104032e-01 0.000000000000000000e+00
7.545803897926703918e-01 0.000000000000000000e+00
7.628329647818303805e-01 0.000000000000000000e+00
7.710855397709903691e-01 0.000000000000000000e+00
7.793381147601503578e-01 0.000000000000000000e+00
7.875906897493103465e-01 0.000000000000000000e+00
7.958432647384703351e-01 0.000000000000000000e+00
8.040958397276303238e-01 0.000000000000000000e+00
8.123484147167903124e-01 0.000000000000000000e+00
8.206009897059503011e-01 0.000000000000000000e+00
8.288535646951102898e-01 0.000000000000000000e+00
8.371061396842702784e-01 0.000000000000000000e+00
8.453587146734302671e-01 0.000000000000000000e+00
8.536112896625902557e-01 0.000000000000000000e+00
8.618638646517502444e-01 0.000000000000000000e+00
8.701164396409102331e-01 0.000000000000000000e+00
8.783690146300702217e-01 0.000000000000000000e+00
8.866215896192302104e-01 0.000000000000000000e+00
8.948741646083901990e-01 0.000000000000000000e+00
9.031267395975497436e-01 0.000000000000000000e+00
9.113793145867092882e-01 0.000000000000000000e+00
9.196318895758692769e-01 0.000000000000000000e+00
9.278844645650292655e-01 0.000000000000000000e+00
9.361370395541892542e-01 0.000000000000000000e+00
9.443896145433492428e-01 0.000000000000000000e+00
9.526421895325092315e-01 0.000000000000000000e+00
9.608947645216692202e-01 0.000000000000000000e+00
9.691473395108292088e-01 0.000000000000000000e+00
9.773999144999891975e-01 0.000000000000000000e+00
9.856524894891491861e-01 0.000000000000000000e+00
9.939050644783091748e-01 0.000000000000000000e+00
1.002157639467469163e+00 0.000000000000000000e+00
1.010410214456629152e+00 0.000000000000000000e+00
1.018662789445789141e+00 0.000000000000000000e+00
1.026915364434949129e+00 0.000000000000000000e+00
1.035167939424109118e+00 0.000000000000000000e+00
1.043420514413269107e+00 0.000000000000000000e+00
1.051673089402429095e+00 0.000000000000000000e+00
1.059925664391589084e+00 0.000000000000000000e+00
1.068178239380749073e+00 0.000000000000000000e+00
1.076430814369909061e+00 0.000000000000000000e+00
1.084683389359069050e+00 0.000000000000000000e+00
1.092935964348229039e+00 0.000000000000000000e+00
1.101188539337389027e+00 0.000000000000000000e+00
1.109441114326549016e+00 0.000000000000000000e+00
1.117693689315708561e+00 0.000000000000000000e+00
1.125946264304868105e+00 0.000000000000000000e+00
1.134198839294028094e+00 0.000000000000000000e+00
1.142451414283188083e+00 0.000000000000000000e+00
1.150703989272348071e+00 0.000000000000000000e+00
1.158956564261508060e+00 0.000000000000000000e+00
1.167209139250668049e+00 0.000000000000000000e+00
1.175461714239828037e+00 0.000000000000000000e+00
1.183714289228988026e+00 0.000000000000000000e+00
1.191966864218148014e+00 0.000000000000000000e+00
1.200219439207308003e+00 0.000000000000000000e+00
1.208472014196467992e+00 0.000000000000000000e+00
1.216724589185627980e+00 0.000000000000000000e+00
1.224977164174787969e+00 0.000000000000000000e+00
1.233229739163947958e+00 0.000000000000000000e+00
1.241482314153107946e+00 0.000000000000000000e+00
1.249734889142267935e+00 0.000000000000000000e+00
1.257987464131427924e+00 0.000000000000000000e+00
1.266240039120587912e+00 0.000000000000000000e+00
1.274492614109747901e+00 0.000000000000000000e+00
1.282745189098907890e+00 0.000000000000000000e+00
1.290997764088067878e+00 0.000000000000000000e+00
1.299250339077227867e+00 0.000000000000000000e+00
1.307502914066387856e+00 0.000000000000000000e+00
1.315755489055547844e+00 0.000000000000000000e+00
1.324008064044707389e+00 0.000000000000000000e+00
1.332260639033866934e+00 0.000000000000000000e+00
1.340513214023026922e+00 0.000000000000000000e+00
1.348765789012186911e+00 0.000000000000000000e+00
1.357018364001346900e+00 0.000000000000000000e+00
1.365270938990506888e+00 0.000000000000000000e+00
1.373523513979666877e+00 0.000000000000000000e+00
1.381776088968826866e+00 0.000000000000000000e+00
1.390028663957986854e+00 0.000000000000000000e+00
1.398281238947146843e+00 0.000000000000000000e+00
1.406533813936306831e+00 0.000000000000000000e+00
1.414786388925466820e+00 0.000000000000000000e+00
1.423038963914626809e+00 0.000000000000000000e+00
1.431291538903786797e+00 0.000000000000000000e+00
1.439544113892946786e+00 0.000000000000000000e+00
1.447796688882106775e+00 0.000000000000000000e+00
1.456049263871266763e+00 0.000000000000000000e+00
1.464301838860426752e+00 0.000000000000000000e+00
1.472554413849586741e+00 0.000000000000000000e+00
1.480806988838746729e+00 0.000000000000000000e+00
1.489059563827906718e+00 0.000000000000000000e+00
1.497312138817066707e+00 0.000000000000000000e+00
1.505564713806226695e+00 0.000000000000000000e+00
1.513817288795386684e+00 0.000000000000000000e+00
1.522069863784546673e+00 0.000000000000000000e+00
1.530322438773706661e+00 0.000000000000000000e+00
1.538575013762866206e+00 0.000000000000000000e+00
1.546827588752025751e+00 0.000000000000000000e+00
1.555080163741185739e+00 0.000000000000000000e+00
1.563332738730345728e+00 0.000000000000000000e+00
1.571585313719505717e+00 0.000000000000000000e+00
1.579837888708665705e+00 0.000000000000000000e+00
1.588090463697825694e+00 0.000000000000000000e+00
1.596343038686985683e+00 0.000000000000000000e+00
1.604595613676145671e+00 0.000000000000000000e+00
1.612848188665305660e+00 0.000000000000000000e+00
1.621100763654465649e+00 0.000000000000000000e+00
1.629353338643625637e+00 0.000000000000000000e+00
1.637605913632785626e+00 0.000000000000000000e+00
1.645858488621945614e+00 0.000000000000000000e+00
1.654111063611105603e+00 0.000000000000000000e+00
1.662363638600265592e+00 0.000000000000000000e+00
1.670616213589425580e+00 0.000000000000000000e+00
1.678868788578585569e+00 0.000000000000000000e+00
1.687121363567745558e+00 0.000000000000000000e+00
1.695373938556905546e+00 0.000000000000000000e+00
1.703626513546065535e+00 0.000000000000000000e+00
1.711879088535225524e+00 0.000000000000000000e+00
1.720131663524385512e+00 0.000000000000000000e+00
1.728384238513545501e+00 0.000000000000000000e+00
1.736636813502705490e+00 0.000000000000000000e+00
1.744889388491865034e+00 0.000000000000000000e+00
1.753141963481024579e+00 0.000000000000000000e+00
1.761394538470184568e+00 0.000000000000000000e+00
1.769647113459344556e+00 0.000000000000000000e+00
1.777899688448504545e+00 0.000000000000000000e+00
1.786152263437664534e+00 0.000000000000000000e+00
1.794404838426824522e+00 0.000000000000000000e+00
1.802657413415984511e+00 0.000000000000000000e+00
1.810909988405144500e+00 0.000000000000000000e+00
1.819162563394304488e+00 0.000000000000000000e+00
1.827415138383464477e+00 0.000000000000000000e+00
1.835667713372624466e+00 0.000000000000000000e+00
1.843920288361784454e+00 0.000000000000000000e+00
1.852172863350944443e+00 0.000000000000000000e+00
1.860425438340104431e+00 0.000000000000000000e+00
1.868678013329264420e+00 0.000000000000000000e+00
1.876930588318424409e+00 0.000000000000000000e+00
1.885183163307584397e+00 0.000000000000000000e+00
1.893435738296744386e+00 0.000000000000000000e+00
1.901688313285904375e+00 0.000000000000000000e+00
1.909940888275064363e+00 0.000000000000000000e+00
1.918193463264224352e+00 0.000000000000000000e+00
1.926446038253384341e+00 0.000000000000000000e+00
1.934698613242544329e+00 0.000000000000000000e+00
1.942951188231704318e+00 0.000000000000000000e+00
1.951203763220864307e+00 0.000000000000000000e+00
1.959456338210023851e+00 0.000000000000000000e+00
1.967708913199183396e+00 0.000000000000000000e+00
1.975961488188343385e+00 0.000000000000000000e+00
1.984214063177503373e+00 0.000000000000000000e+00
1.992466638166663362e+00 0.000000000000000000e+00
2.000719213155823351e+00 0.000000000000000000e+00
2.008971788144983339e+00 0.000000000000000000e+00
2.017224363134143328e+00 0.000000000000000000e+00
2.025476938123303317e+00 0.000000000000000000e+00
2.033729513112463305e+00 0.000000000000000000e+00
2.041982088101623294e+00 0.000000000000000000e+00
2.050234663090783283e+00 0.000000000000000000e+00
2.058487238079943271e+00 0.000000000000000000e+00
2.066739813069103260e+00 0.000000000000000000e+00
2.074992388058263248e+00 0.000000000000000000e+00
2.083244963047423237e+00 0.000000000000000000e+00
2.091497538036583226e+00 0.000000000000000000e+00
2.099750113025743214e+00 0.000000000000000000e+00
2.108002688014903203e+00 0.000000000000000000e+00
2.116255263004063192e+00 0.000000000000000000e+00
2.124507837993223180e+00 0.000000000000000000e+00
2.132760412982383169e+00 0.000000000000000000e+00
2.141012987971543158e+00 0.000000000000000000e+00
2.149265562960703146e+00 0.000000000000000000e+00
2.157518137949863135e+00 0.000000000000000000e+00
2.165770712939022680e+00 0.000000000000000000e+00
2.174023287928182224e+00 0.000000000000000000e+00
2.182275862917342213e+00 0.000000000000000000e+00
2.190528437906502202e+00 0.000000000000000000e+00
2.198781012895662190e+00 0.000000000000000000e+00
2.207033587884822179e+00 0.000000000000000000e+00
2.215286162873982168e+00 0.000000000000000000e+00
2.223538737863142156e+00 0.000000000000000000e+00
2.231791312852302145e+00 0.000000000000000000e+00
2.240043887841462134e+00 0.000000000000000000e+00
2.248296462830622122e+00 0.000000000000000000e+00
2.256549037819782555e+00 0.000000000000000000e+00
2.264801612808942544e+00 0.000000000000000000e+00
2.273054187798101644e+00 0.000000000000000000e+00
2.281306762787261633e+00 0.000000000000000000e+00
2.289559337776421621e+00 0.000000000000000000e+00
2.297811912765581610e+00 0.000000000000000000e+00
2.306064487754741599e+00 0.000000000000000000e+00
2.314317062743901587e+00 0.000000000000000000e+00
2.322569637733061576e+00 0.000000000000000000e+00
2.330822212722221565e+00 0.000000000000000000e+00
2.339074787711381553e+00 0.000000000000000000e+00
2.347327362700541542e+00 0.000000000000000000e+00
2.355579937689701531e+00 0.000000000000000000e+00
2.363832512678861519e+00 0.000000000000000000e+00
2.372085087668021508e+00 0.000000000000000000e+00
2.380337662657181497e+00 0.000000000000000000e+00
2.388590237646341485e+00 0.000000000000000000e+00
2.396842812635501474e+00 0.000000000000000000e+00
2.405095387624661463e+00 0.000000000000000000e+00
2.413347962613821451e+00 0.000000000000000000e+00
2.421600537602981440e+00 0.000000000000000000e+00
2.429853112592141429e+00 0.000000000000000000e+00
2.438105687581301417e+00 0.000000000000000000e+00
2.446358262570461406e+00 0.000000000000000000e+00
2.454610837559621395e+00 0.000000000000000000e+00
2.462863412548781383e+00 0.000000000000000000e+00
2.471115987537941372e+00 0.000000000000000000e+00
2.479368562527101361e+00 0.000000000000000000e+00
2.487621137516261349e+00 0.000000000000000000e+00
2.495873712505420450e+00 0.000000000000000000e+00
