5.309989478673223656e-03 
1.024067726061800125e-02 
-1.562458227202554806e-03 
1.066832959856185616e-03 
-8.228938909169078442e-04 
1.126050327760177040e-03 
-2.545635702687763530e-03 
8.846221634810432985e-03 
-4.080422196546881070e-02 
2.238596433565810950e-01 
-1.376864045017882621e+00 
9.205356480510593187e+00 
-6.568343666903439271e+01 
4.939314632646961627e+02 
-3.877565505808934176e+03 
3.154260950911758118e+04 
-2.642895879951989627e+05 
2.269792455598344561e+06 
-1.990086980181321874e+07 
1.775387261430830657e+08 
-1.607115518948005915e+09 
1.472754462586348724e+10 
-1.363652300439314728e+11 
1.273692978906873779e+12 
-1.198465931602363281e+13 
1.134734263069659375e+14 
-1.080083507916262125e+15 
1.032688183188860400e+16 
-9.911493736587041600e+16 
9.543826187312922880e+17 
-9.215387316487691264e+18 
8.919455692085706752e+19 
