2.387716592006670045e-03 
4.754936169683253964e-03 
-7.924022332230424345e-04 
4.326524505619163395e-04 
-3.302580035403539314e-04 
3.990493852581956328e-04 
-7.089201472847816293e-04 
1.705199177492892470e-03 
-5.069176312359922540e-03 
1.737254113178167414e-02 
-6.563601846164826559e-02 
2.660664691101990442e-01 
-1.138109086985825691e+00 
5.082457287066917573e+00 
-2.351960716529956841e+01 
1.121525135285412773e+02 
-5.485570166794550460e+02 
2.741393322235943742e+03 
-1.395016490150359459e+04 
7.207003673381601402e+04 
-3.770330436383748893e+05 
1.992949039905429352e+06 
-1.062420010529160127e+07 
5.703006154900430888e+07 
-3.078649588118122220e+08 
1.669579104835044146e+09 
-9.088029010102453232e+09 
4.961857507688883972e+10 
-2.715716651180767822e+11 
1.489329356672505371e+12 
-8.180913990752582031e+12 
4.499740828383610156e+13 
