4.246825565562186572e-03 
8.324589078836276343e-03 
-1.434775718081875108e-03 
1.000993024550538403e-03 
-9.627007336756773217e-04 
1.663262667192016682e-03 
-4.589201266331808388e-03 
1.782260276574061664e-02 
-8.656085496450482974e-02 
4.897320413324001143e-01 
-3.112131206110841486e+00 
2.178556880744562818e+01 
-1.658447856688883633e+02 
1.357851679016386925e+03 
-1.182787447716184943e+04 
1.084538881469920598e+05 
-1.036540997349432553e+06 
1.023777196093622968e+07 
-1.037591261289242059e+08 
1.073009730915280342e+09 
-1.127301458443259621e+10 
1.199175688910448914e+11 
-1.288325223041860107e+12 
1.395163743685912305e+13 
-1.520676168289338750e+14 
1.666337761747237500e+15 
-1.834078256091067200e+16 
2.026274422967416000e+17 
-2.245764803259196672e+18 
2.495880138203957658e+19 
-2.780489179679060787e+20 
3.104057354573477052e+21 
