5.542055841822027609e-03 
1.054478742410984785e-02 
-2.737740794298190380e-03 
2.699952734907709595e-03 
-4.296550502285513204e-03 
1.104515981764229646e-02 
-3.839799790467445656e-02 
1.628299063077063569e-01 
-7.946787762260900667e-01 
4.323447057038747765e+00 
-2.574165695815592159e+01 
1.657982546993228539e+02 
-1.145970395987093752e+03 
8.447575882667157202e+03 
-6.606602576167391089e+04 
5.455420719727230025e+05 
-4.734574227007325739e+06 
4.298952576934256405e+07 
-4.065469379176284671e+08 
3.986411891070652008e+09 
-4.035339536292266846e+10 
4.199415569525433960e+11 
-4.475170469958774414e+12 
4.866195376274895312e+13 
-5.381968846631878750e+14 
6.037386822463857000e+15 
-6.852783639227220800e+16 
7.854306734238791680e+17 
-9.074594765126855680e+18 
1.055375484946880922e+20 
-1.234061199550599397e+21 
1.449429872688765914e+22 
