6.951839235231583800e-03 
1.357070364984137509e-02 
-2.452497406153438236e-03 
2.078633223462491436e-03 
-2.100349157461510463e-03 
3.634704428717224368e-03 
-9.244975218690063348e-03 
3.204423118694357808e-02 
-1.407694159801486655e-01 
7.436367564229738880e-01 
-4.546861175823607937e+00 
3.123183771871859449e+01 
-2.351079392154491643e+02 
1.900308981799284766e+03 
-1.622535135081559201e+04 
1.445428118888346653e+05 
-1.331276837029347429e+06 
1.259315849059404433e+07 
-1.217605805372920036e+08 
1.199068297838209629e+09 
-1.199444772997470474e+10 
1.216198855473902283e+11 
-1.247902714625275146e+12 
1.293883477100267969e+13 
-1.354015926624360781e+14 
1.428598327122216500e+15 
-1.518280036851890000e+16 
1.624021046136082880e+17 
-1.747073625358685440e+18 
1.888977337651793920e+19 
-2.051565149396471316e+20 
2.236980068317162111e+21 
