4.849521010881213678e-02 
9.162067072329008188e-02 
-1.905381300820405133e-02 
4.714870102959747150e-02 
-6.108517868550510099e-02 
1.439128663260264285e-01 
-4.207374887888016279e-01 
1.580283811105797964e+00 
-7.141663334767146765e+00 
3.746160850952837507e+01 
-2.218321470055041686e+02 
1.455149330874496400e+03 
-1.043598900234825123e+04 
8.106929170394199900e+04 
-6.774848864290349884e+05 
6.058353783309652470e+06 
-5.771403154582901299e+07 
5.832794965450869799e+08 
-6.227379593330352783e+09 
6.992042132608387756e+10 
-8.216112469501835938e+11 
1.005294107113830078e+13 
-1.274328749423965312e+14 
1.665406343233981250e+15 
-2.233913362251336800e+16 
3.063311751841601280e+17 
-4.279546599087444480e+18 
6.073161896708015718e+19 
-8.733289078248473887e+20 
1.269995460521201605e+22 
-1.864474246052519482e+23 
2.759533224342896779e+24 
