1.876972587551508850e-02 
3.585739160355333466e-02 
-8.036442867758930228e-03 
1.149380106552632189e-02 
-1.560353156435710133e-02 
3.548352361519020726e-02 
-1.077625862990949784e-01 
4.123336551085927670e-01 
-1.878314379314329097e+00 
9.842204782818264164e+00 
-5.796524874864912391e+01 
3.774142808440926729e+02 
-2.683095085888087397e+03 
2.062762885729909613e+04 
-1.702308971608082065e+05 
1.499474820939563680e+06 
-1.403676793852269277e+07 
1.391686549297847748e+08 
-1.457131286335664749e+09 
1.606573000759981728e+10 
-1.859337401826577148e+11 
2.250176978447869141e+12 
-2.834828837468269141e+13 
3.699269120732598750e+14 
-4.974167360306185000e+15 
6.857005310721080000e+16 
-9.645675041886549760e+17 
1.378931443178900890e+19 
-1.996523184635124449e+20 
2.919516496999997768e+21 
-4.302103068298190206e+22 
6.377061060177249257e+23 
