8.339425012622971381e-03 
1.594620145134035064e-02 
-2.422072990692142845e-03 
2.080184381378151828e-03 
-1.689835729246462687e-03 
2.433114801668241883e-03 
-5.229552176171469932e-03 
1.615609667507177105e-02 
-6.597807510221127825e-02 
3.313486466101189798e-01 
-1.944009503112798631e+00 
1.290244243285332004e+01 
-9.493576665885302646e+01 
7.632486241498151003e+02 
-6.620283713342433657e+03 
6.119201756850724632e+04 
-5.955289842940061353e+05 
6.035592172305632383e+06 
-6.310357035116254538e+07 
6.754617009081934690e+08 
-7.358737899735907555e+09 
8.123383279853689575e+10 
-9.056822412481823730e+11 
1.017350101501698633e+13 
-1.149338358446630938e+14 
1.304177376176668500e+15 
-1.484946275045308600e+16 
1.695311082773927360e+17 
-1.939586375825448448e+18 
2.222811553511028326e+19 
-2.550851336743599145e+20 
2.930507327139937255e+21 
