3.338457215527278719e-03 
6.355605716979442245e-03 
-9.870533904901763241e-04 
5.500927568467999310e-04 
-3.927901920620738307e-04 
4.533663184872314023e-04 
-7.748562149209291261e-04 
1.801741967485874334e-03 
-5.144710062276973764e-03 
1.673399074316202911e-02 
-5.932951011900726435e-02 
2.237570043396920338e-01 
-8.849233982592726866e-01 
3.635647776563684985e+00 
-1.541046726896005126e+01 
6.702591199962849089e+01 
-2.977970913157782888e+02 
1.346589029121996418e+03 
-6.177982574064358232e+03 
2.868465998265532107e+04 
-1.345045149356249021e+05 
6.358696008454737021e+05 
-3.026502836034317035e+06 
1.448659947989120521e+07 
-6.967008822753736377e+07 
3.364002492651945949e+08 
-1.629788438758070230e+09 
7.918685539708068848e+09 
-3.856934530097569275e+10 
1.882562758451016846e+11 
-9.205560860223813477e+11 
4.508583389221162109e+12 
