1.007314577357746395e-06 0.000000000000000000e+00
1.022050738157085172e-06 0.000000000000000000e+00
1.037002476532669867e-06 0.000000000000000000e+00
1.052172946202215323e-06 0.000000000000000000e+00
1.067565347019664431e-06 0.000000000000000000e+00
1.083182925650115004e-06 0.000000000000000000e+00
1.099028976254630445e-06 0.000000000000000000e+00
1.115106841185069142e-06 0.000000000000000000e+00
1.131419911689071041e-06 0.000000000000000000e+00
1.147971628625360671e-06 0.000000000000000000e+00
1.164765483189517368e-06 0.000000000000000000e+00
1.181805017650363486e-06 0.000000000000000000e+00
1.199093826097117550e-06 0.000000000000000000e+00
1.216635555197484504e-06 0.000000000000000000e+00
1.234433904966839137e-06 0.000000000000000000e+00
1.252492629548650261e-06 0.000000000000000000e+00
1.270815538006331790e-06 0.000000000000000000e+00
1.289406495126678695e-06 0.000000000000000000e+00
1.308269422235049389e-06 0.000000000000000000e+00
1.327408298022475615e-06 0.000000000000000000e+00
1.346827159384875163e-06 0.000000000000000000e+00
1.366530102274545501e-06 0.000000000000000000e+00
1.386521282564099480e-06 0.000000000000000000e+00
1.406804916923053165e-06 0.000000000000000000e+00
1.427385283707237743e-06 0.000000000000000000e+00
1.448266723861210011e-06 0.000000000000000000e+00
1.469453641833875500e-06 0.000000000000000000e+00
1.490950506507507443e-06 0.000000000000000000e+00
1.512761852140349597e-06 0.000000000000000000e+00
1.534892279323007713e-06 0.000000000000000000e+00
1.557346455948839277e-06 0.000000000000000000e+00
1.580129118198540584e-06 0.000000000000000000e+00
1.603245071539124057e-06 0.000000000000000000e+00
1.626699191737521068e-06 0.000000000000000000e+00
1.650496425889018006e-06 0.000000000000000000e+00
1.674641793460717854e-06 0.000000000000000000e+00
1.699140387350285004e-06 0.000000000000000000e+00
1.723997374960176362e-06 0.000000000000000000e+00
1.749217999287573916e-06 0.000000000000000000e+00
1.774807580030276668e-06 0.000000000000000000e+00
1.800771514708768779e-06 0.000000000000000000e+00
1.827115279804697280e-06 0.000000000000000000e+00
1.853844431916002885e-06 0.000000000000000000e+00
1.880964608928956931e-06 0.000000000000000000e+00
1.908481531207346938e-06 0.000000000000000000e+00
1.936401002799041579e-06 0.000000000000000000e+00
1.964728912660223922e-06 0.000000000000000000e+00
1.993471235897532631e-06 0.000000000000000000e+00
2.022634035028363983e-06 0.000000000000000000e+00
2.052223461259617184e-06 0.000000000000000000e+00
2.082245755785148092e-06 0.000000000000000000e+00
2.112707251102209193e-06 0.000000000000000000e+00
2.143614372347129500e-06 0.000000000000000000e+00
2.174973638650549482e-06 0.000000000000000000e+00
2.206791664512488845e-06 0.000000000000000000e+00
2.239075161197503816e-06 0.000000000000000000e+00
2.271830938150279099e-06 0.000000000000000000e+00
2.305065904431925127e-06 0.000000000000000000e+00
2.338787070177269020e-06 0.000000000000000000e+00
2.373001548073486551e-06 0.000000000000000000e+00
2.407716554860357156e-06 0.000000000000000000e+00
2.442939412852465149e-06 0.000000000000000000e+00
2.478677551483661393e-06 0.000000000000000000e+00
2.514938508874134382e-06 0.000000000000000000e+00
2.551729933420407560e-06 0.000000000000000000e+00
2.589059585408571160e-06 0.000000000000000000e+00
2.626935338651142886e-06 0.000000000000000000e+00
2.665365182147868279e-06 0.000000000000000000e+00
2.704357221770799593e-06 7.654766649373879285e-07
2.743919681974044932e-06 0.000000000000000000e+00
2.784060907528531530e-06 0.000000000000000000e+00
2.824789365282124550e-06 0.000000000000000000e+00
2.866113645945515583e-06 0.000000000000000000e+00
2.908042465904237457e-06 0.000000000000000000e+00
2.950584669057176779e-06 0.000000000000000000e+00
2.993749228681978078e-06 0.000000000000000000e+00
3.037545249327753744e-06 0.000000000000000000e+00
3.081981968735482214e-06 0.000000000000000000e+00
3.127068759786475975e-06 0.000000000000000000e+00
3.172815132479376366e-06 0.000000000000000000e+00
3.219230735936073713e-06 0.000000000000000000e+00
3.266325360436955554e-06 0.000000000000000000e+00
3.314108939485928916e-06 0.000000000000000000e+00
3.362591551905666001e-06 0.000000000000000000e+00
3.411783423963506540e-06 0.000000000000000000e+00
3.461694931528425492e-06 0.000000000000000000e+00
3.512336602259591695e-06 0.000000000000000000e+00
3.563719117826939279e-06 0.000000000000000000e+00
3.615853316164192712e-06 0.000000000000000000e+00
3.668750193754886335e-06 0.000000000000000000e+00
3.722420907951824327e-06 0.000000000000000000e+00
3.776876779330440196e-06 0.000000000000000000e+00
3.832129294076616543e-06 0.000000000000000000e+00
3.888190106409436032e-06 0.000000000000000000e+00
3.945071041039351476e-06 0.000000000000000000e+00
4.002784095662330252e-06 0.000000000000000000e+00
4.061341443490488050e-06 0.000000000000000000e+00
4.120755435819757446e-06 0.000000000000000000e+00
4.181038604635077492e-06 0.000000000000000000e+00
4.242203665253731971e-06 0.000000000000000000e+00
4.304263519007363188e-06 0.000000000000000000e+00
4.367231255963177964e-06 0.000000000000000000e+00
4.431120157684998909e-06 0.000000000000000000e+00
4.495943700034715789e-06 0.000000000000000000e+00
4.561715556014673132e-06 0.000000000000000000e+00
4.628449598651681045e-06 0.000000000000000000e+00
4.696159903923217583e-06 0.000000000000000000e+00
4.764860753726407982e-06 0.000000000000000000e+00
4.834566638890456673e-06 0.000000000000000000e+00
4.905292262233144501e-06 0.000000000000000000e+00
4.977052541662067912e-06 0.000000000000000000e+00
5.049862613321183391e-06 0.000000000000000000e+00
5.123737834783442357e-06 0.000000000000000000e+00
5.198693788290112811e-06 0.000000000000000000e+00
5.274746284037485708e-06 0.000000000000000000e+00
5.351911363511645367e-06 0.000000000000000000e+00
5.430205302872061158e-06 0.000000000000000000e+00
5.509644616384671335e-06 0.000000000000000000e+00
5.590246059905150172e-06 0.000000000000000000e+00
5.672026634413175810e-06 0.000000000000000000e+00
5.755003589598407766e-06 0.000000000000000000e+00
5.839194427498865285e-06 0.000000000000000000e+00
5.924616906192589155e-06 0.000000000000000000e+00
6.011289043543310338e-06 0.000000000000000000e+00
6.099229121000858101e-06 0.000000000000000000e+00
6.188455687457219067e-06 0.000000000000000000e+00
6.278987563159001034e-06 0.000000000000000000e+00
6.370843843677115559e-06 0.000000000000000000e+00
6.464043903934519574e-06 0.000000000000000000e+00
6.558607402292915576e-06 0.000000000000000000e+00
6.654554284699240485e-06 0.000000000000000000e+00
6.751904788892758010e-06 0.000000000000000000e+00
6.850679448673746411e-06 0.000000000000000000e+00
6.950899098234648166e-06 0.000000000000000000e+00
7.052584876554509078e-06 0.000000000000000000e+00
7.155758231857769887e-06 0.000000000000000000e+00
7.260440926138285322e-06 9.401651201077694976e-07
7.366655039749465955e-06 0.000000000000000000e+00
7.474422976061624485e-06 0.000000000000000000e+00
7.583767466187464127e-06 0.000000000000000000e+00
7.694711573776648474e-06 8.857713865946322912e-07
7.807278699880527707e-06 0.000000000000000000e+00
7.921492587888051990e-06 0.000000000000000000e+00
8.037377328533902904e-06 0.000000000000000000e+00
8.154957364979827154e-06 0.000000000000000000e+00
8.274257497970363489e-06 0.000000000000000000e+00
8.395302891063997905e-06 0.000000000000000000e+00
8.518119075940805925e-06 0.000000000000000000e+00
8.642731957787742387e-06 0.000000000000000000e+00
8.769167820762752732e-06 0.000000000000000000e+00
8.897453333538822177e-06 0.000000000000000000e+00
9.027615554929046979e-06 0.000000000000000000e+00
9.159681939594091512e-06 0.000000000000000000e+00
9.293680343833127217e-06 0.000000000000000000e+00
9.429639031459405388e-06 0.000000000000000000e+00
9.567586679761874957e-06 0.000000000000000000e+00
9.707552385554009091e-06 0.000000000000000000e+00
9.849565671311038320e-06 0.000000000000000000e+00
9.993656491397055546e-06 0.000000000000000000e+00
1.013985523838319066e-05 0.000000000000000000e+00
1.028819274945820828e-05 0.000000000000000000e+00
1.043870031293285345e-05 0.000000000000000000e+00
1.059140967483941058e-05 0.000000000000000000e+00
1.074635304562781570e-05 0.000000000000000000e+00
1.090356310695962130e-05 0.000000000000000000e+00
1.106307301860147234e-05 0.000000000000000000e+00
1.122491642541938768e-05 0.000000000000000000e+00
1.138912746447533417e-05 0.000000000000000000e+00
1.155574077222762343e-05 0.000000000000000000e+00
1.172479149183668274e-05 0.000000000000000000e+00
1.189631528057766575e-05 0.000000000000000000e+00
1.207034831736151717e-05 0.000000000000000000e+00
1.224692731036608570e-05 0.000000000000000000e+00
1.242608950477883701e-05 0.000000000000000000e+00
1.260787269065282000e-05 0.000000000000000000e+00
1.279231521087761615e-05 0.000000000000000000e+00
1.297945596926691007e-05 0.000000000000000000e+00
1.316933443876425501e-05 0.000000000000000000e+00
1.336199066976900349e-05 0.000000000000000000e+00
1.355746529858402446e-05 0.000000000000000000e+00
1.375579955598694823e-05 0.000000000000000000e+00
1.395703527592680112e-05 0.000000000000000000e+00
1.416121490434794070e-05 0.000000000000000000e+00
1.436838150814300096e-05 0.000000000000000000e+00
1.457857878423685134e-05 0.000000000000000000e+00
1.479185106880345199e-05 0.000000000000000000e+00
1.500824334661750401e-05 0.000000000000000000e+00
1.522780126054295324e-05 0.000000000000000000e+00
1.545057112116022781e-05 0.000000000000000000e+00
1.567659991653442197e-05 0.000000000000000000e+00
1.590593532212629987e-05 0.000000000000000000e+00
1.613862571084830798e-05 0.000000000000000000e+00
1.637472016326773407e-05 0.000000000000000000e+00
1.661426847795909308e-05 0.000000000000000000e+00
1.685732118200790824e-05 0.000000000000000000e+00
1.710392954166825580e-05 0.000000000000000000e+00
1.735414557317622482e-05 0.000000000000000000e+00
1.760802205372142312e-05 9.250380208074784088e-07
1.786561253257912133e-05 0.000000000000000000e+00
1.812697134240526785e-05 0.000000000000000000e+00
1.839215361069663454e-05 0.000000000000000000e+00
1.866121527141864113e-05 0.000000000000000000e+00
1.893421307680336196e-05 0.000000000000000000e+00
1.921120460932004300e-05 0.000000000000000000e+00
1.949224829382077500e-05 0.000000000000000000e+00
1.977740340986387761e-05 0.000000000000000000e+00
2.006673010421750834e-05 0.000000000000000000e+00
2.036028940354616632e-05 7.779438599184594894e-07
2.065814322728284870e-05 1.049750866104256367e-06
2.096035440068960072e-05 0.000000000000000000e+00
2.126698666810886848e-05 0.000000000000000000e+00
2.157810470640895772e-05 0.000000000000000000e+00
2.189377413862611608e-05 0.000000000000000000e+00
2.221406154780615261e-05 0.000000000000000000e+00
2.253903449104850828e-05 0.000000000000000000e+00
2.286876151375590824e-05 0.000000000000000000e+00
2.320331216409237394e-05 6.841243251730861864e-07
2.354275700765275634e-05 0.000000000000000000e+00
2.388716764234696154e-05 0.000000000000000000e+00
2.423661671350176551e-05 0.000000000000000000e+00
2.459117792918370451e-05 0.000000000000000000e+00
2.495092607574596845e-05 0.000000000000000000e+00
2.531593703360290548e-05 9.444822844673500293e-07
2.568628779323518389e-05 0.000000000000000000e+00
2.606205647142909086e-05 7.903654180853798668e-07
2.644332232775353569e-05 9.584491393485786844e-07
2.683016578127791539e-05 0.000000000000000000e+00
2.722266842753457623e-05 0.000000000000000000e+00
2.762091305572953733e-05 1.711761827263423627e-06
2.802498366620500994e-05 0.000000000000000000e+00
2.843496548815710749e-05 0.000000000000000000e+00
2.885094499761305602e-05 1.812121773579758347e-06
2.927300993567130672e-05 1.749446577188200566e-06
2.970124932700842990e-05 0.000000000000000000e+00
3.013575349865669028e-05 8.870735789816971278e-07
3.057661409905651831e-05 0.000000000000000000e+00
3.102392411738757062e-05 0.000000000000000000e+00
3.147777790318254023e-05 0.000000000000000000e+00
3.193827118622811437e-05 0.000000000000000000e+00
3.240550109675684740e-05 1.697080433619562761e-06
3.287956618593440767e-05 0.000000000000000000e+00
3.336056644664672153e-05 0.000000000000000000e+00
3.384860333459122246e-05 0.000000000000000000e+00
3.434377978967633887e-05 0.000000000000000000e+00
3.484620025773432989e-05 9.415903803015641158e-07
3.535597071255176533e-05 0.000000000000000000e+00
3.587319867822214914e-05 0.000000000000000000e+00
3.639799325182551120e-05 1.710374424766921990e-06
3.693046512643996819e-05 1.606474901994528173e-06
3.747072661448980061e-05 0.000000000000000000e+00
3.801889167143510757e-05 0.000000000000000000e+00
3.857507591980808783e-05 1.347944375874370909e-06
3.913939667360083957e-05 0.000000000000000000e+00
3.971197296301003197e-05 9.275416427792047525e-07
4.029292555954340905e-05 0.000000000000000000e+00
4.088237700149384478e-05 7.702497574009369282e-07
4.148045161978584190e-05 7.880459072031985400e-07
4.208727556420020056e-05 1.680168014982458307e-06
4.270297682998246060e-05 1.855810932342237030e-06
4.332768528484041656e-05 0.000000000000000000e+00
4.396153269633657363e-05 8.565626783757938053e-07
4.460465275968148065e-05 1.380239810568559354e-06
4.525718112593374049e-05 8.372662329941991207e-07
4.591925543061214606e-05 2.536872103546776639e-06
4.659101532272679944e-05 1.525401323205637652e-06
4.727260249423485881e-05 8.041527567360136121e-07
4.796416070992705924e-05 9.262380794728537944e-07
4.866583583775139729e-05 0.000000000000000000e+00
4.937777587958068129e-05 8.299671620778279169e-07
5.010013100243003903e-05 3.434560153425922355e-06
5.083305357013104394e-05 0.000000000000000000e+00
5.157669817546942586e-05 1.633298991676611758e-06
5.233122167279269528e-05 1.859752434790346540e-06
5.309678321109477598e-05 2.565451723309691911e-06
5.387354426758486257e-05 0.000000000000000000e+00
5.466166868174736750e-05 1.754040984057542837e-06
5.546132268989970656e-05 0.000000000000000000e+00
5.627267496025611541e-05 9.324847120503428631e-07
5.709589662850433445e-05 0.000000000000000000e+00
5.793116133390256831e-05 1.660997570009710317e-06
5.877864525590445873e-05 0.000000000000000000e+00
5.963852715132014786e-05 1.846689023284875951e-06
6.051098839202098770e-05 0.000000000000000000e+00
6.139621300319531559e-05 3.075142480030002267e-06
6.229438770216440984e-05 9.331934777808641830e-07
6.320570193776625569e-05 1.710965107913651625e-06
6.413034793031522577e-05 3.743338491262749818e-06
6.506852071214624727e-05 3.655418005381864649e-06
6.602041816875254946e-05 4.154754611662761996e-06
6.698624108052483167e-05 3.408997062481184623e-06
6.796619316510112173e-05 8.756876284335113035e-07
6.896048112033645924e-05 9.212042222150223108e-07
6.996931466790075197e-05 2.985526972037280515e-06
7.099290659751453627e-05 8.092704485757695643e-07
7.203147281183210093e-05 9.484805252333520503e-07
7.308523237198127171e-05 1.912157705169120588e-06
7.415440754376880113e-05 2.392714936856041091e-06
7.523922384456230034e-05 0.000000000000000000e+00
7.633991009085798322e-05 1.649441837182619322e-06
7.745669844654403443e-05 1.623161181546302667e-06
7.858982447186987452e-05 8.458881350368070464e-07
7.973952717313235366e-05 4.617763195648023054e-06
8.090604905308844213e-05 4.338809485989107759e-06
8.208963616210531388e-05 2.854389832542955429e-06
8.329053815005926136e-05 7.862358339574112432e-07
8.450900831899321307e-05 7.434793198850136951e-07
8.574530367654471233e-05 1.296487586389790867e-06
8.699968499015579544e-05 4.192167826098414468e-06
8.827241684207600455e-05 1.635652537516303166e-06
8.956376768516928206e-05 3.573548777389669015e-06
9.087400989953808253e-05 1.839447272408448685e-06
9.220341984997565236e-05 4.351466557856234576e-06
9.355227794425856618e-05 4.254999885348387435e-06
9.492086869229200176e-05 6.988629081790341271e-06
9.630948076612052004e-05 3.577016886040675652e-06
9.771840706081696753e-05 5.018427199281223385e-07
9.914794475626126477e-05 6.912234580016319937e-06
1.005983953798237853e-04 0.000000000000000000e+00
1.020700648699655904e-04 5.224271661769650252e-06
1.035632636407687597e-04 2.879553229643271959e-06
1.050783066474109812e-04 4.364790817152163701e-06
1.066155134525979928e-04 7.355552752945778416e-06
1.081752082939678623e-04 4.555179192828146585e-06
1.097577201524810103e-04 7.010439940566864387e-06
1.113633828218114799e-04 2.680236191034644783e-06
1.129925349787524514e-04 5.081560199075473934e-06
1.146455202546524122e-04 7.305381032991503083e-06
1.163226873078960100e-04 2.787582741394142821e-06
1.180243898974451611e-04 9.800161696940715387e-07
1.197509869574565813e-04 8.572839125759971351e-06
1.215028426729902278e-04 6.226554078652324097e-06
1.232803265568256602e-04 8.175007596843019388e-06
1.250838135274020277e-04 1.016342182776959936e-05
1.269136839878983120e-04 1.094013318013377462e-05
1.287703239064704949e-04 6.119774821005434859e-06
1.306541248976624296e-04 5.547422310687813903e-06
1.325654843050077343e-04 8.036572644986653339e-06
1.345048052848400299e-04 7.148051510940560504e-06
1.364724968913292474e-04 8.681626165948575221e-06
1.384689741627621927e-04 3.135267436465501256e-06
1.404946582090848791e-04 7.427709866734641893e-06
1.425499763007259256e-04 7.957439700793506236e-06
1.446353619587192093e-04 1.256976553328762924e-05
1.467512550461446904e-04 1.547441023046547051e-05
1.488981018609075767e-04 6.601005555276229219e-06
1.510763552298740415e-04 8.533319633934079626e-06
1.532864746043846919e-04 6.934062488038215274e-06
1.555289261571648411e-04 8.779256901277279830e-06
1.578041828806525388e-04 1.018658920055215517e-05
1.601127246867655807e-04 7.617639477821519124e-06
1.624550385081275565e-04 1.094348770211391660e-05
1.648316184007743760e-04 1.305915950573870358e-05
1.672429656483644480e-04 1.580741439732789077e-05
1.696895888679122988e-04 1.221002121395647783e-05
1.721720041170694284e-04 1.433372241892514832e-05
1.746907350029746578e-04 1.075014353180643745e-05
1.772463127926964107e-04 1.553641041444707828e-05
1.798392765252914858e-04 1.852195923817662290e-05
1.824701731255023301e-04 1.928269008782438433e-05
1.851395575191181560e-04 9.216201837514861089e-06
1.878479927500234016e-04 1.216376757954238710e-05
1.905960500989583640e-04 1.862692744596779681e-05
1.933843092040179166e-04 1.354174079128435461e-05
1.962133581829122986e-04 1.123033637202990628e-05
1.990837937570166219e-04 1.624420467151382622e-05
2.019962213772354674e-04 1.575859072290810000e-05
2.049512553517080502e-04 1.597780998426724604e-05
2.079495189753827666e-04 2.012859785973177107e-05
2.109916446614860312e-04 1.541829265611301778e-05
2.140782740749153025e-04 2.146585945465894616e-05
2.172100582675831029e-04 2.375446668110670572e-05
2.203876578157409004e-04 2.473862756907329306e-05
2.236117429593125589e-04 2.349023380342833261e-05
2.268829937432654382e-04 2.316601528191803257e-05
2.302021001610499618e-04 1.814951588355884159e-05
2.335697623001375500e-04 2.078045819945269847e-05
2.369866904896872481e-04 1.865572082333140990e-05
2.404536054503736029e-04 1.930295224481881709e-05
2.439712384464053064e-04 2.864560998630680066e-05
2.475403314397682953e-04 2.929633933231030304e-05
2.511616372467252397e-04 1.840829604338485169e-05
2.548359196966041608e-04 2.784335329684836796e-05
2.585639537929108195e-04 2.498223056583284015e-05
2.623465258767969681e-04 3.406169112559844680e-05
2.661844337929207853e-04 2.724814007915123124e-05
2.700784870577335392e-04 3.099236032497484472e-05
2.740295070302274432e-04 3.785201042667069910e-05
2.780383270851830317e-04 2.944508002777939653e-05
2.821057927889492317e-04 3.258150951276409771e-05
2.862327620777956505e-04 2.990043799613057037e-05
2.904201054388746463e-04 3.738283098613140291e-05
2.946687060938298270e-04 3.933576740828648253e-05
2.989794601850906614e-04 3.373451497507157102e-05
3.033532769648932068e-04 3.199394272704893488e-05
3.077910789870644693e-04 3.519550374392090957e-05
3.122938023016148465e-04 3.772475581932468211e-05
3.168623966521748672e-04 3.975008976783381563e-05
3.214978256763214920e-04 4.499036384354986734e-05
3.262010671088352832e-04 4.705373130908538999e-05
3.309731129879294278e-04 3.076901915065883143e-05
3.358149698644983172e-04 4.023533710041597142e-05
3.407276590144247153e-04 5.041080531558881847e-05
3.457122166539945761e-04 4.728999839688228569e-05
3.507696941584621721e-04 4.252788823989075263e-05
3.559011582838125906e-04 6.308222114723080747e-05
3.611076913917697336e-04 4.583104410498752728e-05
3.663903916780945468e-04 5.491191831834333460e-05
3.717503734042235672e-04 5.749202602427156875e-05
3.771887671322965234e-04 5.794968808469984459e-05
3.827067199636210743e-04 6.352590172396680238e-05
3.883053957806278109e-04 5.964972069400409951e-05
3.939859754923634438e-04 7.600220779388711318e-05
3.997496572835757900e-04 8.134620859380951939e-05
4.055976568674428710e-04 8.091506543731072853e-05
4.115312077419982194e-04 6.458448670915902250e-05
4.175515614503096931e-04 7.724688376845003561e-05
4.236599878444621044e-04 6.887955732405284988e-05
4.298577753534026991e-04 9.068495824504433625e-05
4.361462312547055922e-04 8.113571284556992747e-05
4.425266819503099677e-04 9.134228184209982324e-05
4.490004732462949798e-04 8.673275227831424988e-05
4.555689706367449152e-04 9.308062289643692796e-05
4.622335595917678795e-04 1.017685624400421502e-04
4.689956458497289947e-04 9.177895996143919835e-05
4.758566557137573587e-04 7.869341896334241279e-05
4.828180363525911688e-04 1.167541022680584022e-04
4.898812561058241101e-04 1.069493696679509222e-04
4.970478047936164332e-04 1.237947376885360307e-04
5.043191940309384863e-04 1.091354145707501972e-04
5.116969575464099624e-04 9.882047612510060119e-05
5.191826515058036015e-04 9.949017267989663821e-05
5.267778548402823023e-04 1.183031808643034556e-04
5.344841695794364314e-04 1.270971730079439421e-04
5.423032211891959213e-04 1.463813128291763612e-04
5.502366589146830784e-04 1.324118458074333995e-04
5.582861561280821026e-04 1.241631511532999700e-04
5.664534106815980689e-04 1.206164818767783736e-04
5.747401452655780119e-04 1.458807988551245264e-04
5.831481077718731528e-04 1.301688369065569998e-04
5.916790716625150177e-04 1.238752552509913662e-04
6.003348363437854612e-04 1.357218626984434953e-04
6.091172275457593099e-04 1.551865204848872331e-04
6.180280977073986624e-04 1.701847048327161268e-04
6.270693263672821134e-04 1.611071165067491141e-04
6.362428205600491327e-04 1.825756608877824943e-04
6.455505152186439503e-04 2.038425573142423942e-04
6.549943735824441653e-04 1.841234322794084888e-04
6.645763876113594060e-04 1.784387703647162472e-04
6.742985784059895953e-04 1.892271829841257725e-04
6.841629966339280410e-04 2.018888531951034640e-04
6.941717229623012905e-04 1.933180896803090177e-04
7.043268684966375818e-04 2.110354430191812235e-04
7.146305752261537716e-04 2.064278777809751243e-04
7.250850164755591855e-04 2.292690060439121866e-04
7.356923973634661631e-04 2.395762416271680602e-04
7.464549552675084527e-04 2.454774932117136793e-04
7.573749602962638432e-04 2.448967009564818583e-04
7.684547157680783917e-04 2.606073621614951228e-04
7.796965586969000200e-04 2.504192540386629786e-04
7.911028602852150432e-04 2.350455748847293629e-04
8.026760264241967037e-04 2.480367506731282943e-04
8.144184982011735876e-04 2.678217326264590746e-04
8.263327524145182117e-04 3.182363842219707072e-04
8.384213020960696238e-04 2.914422896458970487e-04
8.506866970411987609e-04 2.954948670206196740e-04
8.631315243466263941e-04 3.208643449836355403e-04
8.757584089561128160e-04 3.265087927813562266e-04
8.885700142141259548e-04 3.132761152272055174e-04
9.015690424276124899e-04 3.381741679858461585e-04
9.147582354359855934e-04 3.331516482751224490e-04
9.281403751894502958e-04 3.697351228195967202e-04
9.417182843357926750e-04 3.596958845915694731e-04
9.554948268157498550e-04 3.771712247951371330e-04
9.694729084670909193e-04 3.984567122076186131e-04
9.836554776375358057e-04 3.790721229545570095e-04
9.980455258066377351e-04 4.395446596513800605e-04
1.012646088216768818e-03 4.294920853683922737e-04
1.027460244513331029e-03 4.645348906071703225e-04
1.042491119394335121e-03 4.256340977051355245e-04
1.057741883269483008e-03 4.783785563788192706e-04
1.073215752928889568e-03 5.159926440127693848e-04
1.088915992221590676e-03 4.761856926174296185e-04
1.104845912743975152e-03 5.085692282763254165e-04
1.121008874538287218e-03 5.482803157409428876e-04
1.137408286801349505e-03 5.395197828197436209e-04
1.154047608603650608e-03 5.682404296726564167e-04
1.170930349618958498e-03 5.960263151705701319e-04
1.188060070864600760e-03 6.034553799682798505e-04
1.205440385452578823e-03 6.439736955614187332e-04
1.223074959351669062e-03 6.369564752933349000e-04
1.240967512160670149e-03 6.450847967733857463e-04
1.259121817892969479e-03 6.521041537899246185e-04
1.277541705772578928e-03 6.967457662062910388e-04
1.296231061041821023e-03 7.050271420760324684e-04
1.315193825780830526e-03 7.731889256393134190e-04
1.334433999739039704e-03 7.493109362340652025e-04
1.353955641178836806e-03 7.777058395714567989e-04
1.373762867731557558e-03 8.108069086416913639e-04
1.393859857266002006e-03 8.077887657816978581e-04
1.414250848769661902e-03 8.446126862382491787e-04
1.434940143242830791e-03 8.886595289856926826e-04
1.455932104605802378e-03 8.527885597147425931e-04
1.477231160619335180e-03 9.072018529925881874e-04
1.498841803818583198e-03 9.179990180441877437e-04
1.520768592460694252e-03 9.843892671305750491e-04
1.543016151486264424e-03 1.006999356245960424e-03
1.565589173494862183e-03 1.051060272542125949e-03
1.588492419734820627e-03 1.067945617525741095e-03
1.611730721107509446e-03 1.054744881863903120e-03
1.635308979186304770e-03 1.145727430971302295e-03
1.659232167250456391e-03 1.169876531174328296e-03
1.683505331334086540e-03 1.237973215310505604e-03
1.708133591290531429e-03 1.232759297494568631e-03
1.733122141872251928e-03 1.260982461081301079e-03
1.758476253826548024e-03 1.325616957630574829e-03
1.784201275007297766e-03 1.319190499597909082e-03
1.810302631502959912e-03 1.351232014105976757e-03
1.836785828781082024e-03 1.493282075878010762e-03
1.863656452849546050e-03 1.516157502555544887e-03
1.890920171434809418e-03 1.538235836416485544e-03
1.918582735177376281e-03 1.534442321239437622e-03
1.946649978844760404e-03 1.651085970809093974e-03
1.975127822562192971e-03 1.647976148729868697e-03
2.004022273061330760e-03 1.716644751587160156e-03
2.033339424947239182e-03 1.742447640832653268e-03
2.063085461983904783e-03 1.752040926526470194e-03
2.093266658398552568e-03 1.854432449784858923e-03
2.123889380205049200e-03 1.845194023911432600e-03
2.154960086546662233e-03 1.926348693630030185e-03
2.186485331058465528e-03 1.988679322798516790e-03
2.218471763249677507e-03 1.955633313646479906e-03
2.250926129906210237e-03 2.230026178551159938e-03
2.283855276513755035e-03 2.216762714680624302e-03
2.317266148701670452e-03 2.327950598929992478e-03
2.351165793708002646e-03 2.257380066350294420e-03
2.385561361865933504e-03 2.462777860699289379e-03
2.420460108111972646e-03 2.498567996159431134e-03
2.455869393516222493e-03 2.461926383840321638e-03
2.491796686835016060e-03 2.728015874643209288e-03
2.528249566086279189e-03 2.728473607210014397e-03
2.565235720147935120e-03 2.735807082116365613e-03
2.602762950379688793e-03 2.831358162993591679e-03
2.640839172268547377e-03 2.967275451889877635e-03
2.679472417098398805e-03 2.883872340064422366e-03
2.718670833644028229e-03 3.113477847078994099e-03
2.758442689889907193e-03 3.232665465020517336e-03
2.798796374774128060e-03 3.257504645953937517e-03
2.839740399957860553e-03 3.304323441201555828e-03
2.881283401620680397e-03 3.520246946435766442e-03
2.923434142282172084e-03 3.617437336625143815e-03
2.966201512650174822e-03 3.618053410646645575e-03
3.009594533496064584e-03 3.864549952636191828e-03
3.053622357557481213e-03 3.978688045181736146e-03
3.098294271468879195e-03 4.007454523093536072e-03
3.143619697720323632e-03 4.177699394581920952e-03
3.189608196644948181e-03 4.365053033836032749e-03
3.236269468435472654e-03 4.355324435968930923e-03
3.283613355190242132e-03 4.543150703837376542e-03
3.331649842989180092e-03 4.600468517109153159e-03
3.380389064000117842e-03 4.876971739732378561e-03
3.429841298615938713e-03 4.939803779200575146e-03
3.480016977622979804e-03 5.080630474049403940e-03
3.530926684401169621e-03 5.134726291360661339e-03
3.582581157156337903e-03 5.419767895734206239e-03
3.634991291185188551e-03 5.631159040831615163e-03
3.688168141173409249e-03 5.707245666880327549e-03
3.742122923527388314e-03 5.986761569967693868e-03
3.796867018740064399e-03 6.098286587599033304e-03
3.852411973791368318e-03 6.237985750491072644e-03
3.908769504583781314e-03 6.351204554671923894e-03
3.965951498413539285e-03 6.522194568392100135e-03
4.023970016477973477e-03 6.841034355009933086e-03
4.082837296419535369e-03 7.006023898994031239e-03
4.142565754907045691e-03 7.160389800407254007e-03
4.203167990254684516e-03 7.549206439418487853e-03
4.264656785079329153e-03 7.629072618477632586e-03
4.327045108996732496e-03 7.918612799859352583e-03
4.390346121357163733e-03 8.063626062048877274e-03
4.454573174021066520e-03 8.292898506170811798e-03
4.519739814175307083e-03 8.690344715644638188e-03
4.585859787190652362e-03 8.872019135299839127e-03
4.652947039521022898e-03 9.094233720499290616e-03
4.721015721645172719e-03 9.246579764017187619e-03
4.790080191051398172e-03 9.561032520769270279e-03
4.860155015265908013e-03 1.000112021172311350e-02
4.931254974925513949e-03 1.025797112050159596e-02
5.003395066895245311e-03 1.039532919333401896e-02
5.076590507431592153e-03 1.072684729396743315e-02
5.150856735392015176e-03 1.095816657433391558e-02
5.226209415491405927e-03 1.141462106272517034e-02
5.302664441606197258e-03 1.170138198405413360e-02
5.380237940126798846e-03 1.201640082167102809e-02
5.458946273359080274e-03 1.251317140436888561e-02
5.538806042975618141e-03 1.259416543581786015e-02
5.619834093517418402e-03 1.314122651632652038e-02
5.702047515946887662e-03 1.387797691058001437e-02
5.785463651252769832e-03 1.405560461525798450e-02
5.870100094107807975e-03 1.473346862605273005e-02
5.955974696579945799e-03 1.473494864725732878e-02
6.043105571897777403e-03 1.548327828014703367e-02
6.131511098271129161e-03 1.551140128144466550e-02
6.221209922767501413e-03 1.623127582417286871e-02
6.312220965245229562e-03 1.673740427538595796e-02
6.404563422344185068e-03 1.728953166887311696e-02
6.498256771534847293e-03 1.779448683166764619e-02
6.593320775226632624e-03 1.810406793456319219e-02
6.689775484936302287e-03 1.874844643463723787e-02
6.787641245517349146e-03 1.906697310018026434e-02
6.886938699451285520e-03 1.959904287084301283e-02
6.987688791201676804e-03 2.026974389025057097e-02
7.089912771631883687e-03 2.096601708147307133e-02
7.193632202487441896e-03 2.153939581804155401e-02
7.298868960943985865e-03 2.229547644506224557e-02
7.405645244221747622e-03 2.285654029260640943e-02
7.513983574267524279e-03 2.353053148743650819e-02
7.623906802505158418e-03 2.404196563760620936e-02
7.735438114655511510e-03 2.506570832895905696e-02
7.848601035626932149e-03 2.540706622480110727e-02
7.963419434477297248e-03 2.615334147577220644e-02
8.079917529448633201e-03 2.710394855150226670e-02
8.198119893075363901e-03 2.767804584714165031e-02
8.318051457367329690e-03 2.871140732711137053e-02
8.439737519068589433e-03 2.962975101044481446e-02
8.563203744993197475e-03 3.053623446440754258e-02
8.688476177438994585e-03 3.149627780519817510e-02
8.815581239680625458e-03 3.243411609814454699e-02
8.944545741542919010e-03 3.322763774663002601e-02
9.075396885055757312e-03 3.392343860312251047e-02
9.208162270191742882e-03 3.496698837203344318e-02
9.342869900687746781e-03 3.580608013914678145e-02
9.479548189951631648e-03 3.734515940988142324e-02
9.618225967055414258e-03 3.804624731298551082e-02
9.758932482816042031e-03 3.927682702340838661e-02
9.901697415965211163e-03 4.025531398868312238e-02
1.004655087940936609e-02 4.191147815617572020e-02
1.019352342658132529e-02 4.298922261696484087e-02
1.034264605788479466e-02 4.387853032872813391e-02
1.049395022723317167e-02 4.556883561515336079e-02
1.064746784868404739e-02 4.654614410839610222e-02
1.080323130317069162e-02 4.785696793589187120e-02
1.096127344533204089e-02 4.944195663222419185e-02
1.112162761044262552e-02 5.103797543760220379e-02
1.128432762144389832e-02 5.206013782227485870e-02
1.144940779607831957e-02 5.391419890016109495e-02
1.161690295412791743e-02 5.447599885777546641e-02
1.178684842475873247e-02 5.684583596896753549e-02
1.195928005397260338e-02 5.818973432734396434e-02
1.213423421216807546e-02 6.031984186618102178e-02
1.231174780181190642e-02 6.150728315208388308e-02
1.249185826522275326e-02 6.333564863517252008e-02
1.267460359246871601e-02 6.544643091094587417e-02
1.286002232938048169e-02 6.711617905668998407e-02
1.304815358568169395e-02 6.921731199701777748e-02
1.323903704323815475e-02 7.073138725890906753e-02
1.343271296442782523e-02 7.330155423100558065e-02
1.362922220063325987e-02 7.494321690188304741e-02
1.382860620085816714e-02 7.703441514912028054e-02
1.403090702047014339e-02 7.925111048384268775e-02
1.423616733007130805e-02 8.141643404224027658e-02
1.444443042449857981e-02 8.406506682207648407e-02
1.465574023195573977e-02 8.680039398341971024e-02
1.487014132327909091e-02 8.816861426074480701e-02
1.508767892133859936e-02 9.078267404386280992e-02
1.530839891057655597e-02 9.348609573757529767e-02
1.553234784668586221e-02 9.568859950389732583e-02
1.575957296642989391e-02 9.907252583370936005e-02
1.599012219760591325e-02 1.015959630113486972e-01
1.622404416915432246e-02 1.047988171305191119e-01
1.646138822141588604e-02 1.075061575319275348e-01
1.670220441653878785e-02 1.106957642118164276e-01
1.694654354903812193e-02 1.128553305231631693e-01
1.719445715650983614e-02 1.166795122042139504e-01
1.744599753050134552e-02 1.201329444970397203e-01
1.770121772754117140e-02 1.227437855650114623e-01
1.796017158032999633e-02 1.259959067730462567e-01
1.822291370909545627e-02 1.299371954045675237e-01
1.848949953311290750e-02 1.329755971907733703e-01
1.875998528239484348e-02 1.369489716180423977e-01
1.903442800955138653e-02 1.405429826418421735e-01
1.931288560182404385e-02 1.447466050365368295e-01
1.959541679329573904e-02 1.480710516251607378e-01
1.988208117727942315e-02 1.522676123866243958e-01
2.017293921888785313e-02 1.564206953157875335e-01
2.046805226778721648e-02 1.604744231659062381e-01
2.076748257113746748e-02 1.652247265699457457e-01
2.107129328672195656e-02 1.691422979490807554e-01
2.137954849626895817e-02 1.728271472655576180e-01
2.169231321896825798e-02 1.783192780949574008e-01
2.200965342518549500e-02 1.828167487306653627e-01
2.233163605037693372e-02 1.876297251923273179e-01
2.265832900920797255e-02 1.922959010075559472e-01
2.298980120987820924e-02 1.976122236488538908e-01
2.332612256865596728e-02 2.023171237160772962e-01
2.366736402462540564e-02 2.080507237296763123e-01
2.401359755464953921e-02 2.135217742472542979e-01
2.436489618855210842e-02 2.173487995319664245e-01
2.472133402452138251e-02 2.238583454312277621e-01
2.508298624473948024e-02 2.297073347498879703e-01
2.544992913124037581e-02 2.357748003738248110e-01
2.582224008199964643e-02 2.411149975195210626e-01
2.619999762725981618e-02 2.469277438453718887e-01
2.658328144609457128e-02 2.532734873855353452e-01
2.697217238321500399e-02 2.589776905889221714e-01
2.736675246602199296e-02 2.648530068034457008e-01
2.776710492190802293e-02 2.733367191846735045e-01
2.817331419581196525e-02 2.788455184654198837e-01
2.858546596803071549e-02 2.847101614452965945e-01
2.900364717229148709e-02 2.919236172650384598e-01
2.942794601408853586e-02 2.988955389744139546e-01
2.985845198928783334e-02 3.062126735499284269e-01
3.029525590300423746e-02 3.138075299353834113e-01
3.073844988875476525e-02 3.212422135578168469e-01
3.118812742789181178e-02 3.277671517308049509e-01
3.164438336932094697e-02 3.364638063594953543e-01
3.210731394950710332e-02 3.424212052578884946e-01
3.257701681277337669e-02 3.522899066541037016e-01
3.305359103189667302e-02 3.589419607186910000e-01
3.353713712900491944e-02 3.663024221934257363e-01
3.402775709677986760e-02 3.748686008258359514e-01
3.452555441996989216e-02 3.824279607799217495e-01
3.503063409721780125e-02 3.909429428272904183e-01
3.554310266320785672e-02 3.980440096070436140e-01
3.606306821113659800e-02 4.069174841560387335e-01
3.659064041551268742e-02 4.156649868137194392e-01
3.712593055529017638e-02 4.244173747784225625e-01
3.766905153734019518e-02 4.329740521444795931e-01
3.822011792026586141e-02 4.413886792106075374e-01
3.877924593856579838e-02 4.490232077945522371e-01
3.934655352715126647e-02 4.571830894047021476e-01
3.992216034622142473e-02 4.665735248620866971e-01
4.050618780650300232e-02 4.773849275294511085e-01
4.109875909485918161e-02 4.840294491749893568e-01
4.169999920027268880e-02 4.934243303897780653e-01
4.231003494020939976e-02 5.024358763480426537e-01
4.292899498736767183e-02 5.108984012278681153e-01
4.355700989681852986e-02 5.196087281117778289e-01
4.419421213354333272e-02 5.268662622458175626e-01
4.484073610037424273e-02 5.359311077965740466e-01
4.549671816634325017e-02 5.450324466484240959e-01
4.616229669544590075e-02 5.533674569857155445e-01
4.683761207582605446e-02 5.622776327336141966e-01
4.752280674938759442e-02 5.705136499333575140e-01
4.821802524183890076e-02 5.791943131002644796e-01
4.892341419317729201e-02 5.868587912018441433e-01
4.963912238861947074e-02 5.951891493651517706e-01
5.036530078998391335e-02 6.025607968928456959e-01
5.110210256753291991e-02 6.103270613012962142e-01
5.184968313228033310e-02 6.179075742014255024e-01
5.260820016877179595e-02 6.250173337337189272e-01
5.337781366834442459e-02 6.321701223498985556e-01
5.415868596287337633e-02 6.385885596364485606e-01
5.495098175901209220e-02 6.457595084348254355e-01
5.575486817293295871e-02 6.511681328324726570e-01
5.657051476557670155e-02 6.582390980276626724e-01
5.739809357841744314e-02 6.626960396939416409e-01
5.823777916975050178e-02 6.680299555763949959e-01
5.908974865151148115e-02 6.729344682372749853e-01
5.995418172663402601e-02 6.771938590000123881e-01
6.083126072695378000e-02 6.824083636103959183e-01
6.172117065166692756e-02 6.860422821851629438e-01
6.262409920635149396e-02 6.901887973268697740e-01
6.354023684255963311e-02 6.927121574336828624e-01
6.446977679798857053e-02 6.944099711173055134e-01
6.541291513723962447e-02 6.977788525704536893e-01
6.636985079317377079e-02 7.001274412953847337e-01
6.734078560887135634e-02 7.010139496846459206e-01
6.832592438020634873e-02 7.009700503055631415e-01
6.932547489904344884e-02 7.013590975815015005e-01
7.033964799706662885e-02 7.004123913395027268e-01
7.136865759024910161e-02 7.000533886190942745e-01
7.241272072397386683e-02 6.980875172083620406e-01
7.347205761881472896e-02 6.950782166259086292e-01
7.454689171698605787e-02 6.932570125163085573e-01
7.563744972947292200e-02 6.899788297822887495e-01
7.674396168385075323e-02 6.864772866755795011e-01
7.786666097280373067e-02 6.817343776239510600e-01
7.900578440335370711e-02 6.745403453873463073e-01
8.016157224680930948e-02 6.715598265907445352e-01
8.133426828944512188e-02 6.639012583834589254e-01
8.252411988392280295e-02 6.574591247809171701e-01
8.373137800146458753e-02 6.497951717618534184e-01
8.495629728478951148e-02 6.423144737677912719e-01
8.619913610182416974e-02 6.327910075993525840e-01
8.746015660019958171e-02 6.244717084162427767e-01
8.873962476254521059e-02 6.138946767081258082e-01
9.003781046259135001e-02 6.034540880876366753e-01
9.135498752209281204e-02 5.939777729807615980e-01
9.269143376858551830e-02 5.817482923639059056e-01
9.404743109398709666e-02 5.697239286793571722e-01
9.542326551405566626e-02 5.580649108100128597e-01
9.681922722871832976e-02 5.446742026240413148e-01
9.823561068328180712e-02 5.326291790328374631e-01
9.967271463053854752e-02 5.179147039708822398e-01
1.011308421937818502e-01 5.050747221819232857e-01
1.026103009307428732e-01 4.906040184366388113e-01
1.041114028984620882e-01 4.768034658421724803e-01
1.056344647191106989e-01 4.607211768249743766e-01
1.071798076467749272e-01 4.474972776557832876e-01
1.087477576352164632e-01 4.324841996052853910e-01
1.103386454066249411e-01 4.170925423814310640e-01
1.119528065213763607e-01 4.012851620785802820e-01
1.135905814488113175e-01 3.858146172321252898e-01
1.152523156390488634e-01 3.716521797778343239e-01
1.169383595958513322e-01 3.570941146847065317e-01
1.186490689505550755e-01 3.408876964810762522e-01
1.203848045370820297e-01 3.264650085957692127e-01
1.221459324680493619e-01 3.112799964782883011e-01
1.239328242119927120e-01 2.966951665979573050e-01
1.257458566717180592e-01 2.829005987638369968e-01
1.275854122638007682e-01 2.680658150982705989e-01
1.294518789992479824e-01 2.548270760613878805e-01
1.313456505653393669e-01 2.404697691820117667e-01
1.332671264086667806e-01 2.267679322846044010e-01
1.352167118193882689e-01 2.136447707747935743e-01
1.371948180167144593e-01 2.013137699000934200e-01
1.392018622356449853e-01 1.890653590675064888e-01
1.412382678149749493e-01 1.765888119848569859e-01
1.433044642865885510e-01 1.656892184814850733e-01
1.454008874660580042e-01 1.548534710004381976e-01
1.475279795445689213e-01 1.436349268785757360e-01
1.496861891821906210e-01 1.340398664549295737e-01
1.518759716025095408e-01 1.240819285703493591e-01
1.540977886886484571e-01 1.150284255867594224e-01
1.563521090806899994e-01 1.061655592403317472e-01
1.586394082745251621e-01 9.728622072491570349e-02
1.609601687221475785e-01 8.980685376156795352e-02
1.633148799334157020e-01 8.267130664307982546e-02
1.657040385793039361e-01 7.549999769858993515e-02
1.681281485966627243e-01 6.851986971171689089e-02
1.705877212945126620e-01 6.272800761993788110e-02
1.730832754618936153e-01 5.706863778764906248e-02
1.756153374772900788e-01 5.184034423101373246e-02
1.781844414196588344e-01 4.688370434750126908e-02
1.807911291810806731e-01 4.236767674464312489e-02
1.834359505810595203e-01 3.795638030324718221e-02
1.861194634824935024e-01 3.403757179509975944e-02
1.888422339093434044e-01 3.027174732252848471e-02
1.916048361660226684e-01 2.714555530201380115e-02
1.944078529585322457e-01 2.396833537713335613e-02
1.972518755173693905e-01 2.148857383485698602e-02
2.001375037222342945e-01 1.894259296758792413e-02
2.030653462285595678e-01 1.666265381297558912e-02
2.060360205958922664e-01 1.499827068616216459e-02
2.090501534181542498e-01 1.303886232135689251e-02
2.121083804558061281e-01 1.133926008786344600e-02
2.152113467699467153e-01 9.968779424960060725e-03
2.183597068583738310e-01 8.607749411114962862e-03
2.215541247936348435e-01 7.631500934310192844e-03
2.247952743630967642e-01 6.478825361853372475e-03
2.280838392110661195e-01 5.587994362092449548e-03
2.314205129829886298e-01 4.794832774326230479e-03
2.348059994717557053e-01 4.051319141633856827e-03
2.382410127661539478e-01 3.516033391057285951e-03
2.417262774014859450e-01 2.993158520322760242e-03
2.452625285123926357e-01 2.531659141480761908e-03
2.488505119879133587e-01 2.115491697061608681e-03
2.524909846288141413e-01 1.843833911643649910e-03
2.561847143072163990e-01 1.519952920116840120e-03
2.599324801285612385e-01 1.275128453229257232e-03
2.637350725959437536e-01 1.020316271908397335e-03
2.675932937768518149e-01 8.636550255939987736e-04
2.715079574723419098e-01 6.929839976196111497e-04
2.754798893886922229e-01 5.712742849095376729e-04
2.795099273115665417e-01 4.572354338203573590e-04
2.835989212827238481e-01 3.872274246779410043e-04
2.877477337793156176e-01 3.090952715074969941e-04
2.919572398958056869e-01 2.397657541740798141e-04
2.962283275285499951e-01 1.938160016077323687e-04
3.005618975630770517e-01 1.712117214419351069e-04
3.049588640641094361e-01 1.212483745793752098e-04
3.094201544683645166e-01 9.694289328632785024e-05
3.139467097801742490e-01 8.418776547869852018e-05
3.185394847699682952e-01 7.897055764211484180e-05
3.231994481756618187e-01 5.007532520318596508e-05
3.279275829069857595e-01 4.190412854597153969e-05
3.327248862528096596e-01 2.962462377499318862e-05
3.375923700914967296e-01 2.626101879476833173e-05
3.425310611043355102e-01 2.062115800538246422e-05
3.475420009920930919e-01 1.266034126043581952e-05
3.526262466947382990e-01 9.702123135513634423e-06
3.577848706143795243e-01 7.402008410864531207e-06
3.630189608414602365e-01 5.092392957370842367e-06
3.683296213842673361e-01 7.119153843461319471e-06
3.737179724017970495e-01 4.925466570258263910e-06
3.791851504400235440e-01 2.218798749186223850e-06
3.847323086716280538e-01 1.439786621748338391e-06
3.903606171392344226e-01 1.203963557195180189e-06
3.960712630021998581e-01 1.439914453969728410e-06
4.018654507870196846e-01 7.061565260537988371e-07
4.077444026413942213e-01 5.299259491515383271e-07
4.137093585920117444e-01 3.019686900989472748e-07
4.197615768061020436e-01 5.254416980799358135e-07
4.259023338568176942e-01 3.275425494597611346e-07
4.321329249924989457e-01 4.018886612085009923e-07
4.384546644098730739e-01 0.000000000000000000e+00
4.448688855312545876e-01 0.000000000000000000e+00
4.513769412858005814e-01 1.743235998106151571e-07
4.579802043948769108e-01 1.737664054814255577e-07
4.646800676616025250e-01 2.493457940771061325e-07
4.714779442646297447e-01 0.000000000000000000e+00
4.783752680562199933e-01 0.000000000000000000e+00
4.853734938646802610e-01 0.000000000000000000e+00
4.924740978012259740e-01 0.000000000000000000e+00
4.996785775713332711e-01 0.000000000000000000e+00
5.069884527906421967e-01 0.000000000000000000e+00
5.144052653054848045e-01 0.000000000000000000e+00
5.219305795181032881e-01 0.000000000000000000e+00
5.295659827166210309e-01 0.000000000000000000e+00
5.373130854098444598e-01 0.000000000000000000e+00
5.451735216669637563e-01 0.000000000000000000e+00
5.531489494622203740e-01 0.000000000000000000e+00
5.612410510246160777e-01 0.000000000000000000e+00
5.694515331927409996e-01 0.000000000000000000e+00
5.777821277747927642e-01 9.281982373328063096e-08
5.862345919138574057e-01 0.000000000000000000e+00
5.948107084585388948e-01 0.000000000000000000e+00
6.035122863390113279e-01 0.000000000000000000e+00
6.123411609485660545e-01 0.000000000000000000e+00
6.212991945307471120e-01 0.000000000000000000e+00
6.303882765721491310e-01 0.000000000000000000e+00
6.396103242009565371e-01 0.000000000000000000e+00
6.489672825913188614e-01 0.000000000000000000e+00
6.584611253736400993e-01 0.000000000000000000e+00
6.680938550508692675e-01 0.000000000000000000e+00
6.778675034208790917e-01 0.000000000000000000e+00
6.877841320050279705e-01 0.000000000000000000e+00
6.978458324829910353e-01 0.000000000000000000e+00
7.080547271339473481e-01 0.000000000000000000e+00
7.184129692842258219e-01 0.000000000000000000e+00
7.289227437615020122e-01 0.000000000000000000e+00
7.395862673556312661e-01 0.000000000000000000e+00
7.504057892862305845e-01 0.000000000000000000e+00
7.613835916771003465e-01 0.000000000000000000e+00
7.725219900375829285e-01 0.000000000000000000e+00
7.838233337509639131e-01 0.000000000000000000e+00
7.952900065700201360e-01 0.000000000000000000e+00
8.069244271198189322e-01 0.000000000000000000e+00
8.187290494078659497e-01 0.000000000000000000e+00
8.307063633417219872e-01 0.000000000000000000e+00
8.428588952541931079e-01 0.000000000000000000e+00
8.551892084361969459e-01 0.000000000000000000e+00
8.676999036774298846e-01 0.000000000000000000e+00
8.803936198149451275e-01 0.000000000000000000e+00
8.932730342897515774e-01 0.000000000000000000e+00
9.063408637115548672e-01 0.000000000000000000e+00
9.195998644317645576e-01 0.000000000000000000e+00
9.330528331248839624e-01 0.000000000000000000e+00
9.467026073783977314e-01 0.000000000000000000e+00
9.605520662912966356e-01 0.000000000000000000e+00
9.746041310813593483e-01 0.000000000000000000e+00
9.888617657013079043e-01 0.000000000000000000e+00
1.003327977463987608e+00 0.000000000000000000e+00
1.018005817676691738e+00 0.000000000000000000e+00
1.032898382284756833e+00 0.000000000000000000e+00
1.048008812524582556e+00 0.000000000000000000e+00
1.063340295586204576e+00 0.000000000000000000e+00
1.078896065285554151e+00 0.000000000000000000e+00
1.094679402746554064e+00 0.000000000000000000e+00
1.110693637093196573e+00 0.000000000000000000e+00
1.126942146151747481e+00 0.000000000000000000e+00
1.143428357163212006e+00 0.000000000000000000e+00
1.160155747506234292e+00 0.000000000000000000e+00
1.177127845430572251e+00 0.000000000000000000e+00
1.194348230801292043e+00 0.000000000000000000e+00
1.211820535853858960e+00 0.000000000000000000e+00
1.229548445960276570e+00 0.000000000000000000e+00
1.247535700406424475e+00 0.000000000000000000e+00
1.265786093180771843e+00 0.000000000000000000e+00
1.284303473774632387e+00 0.000000000000000000e+00
1.303091747994127747e+00 0.000000000000000000e+00
1.322154878784016940e+00 0.000000000000000000e+00
1.341496887063592158e+00 0.000000000000000000e+00
1.361121852574798563e+00 0.000000000000000000e+00
1.381033914742754831e+00 0.000000000000000000e+00
1.401237273548869178e+00 0.000000000000000000e+00
1.421736190416730938e+00 0.000000000000000000e+00
1.442534989110953791e+00 0.000000000000000000e+00
1.463638056649171126e+00 0.000000000000000000e+00
1.485049844227375182e+00 0.000000000000000000e+00
1.506774868158797354e+00 0.000000000000000000e+00
1.528817710826510190e+00 0.000000000000000000e+00
1.551183021649976457e+00 0.000000000000000000e+00
1.573875518065741108e+00 0.000000000000000000e+00
1.596899986522452686e+00 0.000000000000000000e+00
1.620261283490457949e+00 0.000000000000000000e+00
1.643964336486162914e+00 0.000000000000000000e+00
1.668014145111373026e+00 0.000000000000000000e+00
1.692415782107839384e+00 0.000000000000000000e+00
1.717174394427236628e+00 0.000000000000000000e+00
1.742295204316796964e+00 0.000000000000000000e+00
1.767783510420810167e+00 0.000000000000000000e+00
1.793644688898253126e+00 0.000000000000000000e+00
1.819884194556769419e+00 0.000000000000000000e+00
1.846507562003222080e+00 0.000000000000000000e+00
1.873520406811094663e+00 0.000000000000000000e+00
1.900928426704969088e+00 0.000000000000000000e+00
1.928737402762316089e+00 0.000000000000000000e+00
1.956953200632883583e+00 0.000000000000000000e+00
1.985581771775920767e+00 0.000000000000000000e+00
