1.007314577357746395e-06 0.000000000000000000e+00
1.022050738157085172e-06 0.000000000000000000e+00
1.037002476532669867e-06 0.000000000000000000e+00
1.052172946202215323e-06 0.000000000000000000e+00
1.067565347019664431e-06 0.000000000000000000e+00
1.083182925650115004e-06 0.000000000000000000e+00
1.099028976254630445e-06 0.000000000000000000e+00
1.115106841185069142e-06 0.000000000000000000e+00
1.131419911689071041e-06 0.000000000000000000e+00
1.147971628625360671e-06 0.000000000000000000e+00
1.164765483189517368e-06 0.000000000000000000e+00
1.181805017650363486e-06 0.000000000000000000e+00
1.199093826097117550e-06 0.000000000000000000e+00
1.216635555197484504e-06 0.000000000000000000e+00
1.234433904966839137e-06 0.000000000000000000e+00
1.252492629548650261e-06 0.000000000000000000e+00
1.270815538006331790e-06 0.000000000000000000e+00
1.289406495126678695e-06 0.000000000000000000e+00
1.308269422235049389e-06 0.000000000000000000e+00
1.327408298022475615e-06 0.000000000000000000e+00
1.346827159384875163e-06 0.000000000000000000e+00
1.366530102274545501e-06 0.000000000000000000e+00
1.386521282564099480e-06 0.000000000000000000e+00
1.406804916923053165e-06 0.000000000000000000e+00
1.427385283707237743e-06 0.000000000000000000e+00
1.448266723861210011e-06 0.000000000000000000e+00
1.469453641833875500e-06 0.000000000000000000e+00
1.490950506507507443e-06 0.000000000000000000e+00
1.512761852140349597e-06 0.000000000000000000e+00
1.534892279323007713e-06 0.000000000000000000e+00
1.557346455948839277e-06 0.000000000000000000e+00
1.580129118198540584e-06 0.000000000000000000e+00
1.603245071539124057e-06 0.000000000000000000e+00
1.626699191737521068e-06 0.000000000000000000e+00
1.650496425889018006e-06 0.000000000000000000e+00
1.674641793460717854e-06 0.000000000000000000e+00
1.699140387350285004e-06 0.000000000000000000e+00
1.723997374960176362e-06 0.000000000000000000e+00
1.749217999287573916e-06 0.000000000000000000e+00
1.774807580030276668e-06 0.000000000000000000e+00
1.800771514708768779e-06 0.000000000000000000e+00
1.827115279804697280e-06 0.000000000000000000e+00
1.853844431916002885e-06 0.000000000000000000e+00
1.880964608928956931e-06 0.000000000000000000e+00
1.908481531207346938e-06 0.000000000000000000e+00
1.936401002799041579e-06 0.000000000000000000e+00
1.964728912660223922e-06 0.000000000000000000e+00
1.993471235897532631e-06 0.000000000000000000e+00
2.022634035028363983e-06 0.000000000000000000e+00
2.052223461259617184e-06 0.000000000000000000e+00
2.082245755785148092e-06 0.000000000000000000e+00
2.112707251102209193e-06 0.000000000000000000e+00
2.143614372347129500e-06 0.000000000000000000e+00
2.174973638650549482e-06 0.000000000000000000e+00
2.206791664512488845e-06 0.000000000000000000e+00
2.239075161197503816e-06 0.000000000000000000e+00
2.271830938150279099e-06 0.000000000000000000e+00
2.305065904431925127e-06 0.000000000000000000e+00
2.338787070177269020e-06 0.000000000000000000e+00
2.373001548073486551e-06 0.000000000000000000e+00
2.407716554860357156e-06 0.000000000000000000e+00
2.442939412852465149e-06 0.000000000000000000e+00
2.478677551483661393e-06 0.000000000000000000e+00
2.514938508874134382e-06 0.000000000000000000e+00
2.551729933420407560e-06 0.000000000000000000e+00
2.589059585408571160e-06 0.000000000000000000e+00
2.626935338651142886e-06 0.000000000000000000e+00
2.665365182147868279e-06 0.000000000000000000e+00
2.704357221770799593e-06 0.000000000000000000e+00
2.743919681974044932e-06 0.000000000000000000e+00
2.784060907528531530e-06 0.000000000000000000e+00
2.824789365282124550e-06 0.000000000000000000e+00
2.866113645945515583e-06 8.832733286107846548e-07
2.908042465904237457e-06 0.000000000000000000e+00
2.950584669057176779e-06 0.000000000000000000e+00
2.993749228681978078e-06 0.000000000000000000e+00
3.037545249327753744e-06 0.000000000000000000e+00
3.081981968735482214e-06 0.000000000000000000e+00
3.127068759786475975e-06 0.000000000000000000e+00
3.172815132479376366e-06 0.000000000000000000e+00
3.219230735936073713e-06 0.000000000000000000e+00
3.266325360436955554e-06 0.000000000000000000e+00
3.314108939485928916e-06 0.000000000000000000e+00
3.362591551905666001e-06 0.000000000000000000e+00
3.411783423963506540e-06 0.000000000000000000e+00
3.461694931528425492e-06 0.000000000000000000e+00
3.512336602259591695e-06 0.000000000000000000e+00
3.563719117826939279e-06 0.000000000000000000e+00
3.615853316164192712e-06 0.000000000000000000e+00
3.668750193754886335e-06 0.000000000000000000e+00
3.722420907951824327e-06 0.000000000000000000e+00
3.776876779330440196e-06 0.000000000000000000e+00
3.832129294076616543e-06 0.000000000000000000e+00
3.888190106409436032e-06 0.000000000000000000e+00
3.945071041039351476e-06 0.000000000000000000e+00
4.002784095662330252e-06 0.000000000000000000e+00
4.061341443490488050e-06 0.000000000000000000e+00
4.120755435819757446e-06 0.000000000000000000e+00
4.181038604635077492e-06 0.000000000000000000e+00
4.242203665253731971e-06 0.000000000000000000e+00
4.304263519007363188e-06 0.000000000000000000e+00
4.367231255963177964e-06 0.000000000000000000e+00
4.431120157684998909e-06 0.000000000000000000e+00
4.495943700034715789e-06 0.000000000000000000e+00
4.561715556014673132e-06 0.000000000000000000e+00
4.628449598651681045e-06 0.000000000000000000e+00
4.696159903923217583e-06 0.000000000000000000e+00
4.764860753726407982e-06 0.000000000000000000e+00
4.834566638890456673e-06 0.000000000000000000e+00
4.905292262233144501e-06 0.000000000000000000e+00
4.977052541662067912e-06 0.000000000000000000e+00
5.049862613321183391e-06 0.000000000000000000e+00
5.123737834783442357e-06 0.000000000000000000e+00
5.198693788290112811e-06 0.000000000000000000e+00
5.274746284037485708e-06 0.000000000000000000e+00
5.351911363511645367e-06 0.000000000000000000e+00
5.430205302872061158e-06 0.000000000000000000e+00
5.509644616384671335e-06 0.000000000000000000e+00
5.590246059905150172e-06 0.000000000000000000e+00
5.672026634413175810e-06 0.000000000000000000e+00
5.755003589598407766e-06 0.000000000000000000e+00
5.839194427498865285e-06 0.000000000000000000e+00
5.924616906192589155e-06 0.000000000000000000e+00
6.011289043543310338e-06 0.000000000000000000e+00
6.099229121000858101e-06 0.000000000000000000e+00
6.188455687457219067e-06 0.000000000000000000e+00
6.278987563159001034e-06 0.000000000000000000e+00
6.370843843677115559e-06 0.000000000000000000e+00
6.464043903934519574e-06 0.000000000000000000e+00
6.558607402292915576e-06 0.000000000000000000e+00
6.654554284699240485e-06 0.000000000000000000e+00
6.751904788892758010e-06 7.032552842680557565e-07
6.850679448673746411e-06 0.000000000000000000e+00
6.950899098234648166e-06 0.000000000000000000e+00
7.052584876554509078e-06 0.000000000000000000e+00
7.155758231857769887e-06 0.000000000000000000e+00
7.260440926138285322e-06 0.000000000000000000e+00
7.366655039749465955e-06 0.000000000000000000e+00
7.474422976061624485e-06 0.000000000000000000e+00
7.583767466187464127e-06 0.000000000000000000e+00
7.694711573776648474e-06 0.000000000000000000e+00
7.807278699880527707e-06 0.000000000000000000e+00
7.921492587888051990e-06 0.000000000000000000e+00
8.037377328533902904e-06 0.000000000000000000e+00
8.154957364979827154e-06 0.000000000000000000e+00
8.274257497970363489e-06 0.000000000000000000e+00
8.395302891063997905e-06 0.000000000000000000e+00
8.518119075940805925e-06 0.000000000000000000e+00
8.642731957787742387e-06 0.000000000000000000e+00
8.769167820762752732e-06 0.000000000000000000e+00
8.897453333538822177e-06 8.065595723122534284e-07
9.027615554929046979e-06 0.000000000000000000e+00
9.159681939594091512e-06 0.000000000000000000e+00
9.293680343833127217e-06 0.000000000000000000e+00
9.429639031459405388e-06 0.000000000000000000e+00
9.567586679761874957e-06 0.000000000000000000e+00
9.707552385554009091e-06 0.000000000000000000e+00
9.849565671311038320e-06 0.000000000000000000e+00
9.993656491397055546e-06 0.000000000000000000e+00
1.013985523838319066e-05 0.000000000000000000e+00
1.028819274945820828e-05 0.000000000000000000e+00
1.043870031293285345e-05 9.587683516514836410e-07
1.059140967483941058e-05 0.000000000000000000e+00
1.074635304562781570e-05 0.000000000000000000e+00
1.090356310695962130e-05 0.000000000000000000e+00
1.106307301860147234e-05 6.730528234530069099e-07
1.122491642541938768e-05 0.000000000000000000e+00
1.138912746447533417e-05 0.000000000000000000e+00
1.155574077222762343e-05 0.000000000000000000e+00
1.172479149183668274e-05 0.000000000000000000e+00
1.189631528057766575e-05 1.694813299576107682e-06
1.207034831736151717e-05 0.000000000000000000e+00
1.224692731036608570e-05 0.000000000000000000e+00
1.242608950477883701e-05 0.000000000000000000e+00
1.260787269065282000e-05 0.000000000000000000e+00
1.279231521087761615e-05 0.000000000000000000e+00
1.297945596926691007e-05 0.000000000000000000e+00
1.316933443876425501e-05 0.000000000000000000e+00
1.336199066976900349e-05 0.000000000000000000e+00
1.355746529858402446e-05 0.000000000000000000e+00
1.375579955598694823e-05 1.770024404864905347e-06
1.395703527592680112e-05 1.729964998539791902e-06
1.416121490434794070e-05 0.000000000000000000e+00
1.436838150814300096e-05 0.000000000000000000e+00
1.457857878423685134e-05 0.000000000000000000e+00
1.479185106880345199e-05 0.000000000000000000e+00
1.500824334661750401e-05 0.000000000000000000e+00
1.522780126054295324e-05 0.000000000000000000e+00
1.545057112116022781e-05 0.000000000000000000e+00
1.567659991653442197e-05 0.000000000000000000e+00
1.590593532212629987e-05 0.000000000000000000e+00
1.613862571084830798e-05 0.000000000000000000e+00
1.637472016326773407e-05 0.000000000000000000e+00
1.661426847795909308e-05 0.000000000000000000e+00
1.685732118200790824e-05 0.000000000000000000e+00
1.710392954166825580e-05 8.581733158581981870e-07
1.735414557317622482e-05 0.000000000000000000e+00
1.760802205372142312e-05 1.564776569433012198e-06
1.786561253257912133e-05 0.000000000000000000e+00
1.812697134240526785e-05 0.000000000000000000e+00
1.839215361069663454e-05 0.000000000000000000e+00
1.866121527141864113e-05 1.727003428878861997e-06
1.893421307680336196e-05 0.000000000000000000e+00
1.921120460932004300e-05 0.000000000000000000e+00
1.949224829382077500e-05 8.720891014747581988e-07
1.977740340986387761e-05 0.000000000000000000e+00
2.006673010421750834e-05 0.000000000000000000e+00
2.036028940354616632e-05 0.000000000000000000e+00
2.065814322728284870e-05 0.000000000000000000e+00
2.096035440068960072e-05 1.743083524758543243e-06
2.126698666810886848e-05 0.000000000000000000e+00
2.157810470640895772e-05 0.000000000000000000e+00
2.189377413862611608e-05 0.000000000000000000e+00
2.221406154780615261e-05 8.616922522566422995e-07
2.253903449104850828e-05 0.000000000000000000e+00
2.286876151375590824e-05 0.000000000000000000e+00
2.320331216409237394e-05 0.000000000000000000e+00
2.354275700765275634e-05 0.000000000000000000e+00
2.388716764234696154e-05 0.000000000000000000e+00
2.423661671350176551e-05 8.212287864787114624e-07
2.459117792918370451e-05 8.548045560708752314e-07
2.495092607574596845e-05 9.024135136076369024e-07
2.531593703360290548e-05 8.964790258756677974e-07
2.568628779323518389e-05 0.000000000000000000e+00
2.606205647142909086e-05 8.869768796499334890e-07
2.644332232775353569e-05 6.653882175538847392e-07
2.683016578127791539e-05 1.662060714408346475e-06
2.722266842753457623e-05 1.764122397523827419e-06
2.762091305572953733e-05 8.704534922409925505e-07
2.802498366620500994e-05 2.589709448529455655e-06
2.843496548815710749e-05 0.000000000000000000e+00
2.885094499761305602e-05 0.000000000000000000e+00
2.927300993567130672e-05 8.736704114600736971e-07
2.970124932700842990e-05 0.000000000000000000e+00
3.013575349865669028e-05 7.711434240293778437e-07
3.057661409905651831e-05 4.288878712109756406e-06
3.102392411738757062e-05 1.785073023091232374e-06
3.147777790318254023e-05 2.508035789455109613e-06
3.193827118622811437e-05 1.755330045273309567e-06
3.240550109675684740e-05 0.000000000000000000e+00
3.287956618593440767e-05 7.818007592414715965e-07
3.336056644664672153e-05 1.604464689845942787e-06
3.384860333459122246e-05 8.067652210234204536e-07
3.434377978967633887e-05 1.823128177086971224e-06
3.484620025773432989e-05 1.602861317467096643e-06
3.535597071255176533e-05 9.171330149640910828e-07
3.587319867822214914e-05 8.579584689219784116e-07
3.639799325182551120e-05 3.581007611342794947e-06
3.693046512643996819e-05 8.564592422349159430e-07
3.747072661448980061e-05 2.617957111509135120e-06
3.801889167143510757e-05 7.493381582628694757e-07
3.857507591980808783e-05 1.742465791559203042e-06
3.913939667360083957e-05 1.743240059286096641e-06
3.971197296301003197e-05 8.266501277167352369e-07
4.029292555954340905e-05 3.410360661950332760e-06
4.088237700149384478e-05 8.960214498021409036e-07
4.148045161978584190e-05 3.338366622312164599e-06
4.208727556420020056e-05 8.956293262163134977e-07
4.270297682998246060e-05 5.169067780810851720e-06
4.332768528484041656e-05 9.306009105992526762e-07
4.396153269633657363e-05 0.000000000000000000e+00
4.460465275968148065e-05 1.817609291981347071e-06
4.525718112593374049e-05 3.972366809997903550e-06
4.591925543061214606e-05 1.684330499009837975e-06
4.659101532272679944e-05 4.455169445181796294e-06
4.727260249423485881e-05 7.162549393019389172e-07
4.796416070992705924e-05 8.841250799878959618e-07
4.866583583775139729e-05 8.977394353597545920e-07
4.937777587958068129e-05 8.503101031831273041e-07
5.010013100243003903e-05 2.676031889246090426e-06
5.083305357013104394e-05 2.493772146776387989e-06
5.157669817546942586e-05 3.434784287426896972e-06
5.233122167279269528e-05 2.603849907983037474e-06
5.309678321109477598e-05 8.773933328108211377e-07
5.387354426758486257e-05 6.693460952990434112e-06
5.466166868174736750e-05 5.885312196494945056e-06
5.546132268989970656e-05 3.270820656074629168e-06
5.627267496025611541e-05 3.296674586305745494e-06
5.709589662850433445e-05 5.024417693166779342e-06
5.793116133390256831e-05 3.620257229019752861e-06
5.877864525590445873e-05 6.074051365914331911e-06
5.963852715132014786e-05 1.566580645252906833e-06
6.051098839202098770e-05 6.097439946007360836e-06
6.139621300319531559e-05 3.444423203567202484e-06
6.229438770216440984e-05 3.536799103631385123e-06
6.320570193776625569e-05 5.142711308983963292e-06
6.413034793031522577e-05 4.851559714014313622e-06
6.506852071214624727e-05 5.960241088975553351e-06
6.602041816875254946e-05 2.561497876367371615e-06
6.698624108052483167e-05 8.726497916754494882e-07
6.796619316510112173e-05 4.272658598684510759e-06
6.896048112033645924e-05 6.433810520471103809e-06
6.996931466790075197e-05 4.047423813155934824e-06
7.099290659751453627e-05 4.169832967603476379e-06
7.203147281183210093e-05 6.903683008542420261e-06
7.308523237198127171e-05 2.520762475421966833e-06
7.415440754376880113e-05 6.859413604505353126e-06
7.523922384456230034e-05 6.038079403764398721e-06
7.633991009085798322e-05 5.025265520464803666e-06
7.745669844654403443e-05 6.135460986396755837e-06
7.858982447186987452e-05 3.507846137533542319e-06
7.973952717313235366e-05 7.384075314324711964e-06
8.090604905308844213e-05 9.451788992671009929e-06
8.208963616210531388e-05 5.888898030659852548e-06
8.329053815005926136e-05 8.892716377575531794e-06
8.450900831899321307e-05 9.325505019799729977e-06
8.574530367654471233e-05 8.639576158635446190e-06
8.699968499015579544e-05 5.893673557891289260e-06
8.827241684207600455e-05 8.725133136786966914e-06
8.956376768516928206e-05 9.506726527100938537e-06
9.087400989953808253e-05 6.734515846500470848e-06
9.220341984997565236e-05 6.138884817772261200e-06
9.355227794425856618e-05 1.093136628037101794e-05
9.492086869229200176e-05 1.254440410612334746e-05
9.630948076612052004e-05 9.176522190031055154e-06
9.771840706081696753e-05 6.861961402450039690e-06
9.914794475626126477e-05 1.105201174840655556e-05
1.005983953798237853e-04 1.118246584024549201e-05
1.020700648699655904e-04 9.177364981047267324e-06
1.035632636407687597e-04 9.485669481270556108e-06
1.050783066474109812e-04 1.279915789905504449e-05
1.066155134525979928e-04 1.275558253542816686e-05
1.081752082939678623e-04 8.736873134064363812e-06
1.097577201524810103e-04 1.124908102689040612e-05
1.113633828218114799e-04 1.127589070516899362e-05
1.129925349787524514e-04 6.830985044225143759e-06
1.146455202546524122e-04 1.203583755690959935e-05
1.163226873078960100e-04 1.725889680748177456e-05
1.180243898974451611e-04 1.706923924929331179e-05
1.197509869574565813e-04 1.267703677863233395e-05
1.215028426729902278e-04 1.611313034918926339e-05
1.232803265568256602e-04 1.843746817800728750e-05
1.250838135274020277e-04 1.147257743600151699e-05
1.269136839878983120e-04 1.824085765792458745e-05
1.287703239064704949e-04 1.485011421789291728e-05
1.306541248976624296e-04 1.440536591114594534e-05
1.325654843050077343e-04 1.351459053757089347e-05
1.345048052848400299e-04 1.752628487412979022e-05
1.364724968913292474e-04 1.404841358222336637e-05
1.384689741627621927e-04 2.034044411118874067e-05
1.404946582090848791e-04 1.522709971957235182e-05
1.425499763007259256e-04 1.450606221033409758e-05
1.446353619587192093e-04 1.620133504769944675e-05
1.467512550461446904e-04 1.956082460811425997e-05
1.488981018609075767e-04 2.659895908489260503e-05
1.510763552298740415e-04 1.867147487615494753e-05
1.532864746043846919e-04 2.935666929140511909e-05
1.555289261571648411e-04 2.112083396863438263e-05
1.578041828806525388e-04 2.902471986844660297e-05
1.601127246867655807e-04 2.739097842788641043e-05
1.624550385081275565e-04 3.576264806703750789e-05
1.648316184007743760e-04 3.471035659737631361e-05
1.672429656483644480e-04 3.477438300540134324e-05
1.696895888679122988e-04 2.069821816031633727e-05
1.721720041170694284e-04 4.046330584371031789e-05
1.746907350029746578e-04 2.511468191421211283e-05
1.772463127926964107e-04 3.307345220380876119e-05
1.798392765252914858e-04 3.587206978557109160e-05
1.824701731255023301e-04 3.130379893324956923e-05
1.851395575191181560e-04 3.228431498817200439e-05
1.878479927500234016e-04 4.200989148811548992e-05
1.905960500989583640e-04 4.090744535512778950e-05
1.933843092040179166e-04 3.559695359581315605e-05
1.962133581829122986e-04 3.958676505125030727e-05
1.990837937570166219e-04 4.486875904866818984e-05
2.019962213772354674e-04 4.039373018960218045e-05
2.049512553517080502e-04 4.537143811875342419e-05
2.079495189753827666e-04 3.978197555837469443e-05
2.109916446614860312e-04 5.541114878550244794e-05
2.140782740749153025e-04 3.652491822082670959e-05
2.172100582675831029e-04 5.007623266842459940e-05
2.203876578157409004e-04 4.429724238479174162e-05
2.236117429593125589e-04 5.568417850982406000e-05
2.268829937432654382e-04 4.496840437573856945e-05
2.302021001610499618e-04 5.937895341845687473e-05
2.335697623001375500e-04 6.817757876338775499e-05
2.369866904896872481e-04 7.544433344309564929e-05
2.404536054503736029e-04 6.348416662496070002e-05
2.439712384464053064e-04 6.034990324331220414e-05
2.475403314397682953e-04 6.476972257833393473e-05
2.511616372467252397e-04 6.018833094571234297e-05
2.548359196966041608e-04 6.262555716854029965e-05
2.585639537929108195e-04 6.568500718230042780e-05
2.623465258767969681e-04 7.080789002225305591e-05
2.661844337929207853e-04 6.947835621404815486e-05
2.700784870577335392e-04 8.145613519099959043e-05
2.740295070302274432e-04 5.979016509417957391e-05
2.780383270851830317e-04 9.282379588535062751e-05
2.821057927889492317e-04 7.064426696606641029e-05
2.862327620777956505e-04 8.960591832334693799e-05
2.904201054388746463e-04 9.574412549835428624e-05
2.946687060938298270e-04 7.185728996344407048e-05
2.989794601850906614e-04 1.004418485960921411e-04
3.033532769648932068e-04 9.143698377301340686e-05
3.077910789870644693e-04 9.416463110706638868e-05
3.122938023016148465e-04 9.631233098365454186e-05
3.168623966521748672e-04 1.044461631804055715e-04
3.214978256763214920e-04 1.089245367873896056e-04
3.262010671088352832e-04 1.064263354425957928e-04
3.309731129879294278e-04 1.067329279765144996e-04
3.358149698644983172e-04 1.173506878559927522e-04
3.407276590144247153e-04 1.326137625763700099e-04
3.457122166539945761e-04 1.242010945057067802e-04
3.507696941584621721e-04 1.363856060667370420e-04
3.559011582838125906e-04 1.488144424485392204e-04
3.611076913917697336e-04 1.401532727354564366e-04
3.663903916780945468e-04 1.403329720579032296e-04
3.717503734042235672e-04 1.242712766362139530e-04
3.771887671322965234e-04 1.658281962297432279e-04
3.827067199636210743e-04 1.475640763240191114e-04
3.883053957806278109e-04 1.637757975685352329e-04
3.939859754923634438e-04 1.642661088460598939e-04
3.997496572835757900e-04 1.548126919679322481e-04
4.055976568674428710e-04 1.818853609492841446e-04
4.115312077419982194e-04 1.919227637778183043e-04
4.175515614503096931e-04 2.059115871831960825e-04
4.236599878444621044e-04 2.006537735895958831e-04
4.298577753534026991e-04 2.019559631270012210e-04
4.361462312547055922e-04 2.058394165414937130e-04
4.425266819503099677e-04 1.970140237149639606e-04
4.490004732462949798e-04 2.106881068219142693e-04
4.555689706367449152e-04 2.398804513632825115e-04
4.622335595917678795e-04 1.946241259917901739e-04
4.689956458497289947e-04 2.198175449398177979e-04
4.758566557137573587e-04 2.562199583195152357e-04
4.828180363525911688e-04 2.562799990319365403e-04
4.898812561058241101e-04 2.429195922062173563e-04
4.970478047936164332e-04 2.340323412862157712e-04
5.043191940309384863e-04 2.632868182790142086e-04
5.116969575464099624e-04 2.575751374051009823e-04
5.191826515058036015e-04 2.897999544683993174e-04
5.267778548402823023e-04 2.704008184975289358e-04
5.344841695794364314e-04 2.826666500771549150e-04
5.423032211891959213e-04 3.196747962564613086e-04
5.502366589146830784e-04 3.104959601773593755e-04
5.582861561280821026e-04 3.192340000906853802e-04
5.664534106815980689e-04 3.373971262236588804e-04
5.747401452655780119e-04 3.649413115086031206e-04
5.831481077718731528e-04 3.526093167383862088e-04
5.916790716625150177e-04 3.719528233749635798e-04
6.003348363437854612e-04 3.953663589955231641e-04
6.091172275457593099e-04 3.965101859290206436e-04
6.180280977073986624e-04 4.213807656237300581e-04
6.270693263672821134e-04 4.415034829501540345e-04
6.362428205600491327e-04 4.174841480083003073e-04
6.455505152186439503e-04 4.375233086920086870e-04
6.549943735824441653e-04 4.689324388900417435e-04
6.645763876113594060e-04 4.586532469810500876e-04
6.742985784059895953e-04 4.628493208759903153e-04
6.841629966339280410e-04 5.002694999634102078e-04
6.941717229623012905e-04 4.964768308592323615e-04
7.043268684966375818e-04 5.400034006921866246e-04
7.146305752261537716e-04 5.029285828064719533e-04
7.250850164755591855e-04 5.299382393824232608e-04
7.356923973634661631e-04 5.760395043038047487e-04
7.464549552675084527e-04 5.617992054311338884e-04
7.573749602962638432e-04 6.320478762983912195e-04
7.684547157680783917e-04 6.479998919275079938e-04
7.796965586969000200e-04 6.483834537042160043e-04
7.911028602852150432e-04 6.274677110799497387e-04
8.026760264241967037e-04 6.434125633614781259e-04
8.144184982011735876e-04 6.804821588102077630e-04
8.263327524145182117e-04 7.231154864732173724e-04
8.384213020960696238e-04 7.494966034926797607e-04
8.506866970411987609e-04 7.424197540057029480e-04
8.631315243466263941e-04 7.801860395970067587e-04
8.757584089561128160e-04 7.987257417827324816e-04
8.885700142141259548e-04 7.837395218273130078e-04
9.015690424276124899e-04 8.764419270498172761e-04
9.147582354359855934e-04 9.168211229608050133e-04
9.281403751894502958e-04 8.517049696926132099e-04
9.417182843357926750e-04 9.508005377274101428e-04
9.554948268157498550e-04 9.459109785829287759e-04
9.694729084670909193e-04 9.968657849453027575e-04
9.836554776375358057e-04 9.614514986623875267e-04
9.980455258066377351e-04 1.032206249615374083e-03
1.012646088216768818e-03 1.102442379353710906e-03
1.027460244513331029e-03 1.049751975627736828e-03
1.042491119394335121e-03 1.101109002197286045e-03
1.057741883269483008e-03 1.186484136321124547e-03
1.073215752928889568e-03 1.276723484631171138e-03
1.088915992221590676e-03 1.233599919945317777e-03
1.104845912743975152e-03 1.314059158110576948e-03
1.121008874538287218e-03 1.343936866032600019e-03
1.137408286801349505e-03 1.382866954476377882e-03
1.154047608603650608e-03 1.381107375474123706e-03
1.170930349618958498e-03 1.464538227925207608e-03
1.188060070864600760e-03 1.440365685306591948e-03
1.205440385452578823e-03 1.457027774869636399e-03
1.223074959351669062e-03 1.554843093038358682e-03
1.240967512160670149e-03 1.574432476423569824e-03
1.259121817892969479e-03 1.616561726441842093e-03
1.277541705772578928e-03 1.630246064466603839e-03
1.296231061041821023e-03 1.721693450518726977e-03
1.315193825780830526e-03 1.779001602900371660e-03
1.334433999739039704e-03 1.904541655913865152e-03
1.353955641178836806e-03 1.923217587015299502e-03
1.373762867731557558e-03 2.004092917888669438e-03
1.393859857266002006e-03 2.070849638944242174e-03
1.414250848769661902e-03 2.062078500622502829e-03
1.434940143242830791e-03 2.240086791128084124e-03
1.455932104605802378e-03 2.228385491719867342e-03
1.477231160619335180e-03 2.283307856119673896e-03
1.498841803818583198e-03 2.325458103453273591e-03
1.520768592460694252e-03 2.494579457006095100e-03
1.543016151486264424e-03 2.485717850324505387e-03
1.565589173494862183e-03 2.467807145180535809e-03
1.588492419734820627e-03 2.643636721191928215e-03
1.611730721107509446e-03 2.727711223273680645e-03
1.635308979186304770e-03 2.776882577797327393e-03
1.659232167250456391e-03 2.876330635710766005e-03
1.683505331334086540e-03 2.913227947858065478e-03
1.708133591290531429e-03 3.050719189172621058e-03
1.733122141872251928e-03 3.072135483808809565e-03
1.758476253826548024e-03 3.255510882524486737e-03
1.784201275007297766e-03 3.394558233413679654e-03
1.810302631502959912e-03 3.463123430490791261e-03
1.836785828781082024e-03 3.483834156473779569e-03
1.863656452849546050e-03 3.547508276469398154e-03
1.890920171434809418e-03 3.681359908395885356e-03
1.918582735177376281e-03 3.861915913666559563e-03
1.946649978844760404e-03 3.882670319497643144e-03
1.975127822562192971e-03 4.148904714513424255e-03
2.004022273061330760e-03 4.269487938761308901e-03
2.033339424947239182e-03 4.295916147537231014e-03
2.063085461983904783e-03 4.399459817940748647e-03
2.093266658398552568e-03 4.494157477396720606e-03
2.123889380205049200e-03 4.589156472270602451e-03
2.154960086546662233e-03 4.848592072358543295e-03
2.186485331058465528e-03 5.002404132312112880e-03
2.218471763249677507e-03 5.203478325193323754e-03
2.250926129906210237e-03 5.371618324430749505e-03
2.283855276513755035e-03 5.427386308013207143e-03
2.317266148701670452e-03 5.615785094579941843e-03
2.351165793708002646e-03 5.781809571771259412e-03
2.385561361865933504e-03 5.960312218095817176e-03
2.420460108111972646e-03 6.238043095410194042e-03
2.455869393516222493e-03 6.349223753662893571e-03
2.491796686835016060e-03 6.353079738962592697e-03
2.528249566086279189e-03 6.520666367728044678e-03
2.565235720147935120e-03 6.878706704993480317e-03
2.602762950379688793e-03 6.924319077133463639e-03
2.640839172268547377e-03 7.288240401382258676e-03
2.679472417098398805e-03 7.280089329000182137e-03
2.718670833644028229e-03 7.734062063833078461e-03
2.758442689889907193e-03 7.919627022239732889e-03
2.798796374774128060e-03 8.164078050489954191e-03
2.839740399957860553e-03 8.330009858420179755e-03
2.881283401620680397e-03 8.734452848278867476e-03
2.923434142282172084e-03 8.714085343379179144e-03
2.966201512650174822e-03 9.208676720135453714e-03
3.009594533496064584e-03 9.353376380528397038e-03
3.053622357557481213e-03 9.617367404621856783e-03
3.098294271468879195e-03 9.996359975405304937e-03
3.143619697720323632e-03 1.012129626578670005e-02
3.189608196644948181e-03 1.046365076772387895e-02
3.236269468435472654e-03 1.082437617885726421e-02
3.283613355190242132e-03 1.123928354602761991e-02
3.331649842989180092e-03 1.149543547986126187e-02
3.380389064000117842e-03 1.176912659281524609e-02
3.429841298615938713e-03 1.219038917178227877e-02
3.480016977622979804e-03 1.252052871080872910e-02
3.530926684401169621e-03 1.263015370519143810e-02
3.582581157156337903e-03 1.331991971997198779e-02
3.634991291185188551e-03 1.351526355617782733e-02
3.688168141173409249e-03 1.417016515128763539e-02
3.742122923527388314e-03 1.455103283673304590e-02
3.796867018740064399e-03 1.503006008300858919e-02
3.852411973791368318e-03 1.541473616962953097e-02
3.908769504583781314e-03 1.555504446283868629e-02
3.965951498413539285e-03 1.629412060615365032e-02
4.023970016477973477e-03 1.665512679943676952e-02
4.082837296419535369e-03 1.709694642012273003e-02
4.142565754907045691e-03 1.741572197216173512e-02
4.203167990254684516e-03 1.814372837962938481e-02
4.264656785079329153e-03 1.884147943725512225e-02
4.327045108996732496e-03 1.924419633930351398e-02
4.390346121357163733e-03 2.007385330527163350e-02
4.454573174021066520e-03 2.035409499428106339e-02
4.519739814175307083e-03 2.084441313316481859e-02
4.585859787190652362e-03 2.152767062600055223e-02
4.652947039521022898e-03 2.231855970464670727e-02
4.721015721645172719e-03 2.277947716889515417e-02
4.790080191051398172e-03 2.349123589888971186e-02
4.860155015265908013e-03 2.418807544829237183e-02
4.931254974925513949e-03 2.483489586415054198e-02
5.003395066895245311e-03 2.562074867014436930e-02
5.076590507431592153e-03 2.636427118194984917e-02
5.150856735392015176e-03 2.744323134874560727e-02
5.226209415491405927e-03 2.819590354969835760e-02
5.302664441606197258e-03 2.867870876623258153e-02
5.380237940126798846e-03 2.990495648147002000e-02
5.458946273359080274e-03 3.074132080187944385e-02
5.538806042975618141e-03 3.131804523678602403e-02
5.619834093517418402e-03 3.226873850194688503e-02
5.702047515946887662e-03 3.301394198175933853e-02
5.785463651252769832e-03 3.437741545376701846e-02
5.870100094107807975e-03 3.505551455431409752e-02
5.955974696579945799e-03 3.623427543558057490e-02
6.043105571897777403e-03 3.710597296604797174e-02
6.131511098271129161e-03 3.858571071756131121e-02
6.221209922767501413e-03 3.943939329896307966e-02
6.312220965245229562e-03 4.070126401565885704e-02
6.404563422344185068e-03 4.135016059619418122e-02
6.498256771534847293e-03 4.275785203437319076e-02
6.593320775226632624e-03 4.383591811439574437e-02
6.689775484936302287e-03 4.541446140480494276e-02
6.787641245517349146e-03 4.650675638079054819e-02
6.886938699451285520e-03 4.787528821598547452e-02
6.987688791201676804e-03 4.917693951814636200e-02
7.089912771631883687e-03 5.059076598325760316e-02
7.193632202487441896e-03 5.206498136833061230e-02
7.298868960943985865e-03 5.365945890559620235e-02
7.405645244221747622e-03 5.515957234727938280e-02
7.513983574267524279e-03 5.675207671704065454e-02
7.623906802505158418e-03 5.881884784097370089e-02
7.735438114655511510e-03 6.003959399669595021e-02
7.848601035626932149e-03 6.195228599033717615e-02
7.963419434477297248e-03 6.371262362096773157e-02
8.079917529448633201e-03 6.516380198664421808e-02
8.198119893075363901e-03 6.698931544077163514e-02
8.318051457367329690e-03 6.909371504853679957e-02
8.439737519068589433e-03 7.048323854969264224e-02
8.563203744993197475e-03 7.291837212640489563e-02
8.688476177438994585e-03 7.537332423765000233e-02
8.815581239680625458e-03 7.691589980850536967e-02
8.944545741542919010e-03 7.931898091646656657e-02
9.075396885055757312e-03 8.151199603613464018e-02
9.208162270191742882e-03 8.394407480094280560e-02
9.342869900687746781e-03 8.604659269713996195e-02
9.479548189951631648e-03 8.809500700938771578e-02
9.618225967055414258e-03 9.107435843492224514e-02
9.758932482816042031e-03 9.331746796696391288e-02
9.901697415965211163e-03 9.647639664588750219e-02
1.004655087940936609e-02 9.841987000073604275e-02
1.019352342658132529e-02 1.014407990562361944e-01
1.034264605788479466e-02 1.040871601507931121e-01
1.049395022723317167e-02 1.070277789483517900e-01
1.064746784868404739e-02 1.099799601115480779e-01
1.080323130317069162e-02 1.130301292547904179e-01
1.096127344533204089e-02 1.161597559144649378e-01
1.112162761044262552e-02 1.196730469584590256e-01
1.128432762144389832e-02 1.228630936836226373e-01
1.144940779607831957e-02 1.263857234904210702e-01
1.161690295412791743e-02 1.295257981959950511e-01
1.178684842475873247e-02 1.331490332808510646e-01
1.195928005397260338e-02 1.358730335266114253e-01
1.213423421216807546e-02 1.398677718783058743e-01
1.231174780181190642e-02 1.442715799645429287e-01
1.249185826522275326e-02 1.477299241790750728e-01
1.267460359246871601e-02 1.520523149970650911e-01
1.286002232938048169e-02 1.560297728642494330e-01
1.304815358568169395e-02 1.602132076719794129e-01
1.323903704323815475e-02 1.643397698788080508e-01
1.343271296442782523e-02 1.690892425105632313e-01
1.362922220063325987e-02 1.735390841964440101e-01
1.382860620085816714e-02 1.778931299521980536e-01
1.403090702047014339e-02 1.812901622704951032e-01
1.423616733007130805e-02 1.872656786477596702e-01
1.444443042449857981e-02 1.922513733878034037e-01
1.465574023195573977e-02 1.962993986825144754e-01
1.487014132327909091e-02 2.018403977057089405e-01
1.508767892133859936e-02 2.064666353018173028e-01
1.530839891057655597e-02 2.129131656516725646e-01
1.553234784668586221e-02 2.171789764073965290e-01
1.575957296642989391e-02 2.231503823560060940e-01
1.599012219760591325e-02 2.293595294725307432e-01
1.622404416915432246e-02 2.345385190833628453e-01
1.646138822141588604e-02 2.404216733240701620e-01
1.670220441653878785e-02 2.462908765334111960e-01
1.694654354903812193e-02 2.520735361043519585e-01
1.719445715650983614e-02 2.577343493278527742e-01
1.744599753050134552e-02 2.649237275741831987e-01
1.770121772754117140e-02 2.706967037682118105e-01
1.796017158032999633e-02 2.768459846430336158e-01
1.822291370909545627e-02 2.839733660397799064e-01
1.848949953311290750e-02 2.905029904149406539e-01
1.875998528239484348e-02 2.971913160724432568e-01
1.903442800955138653e-02 3.043298209155669287e-01
1.931288560182404385e-02 3.111911176875554741e-01
1.959541679329573904e-02 3.193885422796779450e-01
1.988208117727942315e-02 3.252210625235815167e-01
2.017293921888785313e-02 3.323368216268324238e-01
2.046805226778721648e-02 3.398149917884141225e-01
2.076748257113746748e-02 3.478717133112635973e-01
2.107129328672195656e-02 3.547150657883128555e-01
2.137954849626895817e-02 3.623358872226599137e-01
2.169231321896825798e-02 3.708291956939110401e-01
2.200965342518549500e-02 3.793458085023126425e-01
2.233163605037693372e-02 3.867849454923406594e-01
2.265832900920797255e-02 3.948662950620578926e-01
2.298980120987820924e-02 4.025130887209052988e-01
2.332612256865596728e-02 4.103164621990459948e-01
2.366736402462540564e-02 4.180819530442595466e-01
2.401359755464953921e-02 4.275205465165434759e-01
2.436489618855210842e-02 4.356804641052580140e-01
2.472133402452138251e-02 4.433715559713898302e-01
2.508298624473948024e-02 4.519022782034389230e-01
2.544992913124037581e-02 4.604230884717797623e-01
2.582224008199964643e-02 4.687874729388298856e-01
2.619999762725981618e-02 4.761425913462041248e-01
2.658328144609457128e-02 4.852227608807681558e-01
2.697217238321500399e-02 4.945918753001066204e-01
2.736675246602199296e-02 5.010936102438984241e-01
2.776710492190802293e-02 5.101233481754238186e-01
2.817331419581196525e-02 5.175216162238464035e-01
2.858546596803071549e-02 5.267187390408248904e-01
2.900364717229148709e-02 5.337190279984364016e-01
2.942794601408853586e-02 5.430672777676517349e-01
2.985845198928783334e-02 5.506691353149019141e-01
3.029525590300423746e-02 5.580833084067590155e-01
3.073844988875476525e-02 5.673329388378897109e-01
3.118812742789181178e-02 5.739047544055244643e-01
3.164438336932094697e-02 5.819771183128388259e-01
3.210731394950710332e-02 5.893493837183833017e-01
3.257701681277337669e-02 5.945939980928677260e-01
3.305359103189667302e-02 6.017271885251468388e-01
3.353713712900491944e-02 6.083029763274067081e-01
3.402775709677986760e-02 6.148738927251740094e-01
3.452555441996989216e-02 6.213384253413168912e-01
3.503063409721780125e-02 6.275741281439087826e-01
3.554310266320785672e-02 6.340104079557072891e-01
3.606306821113659800e-02 6.396746437457954126e-01
3.659064041551268742e-02 6.451562627404298089e-01
3.712593055529017638e-02 6.487026777737924244e-01
3.766905153734019518e-02 6.548615553138088519e-01
3.822011792026586141e-02 6.578749011447767581e-01
3.877924593856579838e-02 6.620606989250223950e-01
3.934655352715126647e-02 6.657940831488167177e-01
3.992216034622142473e-02 6.689219403115180818e-01
4.050618780650300232e-02 6.715783291977504010e-01
4.109875909485918161e-02 6.731900071264748098e-01
4.169999920027268880e-02 6.737852328224512855e-01
4.231003494020939976e-02 6.776917858301332309e-01
4.292899498736767183e-02 6.780265810394310311e-01
4.355700989681852986e-02 6.789802685735664145e-01
4.419421213354333272e-02 6.787335011233709414e-01
4.484073610037424273e-02 6.779655191730867836e-01
4.549671816634325017e-02 6.778294185986857290e-01
4.616229669544590075e-02 6.764666910863144089e-01
4.683761207582605446e-02 6.722345298039450467e-01
4.752280674938759442e-02 6.722023392080195281e-01
4.821802524183890076e-02 6.688497572250189371e-01
4.892341419317729201e-02 6.647016847130707839e-01
4.963912238861947074e-02 6.614486689795305852e-01
5.036530078998391335e-02 6.558902284983566533e-01
5.110210256753291991e-02 6.496056470379769632e-01
5.184968313228033310e-02 6.469564467747059844e-01
5.260820016877179595e-02 6.393351600913600441e-01
5.337781366834442459e-02 6.326629855108960587e-01
5.415868596287337633e-02 6.273102011198925521e-01
5.495098175901209220e-02 6.181164996689738622e-01
5.575486817293295871e-02 6.097505549060632246e-01
5.657051476557670155e-02 6.002744144134982696e-01
5.739809357841744314e-02 5.910228986647085847e-01
5.823777916975050178e-02 5.809453212329378502e-01
5.908974865151148115e-02 5.714731965270093417e-01
5.995418172663402601e-02 5.624884192359137502e-01
6.083126072695378000e-02 5.516001362965520238e-01
6.172117065166692756e-02 5.406123385452170638e-01
6.262409920635149396e-02 5.286228394500032124e-01
6.354023684255963311e-02 5.170083553005216936e-01
6.446977679798857053e-02 5.039916599939686659e-01
6.541291513723962447e-02 4.920873546061773074e-01
6.636985079317377079e-02 4.795948591332786504e-01
6.734078560887135634e-02 4.677324647668384960e-01
6.832592438020634873e-02 4.533657140478833947e-01
6.932547489904344884e-02 4.405854353065347673e-01
7.033964799706662885e-02 4.259501835033363548e-01
7.136865759024910161e-02 4.141328888302811539e-01
7.241272072397386683e-02 4.000480511784873516e-01
7.347205761881472896e-02 3.859482074592246459e-01
7.454689171698605787e-02 3.723215383327560524e-01
7.563744972947292200e-02 3.586032647736901446e-01
7.674396168385075323e-02 3.444914381086759403e-01
7.786666097280373067e-02 3.306096070702572165e-01
7.900578440335370711e-02 3.182893564174686385e-01
8.016157224680930948e-02 3.038983188709467043e-01
8.133426828944512188e-02 2.905991128072096807e-01
8.252411988392280295e-02 2.772562588694856833e-01
8.373137800146458753e-02 2.647775296276488333e-01
8.495629728478951148e-02 2.522370807968097317e-01
8.619913610182416974e-02 2.393979040819970427e-01
8.746015660019958171e-02 2.290410767196437714e-01
8.873962476254521059e-02 2.161806907903743025e-01
9.003781046259135001e-02 2.046427079806853178e-01
9.135498752209281204e-02 1.928283763028821596e-01
9.269143376858551830e-02 1.826782481335634256e-01
9.404743109398709666e-02 1.714838084890871472e-01
9.542326551405566626e-02 1.612549744469259361e-01
9.681922722871832976e-02 1.514914931162090195e-01
9.823561068328180712e-02 1.427013748644950231e-01
9.967271463053854752e-02 1.334882474440166611e-01
1.011308421937818502e-01 1.244366944791221591e-01
1.026103009307428732e-01 1.163736790135070365e-01
1.041114028984620882e-01 1.081917908132392636e-01
1.056344647191106989e-01 1.009160357019604770e-01
1.071798076467749272e-01 9.422281152854276864e-02
1.087477576352164632e-01 8.709667126662822001e-02
1.103386454066249411e-01 8.071876838023238354e-02
1.119528065213763607e-01 7.404206113313503701e-02
1.135905814488113175e-01 6.819157041390881691e-02
1.152523156390488634e-01 6.275866873328431184e-02
1.169383595958513322e-01 5.726073332605808447e-02
1.186490689505550755e-01 5.276036136424770706e-02
1.203848045370820297e-01 4.805634835946813455e-02
1.221459324680493619e-01 4.359475942224261269e-02
1.239328242119927120e-01 4.013992073548756923e-02
1.257458566717180592e-01 3.631498875567776979e-02
1.275854122638007682e-01 3.288621482884306058e-02
1.294518789992479824e-01 2.976839175209705993e-02
1.313456505653393669e-01 2.710700680912438154e-02
1.332671264086667806e-01 2.418540334932068811e-02
1.352167118193882689e-01 2.210683060541438968e-02
1.371948180167144593e-01 2.009783291418353046e-02
1.392018622356449853e-01 1.819590442916094869e-02
1.412382678149749493e-01 1.599764186221152087e-02
1.433044642865885510e-01 1.439777538571498580e-02
1.454008874660580042e-01 1.287015743234909068e-02
1.475279795445689213e-01 1.126039770167160461e-02
1.496861891821906210e-01 1.009495534153192695e-02
1.518759716025095408e-01 8.863026417207056640e-03
1.540977886886484571e-01 7.744810791916906592e-03
1.563521090806899994e-01 6.772780142198798689e-03
1.586394082745251621e-01 6.043792279416722486e-03
1.609601687221475785e-01 5.229932496289768466e-03
1.633148799334157020e-01 4.542304782241952249e-03
1.657040385793039361e-01 3.910863126589597845e-03
1.681281485966627243e-01 3.316597321832537738e-03
1.705877212945126620e-01 2.855192915249265585e-03
1.730832754618936153e-01 2.457062587040541052e-03
1.756153374772900788e-01 2.142875969336285533e-03
1.781844414196588344e-01 1.778372663863990108e-03
1.807911291810806731e-01 1.527250705087422654e-03
1.834359505810595203e-01 1.308157857228304730e-03
1.861194634824935024e-01 1.082123659778657862e-03
1.888422339093434044e-01 9.449871437545069933e-04
1.916048361660226684e-01 8.081768090677019086e-04
1.944078529585322457e-01 6.466121727575111725e-04
1.972518755173693905e-01 5.759606279845141431e-04
2.001375037222342945e-01 4.862493089728063913e-04
2.030653462285595678e-01 3.955279439987309737e-04
2.060360205958922664e-01 3.293661855222043602e-04
2.090501534181542498e-01 2.938865886716039602e-04
2.121083804558061281e-01 2.757560115218322559e-04
2.152113467699467153e-01 2.268554162463307068e-04
2.183597068583738310e-01 2.087261242800329678e-04
2.215541247936348435e-01 1.497838990386548956e-04
2.247952743630967642e-01 1.518827252214034317e-04
2.280838392110661195e-01 1.013782245368149943e-04
2.314205129829886298e-01 9.062564270323430853e-05
2.348059994717557053e-01 7.259326172192031440e-05
2.382410127661539478e-01 5.109029406676984336e-05
2.417262774014859450e-01 5.583616217384244868e-05
2.452625285123926357e-01 3.903403215319832959e-05
2.488505119879133587e-01 3.059285794819062827e-05
2.524909846288141413e-01 2.230350927607253246e-05
2.561847143072163990e-01 2.064304647494678060e-05
2.599324801285612385e-01 1.368427975760226303e-05
2.637350725959437536e-01 1.111961176719260029e-05
2.675932937768518149e-01 4.821365969710690946e-06
2.715079574723419098e-01 3.748373261930486727e-06
2.754798893886922229e-01 3.460614297258524659e-06
2.795099273115665417e-01 2.960799392500836190e-06
2.835989212827238481e-01 1.950280144315913812e-06
2.877477337793156176e-01 1.086290714609951460e-06
2.919572398958056869e-01 1.934665451485618826e-06
2.962283275285499951e-01 7.411564697471300203e-07
3.005618975630770517e-01 1.266345820119897552e-06
3.049588640641094361e-01 9.528568858793087143e-07
3.094201544683645166e-01 1.167698540422858175e-06
3.139467097801742490e-01 1.219837643891943080e-06
3.185394847699682952e-01 8.843384918040891396e-07
3.231994481756618187e-01 3.674803057368598486e-07
3.279275829069857595e-01 6.400560946433863158e-07
3.327248862528096596e-01 1.518804989993342814e-06
3.375923700914967296e-01 7.313894026344591116e-07
3.425310611043355102e-01 3.994944244987191754e-07
3.475420009920930919e-01 6.627310774679643109e-07
3.526262466947382990e-01 2.205502904515528334e-07
3.577848706143795243e-01 4.894440637443640725e-07
3.630189608414602365e-01 2.375615987583398801e-07
3.683296213842673361e-01 4.722393337137156404e-07
3.737179724017970495e-01 2.202300666619785708e-07
3.791851504400235440e-01 2.217530045823902102e-07
3.847323086716280538e-01 0.000000000000000000e+00
3.903606171392344226e-01 4.494795575778018903e-07
3.960712630021998581e-01 4.683425583656234509e-07
4.018654507870196846e-01 0.000000000000000000e+00
4.077444026413942213e-01 4.795378344639619220e-07
4.137093585920117444e-01 0.000000000000000000e+00
4.197615768061020436e-01 0.000000000000000000e+00
4.259023338568176942e-01 0.000000000000000000e+00
4.321329249924989457e-01 2.244170678450401387e-07
4.384546644098730739e-01 4.515619011345690925e-07
4.448688855312545876e-01 0.000000000000000000e+00
4.513769412858005814e-01 0.000000000000000000e+00
4.579802043948769108e-01 2.133826817370830744e-07
4.646800676616025250e-01 0.000000000000000000e+00
4.714779442646297447e-01 0.000000000000000000e+00
4.783752680562199933e-01 0.000000000000000000e+00
4.853734938646802610e-01 0.000000000000000000e+00
4.924740978012259740e-01 0.000000000000000000e+00
4.996785775713332711e-01 0.000000000000000000e+00
5.069884527906421967e-01 0.000000000000000000e+00
5.144052653054848045e-01 0.000000000000000000e+00
5.219305795181032881e-01 0.000000000000000000e+00
5.295659827166210309e-01 0.000000000000000000e+00
5.373130854098444598e-01 0.000000000000000000e+00
5.451735216669637563e-01 0.000000000000000000e+00
5.531489494622203740e-01 1.492635950558663416e-07
5.612410510246160777e-01 0.000000000000000000e+00
5.694515331927409996e-01 0.000000000000000000e+00
5.777821277747927642e-01 0.000000000000000000e+00
5.862345919138574057e-01 0.000000000000000000e+00
5.948107084585388948e-01 0.000000000000000000e+00
6.035122863390113279e-01 0.000000000000000000e+00
6.123411609485660545e-01 0.000000000000000000e+00
6.212991945307471120e-01 0.000000000000000000e+00
6.303882765721491310e-01 0.000000000000000000e+00
6.396103242009565371e-01 0.000000000000000000e+00
6.489672825913188614e-01 0.000000000000000000e+00
6.584611253736400993e-01 0.000000000000000000e+00
6.680938550508692675e-01 0.000000000000000000e+00
6.778675034208790917e-01 0.000000000000000000e+00
6.877841320050279705e-01 0.000000000000000000e+00
6.978458324829910353e-01 0.000000000000000000e+00
7.080547271339473481e-01 0.000000000000000000e+00
7.184129692842258219e-01 0.000000000000000000e+00
7.289227437615020122e-01 0.000000000000000000e+00
7.395862673556312661e-01 0.000000000000000000e+00
7.504057892862305845e-01 0.000000000000000000e+00
7.613835916771003465e-01 0.000000000000000000e+00
7.725219900375829285e-01 0.000000000000000000e+00
7.838233337509639131e-01 0.000000000000000000e+00
7.952900065700201360e-01 0.000000000000000000e+00
8.069244271198189322e-01 0.000000000000000000e+00
8.187290494078659497e-01 0.000000000000000000e+00
8.307063633417219872e-01 0.000000000000000000e+00
8.428588952541931079e-01 0.000000000000000000e+00
8.551892084361969459e-01 0.000000000000000000e+00
8.676999036774298846e-01 0.000000000000000000e+00
8.803936198149451275e-01 0.000000000000000000e+00
8.932730342897515774e-01 0.000000000000000000e+00
9.063408637115548672e-01 0.000000000000000000e+00
9.195998644317645576e-01 0.000000000000000000e+00
9.330528331248839624e-01 0.000000000000000000e+00
9.467026073783977314e-01 0.000000000000000000e+00
9.605520662912966356e-01 0.000000000000000000e+00
9.746041310813593483e-01 0.000000000000000000e+00
9.888617657013079043e-01 0.000000000000000000e+00
1.003327977463987608e+00 0.000000000000000000e+00
1.018005817676691738e+00 0.000000000000000000e+00
1.032898382284756833e+00 0.000000000000000000e+00
1.048008812524582556e+00 0.000000000000000000e+00
1.063340295586204576e+00 0.000000000000000000e+00
1.078896065285554151e+00 0.000000000000000000e+00
1.094679402746554064e+00 0.000000000000000000e+00
1.110693637093196573e+00 0.000000000000000000e+00
1.126942146151747481e+00 0.000000000000000000e+00
1.143428357163212006e+00 0.000000000000000000e+00
1.160155747506234292e+00 0.000000000000000000e+00
1.177127845430572251e+00 0.000000000000000000e+00
1.194348230801292043e+00 0.000000000000000000e+00
1.211820535853858960e+00 0.000000000000000000e+00
1.229548445960276570e+00 0.000000000000000000e+00
1.247535700406424475e+00 0.000000000000000000e+00
1.265786093180771843e+00 0.000000000000000000e+00
1.284303473774632387e+00 0.000000000000000000e+00
1.303091747994127747e+00 0.000000000000000000e+00
1.322154878784016940e+00 0.000000000000000000e+00
1.341496887063592158e+00 0.000000000000000000e+00
1.361121852574798563e+00 0.000000000000000000e+00
1.381033914742754831e+00 0.000000000000000000e+00
1.401237273548869178e+00 0.000000000000000000e+00
1.421736190416730938e+00 0.000000000000000000e+00
1.442534989110953791e+00 0.000000000000000000e+00
1.463638056649171126e+00 0.000000000000000000e+00
1.485049844227375182e+00 0.000000000000000000e+00
1.506774868158797354e+00 0.000000000000000000e+00
1.528817710826510190e+00 0.000000000000000000e+00
1.551183021649976457e+00 0.000000000000000000e+00
1.573875518065741108e+00 0.000000000000000000e+00
1.596899986522452686e+00 0.000000000000000000e+00
1.620261283490457949e+00 0.000000000000000000e+00
1.643964336486162914e+00 0.000000000000000000e+00
1.668014145111373026e+00 0.000000000000000000e+00
1.692415782107839384e+00 0.000000000000000000e+00
1.717174394427236628e+00 0.000000000000000000e+00
1.742295204316796964e+00 0.000000000000000000e+00
1.767783510420810167e+00 0.000000000000000000e+00
1.793644688898253126e+00 0.000000000000000000e+00
1.819884194556769419e+00 0.000000000000000000e+00
1.846507562003222080e+00 0.000000000000000000e+00
1.873520406811094663e+00 0.000000000000000000e+00
1.900928426704969088e+00 0.000000000000000000e+00
1.928737402762316089e+00 0.000000000000000000e+00
1.956953200632883583e+00 0.000000000000000000e+00
1.985581771775920767e+00 0.000000000000000000e+00
