1.007314577357746395e-06 0.000000000000000000e+00
1.022050738157085172e-06 0.000000000000000000e+00
1.037002476532669867e-06 0.000000000000000000e+00
1.052172946202215323e-06 0.000000000000000000e+00
1.067565347019664431e-06 0.000000000000000000e+00
1.083182925650115004e-06 0.000000000000000000e+00
1.099028976254630445e-06 0.000000000000000000e+00
1.115106841185069142e-06 0.000000000000000000e+00
1.131419911689071041e-06 0.000000000000000000e+00
1.147971628625360671e-06 0.000000000000000000e+00
1.164765483189517368e-06 0.000000000000000000e+00
1.181805017650363486e-06 0.000000000000000000e+00
1.199093826097117550e-06 0.000000000000000000e+00
1.216635555197484504e-06 0.000000000000000000e+00
1.234433904966839137e-06 0.000000000000000000e+00
1.252492629548650261e-06 0.000000000000000000e+00
1.270815538006331790e-06 0.000000000000000000e+00
1.289406495126678695e-06 0.000000000000000000e+00
1.308269422235049389e-06 0.000000000000000000e+00
1.327408298022475615e-06 0.000000000000000000e+00
1.346827159384875163e-06 0.000000000000000000e+00
1.366530102274545501e-06 0.000000000000000000e+00
1.386521282564099480e-06 0.000000000000000000e+00
1.406804916923053165e-06 0.000000000000000000e+00
1.427385283707237743e-06 0.000000000000000000e+00
1.448266723861210011e-06 0.000000000000000000e+00
1.469453641833875500e-06 0.000000000000000000e+00
1.490950506507507443e-06 0.000000000000000000e+00
1.512761852140349597e-06 0.000000000000000000e+00
1.534892279323007713e-06 0.000000000000000000e+00
1.557346455948839277e-06 0.000000000000000000e+00
1.580129118198540584e-06 0.000000000000000000e+00
1.603245071539124057e-06 0.000000000000000000e+00
1.626699191737521068e-06 0.000000000000000000e+00
1.650496425889018006e-06 0.000000000000000000e+00
1.674641793460717854e-06 0.000000000000000000e+00
1.699140387350285004e-06 0.000000000000000000e+00
1.723997374960176362e-06 0.000000000000000000e+00
1.749217999287573916e-06 0.000000000000000000e+00
1.774807580030276668e-06 0.000000000000000000e+00
1.800771514708768779e-06 0.000000000000000000e+00
1.827115279804697280e-06 0.000000000000000000e+00
1.853844431916002885e-06 0.000000000000000000e+00
1.880964608928956931e-06 0.000000000000000000e+00
1.908481531207346938e-06 0.000000000000000000e+00
1.936401002799041579e-06 0.000000000000000000e+00
1.964728912660223922e-06 0.000000000000000000e+00
1.993471235897532631e-06 0.000000000000000000e+00
2.022634035028363983e-06 0.000000000000000000e+00
2.052223461259617184e-06 0.000000000000000000e+00
2.082245755785148092e-06 0.000000000000000000e+00
2.112707251102209193e-06 0.000000000000000000e+00
2.143614372347129500e-06 0.000000000000000000e+00
2.174973638650549482e-06 0.000000000000000000e+00
2.206791664512488845e-06 0.000000000000000000e+00
2.239075161197503816e-06 0.000000000000000000e+00
2.271830938150279099e-06 0.000000000000000000e+00
2.305065904431925127e-06 0.000000000000000000e+00
2.338787070177269020e-06 0.000000000000000000e+00
2.373001548073486551e-06 0.000000000000000000e+00
2.407716554860357156e-06 0.000000000000000000e+00
2.442939412852465149e-06 0.000000000000000000e+00
2.478677551483661393e-06 8.506580853843875321e-07
2.514938508874134382e-06 8.340580951659313360e-07
2.551729933420407560e-06 0.000000000000000000e+00
2.589059585408571160e-06 0.000000000000000000e+00
2.626935338651142886e-06 0.000000000000000000e+00
2.665365182147868279e-06 0.000000000000000000e+00
2.704357221770799593e-06 0.000000000000000000e+00
2.743919681974044932e-06 0.000000000000000000e+00
2.784060907528531530e-06 7.994218226706392751e-07
2.824789365282124550e-06 0.000000000000000000e+00
2.866113645945515583e-06 0.000000000000000000e+00
2.908042465904237457e-06 0.000000000000000000e+00
2.950584669057176779e-06 0.000000000000000000e+00
2.993749228681978078e-06 0.000000000000000000e+00
3.037545249327753744e-06 0.000000000000000000e+00
3.081981968735482214e-06 0.000000000000000000e+00
3.127068759786475975e-06 0.000000000000000000e+00
3.172815132479376366e-06 0.000000000000000000e+00
3.219230735936073713e-06 0.000000000000000000e+00
3.266325360436955554e-06 0.000000000000000000e+00
3.314108939485928916e-06 0.000000000000000000e+00
3.362591551905666001e-06 0.000000000000000000e+00
3.411783423963506540e-06 0.000000000000000000e+00
3.461694931528425492e-06 0.000000000000000000e+00
3.512336602259591695e-06 0.000000000000000000e+00
3.563719117826939279e-06 8.234429976450356396e-07
3.615853316164192712e-06 0.000000000000000000e+00
3.668750193754886335e-06 0.000000000000000000e+00
3.722420907951824327e-06 1.701723995900652522e-06
3.776876779330440196e-06 0.000000000000000000e+00
3.832129294076616543e-06 0.000000000000000000e+00
3.888190106409436032e-06 0.000000000000000000e+00
3.945071041039351476e-06 8.320399086349983279e-07
4.002784095662330252e-06 0.000000000000000000e+00
4.061341443490488050e-06 0.000000000000000000e+00
4.120755435819757446e-06 0.000000000000000000e+00
4.181038604635077492e-06 0.000000000000000000e+00
4.242203665253731971e-06 0.000000000000000000e+00
4.304263519007363188e-06 0.000000000000000000e+00
4.367231255963177964e-06 0.000000000000000000e+00
4.431120157684998909e-06 0.000000000000000000e+00
4.495943700034715789e-06 0.000000000000000000e+00
4.561715556014673132e-06 0.000000000000000000e+00
4.628449598651681045e-06 0.000000000000000000e+00
4.696159903923217583e-06 0.000000000000000000e+00
4.764860753726407982e-06 0.000000000000000000e+00
4.834566638890456673e-06 8.576743803874108304e-07
4.905292262233144501e-06 0.000000000000000000e+00
4.977052541662067912e-06 8.320410827883348200e-07
5.049862613321183391e-06 0.000000000000000000e+00
5.123737834783442357e-06 0.000000000000000000e+00
5.198693788290112811e-06 0.000000000000000000e+00
5.274746284037485708e-06 0.000000000000000000e+00
5.351911363511645367e-06 0.000000000000000000e+00
5.430205302872061158e-06 0.000000000000000000e+00
5.509644616384671335e-06 8.589254485915167045e-07
5.590246059905150172e-06 0.000000000000000000e+00
5.672026634413175810e-06 0.000000000000000000e+00
5.755003589598407766e-06 0.000000000000000000e+00
5.839194427498865285e-06 0.000000000000000000e+00
5.924616906192589155e-06 0.000000000000000000e+00
6.011289043543310338e-06 0.000000000000000000e+00
6.099229121000858101e-06 0.000000000000000000e+00
6.188455687457219067e-06 0.000000000000000000e+00
6.278987563159001034e-06 0.000000000000000000e+00
6.370843843677115559e-06 0.000000000000000000e+00
6.464043903934519574e-06 0.000000000000000000e+00
6.558607402292915576e-06 0.000000000000000000e+00
6.654554284699240485e-06 0.000000000000000000e+00
6.751904788892758010e-06 0.000000000000000000e+00
6.850679448673746411e-06 8.451802343706154050e-07
6.950899098234648166e-06 7.760272091541535196e-07
7.052584876554509078e-06 0.000000000000000000e+00
7.155758231857769887e-06 0.000000000000000000e+00
7.260440926138285322e-06 0.000000000000000000e+00
7.366655039749465955e-06 8.164225441077813076e-07
7.474422976061624485e-06 0.000000000000000000e+00
7.583767466187464127e-06 0.000000000000000000e+00
7.694711573776648474e-06 8.460174109281633276e-07
7.807278699880527707e-06 0.000000000000000000e+00
7.921492587888051990e-06 0.000000000000000000e+00
8.037377328533902904e-06 8.393081589251247309e-07
8.154957364979827154e-06 7.941002817835802373e-07
8.274257497970363489e-06 8.446728990899940612e-07
8.395302891063997905e-06 0.000000000000000000e+00
8.518119075940805925e-06 2.419814789972367428e-06
8.642731957787742387e-06 0.000000000000000000e+00
8.769167820762752732e-06 8.514258885670800954e-07
8.897453333538822177e-06 8.145220182488443355e-07
9.027615554929046979e-06 8.591256429468895668e-07
9.159681939594091512e-06 0.000000000000000000e+00
9.293680343833127217e-06 0.000000000000000000e+00
9.429639031459405388e-06 0.000000000000000000e+00
9.567586679761874957e-06 0.000000000000000000e+00
9.707552385554009091e-06 8.460189764469401565e-07
9.849565671311038320e-06 0.000000000000000000e+00
9.993656491397055546e-06 0.000000000000000000e+00
1.013985523838319066e-05 1.686285543994906291e-06
1.028819274945820828e-05 0.000000000000000000e+00
1.043870031293285345e-05 1.673106666614482970e-06
1.059140967483941058e-05 1.700145434546859394e-06
1.074635304562781570e-05 8.391423086868485248e-07
1.090356310695962130e-05 0.000000000000000000e+00
1.106307301860147234e-05 1.697239191138871475e-06
1.122491642541938768e-05 8.465537087670524676e-07
1.138912746447533417e-05 1.699549939353890563e-06
1.155574077222762343e-05 2.397523398150897102e-06
1.172479149183668274e-05 1.653052882692754652e-06
1.189631528057766575e-05 8.125009451967152392e-07
1.207034831736151717e-05 1.680071494194470243e-06
1.224692731036608570e-05 2.530980262760798819e-06
1.242608950477883701e-05 0.000000000000000000e+00
1.260787269065282000e-05 8.522898750707253325e-07
1.279231521087761615e-05 2.518110727771419723e-06
1.297945596926691007e-05 0.000000000000000000e+00
1.316933443876425501e-05 4.131866947359021528e-06
1.336199066976900349e-05 1.646154492912359618e-06
1.355746529858402446e-05 8.284549023888458048e-07
1.375579955598694823e-05 0.000000000000000000e+00
1.395703527592680112e-05 1.682116686334526689e-06
1.416121490434794070e-05 8.307313064007157239e-07
1.436838150814300096e-05 0.000000000000000000e+00
1.457857878423685134e-05 1.690718489634380468e-06
1.479185106880345199e-05 8.188388198898394476e-07
1.500824334661750401e-05 1.607343296332647610e-06
1.522780126054295324e-05 2.487266113499367525e-06
1.545057112116022781e-05 8.351463462388876868e-07
1.567659991653442197e-05 1.677577772430634180e-06
1.590593532212629987e-05 8.407877969282584826e-07
1.613862571084830798e-05 2.534366052668133158e-06
1.637472016326773407e-05 8.194152348978344208e-07
1.661426847795909308e-05 1.725568654957691502e-06
1.685732118200790824e-05 1.693484812090034871e-06
1.710392954166825580e-05 2.500916856546548228e-06
1.735414557317622482e-05 3.317817088137935469e-06
1.760802205372142312e-05 7.848734333852308744e-07
1.786561253257912133e-05 8.495495795958334041e-07
1.812697134240526785e-05 0.000000000000000000e+00
1.839215361069663454e-05 5.039759543284905357e-06
1.866121527141864113e-05 3.286335247087664782e-06
1.893421307680336196e-05 3.244269913131081765e-06
1.921120460932004300e-05 2.542603768077810273e-06
1.949224829382077500e-05 2.504866341487674691e-06
1.977740340986387761e-05 4.966526456203565786e-06
2.006673010421750834e-05 2.464499186325007056e-06
2.036028940354616632e-05 1.675570642313627410e-06
2.065814322728284870e-05 8.359756949107255327e-07
2.096035440068960072e-05 2.535465458013738418e-06
2.126698666810886848e-05 6.748253797348273950e-06
2.157810470640895772e-05 1.719935031680164448e-06
2.189377413862611608e-05 3.352301012684120916e-06
2.221406154780615261e-05 1.659108224457680596e-06
2.253903449104850828e-05 2.471521058348028810e-06
2.286876151375590824e-05 4.262397997844570078e-06
2.320331216409237394e-05 3.365607139526007643e-06
2.354275700765275634e-05 2.533609892454542939e-06
2.388716764234696154e-05 3.320033657995306900e-06
2.423661671350176551e-05 1.658137780490636096e-06
2.459117792918370451e-05 2.502158383931852144e-06
2.495092607574596845e-05 2.474391147084970688e-06
2.531593703360290548e-05 7.569186633362084132e-06
2.568628779323518389e-05 3.403561981109620838e-06
2.606205647142909086e-05 5.820471113217175158e-06
2.644332232775353569e-05 2.533262731929408140e-06
2.683016578127791539e-05 3.265969330961490888e-06
2.722266842753457623e-05 6.695094110751436477e-06
2.762091305572953733e-05 3.288715758649170863e-06
2.802498366620500994e-05 3.350391190426297020e-06
2.843496548815710749e-05 4.204827773092645725e-06
2.885094499761305602e-05 3.307664363563374859e-06
2.927300993567130672e-05 9.262820659169416904e-06
2.970124932700842990e-05 5.073827666103788438e-06
3.013575349865669028e-05 7.522926510595034112e-06
3.057661409905651831e-05 7.577348515697936705e-06
3.102392411738757062e-05 5.907770985902049954e-06
3.147777790318254023e-05 8.658972225669840812e-07
3.193827118622811437e-05 4.968895077691939323e-06
3.240550109675684740e-05 4.978211993608097477e-06
3.287956618593440767e-05 5.792521928122162423e-06
3.336056644664672153e-05 8.268993441993981489e-06
3.384860333459122246e-05 5.918074734083351609e-06
3.434377978967633887e-05 7.545015846770071388e-06
3.484620025773432989e-05 5.066745616466882446e-06
3.535597071255176533e-05 8.413656201517525542e-06
3.587319867822214914e-05 6.762933148761503419e-06
3.639799325182551120e-05 6.654181700972331849e-06
3.693046512643996819e-05 1.336605187272378175e-05
3.747072661448980061e-05 1.177922561696367995e-05
3.801889167143510757e-05 9.150880528353656172e-06
3.857507591980808783e-05 9.348718775649193137e-06
3.913939667360083957e-05 1.002814054294550102e-05
3.971197296301003197e-05 8.361269943605790147e-06
4.029292555954340905e-05 1.324603831284064035e-05
4.088237700149384478e-05 8.347794540863850819e-06
4.148045161978584190e-05 1.506413009226271045e-05
4.208727556420020056e-05 1.169322064203163778e-05
4.270297682998246060e-05 1.000338556366462107e-05
4.332768528484041656e-05 1.175012247343633806e-05
4.396153269633657363e-05 1.683356768391317250e-05
4.460465275968148065e-05 1.674750341702655804e-05
4.525718112593374049e-05 1.338741718507973789e-05
4.591925543061214606e-05 1.160745475593312847e-05
4.659101532272679944e-05 1.189220413209390927e-05
4.727260249423485881e-05 1.670841159224417726e-05
4.796416070992705924e-05 1.763770796120725721e-05
4.866583583775139729e-05 1.337147031754476120e-05
4.937777587958068129e-05 1.514547926056547478e-05
5.010013100243003903e-05 1.852145892819888050e-05
5.083305357013104394e-05 1.675986281848066054e-05
5.157669817546942586e-05 1.094441952036960564e-05
5.233122167279269528e-05 1.862206384900968288e-05
5.309678321109477598e-05 2.267990156726943247e-05
5.387354426758486257e-05 1.260066988018592492e-05
5.466166868174736750e-05 2.180185588913008391e-05
5.546132268989970656e-05 2.011678560449564314e-05
5.627267496025611541e-05 2.183276781800538749e-05
5.709589662850433445e-05 1.837865259992494516e-05
5.793116133390256831e-05 1.761287566735506721e-05
5.877864525590445873e-05 2.237445901318283980e-05
5.963852715132014786e-05 2.263890543729858877e-05
6.051098839202098770e-05 2.332050566014237644e-05
6.139621300319531559e-05 2.739377869446520510e-05
6.229438770216440984e-05 2.178369434405771866e-05
6.320570193776625569e-05 2.427724988673184934e-05
6.413034793031522577e-05 2.602254286643051524e-05
6.506852071214624727e-05 2.584124624033482285e-05
6.602041816875254946e-05 2.852288578649377448e-05
6.698624108052483167e-05 3.089696563329108470e-05
6.796619316510112173e-05 3.788192980210912505e-05
6.896048112033645924e-05 3.365514895363785804e-05
6.996931466790075197e-05 3.851924591025595928e-05
7.099290659751453627e-05 3.330010868275966047e-05
7.203147281183210093e-05 2.674325856311916903e-05
7.308523237198127171e-05 4.026368388936515241e-05
7.415440754376880113e-05 3.521451200022673297e-05
7.523922384456230034e-05 3.604058662373850475e-05
7.633991009085798322e-05 3.866766683022949692e-05
7.745669844654403443e-05 3.769001851968011317e-05
7.858982447186987452e-05 3.923688391439750180e-05
7.973952717313235366e-05 3.375644398739916646e-05
8.090604905308844213e-05 3.586310809551088028e-05
8.208963616210531388e-05 3.570861814133891423e-05
8.329053815005926136e-05 5.165431224194980863e-05
8.450900831899321307e-05 2.426044135855392328e-05
8.574530367654471233e-05 5.020945061282872785e-05
8.699968499015579544e-05 4.016731089438639683e-05
8.827241684207600455e-05 4.870556500191119189e-05
8.956376768516928206e-05 5.236932706519491373e-05
9.087400989953808253e-05 5.019579943338543272e-05
9.220341984997565236e-05 5.160084827253210571e-05
9.355227794425856618e-05 5.531208233792905197e-05
9.492086869229200176e-05 4.772057530060071397e-05
9.630948076612052004e-05 5.587712120258421083e-05
9.771840706081696753e-05 5.548673776722496737e-05
9.914794475626126477e-05 6.441963155545076642e-05
1.005983953798237853e-04 6.840610525773176576e-05
1.020700648699655904e-04 5.305678128124370168e-05
1.035632636407687597e-04 7.448434294702338684e-05
1.050783066474109812e-04 7.035388291119956379e-05
1.066155134525979928e-04 6.433360682056876473e-05
1.081752082939678623e-04 6.199762236456196846e-05
1.097577201524810103e-04 5.850003239058759329e-05
1.113633828218114799e-04 7.599741993119030941e-05
1.129925349787524514e-04 7.028245756853422567e-05
1.146455202546524122e-04 8.216728884734852024e-05
1.163226873078960100e-04 9.461845004556003068e-05
1.180243898974451611e-04 8.332990891567356156e-05
1.197509869574565813e-04 9.872593174265158059e-05
1.215028426729902278e-04 1.037488587964093765e-04
1.232803265568256602e-04 8.122476124440929893e-05
1.250838135274020277e-04 1.062043686291658901e-04
1.269136839878983120e-04 1.108764633696757867e-04
1.287703239064704949e-04 1.112452296015840929e-04
1.306541248976624296e-04 9.504648102553777246e-05
1.325654843050077343e-04 1.122879956154279146e-04
1.345048052848400299e-04 8.128743614772998853e-05
1.364724968913292474e-04 1.143742755181933156e-04
1.384689741627621927e-04 1.371881208995554512e-04
1.404946582090848791e-04 1.209691599477367367e-04
1.425499763007259256e-04 1.463599318872604318e-04
1.446353619587192093e-04 1.247714648171108014e-04
1.467512550461446904e-04 1.332033082498808665e-04
1.488981018609075767e-04 1.366289432997549785e-04
1.510763552298740415e-04 1.481312669204334507e-04
1.532864746043846919e-04 1.387823668710739394e-04
1.555289261571648411e-04 1.715907880842777971e-04
1.578041828806525388e-04 1.512471332727788505e-04
1.601127246867655807e-04 1.556490331870671352e-04
1.624550385081275565e-04 1.691953453841453243e-04
1.648316184007743760e-04 1.958154586846534186e-04
1.672429656483644480e-04 1.512748336688232807e-04
1.696895888679122988e-04 1.904302462500300289e-04
1.721720041170694284e-04 1.925739310942403920e-04
1.746907350029746578e-04 1.692213240359115452e-04
1.772463127926964107e-04 2.201025044605740496e-04
1.798392765252914858e-04 1.957694239493152309e-04
1.824701731255023301e-04 2.011798232558653675e-04
1.851395575191181560e-04 2.326873659938353666e-04
1.878479927500234016e-04 2.225609907694659103e-04
1.905960500989583640e-04 2.418321283136879742e-04
1.933843092040179166e-04 2.445916128865429522e-04
1.962133581829122986e-04 2.490731637389003599e-04
1.990837937570166219e-04 2.525631419693360005e-04
2.019962213772354674e-04 2.566596246912835212e-04
2.049512553517080502e-04 2.579744696604585889e-04
2.079495189753827666e-04 2.854360094875544825e-04
2.109916446614860312e-04 2.600825747043284731e-04
2.140782740749153025e-04 2.672486549101499146e-04
2.172100582675831029e-04 2.967663884690799401e-04
2.203876578157409004e-04 3.109503965695265080e-04
2.236117429593125589e-04 2.847865993605537354e-04
2.268829937432654382e-04 3.109545946786102335e-04
2.302021001610499618e-04 3.195634411514521500e-04
2.335697623001375500e-04 3.297671970965447758e-04
2.369866904896872481e-04 3.483944274183050933e-04
2.404536054503736029e-04 3.728989452189320755e-04
2.439712384464053064e-04 3.556706166180514743e-04
2.475403314397682953e-04 3.917803786122058159e-04
2.511616372467252397e-04 3.979274894552931497e-04
2.548359196966041608e-04 3.856446371635046657e-04
2.585639537929108195e-04 4.621650880969007638e-04
2.623465258767969681e-04 3.792937212539582528e-04
2.661844337929207853e-04 4.330676264387344691e-04
2.700784870577335392e-04 4.913927072919949384e-04
2.740295070302274432e-04 4.701098049667804825e-04
2.780383270851830317e-04 4.798408824863627806e-04
2.821057927889492317e-04 5.253427422963890007e-04
2.862327620777956505e-04 4.962861214534851524e-04
2.904201054388746463e-04 5.784376533982555366e-04
2.946687060938298270e-04 5.776903583207080185e-04
2.989794601850906614e-04 5.634388118858505226e-04
3.033532769648932068e-04 5.817076934045224863e-04
3.077910789870644693e-04 5.712643878983856508e-04
3.122938023016148465e-04 6.269111831880959471e-04
3.168623966521748672e-04 6.374276748005794357e-04
3.214978256763214920e-04 6.735171333767039914e-04
3.262010671088352832e-04 6.519028322189557431e-04
3.309731129879294278e-04 6.635278934322060571e-04
3.358149698644983172e-04 6.857885473586703253e-04
3.407276590144247153e-04 7.006660861628657587e-04
3.457122166539945761e-04 7.106841566085688334e-04
3.507696941584621721e-04 7.350130024538652001e-04
3.559011582838125906e-04 8.177739518126200856e-04
3.611076913917697336e-04 8.286288910877032815e-04
3.663903916780945468e-04 8.141038964078824332e-04
3.717503734042235672e-04 8.799350603924897124e-04
3.771887671322965234e-04 9.185730546728785315e-04
3.827067199636210743e-04 9.254514197750679906e-04
3.883053957806278109e-04 9.244238505120214427e-04
3.939859754923634438e-04 9.837605210086474393e-04
3.997496572835757900e-04 9.485131433323247454e-04
4.055976568674428710e-04 9.917114668252561237e-04
4.115312077419982194e-04 1.023887782018998403e-03
4.175515614503096931e-04 1.063570911862051372e-03
4.236599878444621044e-04 1.191857317627986572e-03
4.298577753534026991e-04 1.116081916281746545e-03
4.361462312547055922e-04 1.207233231610225187e-03
4.425266819503099677e-04 1.222032430080659520e-03
4.490004732462949798e-04 1.277633040089514631e-03
4.555689706367449152e-04 1.235270057281179267e-03
4.622335595917678795e-04 1.295202735816348245e-03
4.689956458497289947e-04 1.400725765067556633e-03
4.758566557137573587e-04 1.375976220788737228e-03
4.828180363525911688e-04 1.446201039219924007e-03
4.898812561058241101e-04 1.453190995757365272e-03
4.970478047936164332e-04 1.512871158266717057e-03
5.043191940309384863e-04 1.577066276619427032e-03
5.116969575464099624e-04 1.651131283321150738e-03
5.191826515058036015e-04 1.636541585534441500e-03
5.267778548402823023e-04 1.688476007623530666e-03
5.344841695794364314e-04 1.763285070266498852e-03
5.423032211891959213e-04 1.774035162357822260e-03
5.502366589146830784e-04 1.842485539849655907e-03
5.582861561280821026e-04 1.976696524910359111e-03
5.664534106815980689e-04 2.002196205788041479e-03
5.747401452655780119e-04 2.050984247555189943e-03
5.831481077718731528e-04 2.144560887736368139e-03
5.916790716625150177e-04 2.167855427402183739e-03
6.003348363437854612e-04 2.259684185351475139e-03
6.091172275457593099e-04 2.247730591470736405e-03
6.180280977073986624e-04 2.331923354700344685e-03
6.270693263672821134e-04 2.417949609879607286e-03
6.362428205600491327e-04 2.506071309572722831e-03
6.455505152186439503e-04 2.558199275774849721e-03
6.549943735824441653e-04 2.716111419182916462e-03
6.645763876113594060e-04 2.698118786492632523e-03
6.742985784059895953e-04 2.790702020015794083e-03
6.841629966339280410e-04 2.916160182330213100e-03
6.941717229623012905e-04 2.945810887850512823e-03
7.043268684966375818e-04 3.196508148051931640e-03
7.146305752261537716e-04 3.182979628605236283e-03
7.250850164755591855e-04 3.170324882298924431e-03
7.356923973634661631e-04 3.368064899012608322e-03
7.464549552675084527e-04 3.531206412399560089e-03
7.573749602962638432e-04 3.601004691202171117e-03
7.684547157680783917e-04 3.647131569474601660e-03
7.796965586969000200e-04 3.825640008175672756e-03
7.911028602852150432e-04 3.916157844904186516e-03
8.026760264241967037e-04 4.079199652344787930e-03
8.144184982011735876e-04 4.160319586901624518e-03
8.263327524145182117e-04 4.252312658064365432e-03
8.384213020960696238e-04 4.476675289570636838e-03
8.506866970411987609e-04 4.435301346432660337e-03
8.631315243466263941e-04 4.681603728873626712e-03
8.757584089561128160e-04 4.733359465421109989e-03
8.885700142141259548e-04 4.825929473182633336e-03
9.015690424276124899e-04 5.093321129234613942e-03
9.147582354359855934e-04 5.212979779568886404e-03
9.281403751894502958e-04 5.346470001375773495e-03
9.417182843357926750e-04 5.441956570014160402e-03
9.554948268157498550e-04 5.624690529102052000e-03
9.694729084670909193e-04 5.693750495609588118e-03
9.836554776375358057e-04 6.072548784537762541e-03
9.980455258066377351e-04 6.186472459018065896e-03
1.012646088216768818e-03 6.225466510336724948e-03
1.027460244513331029e-03 6.601955845843990832e-03
1.042491119394335121e-03 6.782771272348209028e-03
1.057741883269483008e-03 6.865149413683973439e-03
1.073215752928889568e-03 7.035006011783331153e-03
1.088915992221590676e-03 7.430108175474917087e-03
1.104845912743975152e-03 7.595201853207313170e-03
1.121008874538287218e-03 7.798335142954578719e-03
1.137408286801349505e-03 8.001428815345592790e-03
1.154047608603650608e-03 8.123213270651796769e-03
1.170930349618958498e-03 8.561337607673616748e-03
1.188060070864600760e-03 8.752661907071803207e-03
1.205440385452578823e-03 8.977197641434732714e-03
1.223074959351669062e-03 9.063256444608876194e-03
1.240967512160670149e-03 9.469645970427304979e-03
1.259121817892969479e-03 9.823440231979200729e-03
1.277541705772578928e-03 1.017196527030585392e-02
1.296231061041821023e-03 1.035517398519129537e-02
1.315193825780830526e-03 1.070143320593937124e-02
1.334433999739039704e-03 1.091761004687516294e-02
1.353955641178836806e-03 1.136627438620489011e-02
1.373762867731557558e-03 1.156466394865689196e-02
1.393859857266002006e-03 1.184697346701214619e-02
1.414250848769661902e-03 1.225580938501683211e-02
1.434940143242830791e-03 1.258413385907771430e-02
1.455932104605802378e-03 1.294540519117026375e-02
1.477231160619335180e-03 1.339115326575768955e-02
1.498841803818583198e-03 1.397732346213715823e-02
1.520768592460694252e-03 1.428148130290892055e-02
1.543016151486264424e-03 1.478286057521183486e-02
1.565589173494862183e-03 1.501872434106648301e-02
1.588492419734820627e-03 1.566669585993147804e-02
1.611730721107509446e-03 1.599267841752111119e-02
1.635308979186304770e-03 1.643240956566059674e-02
1.659232167250456391e-03 1.694614822172453225e-02
1.683505331334086540e-03 1.727707800543642688e-02
1.708133591290531429e-03 1.790176053192295280e-02
1.733122141872251928e-03 1.854122205491182118e-02
1.758476253826548024e-03 1.898985376039792616e-02
1.784201275007297766e-03 1.929492134038342938e-02
1.810302631502959912e-03 2.020325660341790175e-02
1.836785828781082024e-03 2.061028099914229486e-02
1.863656452849546050e-03 2.118915437668282206e-02
1.890920171434809418e-03 2.173312790729654484e-02
1.918582735177376281e-03 2.262675418733811269e-02
1.946649978844760404e-03 2.315664221619732552e-02
1.975127822562192971e-03 2.383458194976709188e-02
2.004022273061330760e-03 2.439242509042675866e-02
2.033339424947239182e-03 2.499810211082638400e-02
2.063085461983904783e-03 2.598718604340937571e-02
2.093266658398552568e-03 2.689537966697038221e-02
2.123889380205049200e-03 2.741547829419084883e-02
2.154960086546662233e-03 2.828298506726647024e-02
2.186485331058465528e-03 2.936592972263787210e-02
2.218471763249677507e-03 2.997516471091074899e-02
2.250926129906210237e-03 3.062640026121154352e-02
2.283855276513755035e-03 3.178570517862611133e-02
2.317266148701670452e-03 3.272286410723020816e-02
2.351165793708002646e-03 3.368417405166177631e-02
2.385561361865933504e-03 3.461823253547113843e-02
2.420460108111972646e-03 3.563516578057115275e-02
2.455869393516222493e-03 3.638899905653233263e-02
2.491796686835016060e-03 3.744339073286984121e-02
2.528249566086279189e-03 3.879184468988777779e-02
2.565235720147935120e-03 3.991448603969992986e-02
2.602762950379688793e-03 4.074207756368066619e-02
2.640839172268547377e-03 4.208273541924363592e-02
2.679472417098398805e-03 4.334152923222082954e-02
2.718670833644028229e-03 4.491667842255149534e-02
2.758442689889907193e-03 4.575158201996951113e-02
2.798796374774128060e-03 4.712254969155725559e-02
2.839740399957860553e-03 4.837033567541492579e-02
2.881283401620680397e-03 4.978078768940595589e-02
2.923434142282172084e-03 5.152130324238775316e-02
2.966201512650174822e-03 5.254056465967854583e-02
3.009594533496064584e-03 5.431600752847785124e-02
3.053622357557481213e-03 5.594241490650415233e-02
3.098294271468879195e-03 5.726011372648750347e-02
3.143619697720323632e-03 5.881770524590251847e-02
3.189608196644948181e-03 6.089833780773896976e-02
3.236269468435472654e-03 6.222809012245553856e-02
3.283613355190242132e-03 6.422070912652647068e-02
3.331649842989180092e-03 6.588269581525411922e-02
3.380389064000117842e-03 6.790516365400317556e-02
3.429841298615938713e-03 6.951505439992120006e-02
3.480016977622979804e-03 7.150691161848390931e-02
3.530926684401169621e-03 7.347262837719355233e-02
3.582581157156337903e-03 7.527309153345422554e-02
3.634991291185188551e-03 7.789049543203632742e-02
3.688168141173409249e-03 7.993581275726496793e-02
3.742122923527388314e-03 8.231818517808921210e-02
3.796867018740064399e-03 8.452579226682407909e-02
3.852411973791368318e-03 8.589410092746958825e-02
3.908769504583781314e-03 8.882600595770835661e-02
3.965951498413539285e-03 9.152130213427962790e-02
4.023970016477973477e-03 9.419571866662210247e-02
4.082837296419535369e-03 9.648762547610156837e-02
4.142565754907045691e-03 9.896320637923657071e-02
4.203167990254684516e-03 1.019434544227782596e-01
4.264656785079329153e-03 1.051134422754527314e-01
4.327045108996732496e-03 1.075910776685546077e-01
4.390346121357163733e-03 1.105315321870852241e-01
4.454573174021066520e-03 1.134018567846097197e-01
4.519739814175307083e-03 1.169202680915165243e-01
4.585859787190652362e-03 1.197262614096989697e-01
4.652947039521022898e-03 1.229292847271191841e-01
4.721015721645172719e-03 1.261459201728309387e-01
4.790080191051398172e-03 1.296937186874869141e-01
4.860155015265908013e-03 1.327004335224120923e-01
4.931254974925513949e-03 1.360484619050680299e-01
5.003395066895245311e-03 1.400801017104222890e-01
5.076590507431592153e-03 1.436514911756027468e-01
5.150856735392015176e-03 1.476209025315777523e-01
5.226209415491405927e-03 1.517397048867796527e-01
5.302664441606197258e-03 1.558297259671264368e-01
5.380237940126798846e-03 1.599308635076494567e-01
5.458946273359080274e-03 1.637925848697747433e-01
5.538806042975618141e-03 1.675152775452339593e-01
5.619834093517418402e-03 1.723087906453567852e-01
5.702047515946887662e-03 1.766115187621602189e-01
5.785463651252769832e-03 1.810874234376794734e-01
5.870100094107807975e-03 1.856689878284166484e-01
5.955974696579945799e-03 1.899694857569502737e-01
6.043105571897777403e-03 1.950424340063092454e-01
6.131511098271129161e-03 1.992118249648407724e-01
6.221209922767501413e-03 2.051525670605413854e-01
6.312220965245229562e-03 2.104360573844323568e-01
6.404563422344185068e-03 2.147127265111247740e-01
6.498256771534847293e-03 2.201890245947858427e-01
6.593320775226632624e-03 2.255837085740168557e-01
6.689775484936302287e-03 2.314207647837014936e-01
6.787641245517349146e-03 2.364585840139265538e-01
6.886938699451285520e-03 2.422711230834493357e-01
6.987688791201676804e-03 2.481842082207430800e-01
7.089912771631883687e-03 2.530682478023796866e-01
7.193632202487441896e-03 2.596935639038825960e-01
7.298868960943985865e-03 2.657374367909760005e-01
7.405645244221747622e-03 2.722770689098021890e-01
7.513983574267524279e-03 2.780441886497181936e-01
7.623906802505158418e-03 2.854051644884905148e-01
7.735438114655511510e-03 2.899148067820235819e-01
7.848601035626932149e-03 2.971800133636798846e-01
7.963419434477297248e-03 3.045073642338861908e-01
8.079917529448633201e-03 3.104323672901405651e-01
8.198119893075363901e-03 3.172643048089267004e-01
8.318051457367329690e-03 3.232914741799642888e-01
8.439737519068589433e-03 3.307842988823307406e-01
8.563203744993197475e-03 3.374125350001075940e-01
8.688476177438994585e-03 3.448350624646671081e-01
8.815581239680625458e-03 3.513480778133801774e-01
8.944545741542919010e-03 3.589037586327331608e-01
9.075396885055757312e-03 3.664829219201800048e-01
9.208162270191742882e-03 3.730271148694127570e-01
9.342869900687746781e-03 3.813077691712147277e-01
9.479548189951631648e-03 3.883753606426901817e-01
9.618225967055414258e-03 3.956862060146902338e-01
9.758932482816042031e-03 4.043154457085406661e-01
9.901697415965211163e-03 4.100746653636339056e-01
1.004655087940936609e-02 4.188741247846020643e-01
1.019352342658132529e-02 4.257592835499946493e-01
1.034264605788479466e-02 4.328867650100474695e-01
1.049395022723317167e-02 4.413978282002027909e-01
1.064746784868404739e-02 4.477687102979412970e-01
1.080323130317069162e-02 4.553514349012178775e-01
1.096127344533204089e-02 4.613896312702258085e-01
1.112162761044262552e-02 4.702056384296544600e-01
1.128432762144389832e-02 4.778048291123410674e-01
1.144940779607831957e-02 4.836690909970685071e-01
1.161690295412791743e-02 4.920656113969961165e-01
1.178684842475873247e-02 4.982959172738407605e-01
1.195928005397260338e-02 5.061247796686767497e-01
1.213423421216807546e-02 5.136685495836225135e-01
1.231174780181190642e-02 5.195892487741854415e-01
1.249185826522275326e-02 5.267729908061672406e-01
1.267460359246871601e-02 5.320053894403750094e-01
1.286002232938048169e-02 5.395246871539859379e-01
1.304815358568169395e-02 5.448816187486776874e-01
1.323903704323815475e-02 5.524856532655300079e-01
1.343271296442782523e-02 5.577832978446987111e-01
1.362922220063325987e-02 5.638930082520270393e-01
1.382860620085816714e-02 5.690441402656138958e-01
1.403090702047014339e-02 5.757563801418754679e-01
1.423616733007130805e-02 5.792670002475521773e-01
1.444443042449857981e-02 5.834141571005854177e-01
1.465574023195573977e-02 5.907883217690598210e-01
1.487014132327909091e-02 5.945714342187818913e-01
1.508767892133859936e-02 5.977924385036879062e-01
1.530839891057655597e-02 6.017838273722340148e-01
1.553234784668586221e-02 6.058710055382691140e-01
1.575957296642989391e-02 6.093272563119291885e-01
1.599012219760591325e-02 6.130484378841707382e-01
1.622404416915432246e-02 6.159777625379508903e-01
1.646138822141588604e-02 6.181081386091823449e-01
1.670220441653878785e-02 6.209016135106333323e-01
1.694654354903812193e-02 6.221610305271885188e-01
1.719445715650983614e-02 6.233779890233159815e-01
1.744599753050134552e-02 6.252518254782800655e-01
1.770121772754117140e-02 6.250233920584126190e-01
1.796017158032999633e-02 6.260150271283559942e-01
1.822291370909545627e-02 6.247070705120937317e-01
1.848949953311290750e-02 6.224209115576722073e-01
1.875998528239484348e-02 6.237771143291487297e-01
1.903442800955138653e-02 6.227166614907485576e-01
1.931288560182404385e-02 6.203221838174151070e-01
1.959541679329573904e-02 6.195992838207481368e-01
1.988208117727942315e-02 6.163796233536440461e-01
2.017293921888785313e-02 6.156432954063756346e-01
2.046805226778721648e-02 6.105372279794468726e-01
2.076748257113746748e-02 6.074663697349875768e-01
2.107129328672195656e-02 6.033695295860119767e-01
2.137954849626895817e-02 5.979406234016945154e-01
2.169231321896825798e-02 5.937214096792335916e-01
2.200965342518549500e-02 5.888401624133028367e-01
2.233163605037693372e-02 5.839763969258975340e-01
2.265832900920797255e-02 5.768607954928881565e-01
2.298980120987820924e-02 5.724919585649095310e-01
2.332612256865596728e-02 5.656300817807420334e-01
2.366736402462540564e-02 5.588260396577036104e-01
2.401359755464953921e-02 5.506081677362791860e-01
2.436489618855210842e-02 5.432155337775012027e-01
2.472133402452138251e-02 5.372450676216458110e-01
2.508298624473948024e-02 5.280053392069954388e-01
2.544992913124037581e-02 5.199260456610177439e-01
2.582224008199964643e-02 5.109636279434071060e-01
2.619999762725981618e-02 5.019368322491256640e-01
2.658328144609457128e-02 4.915458451477802693e-01
2.697217238321500399e-02 4.839383675253645101e-01
2.736675246602199296e-02 4.731900587344587961e-01
2.776710492190802293e-02 4.651821659814587839e-01
2.817331419581196525e-02 4.544998588005800255e-01
2.858546596803071549e-02 4.447086676034711084e-01
2.900364717229148709e-02 4.337857630726036362e-01
2.942794601408853586e-02 4.239072678209912515e-01
2.985845198928783334e-02 4.140659638646294605e-01
3.029525590300423746e-02 4.043323858753454236e-01
3.073844988875476525e-02 3.941375719983195025e-01
3.118812742789181178e-02 3.839607932704466320e-01
3.164438336932094697e-02 3.736635992388674388e-01
3.210731394950710332e-02 3.613919830007142897e-01
3.257701681277337669e-02 3.515974382879225590e-01
3.305359103189667302e-02 3.411868919182201587e-01
3.353713712900491944e-02 3.307177581580552084e-01
3.402775709677986760e-02 3.206486816092625758e-01
3.452555441996989216e-02 3.095054309592076280e-01
3.503063409721780125e-02 2.988602863820305489e-01
3.554310266320785672e-02 2.881243434706196593e-01
3.606306821113659800e-02 2.779886760958303338e-01
3.659064041551268742e-02 2.687920395394910456e-01
3.712593055529017638e-02 2.588123228666576736e-01
3.766905153734019518e-02 2.493007428378608281e-01
3.822011792026586141e-02 2.394514686864324671e-01
3.877924593856579838e-02 2.302876546452294060e-01
3.934655352715126647e-02 2.211614102719758612e-01
3.992216034622142473e-02 2.122189560328081870e-01
4.050618780650300232e-02 2.038918681641255226e-01
4.109875909485918161e-02 1.951338413784190484e-01
4.169999920027268880e-02 1.862610201337009386e-01
4.231003494020939976e-02 1.786111169217564909e-01
4.292899498736767183e-02 1.710702147462828393e-01
4.355700989681852986e-02 1.631499303022130309e-01
4.419421213354333272e-02 1.549819117338099295e-01
4.484073610037424273e-02 1.477792327185498689e-01
4.549671816634325017e-02 1.410321078234309522e-01
4.616229669544590075e-02 1.343547080129932347e-01
4.683761207582605446e-02 1.267449170557330973e-01
4.752280674938759442e-02 1.207904552730181824e-01
4.821802524183890076e-02 1.138152512865456267e-01
4.892341419317729201e-02 1.085792991469022584e-01
4.963912238861947074e-02 1.022888252350033778e-01
5.036530078998391335e-02 9.629386089598726550e-02
5.110210256753291991e-02 9.128352792594279785e-02
5.184968313228033310e-02 8.651973216357605745e-02
5.260820016877179595e-02 8.157540682338904059e-02
5.337781366834442459e-02 7.683668570426485656e-02
5.415868596287337633e-02 7.222632676949766739e-02
5.495098175901209220e-02 6.820874660825211599e-02
5.575486817293295871e-02 6.399619067725687005e-02
5.657051476557670155e-02 6.043317213487173906e-02
5.739809357841744314e-02 5.649933173296559780e-02
5.823777916975050178e-02 5.272609900169437230e-02
5.908974865151148115e-02 4.965551343655542210e-02
5.995418172663402601e-02 4.618303463978365442e-02
6.083126072695378000e-02 4.314410664308806348e-02
6.172117065166692756e-02 4.058968629094709263e-02
6.262409920635149396e-02 3.803051917601606852e-02
6.354023684255963311e-02 3.566629776581631273e-02
6.446977679798857053e-02 3.264775403916870405e-02
6.541291513723962447e-02 3.047252460653967349e-02
6.636985079317377079e-02 2.806191596671818445e-02
6.734078560887135634e-02 2.613919954204025481e-02
6.832592438020634873e-02 2.413683129145148890e-02
6.932547489904344884e-02 2.226091316951739341e-02
7.033964799706662885e-02 2.060678479876810673e-02
7.136865759024910161e-02 1.897652438660026725e-02
7.241272072397386683e-02 1.762288593150436108e-02
7.347205761881472896e-02 1.627557262015624090e-02
7.454689171698605787e-02 1.508077665693324278e-02
7.563744972947292200e-02 1.382856774567119834e-02
7.674396168385075323e-02 1.262484475822504490e-02
7.786666097280373067e-02 1.160082018260163994e-02
7.900578440335370711e-02 1.058640325396708118e-02
8.016157224680930948e-02 9.661105008060623042e-03
8.133426828944512188e-02 8.481870817805678073e-03
8.252411988392280295e-02 7.868005042121740955e-03
8.373137800146458753e-02 7.131797947039920059e-03
8.495629728478951148e-02 6.529908282466898896e-03
8.619913610182416974e-02 5.832523348054664131e-03
8.746015660019958171e-02 5.206163870792315622e-03
8.873962476254521059e-02 4.747087852394561713e-03
9.003781046259135001e-02 4.212055290464092154e-03
9.135498752209281204e-02 3.831916664987021059e-03
9.269143376858551830e-02 3.434638064058501399e-03
9.404743109398709666e-02 3.214934423339359248e-03
9.542326551405566626e-02 2.781182481322225231e-03
9.681922722871832976e-02 2.544573173157285446e-03
9.823561068328180712e-02 2.231236941596021796e-03
9.967271463053854752e-02 1.876019971107473119e-03
1.011308421937818502e-01 1.649358949954999719e-03
1.026103009307428732e-01 1.455667155591900590e-03
1.041114028984620882e-01 1.230654163193122290e-03
1.056344647191106989e-01 1.063226701675095212e-03
1.071798076467749272e-01 9.383613773766817396e-04
1.087477576352164632e-01 8.071545094433136289e-04
1.103386454066249411e-01 6.508565710576645928e-04
1.119528065213763607e-01 5.333497783392773806e-04
1.135905814488113175e-01 4.346140280181238417e-04
1.152523156390488634e-01 3.333877081892149918e-04
1.169383595958513322e-01 2.816834029859614070e-04
1.186490689505550755e-01 2.153194315058174358e-04
1.203848045370820297e-01 2.095456510683382670e-04
1.221459324680493619e-01 1.752357555527643540e-04
1.239328242119927120e-01 1.308079484009800199e-04
1.257458566717180592e-01 1.282032515827216071e-04
1.275854122638007682e-01 9.263565832558742677e-05
1.294518789992479824e-01 8.053354989719495468e-05
1.313456505653393669e-01 5.868380739261608959e-05
1.332671264086667806e-01 4.758443667183666717e-05
1.352167118193882689e-01 4.220778794810237246e-05
1.371948180167144593e-01 3.315524694878505327e-05
1.392018622356449853e-01 2.929728866119065114e-05
1.412382678149749493e-01 1.778588849539335418e-05
1.433044642865885510e-01 1.153922628797462803e-05
1.454008874660580042e-01 9.327020596193511857e-06
1.475279795445689213e-01 8.140858625300325275e-06
1.496861891821906210e-01 8.478060983539860481e-06
1.518759716025095408e-01 5.212111536427828675e-06
1.540977886886484571e-01 8.188397564565800518e-06
1.563521090806899994e-01 7.622239945446256772e-06
1.586394082745251621e-01 2.067545947528801422e-06
1.609601687221475785e-01 5.252731952485714513e-06
1.633148799334157020e-01 2.148914374830006448e-06
1.657040385793039361e-01 3.294666073468532089e-06
1.681281485966627243e-01 2.479009434865873527e-06
1.705877212945126620e-01 4.091555907302807675e-06
1.730832754618936153e-01 2.982489279946581340e-06
1.756153374772900788e-01 1.713479106381435031e-06
1.781844414196588344e-01 4.794462578248686326e-06
1.807911291810806731e-01 2.724194307448953188e-06
1.834359505810595203e-01 1.677331354649208654e-06
1.861194634824935024e-01 2.870138222680400185e-06
1.888422339093434044e-01 1.180376861707379430e-06
1.916048361660226684e-01 2.103506726785063490e-06
1.944078529585322457e-01 2.617556537962303893e-06
1.972518755173693905e-01 8.209210403952404316e-07
2.001375037222342945e-01 1.284770173357672448e-06
2.030653462285595678e-01 9.232439948721942032e-07
2.060360205958922664e-01 0.000000000000000000e+00
2.090501534181542498e-01 9.175166645589540723e-07
2.121083804558061281e-01 8.635826988751672533e-07
2.152113467699467153e-01 9.517479242375238367e-07
2.183597068583738310e-01 0.000000000000000000e+00
2.215541247936348435e-01 4.559043359844577976e-07
2.247952743630967642e-01 1.447182517007600312e-06
2.280838392110661195e-01 4.447806541317827423e-07
2.314205129829886298e-01 0.000000000000000000e+00
2.348059994717557053e-01 4.713287926064026243e-07
2.382410127661539478e-01 9.790103269778551158e-07
2.417262774014859450e-01 9.511255762667570524e-07
2.452625285123926357e-01 4.897604612618634030e-07
2.488505119879133587e-01 0.000000000000000000e+00
2.524909846288141413e-01 9.699553442552087336e-07
2.561847143072163990e-01 4.726628187845501890e-07
2.599324801285612385e-01 4.933169809801758094e-07
2.637350725959437536e-01 5.079516952910488321e-07
2.675932937768518149e-01 4.825013030319213906e-07
2.715079574723419098e-01 0.000000000000000000e+00
2.754798893886922229e-01 4.868633780091709099e-07
2.795099273115665417e-01 9.911716526959807259e-07
2.835989212827238481e-01 0.000000000000000000e+00
2.877477337793156176e-01 4.899832139149650485e-07
2.919572398958056869e-01 0.000000000000000000e+00
2.962283275285499951e-01 0.000000000000000000e+00
3.005618975630770517e-01 0.000000000000000000e+00
3.049588640641094361e-01 0.000000000000000000e+00
3.094201544683645166e-01 0.000000000000000000e+00
3.139467097801742490e-01 0.000000000000000000e+00
3.185394847699682952e-01 0.000000000000000000e+00
3.231994481756618187e-01 0.000000000000000000e+00
3.279275829069857595e-01 0.000000000000000000e+00
3.327248862528096596e-01 0.000000000000000000e+00
3.375923700914967296e-01 0.000000000000000000e+00
3.425310611043355102e-01 4.710431543226261353e-07
3.475420009920930919e-01 0.000000000000000000e+00
3.526262466947382990e-01 0.000000000000000000e+00
3.577848706143795243e-01 0.000000000000000000e+00
3.630189608414602365e-01 0.000000000000000000e+00
3.683296213842673361e-01 0.000000000000000000e+00
3.737179724017970495e-01 0.000000000000000000e+00
3.791851504400235440e-01 0.000000000000000000e+00
3.847323086716280538e-01 0.000000000000000000e+00
3.903606171392344226e-01 0.000000000000000000e+00
3.960712630021998581e-01 0.000000000000000000e+00
4.018654507870196846e-01 0.000000000000000000e+00
4.077444026413942213e-01 0.000000000000000000e+00
4.137093585920117444e-01 0.000000000000000000e+00
4.197615768061020436e-01 0.000000000000000000e+00
4.259023338568176942e-01 0.000000000000000000e+00
4.321329249924989457e-01 0.000000000000000000e+00
4.384546644098730739e-01 0.000000000000000000e+00
4.448688855312545876e-01 0.000000000000000000e+00
4.513769412858005814e-01 0.000000000000000000e+00
4.579802043948769108e-01 0.000000000000000000e+00
4.646800676616025250e-01 0.000000000000000000e+00
4.714779442646297447e-01 0.000000000000000000e+00
4.783752680562199933e-01 0.000000000000000000e+00
4.853734938646802610e-01 0.000000000000000000e+00
4.924740978012259740e-01 0.000000000000000000e+00
4.996785775713332711e-01 0.000000000000000000e+00
5.069884527906421967e-01 0.000000000000000000e+00
5.144052653054848045e-01 0.000000000000000000e+00
5.219305795181032881e-01 0.000000000000000000e+00
5.295659827166210309e-01 0.000000000000000000e+00
5.373130854098444598e-01 0.000000000000000000e+00
5.451735216669637563e-01 0.000000000000000000e+00
5.531489494622203740e-01 0.000000000000000000e+00
5.612410510246160777e-01 0.000000000000000000e+00
5.694515331927409996e-01 0.000000000000000000e+00
5.777821277747927642e-01 0.000000000000000000e+00
5.862345919138574057e-01 0.000000000000000000e+00
5.948107084585388948e-01 0.000000000000000000e+00
6.035122863390113279e-01 0.000000000000000000e+00
6.123411609485660545e-01 0.000000000000000000e+00
6.212991945307471120e-01 0.000000000000000000e+00
6.303882765721491310e-01 0.000000000000000000e+00
6.396103242009565371e-01 0.000000000000000000e+00
6.489672825913188614e-01 0.000000000000000000e+00
6.584611253736400993e-01 0.000000000000000000e+00
6.680938550508692675e-01 0.000000000000000000e+00
6.778675034208790917e-01 0.000000000000000000e+00
6.877841320050279705e-01 0.000000000000000000e+00
6.978458324829910353e-01 0.000000000000000000e+00
7.080547271339473481e-01 0.000000000000000000e+00
7.184129692842258219e-01 0.000000000000000000e+00
7.289227437615020122e-01 0.000000000000000000e+00
7.395862673556312661e-01 0.000000000000000000e+00
7.504057892862305845e-01 0.000000000000000000e+00
7.613835916771003465e-01 0.000000000000000000e+00
7.725219900375829285e-01 0.000000000000000000e+00
7.838233337509639131e-01 0.000000000000000000e+00
7.952900065700201360e-01 0.000000000000000000e+00
8.069244271198189322e-01 0.000000000000000000e+00
8.187290494078659497e-01 0.000000000000000000e+00
8.307063633417219872e-01 0.000000000000000000e+00
8.428588952541931079e-01 0.000000000000000000e+00
8.551892084361969459e-01 0.000000000000000000e+00
8.676999036774298846e-01 0.000000000000000000e+00
8.803936198149451275e-01 0.000000000000000000e+00
8.932730342897515774e-01 0.000000000000000000e+00
9.063408637115548672e-01 0.000000000000000000e+00
9.195998644317645576e-01 0.000000000000000000e+00
9.330528331248839624e-01 0.000000000000000000e+00
9.467026073783977314e-01 0.000000000000000000e+00
9.605520662912966356e-01 0.000000000000000000e+00
9.746041310813593483e-01 0.000000000000000000e+00
9.888617657013079043e-01 0.000000000000000000e+00
1.003327977463987608e+00 0.000000000000000000e+00
1.018005817676691738e+00 0.000000000000000000e+00
1.032898382284756833e+00 0.000000000000000000e+00
1.048008812524582556e+00 0.000000000000000000e+00
1.063340295586204576e+00 0.000000000000000000e+00
1.078896065285554151e+00 0.000000000000000000e+00
1.094679402746554064e+00 0.000000000000000000e+00
1.110693637093196573e+00 0.000000000000000000e+00
1.126942146151747481e+00 0.000000000000000000e+00
1.143428357163212006e+00 0.000000000000000000e+00
1.160155747506234292e+00 0.000000000000000000e+00
1.177127845430572251e+00 0.000000000000000000e+00
1.194348230801292043e+00 0.000000000000000000e+00
1.211820535853858960e+00 0.000000000000000000e+00
1.229548445960276570e+00 0.000000000000000000e+00
1.247535700406424475e+00 0.000000000000000000e+00
1.265786093180771843e+00 0.000000000000000000e+00
1.284303473774632387e+00 0.000000000000000000e+00
1.303091747994127747e+00 0.000000000000000000e+00
1.322154878784016940e+00 0.000000000000000000e+00
1.341496887063592158e+00 0.000000000000000000e+00
1.361121852574798563e+00 0.000000000000000000e+00
1.381033914742754831e+00 0.000000000000000000e+00
1.401237273548869178e+00 0.000000000000000000e+00
1.421736190416730938e+00 0.000000000000000000e+00
1.442534989110953791e+00 0.000000000000000000e+00
1.463638056649171126e+00 0.000000000000000000e+00
1.485049844227375182e+00 0.000000000000000000e+00
1.506774868158797354e+00 0.000000000000000000e+00
1.528817710826510190e+00 0.000000000000000000e+00
1.551183021649976457e+00 0.000000000000000000e+00
1.573875518065741108e+00 0.000000000000000000e+00
1.596899986522452686e+00 0.000000000000000000e+00
1.620261283490457949e+00 0.000000000000000000e+00
1.643964336486162914e+00 0.000000000000000000e+00
1.668014145111373026e+00 0.000000000000000000e+00
1.692415782107839384e+00 0.000000000000000000e+00
1.717174394427236628e+00 0.000000000000000000e+00
1.742295204316796964e+00 0.000000000000000000e+00
1.767783510420810167e+00 0.000000000000000000e+00
1.793644688898253126e+00 0.000000000000000000e+00
1.819884194556769419e+00 0.000000000000000000e+00
1.846507562003222080e+00 0.000000000000000000e+00
1.873520406811094663e+00 0.000000000000000000e+00
1.900928426704969088e+00 0.000000000000000000e+00
1.928737402762316089e+00 0.000000000000000000e+00
1.956953200632883583e+00 0.000000000000000000e+00
1.985581771775920767e+00 0.000000000000000000e+00
